-------------------------------------------------------------------------------------------------------------------------------------------------------------
Snap      mu             Kin            Pot            Contact        DDI            Dmu(Contact)   Dmu(DDI)       Dmu(grad)      Rot            Lx  
-------------------------------------------------------------------------------------------------------------------------------------------------------------
0         -7.566715e-01  5.023898e-01   0.000000e+00   2.933374e+01   -4.059364e+01  1.000083e+01   0.000000e+00   0.000000e+00   -0.000000e+00  0.000000e+00  
1         -1.897782e+00  5.548768e-01   0.000000e+00   2.540433e+01   -3.523350e+01  7.376513e+00   0.000000e+00   0.000000e+00   -0.000000e+00  0.000000e+00  
2         -1.891476e+00  5.559577e-01   0.000000e+00   2.554236e+01   -3.541613e+01  7.426332e+00   0.000000e+00   0.000000e+00   -0.000000e+00  0.000000e+00  
3         -1.888135e+00  5.547537e-01   0.000000e+00   2.557646e+01   -3.545817e+01  7.438818e+00   0.000000e+00   0.000000e+00   -0.000000e+00  0.000000e+00  
4         -1.886407e+00  5.540043e-01   0.000000e+00   2.559032e+01   -3.547469e+01  7.443962e+00   0.000000e+00   0.000000e+00   -0.000000e+00  0.000000e+00  
5         -1.885553e+00  5.536202e-01   0.000000e+00   2.559642e+01   -3.548184e+01  7.446253e+00   0.000000e+00   0.000000e+00   -0.000000e+00  0.000000e+00  
6         -1.885141e+00  5.534335e-01   0.000000e+00   2.559918e+01   -3.548505e+01  7.447298e+00   0.000000e+00   0.000000e+00   -0.000000e+00  0.000000e+00  
7         -1.884946e+00  5.533446e-01   0.000000e+00   2.560045e+01   -3.548652e+01  7.447781e+00   0.000000e+00   0.000000e+00   -0.000000e+00  0.000000e+00  
8         -1.884853e+00  5.533027e-01   0.000000e+00   2.560104e+01   -3.548720e+01  7.448006e+00   0.000000e+00   0.000000e+00   -0.000000e+00  0.000000e+00  
9         -1.884810e+00  5.532829e-01   0.000000e+00   2.560132e+01   -3.548752e+01  7.448111e+00   0.000000e+00   0.000000e+00   -0.000000e+00  0.000000e+00  
10        -1.884790e+00  5.532737e-01   0.000000e+00   2.560145e+01   -3.548767e+01  7.448161e+00   0.000000e+00   0.000000e+00   -0.000000e+00  0.000000e+00  
11        -1.884780e+00  5.532693e-01   0.000000e+00   2.560151e+01   -3.548774e+01  7.448184e+00   0.000000e+00   0.000000e+00   -0.000000e+00  0.000000e+00  
12        -1.884775e+00  5.532672e-01   0.000000e+00   2.560154e+01   -3.548778e+01  7.448195e+00   0.000000e+00   0.000000e+00   -0.000000e+00  0.000000e+00  
13        -1.884773e+00  5.532663e-01   0.000000e+00   2.560155e+01   -3.548779e+01  7.448201e+00   0.000000e+00   0.000000e+00   -0.000000e+00  0.000000e+00  
14        -1.884772e+00  5.532658e-01   0.000000e+00   2.560156e+01   -3.548780e+01  7.448203e+00   0.000000e+00   0.000000e+00   -0.000000e+00  0.000000e+00  
-------------------------------------------------------------------------------------------------------------------------------------------------------------

