
**********************************************
Real-time propagation in 3D, OPTION = 2
MPI nodes = 8, OMP threads = 16, cores = 128
**********************************************

Interactions
Contact: Natoms = 1.50000000000e+05, as = 8.000000e+01 * a0, G = 1.437186e+04, G * par = 2.874373e+04
Three-body: K3 =  0.000000e+00, g3 = 0.000000e+00
Regular DDI: add = 1.101000e+02 * a0, GD = 4.721954e+03, GD * par =  9.443909e+03, edd = 1.376250e+00
     Dipolar cutoffs Rcut = 7.055663e+00, Lcut = 2.213327e+02

QF = 1, QDEPL = 0: h2 = 1.804992e+05, h4 = 0.000000e+00
        q3 = 0.000000e+00, q5 = 4.046829e+00

GRAD = 0

Trap parameters
GAMMA = 0.000000e+00, NU = 0.000000e+00, LAMBDA = 0.000000e+00
Parameters of rotation: OMEGA = 0.000000e+00, OMEGA * par = 0.000000e+00

Space discretization: NX = 128, NY = 128, NZ = 128
                      DX = 3.458323e+00, DY = 1.102447e-01, DZ = 1.102447e-01
      Unit of length: aho = 5.552380e-07 m

Time discretization: NITER = 2500 (NSNAP = 1250)
                     DT = 6.076951e-03

Initial state: file ./imag3d-finalpsi.bin
ADD_VORTICES = 0, ADD_RANDOM_PHASE = 0


MUREL = 1.000000e-12, MUEND=1.000000e+05

-------------------------------------------------------------------
Snap      Na             QD             mu             <r>
-------------------------------------------------------------------
0         1.50273265389e+05   0.000000e+00   -1.908951e+00  2.219750e+01  
1         1.50273265029e+05   0.000000e+00   -1.909610e+00  2.219749e+01  
2         1.50273264654e+05   0.000000e+00   -1.910285e+00  2.219748e+01  
3         1.50273264217e+05   0.000000e+00   -1.910871e+00  2.219747e+01  
4         1.50273263818e+05   0.000000e+00   -1.911286e+00  2.219746e+01  
5         1.50273263347e+05   0.000000e+00   -1.911479e+00  2.219744e+01  
6         1.50273262934e+05   0.000000e+00   -1.911423e+00  2.219743e+01  
7         1.50273262492e+05   0.000000e+00   -1.911112e+00  2.219741e+01  
8         1.50273262159e+05   0.000000e+00   -1.910554e+00  2.219739e+01  
9         1.50273261870e+05   0.000000e+00   -1.909767e+00  2.219737e+01  
10        1.50273261728e+05   0.000000e+00   -1.908779e+00  2.219735e+01  
11        1.50273261689e+05   0.000000e+00   -1.907615e+00  2.219733e+01  
12        1.50273261850e+05   0.000000e+00   -1.906295e+00  2.219731e+01  
13        1.50273262089e+05   0.000000e+00   -1.904834e+00  2.219728e+01  
14        1.50273262500e+05   0.000000e+00   -1.903241e+00  2.219726e+01  
15        1.50273263100e+05   0.000000e+00   -1.901525e+00  2.219723e+01  
16        1.50273263843e+05   0.000000e+00   -1.899699e+00  2.219721e+01  
17        1.50273264668e+05   0.000000e+00   -1.897787e+00  2.219718e+01  
18        1.50273265662e+05   0.000000e+00   -1.895824e+00  2.219716e+01  
19        1.50273266724e+05   0.000000e+00   -1.893856e+00  2.219714e+01  
20        1.50273267907e+05   0.000000e+00   -1.891932e+00  2.219711e+01  
21        1.50273269161e+05   0.000000e+00   -1.890102e+00  2.219709e+01  
22        1.50273270490e+05   0.000000e+00   -1.888410e+00  2.219707e+01  
23        1.50273271868e+05   0.000000e+00   -1.886891e+00  2.219704e+01  
24        1.50273273297e+05   0.000000e+00   -1.885569e+00  2.219702e+01  
25        1.50273274740e+05   0.000000e+00   -1.884459e+00  2.219701e+01  
26        1.50273276212e+05   0.000000e+00   -1.883565e+00  2.219699e+01  
27        1.50273277663e+05   0.000000e+00   -1.882884e+00  2.219697e+01  
28        1.50273279120e+05   0.000000e+00   -1.882406e+00  2.219696e+01  
29        1.50273280526e+05   0.000000e+00   -1.882118e+00  2.219694e+01  
30        1.50273281912e+05   0.000000e+00   -1.882003e+00  2.219693e+01  
31        1.50273283221e+05   0.000000e+00   -1.882043e+00  2.219692e+01  
32        1.50273284485e+05   0.000000e+00   -1.882221e+00  2.219692e+01  
33        1.50273285644e+05   0.000000e+00   -1.882518e+00  2.219691e+01  
34        1.50273286721e+05   0.000000e+00   -1.882920e+00  2.219691e+01  
35        1.50273287658e+05   0.000000e+00   -1.883410e+00  2.219690e+01  
36        1.50273288478e+05   0.000000e+00   -1.883976e+00  2.219690e+01  
37        1.50273289136e+05   0.000000e+00   -1.884606e+00  2.219690e+01  
38        1.50273289651e+05   0.000000e+00   -1.885288e+00  2.219691e+01  
39        1.50273289976e+05   0.000000e+00   -1.886014e+00  2.219691e+01  
40        1.50273290129e+05   0.000000e+00   -1.886776e+00  2.219692e+01  
41        1.50273290073e+05   0.000000e+00   -1.887564e+00  2.219692e+01  
42        1.50273289814e+05   0.000000e+00   -1.888373e+00  2.219693e+01  
43        1.50273289312e+05   0.000000e+00   -1.889197e+00  2.219694e+01  
44        1.50273288588e+05   0.000000e+00   -1.890029e+00  2.219695e+01  
45        1.50273287629e+05   0.000000e+00   -1.890866e+00  2.219696e+01  
46        1.50273286474e+05   0.000000e+00   -1.891703e+00  2.219698e+01  
47        1.50273285096e+05   0.000000e+00   -1.892535e+00  2.219699e+01  
48        1.50273283491e+05   0.000000e+00   -1.893359e+00  2.219700e+01  
49        1.50273281613e+05   0.000000e+00   -1.894173e+00  2.219702e+01  
50        1.50273279478e+05   0.000000e+00   -1.894972e+00  2.219704e+01  
51        1.50273277057e+05   0.000000e+00   -1.895754e+00  2.219705e+01  
52        1.50273274368e+05   0.000000e+00   -1.896518e+00  2.219707e+01  
53        1.50273271389e+05   0.000000e+00   -1.897260e+00  2.219709e+01  
54        1.50273268158e+05   0.000000e+00   -1.897978e+00  2.219710e+01  
55        1.50273264653e+05   0.000000e+00   -1.898672e+00  2.219712e+01  
56        1.50273260910e+05   0.000000e+00   -1.899340e+00  2.219714e+01  
57        1.50273256914e+05   0.000000e+00   -1.899979e+00  2.219716e+01  
58        1.50273252706e+05   0.000000e+00   -1.900590e+00  2.219717e+01  
59        1.50273248262e+05   0.000000e+00   -1.901170e+00  2.219719e+01  
60        1.50273243625e+05   0.000000e+00   -1.901720e+00  2.219721e+01  
61        1.50273238773e+05   0.000000e+00   -1.902238e+00  2.219723e+01  
62        1.50273233753e+05   0.000000e+00   -1.902724e+00  2.219724e+01  
63        1.50273228531e+05   0.000000e+00   -1.903177e+00  2.219726e+01  
64        1.50273223151e+05   0.000000e+00   -1.903597e+00  2.219727e+01  
65        1.50273217590e+05   0.000000e+00   -1.903983e+00  2.219729e+01  
66        1.50273211900e+05   0.000000e+00   -1.904336e+00  2.219730e+01  
67        1.50273206049e+05   0.000000e+00   -1.904656e+00  2.219731e+01  
68        1.50273200089e+05   0.000000e+00   -1.904942e+00  2.219733e+01  
69        1.50273193988e+05   0.000000e+00   -1.905196e+00  2.219734e+01  
70        1.50273187803e+05   0.000000e+00   -1.905416e+00  2.219735e+01  
71        1.50273181507e+05   0.000000e+00   -1.905602e+00  2.219736e+01  
72        1.50273175156e+05   0.000000e+00   -1.905755e+00  2.219737e+01  
73        1.50273168722e+05   0.000000e+00   -1.905875e+00  2.219738e+01  
74        1.50273162271e+05   0.000000e+00   -1.905964e+00  2.219738e+01  
75        1.50273155767e+05   0.000000e+00   -1.906024e+00  2.219739e+01  
76        1.50273149276e+05   0.000000e+00   -1.906054e+00  2.219739e+01  
77        1.50273142768e+05   0.000000e+00   -1.906057e+00  2.219740e+01  
78        1.50273136305e+05   0.000000e+00   -1.906030e+00  2.219740e+01  
79        1.50273129859e+05   0.000000e+00   -1.905975e+00  2.219740e+01  
80        1.50273123501e+05   0.000000e+00   -1.905891e+00  2.219740e+01  
81        1.50273117193e+05   0.000000e+00   -1.905780e+00  2.219740e+01  
82        1.50273111012e+05   0.000000e+00   -1.905641e+00  2.219740e+01  
83        1.50273104916e+05   0.000000e+00   -1.905477e+00  2.219740e+01  
84        1.50273098981e+05   0.000000e+00   -1.905288e+00  2.219740e+01  
85        1.50273093166e+05   0.000000e+00   -1.905074e+00  2.219739e+01  
86        1.50273087538e+05   0.000000e+00   -1.904838e+00  2.219739e+01  
87        1.50273082067e+05   0.000000e+00   -1.904584e+00  2.219738e+01  
88        1.50273076817e+05   0.000000e+00   -1.904315e+00  2.219738e+01  
89        1.50273071755e+05   0.000000e+00   -1.904036e+00  2.219737e+01  
90        1.50273066952e+05   0.000000e+00   -1.903746e+00  2.219736e+01  
91        1.50273062368e+05   0.000000e+00   -1.903446e+00  2.219735e+01  
92        1.50273058080e+05   0.000000e+00   -1.903132e+00  2.219734e+01  
93        1.50273054044e+05   0.000000e+00   -1.902801e+00  2.219733e+01  
94        1.50273050323e+05   0.000000e+00   -1.902450e+00  2.219732e+01  
95        1.50273046877e+05   0.000000e+00   -1.902079e+00  2.219731e+01  
96        1.50273043761e+05   0.000000e+00   -1.901690e+00  2.219729e+01  
97        1.50273040936e+05   0.000000e+00   -1.901285e+00  2.219728e+01  
98        1.50273038455e+05   0.000000e+00   -1.900871e+00  2.219727e+01  
99        1.50273036279e+05   0.000000e+00   -1.900453e+00  2.219725e+01  
100       1.50273034475e+05   0.000000e+00   -1.900038e+00  2.219724e+01  
101       1.50273033007e+05   0.000000e+00   -1.899633e+00  2.219722e+01  
102       1.50273031927e+05   0.000000e+00   -1.899241e+00  2.219721e+01  
103       1.50273031173e+05   0.000000e+00   -1.898864e+00  2.219720e+01  
104       1.50273030816e+05   0.000000e+00   -1.898498e+00  2.219718e+01  
105       1.50273030854e+05   0.000000e+00   -1.898137e+00  2.219716e+01  
106       1.50273031377e+05   0.000000e+00   -1.897777e+00  2.219715e+01  
107       1.50273032276e+05   0.000000e+00   -1.897414e+00  2.219713e+01  
108       1.50273033528e+05   0.000000e+00   -1.897050e+00  2.219712e+01  
109       1.50273035077e+05   0.000000e+00   -1.896686e+00  2.219711e+01  
110       1.50273037052e+05   0.000000e+00   -1.896326e+00  2.219709e+01  
111       1.50273039459e+05   0.000000e+00   -1.895973e+00  2.219708e+01  
112       1.50273042291e+05   0.000000e+00   -1.895633e+00  2.219706e+01  
113       1.50273045440e+05   0.000000e+00   -1.895309e+00  2.219705e+01  
114       1.50273048912e+05   0.000000e+00   -1.895006e+00  2.219703e+01  
115       1.50273052666e+05   0.000000e+00   -1.894726e+00  2.219702e+01  
116       1.50273056754e+05   0.000000e+00   -1.894471e+00  2.219701e+01  
117       1.50273061159e+05   0.000000e+00   -1.894238e+00  2.219700e+01  
118       1.50273065930e+05   0.000000e+00   -1.894023e+00  2.219699e+01  
119       1.50273071035e+05   0.000000e+00   -1.893822e+00  2.219697e+01  
120       1.50273076553e+05   0.000000e+00   -1.893629e+00  2.219696e+01  
121       1.50273082444e+05   0.000000e+00   -1.893441e+00  2.219695e+01  
122       1.50273088681e+05   0.000000e+00   -1.893257e+00  2.219695e+01  
123       1.50273095116e+05   0.000000e+00   -1.893080e+00  2.219694e+01  
124       1.50273101779e+05   0.000000e+00   -1.892915e+00  2.219693e+01  
125       1.50273108650e+05   0.000000e+00   -1.892771e+00  2.219692e+01  
126       1.50273115821e+05   0.000000e+00   -1.892653e+00  2.219692e+01  
127       1.50273123245e+05   0.000000e+00   -1.892569e+00  2.219691e+01  
128       1.50273130947e+05   0.000000e+00   -1.892522e+00  2.219691e+01  
129       1.50273138829e+05   0.000000e+00   -1.892512e+00  2.219690e+01  
130       1.50273146866e+05   0.000000e+00   -1.892537e+00  2.219690e+01  
131       1.50273154951e+05   0.000000e+00   -1.892593e+00  2.219690e+01  
132       1.50273163087e+05   0.000000e+00   -1.892677e+00  2.219689e+01  
133       1.50273171214e+05   0.000000e+00   -1.892785e+00  2.219689e+01  
134       1.50273179357e+05   0.000000e+00   -1.892916e+00  2.219689e+01  
135       1.50273187485e+05   0.000000e+00   -1.893071e+00  2.219689e+01  
136       1.50273195628e+05   0.000000e+00   -1.893251e+00  2.219689e+01  
137       1.50273203718e+05   0.000000e+00   -1.893459e+00  2.219689e+01  
138       1.50273211779e+05   0.000000e+00   -1.893695e+00  2.219690e+01  
139       1.50273219780e+05   0.000000e+00   -1.893957e+00  2.219690e+01  
140       1.50273227704e+05   0.000000e+00   -1.894242e+00  2.219690e+01  
141       1.50273235471e+05   0.000000e+00   -1.894540e+00  2.219691e+01  
142       1.50273243121e+05   0.000000e+00   -1.894842e+00  2.219691e+01  
143       1.50273250640e+05   0.000000e+00   -1.895138e+00  2.219691e+01  
144       1.50273258008e+05   0.000000e+00   -1.895418e+00  2.219692e+01  
145       1.50273265191e+05   0.000000e+00   -1.895675e+00  2.219693e+01  
146       1.50273272219e+05   0.000000e+00   -1.895905e+00  2.219693e+01  
147       1.50273279030e+05   0.000000e+00   -1.896110e+00  2.219694e+01  
148       1.50273285609e+05   0.000000e+00   -1.896292e+00  2.219694e+01  
149       1.50273291938e+05   0.000000e+00   -1.896456e+00  2.219695e+01  
150       1.50273297963e+05   0.000000e+00   -1.896610e+00  2.219696e+01  
151       1.50273303623e+05   0.000000e+00   -1.896764e+00  2.219696e+01  
152       1.50273308909e+05   0.000000e+00   -1.896924e+00  2.219697e+01  
153       1.50273313781e+05   0.000000e+00   -1.897099e+00  2.219698e+01  
154       1.50273318174e+05   0.000000e+00   -1.897294e+00  2.219699e+01  
155       1.50273322079e+05   0.000000e+00   -1.897510e+00  2.219699e+01  
156       1.50273325481e+05   0.000000e+00   -1.897751e+00  2.219700e+01  
157       1.50273328353e+05   0.000000e+00   -1.898016e+00  2.219701e+01  
158       1.50273330674e+05   0.000000e+00   -1.898305e+00  2.219701e+01  
159       1.50273332441e+05   0.000000e+00   -1.898620e+00  2.219702e+01  
160       1.50273333630e+05   0.000000e+00   -1.898960e+00  2.219703e+01  
161       1.50273334203e+05   0.000000e+00   -1.899324e+00  2.219703e+01  
162       1.50273334175e+05   0.000000e+00   -1.899709e+00  2.219704e+01  
163       1.50273333501e+05   0.000000e+00   -1.900109e+00  2.219704e+01  
164       1.50273332144e+05   0.000000e+00   -1.900518e+00  2.219705e+01  
165       1.50273330116e+05   0.000000e+00   -1.900930e+00  2.219705e+01  
166       1.50273327403e+05   0.000000e+00   -1.901340e+00  2.219706e+01  
167       1.50273323968e+05   0.000000e+00   -1.901742e+00  2.219706e+01  
168       1.50273319862e+05   0.000000e+00   -1.902132e+00  2.219706e+01  
169       1.50273315039e+05   0.000000e+00   -1.902498e+00  2.219707e+01  
170       1.50273309579e+05   0.000000e+00   -1.902832e+00  2.219707e+01  
171       1.50273303425e+05   0.000000e+00   -1.903123e+00  2.219707e+01  
172       1.50273296656e+05   0.000000e+00   -1.903364e+00  2.219707e+01  
173       1.50273289280e+05   0.000000e+00   -1.903551e+00  2.219707e+01  
174       1.50273281331e+05   0.000000e+00   -1.903684e+00  2.219707e+01  
175       1.50273272854e+05   0.000000e+00   -1.903763e+00  2.219706e+01  
176       1.50273263903e+05   0.000000e+00   -1.903786e+00  2.219706e+01  
177       1.50273254436e+05   0.000000e+00   -1.903754e+00  2.219706e+01  
178       1.50273244511e+05   0.000000e+00   -1.903667e+00  2.219705e+01  
179       1.50273234132e+05   0.000000e+00   -1.903528e+00  2.219705e+01  
180       1.50273223325e+05   0.000000e+00   -1.903345e+00  2.219704e+01  
181       1.50273212117e+05   0.000000e+00   -1.903127e+00  2.219703e+01  
182       1.50273200497e+05   0.000000e+00   -1.902887e+00  2.219703e+01  
183       1.50273188437e+05   0.000000e+00   -1.902634e+00  2.219702e+01  
184       1.50273175991e+05   0.000000e+00   -1.902375e+00  2.219701e+01  
185       1.50273163189e+05   0.000000e+00   -1.902117e+00  2.219700e+01  
186       1.50273150060e+05   0.000000e+00   -1.901861e+00  2.219699e+01  
187       1.50273136634e+05   0.000000e+00   -1.901612e+00  2.219698e+01  
188       1.50273122933e+05   0.000000e+00   -1.901374e+00  2.219696e+01  
189       1.50273108985e+05   0.000000e+00   -1.901150e+00  2.219695e+01  
190       1.50273094826e+05   0.000000e+00   -1.900946e+00  2.219694e+01  
191       1.50273080483e+05   0.000000e+00   -1.900767e+00  2.219692e+01  
192       1.50273065983e+05   0.000000e+00   -1.900615e+00  2.219691e+01  
193       1.50273051427e+05   0.000000e+00   -1.900491e+00  2.219690e+01  
194       1.50273036855e+05   0.000000e+00   -1.900392e+00  2.219688e+01  
195       1.50273022338e+05   0.000000e+00   -1.900310e+00  2.219686e+01  
196       1.50273007888e+05   0.000000e+00   -1.900236e+00  2.219685e+01  
197       1.50272993589e+05   0.000000e+00   -1.900159e+00  2.219683e+01  
198       1.50272979595e+05   0.000000e+00   -1.900070e+00  2.219681e+01  
199       1.50272966021e+05   0.000000e+00   -1.899962e+00  2.219680e+01  
200       1.50272952918e+05   0.000000e+00   -1.899830e+00  2.219678e+01  
201       1.50272940331e+05   0.000000e+00   -1.899668e+00  2.219676e+01  
202       1.50272928289e+05   0.000000e+00   -1.899474e+00  2.219674e+01  
203       1.50272916883e+05   0.000000e+00   -1.899246e+00  2.219673e+01  
204       1.50272906182e+05   0.000000e+00   -1.898985e+00  2.219671e+01  
205       1.50272896356e+05   0.000000e+00   -1.898696e+00  2.219669e+01  
206       1.50272887503e+05   0.000000e+00   -1.898384e+00  2.219667e+01  
207       1.50272879778e+05   0.000000e+00   -1.898057e+00  2.219665e+01  
208       1.50272873244e+05   0.000000e+00   -1.897721e+00  2.219663e+01  
209       1.50272868041e+05   0.000000e+00   -1.897383e+00  2.219662e+01  
210       1.50272864252e+05   0.000000e+00   -1.897049e+00  2.219660e+01  
211       1.50272862116e+05   0.000000e+00   -1.896726e+00  2.219658e+01  
212       1.50272861936e+05   0.000000e+00   -1.896419e+00  2.219656e+01  
213       1.50272864207e+05   0.000000e+00   -1.896132e+00  2.219655e+01  
214       1.50272869504e+05   0.000000e+00   -1.895866e+00  2.219653e+01  
215       1.50272878556e+05   0.000000e+00   -1.895619e+00  2.219651e+01  
216       1.50272892110e+05   0.000000e+00   -1.895386e+00  2.219650e+01  
217       1.50272910931e+05   0.000000e+00   -1.895165e+00  2.219648e+01  
218       1.50272935690e+05   0.000000e+00   -1.894956e+00  2.219646e+01  
219       1.50272967024e+05   0.000000e+00   -1.894760e+00  2.219645e+01  
220       1.50273005336e+05   0.000000e+00   -1.894580e+00  2.219643e+01  
221       1.50273050925e+05   0.000000e+00   -1.894418e+00  2.219642e+01  
222       1.50273103821e+05   0.000000e+00   -1.894274e+00  2.219641e+01  
223       1.50273164163e+05   0.000000e+00   -1.894138e+00  2.219639e+01  
224       1.50273232165e+05   0.000000e+00   -1.893996e+00  2.219638e+01  
225       1.50273308860e+05   0.000000e+00   -1.893827e+00  2.219637e+01  
226       1.50273396202e+05   0.000000e+00   -1.893603e+00  2.219636e+01  
227       1.50273497814e+05   0.000000e+00   -1.893294e+00  2.219635e+01  
228       1.50273618750e+05   0.000000e+00   -1.892864e+00  2.219633e+01  
229       1.50273765649e+05   0.000000e+00   -1.892279e+00  2.219632e+01  
230       1.50273945937e+05   0.000000e+00   -1.891499e+00  2.219631e+01  
231       1.50274167737e+05   0.000000e+00   -1.890482e+00  2.219630e+01  
232       1.50274439374e+05   0.000000e+00   -1.889182e+00  2.219628e+01  
233       1.50274770118e+05   0.000000e+00   -1.887548e+00  2.219627e+01  
234       1.50275170788e+05   0.000000e+00   -1.885516e+00  2.219624e+01  
235       1.50275655492e+05   0.000000e+00   -1.883015e+00  2.219622e+01  
236       1.50276243302e+05   0.000000e+00   -1.879953e+00  2.219619e+01  
237       1.50276961003e+05   0.000000e+00   -1.876223e+00  2.219616e+01  
238       1.50277846022e+05   0.000000e+00   -1.871694e+00  2.219611e+01  
239       1.50278950036e+05   0.000000e+00   -1.866225e+00  2.219605e+01  
240       1.50280341852e+05   0.000000e+00   -1.859668e+00  2.219598e+01  
241       1.50282108722e+05   0.000000e+00   -1.851881e+00  2.219588e+01  
242       1.50284354550e+05   0.000000e+00   -1.842746e+00  2.219575e+01  
243       1.50287194839e+05   0.000000e+00   -1.832179e+00  2.219559e+01  
244       1.50290748662e+05   0.000000e+00   -1.820139e+00  2.219538e+01  
245       1.50295129894e+05   0.000000e+00   -1.806627e+00  2.219512e+01  
246       1.50300439253e+05   0.000000e+00   -1.791689e+00  2.219479e+01  
247       1.50306758936e+05   0.000000e+00   -1.775405e+00  2.219441e+01  
248       1.50314148722e+05   0.000000e+00   -1.757897e+00  2.219395e+01  
249       1.50322643190e+05   0.000000e+00   -1.739315e+00  2.219343e+01  
250       1.50332249260e+05   0.000000e+00   -1.719834e+00  2.219283e+01  
251       1.50342945117e+05   0.000000e+00   -1.699635e+00  2.219218e+01  
252       1.50354680455e+05   0.000000e+00   -1.678894e+00  2.219146e+01  
253       1.50367377757e+05   0.000000e+00   -1.657772e+00  2.219068e+01  
254       1.50380932991e+05   0.000000e+00   -1.636414e+00  2.218987e+01  
255       1.50395215203e+05   0.000000e+00   -1.614955e+00  2.218901e+01  
256       1.50410066184e+05   0.000000e+00   -1.593517e+00  2.218813e+01  
257       1.50425301109e+05   0.000000e+00   -1.572203e+00  2.218725e+01  
258       1.50440709524e+05   0.000000e+00   -1.551083e+00  2.218637e+01  
259       1.50456055746e+05   0.000000e+00   -1.530189e+00  2.218551e+01  
260       1.50471079680e+05   0.000000e+00   -1.509514e+00  2.218470e+01  
261       1.50485501365e+05   0.000000e+00   -1.489045e+00  2.218395e+01  
262       1.50499028675e+05   0.000000e+00   -1.468780e+00  2.218329e+01  
263       1.50511363788e+05   0.000000e+00   -1.448743e+00  2.218273e+01  
264       1.50522207240e+05   0.000000e+00   -1.428978e+00  2.218229e+01  
265       1.50531261881e+05   0.000000e+00   -1.409530e+00  2.218200e+01  
266       1.50538239915e+05   0.000000e+00   -1.390438e+00  2.218188e+01  
267       1.50542874002e+05   0.000000e+00   -1.371735e+00  2.218193e+01  
268       1.50544928843e+05   0.000000e+00   -1.353460e+00  2.218219e+01  
269       1.50544210912e+05   0.000000e+00   -1.335673e+00  2.218265e+01  
270       1.50540575125e+05   0.000000e+00   -1.318444e+00  2.218334e+01  
271       1.50533926881e+05   0.000000e+00   -1.301851e+00  2.218425e+01  
272       1.50524219982e+05   0.000000e+00   -1.285958e+00  2.218540e+01  
273       1.50511452418e+05   0.000000e+00   -1.270806e+00  2.218679e+01  
274       1.50495661912e+05   0.000000e+00   -1.256417e+00  2.218841e+01  
275       1.50476923950e+05   0.000000e+00   -1.242796e+00  2.219027e+01  
276       1.50455350985e+05   0.000000e+00   -1.229935e+00  2.219236e+01  
277       1.50431091700e+05   0.000000e+00   -1.217808e+00  2.219467e+01  
278       1.50404328661e+05   0.000000e+00   -1.206369e+00  2.219720e+01  
279       1.50375274905e+05   0.000000e+00   -1.195546e+00  2.219994e+01  
280       1.50344170817e+05   0.000000e+00   -1.185246e+00  2.220288e+01  
281       1.50311281201e+05   0.000000e+00   -1.175371e+00  2.220600e+01  
282       1.50276891711e+05   0.000000e+00   -1.165824e+00  2.220930e+01  
283       1.50241303714e+05   0.000000e+00   -1.156524e+00  2.221275e+01  
284       1.50204828583e+05   0.000000e+00   -1.147410e+00  2.221634e+01  
285       1.50167783590e+05   0.000000e+00   -1.138430e+00  2.222006e+01  
286       1.50130491110e+05   0.000000e+00   -1.129537e+00  2.222388e+01  
287       1.50093279990e+05   0.000000e+00   -1.120686e+00  2.222778e+01  
288       1.50056486435e+05   0.000000e+00   -1.111823e+00  2.223175e+01  
289       1.50020452276e+05   0.000000e+00   -1.102897e+00  2.223577e+01  
290       1.49985519329e+05   0.000000e+00   -1.093849e+00  2.223982e+01  
291       1.49952021162e+05   0.000000e+00   -1.084621e+00  2.224387e+01  
292       1.49920273491e+05   0.000000e+00   -1.075143e+00  2.224791e+01  
293       1.49890567824e+05   0.000000e+00   -1.065345e+00  2.225192e+01  
294       1.49863170984e+05   0.000000e+00   -1.055149e+00  2.225588e+01  
295       1.49838330981e+05   0.000000e+00   -1.044483e+00  2.225978e+01  
296       1.49816284388e+05   0.000000e+00   -1.033278e+00  2.226360e+01  
297       1.49797262228e+05   0.000000e+00   -1.021464e+00  2.226732e+01  
298       1.49781493413e+05   0.000000e+00   -1.008971e+00  2.227093e+01  
299       1.49769205456e+05   0.000000e+00   -9.957251e-01  2.227440e+01  
300       1.49760619786e+05   0.000000e+00   -9.816529e-01  2.227772e+01  
301       1.49755941724e+05   0.000000e+00   -9.666841e-01  2.228086e+01  
302       1.49755349276e+05   0.000000e+00   -9.507559e-01  2.228382e+01  
303       1.49758988745e+05   0.000000e+00   -9.338162e-01  2.228658e+01  
304       1.49766979252e+05   0.000000e+00   -9.158253e-01  2.228911e+01  
305       1.49779425033e+05   0.000000e+00   -8.967576e-01  2.229140e+01  
306       1.49796429102e+05   0.000000e+00   -8.766021e-01  2.229345e+01  
307       1.49818105637e+05   0.000000e+00   -8.553638e-01  2.229522e+01  
308       1.49844586839e+05   0.000000e+00   -8.330658e-01  2.229670e+01  
309       1.49876022676e+05   0.000000e+00   -8.097522e-01  2.229786e+01  
310       1.49912569394e+05   0.000000e+00   -7.854896e-01  2.229870e+01  
311       1.49954368826e+05   0.000000e+00   -7.603683e-01  2.229918e+01  
312       1.50001520919e+05   0.000000e+00   -7.345004e-01  2.229928e+01  
313       1.50054055867e+05   0.000000e+00   -7.080158e-01  2.229900e+01  
314       1.50111906943e+05   0.000000e+00   -6.810477e-01  2.229832e+01  
315       1.50174886846e+05   0.000000e+00   -6.537054e-01  2.229725e+01  
316       1.50242665709e+05   0.000000e+00   -6.260301e-01  2.229580e+01  
317       1.50314752256e+05   0.000000e+00   -5.979326e-01  2.229397e+01  
318       1.50390478906e+05   0.000000e+00   -5.691112e-01  2.229182e+01  
319       1.50468993123e+05   0.000000e+00   -5.389261e-01  2.228938e+01  
320       1.50549246945e+05   0.000000e+00   -5.061627e-01  2.228672e+01  
321       1.50629935143e+05   0.000000e+00   -4.684842e-01  2.228390e+01  
322       1.50709070616e+05   0.000000e+00   -4.209023e-01  2.228107e+01  
323       1.50781058961e+05   0.000000e+00   -3.502216e-01  2.227860e+01  
324       1.50805877969e+05   0.000000e+00   -1.765627e-01  2.227941e+01  
325       1.50631371859e+05   0.000000e+00   6.896560e-01   2.229454e+01  
326       1.50371790593e+05   0.000000e+00   2.189325e+00   2.231536e+01  
327       1.50850145142e+05   0.000000e+00   8.201083e-01   2.228241e+01  
328       1.50769981064e+05   0.000000e+00   1.653034e+00   2.228997e+01  
329       1.50586820888e+05   0.000000e+00   2.826766e+00   2.230354e+01  
330       1.51082125572e+05   0.000000e+00   2.526235e+00   2.227066e+01  
331       1.50707242982e+05   0.000000e+00   2.129883e+00   2.229868e+01  
332       1.51062152416e+05   0.000000e+00   1.896118e+00   2.227218e+01  
333       1.50756758890e+05   0.000000e+00   2.840640e+00   2.229478e+01  
334       1.51434182099e+05   0.000000e+00   2.292044e+00   2.224707e+01  
335       1.50755404728e+05   0.000000e+00   3.001798e+00   2.229518e+01  
336       1.51264301477e+05   0.000000e+00   2.408666e+00   2.225835e+01  
337       1.50828766953e+05   0.000000e+00   2.373842e+00   2.228848e+01  
338       1.51183159392e+05   0.000000e+00   2.230797e+00   2.226174e+01  
339       1.50787231488e+05   0.000000e+00   2.523385e+00   2.228521e+01  
340       1.51011685833e+05   0.000000e+00   3.418183e+00   2.227168e+01  
341       1.50995297307e+05   0.000000e+00   4.746172e+00   2.227792e+01  
342       1.50566727571e+05   0.000000e+00   6.464107e+00   2.228425e+01  
343       1.50233152807e+05   0.000000e+00   7.551693e+00   2.231491e+01  
344       1.50492421956e+05   0.000000e+00   6.546962e+00   2.230830e+01  
345       1.50553370616e+05   0.000000e+00   4.596547e+00   2.229493e+01  
346       1.50850664630e+05   0.000000e+00   4.387007e+00   2.229050e+01  
347       1.50121713979e+05   0.000000e+00   4.412057e+00   2.231053e+01  
348       1.50693768811e+05   0.000000e+00   4.516492e+00   2.229062e+01  
349       1.49879324971e+05   0.000000e+00   4.946772e+00   2.232353e+01  
350       1.50866171763e+05   0.000000e+00   4.864022e+00   2.228713e+01  
351       1.49840533268e+05   0.000000e+00   4.765939e+00   2.232676e+01  
352       1.50670496840e+05   0.000000e+00   5.046639e+00   2.229925e+01  
353       1.49885929256e+05   0.000000e+00   5.760636e+00   2.232756e+01  
354       1.50523086283e+05   0.000000e+00   6.175408e+00   2.230703e+01  
355       1.50146795143e+05   0.000000e+00   5.474219e+00   2.231872e+01  
356       1.50306438629e+05   0.000000e+00   6.287330e+00   2.232484e+01  
357       1.49791116703e+05   0.000000e+00   7.024372e+00   2.233155e+01  
358       1.50539030558e+05   0.000000e+00   6.647311e+00   2.231978e+01  
359       1.49886653637e+05   0.000000e+00   6.572032e+00   2.233505e+01  
360       1.50211453725e+05   0.000000e+00   6.215896e+00   2.233449e+01  
361       1.50053564572e+05   0.000000e+00   7.085356e+00   2.233174e+01  
362       1.50105783047e+05   0.000000e+00   6.827565e+00   2.234740e+01  
363       1.49749551579e+05   0.000000e+00   6.885188e+00   2.235048e+01  
364       1.50165421225e+05   0.000000e+00   6.707545e+00   2.234957e+01  
365       1.49718821989e+05   0.000000e+00   6.996024e+00   2.235800e+01  
366       1.50032871215e+05   0.000000e+00   7.099015e+00   2.236148e+01  
367       1.49655707281e+05   0.000000e+00   6.981958e+00   2.236491e+01  
368       1.50114867814e+05   0.000000e+00   6.885314e+00   2.236055e+01  
369       1.49637600120e+05   0.000000e+00   6.960040e+00   2.236928e+01  
370       1.49922396387e+05   0.000000e+00   6.960091e+00   2.237381e+01  
371       1.49518172040e+05   0.000000e+00   7.095624e+00   2.238015e+01  
372       1.49940280564e+05   0.000000e+00   7.049728e+00   2.237605e+01  
373       1.49471535506e+05   0.000000e+00   7.131834e+00   2.238557e+01  
374       1.49851443899e+05   0.000000e+00   7.149420e+00   2.238276e+01  
375       1.49280239064e+05   0.000000e+00   7.354232e+00   2.239480e+01  
376       1.49583533658e+05   0.000000e+00   7.802214e+00   2.238768e+01  
377       1.49458497916e+05   0.000000e+00   7.632247e+00   2.240141e+01  
378       1.49556487111e+05   0.000000e+00   7.699505e+00   2.238985e+01  
379       1.49585653074e+05   0.000000e+00   7.730837e+00   2.240069e+01  
380       1.49654773600e+05   0.000000e+00   7.654044e+00   2.239369e+01  
381       1.49393280094e+05   0.000000e+00   8.110336e+00   2.241621e+01  
382       1.49950333235e+05   0.000000e+00   8.418456e+00   2.238424e+01  
383       1.49230445656e+05   0.000000e+00   8.857782e+00   2.242587e+01  
384       1.49856526958e+05   0.000000e+00   9.559195e+00   2.239609e+01  
385       1.49514593500e+05   0.000000e+00   1.120236e+01   2.240970e+01  
386       1.49481002059e+05   0.000000e+00   9.681794e+00   2.242043e+01  
387       1.49246101628e+05   0.000000e+00   9.601978e+00   2.243024e+01  
388       1.49599718054e+05   0.000000e+00   9.502457e+00   2.241402e+01  
389       1.48972782072e+05   0.000000e+00   9.318893e+00   2.244840e+01  
390       1.49606658285e+05   0.000000e+00   9.155656e+00   2.241464e+01  
391       1.49051192505e+05   0.000000e+00   9.221659e+00   2.244854e+01  
392       1.49526495045e+05   0.000000e+00   9.156813e+00   2.242109e+01  
393       1.49149881169e+05   0.000000e+00   9.199205e+00   2.244873e+01  
394       1.49408182188e+05   0.000000e+00   9.252257e+00   2.242723e+01  
395       1.48878810900e+05   0.000000e+00   1.012157e+01   2.246568e+01  
396       1.49425483821e+05   0.000000e+00   9.293659e+00   2.242940e+01  
397       1.48945208332e+05   0.000000e+00   9.402284e+00   2.246861e+01  
398       1.49267947436e+05   0.000000e+00   9.488444e+00   2.243511e+01  
399       1.48682003788e+05   0.000000e+00   1.049748e+01   2.248371e+01  
400       1.49025660646e+05   0.000000e+00   1.051310e+01   2.244633e+01  
401       1.48509446264e+05   0.000000e+00   1.014048e+01   2.249433e+01  
402       1.49261232392e+05   0.000000e+00   1.002901e+01   2.243682e+01  
403       1.48762996128e+05   0.000000e+00   1.045713e+01   2.248045e+01  
404       1.49338744486e+05   0.000000e+00   1.079340e+01   2.243130e+01  
405       1.49009572668e+05   0.000000e+00   1.092790e+01   2.246897e+01  
406       1.49183616387e+05   0.000000e+00   1.007426e+01   2.243336e+01  
407       1.48914461180e+05   0.000000e+00   1.035234e+01   2.246596e+01  
408       1.49096929422e+05   0.000000e+00   1.039942e+01   2.243229e+01  
409       1.48696493866e+05   0.000000e+00   1.050359e+01   2.247442e+01  
410       1.49313589006e+05   0.000000e+00   1.040916e+01   2.243410e+01  
411       1.48823191396e+05   0.000000e+00   1.047930e+01   2.247242e+01  
412       1.49450932429e+05   0.000000e+00   1.042751e+01   2.242550e+01  
413       1.48928250951e+05   0.000000e+00   1.049743e+01   2.247131e+01  
414       1.49345862778e+05   0.000000e+00   1.053730e+01   2.243481e+01  
415       1.48765718990e+05   0.000000e+00   1.062198e+01   2.248712e+01  
416       1.49357286340e+05   0.000000e+00   1.063590e+01   2.243514e+01  
417       1.48881633974e+05   0.000000e+00   1.071195e+01   2.248222e+01  
418       1.49443524870e+05   0.000000e+00   1.069198e+01   2.243224e+01  
419       1.48928749182e+05   0.000000e+00   1.077790e+01   2.248743e+01  
420       1.49513637732e+05   0.000000e+00   1.073333e+01   2.243129e+01  
421       1.49061462223e+05   0.000000e+00   1.083708e+01   2.248285e+01  
422       1.49652474862e+05   0.000000e+00   1.068686e+01   2.243202e+01  
423       1.49144933402e+05   0.000000e+00   1.077409e+01   2.248251e+01  
424       1.49685558359e+05   0.000000e+00   1.072003e+01   2.242649e+01  
425       1.48970001900e+05   0.000000e+00   1.087482e+01   2.248486e+01  
426       1.49364257871e+05   0.000000e+00   1.081559e+01   2.244528e+01  
427       1.49004470693e+05   0.000000e+00   1.086919e+01   2.248390e+01  
428       1.49464235283e+05   0.000000e+00   1.082189e+01   2.243757e+01  
429       1.49220704690e+05   0.000000e+00   1.083789e+01   2.248146e+01  
430       1.49494797731e+05   0.000000e+00   1.081870e+01   2.244078e+01  
431       1.49221153105e+05   0.000000e+00   1.088095e+01   2.248010e+01  
432       1.49500950667e+05   0.000000e+00   1.085768e+01   2.244449e+01  
433       1.49208508165e+05   0.000000e+00   1.088805e+01   2.248246e+01  
434       1.49554849657e+05   0.000000e+00   1.088429e+01   2.243903e+01  
435       1.49295108782e+05   0.000000e+00   1.089656e+01   2.248873e+01  
436       1.49692924619e+05   0.000000e+00   1.081829e+01   2.243740e+01  
437       1.49361115906e+05   0.000000e+00   1.089691e+01   2.248559e+01  
438       1.49881231603e+05   0.000000e+00   1.083435e+01   2.243248e+01  
439       1.49282249984e+05   0.000000e+00   1.090620e+01   2.249097e+01  
440       1.49757549990e+05   0.000000e+00   1.089422e+01   2.243812e+01  
441       1.49517753535e+05   0.000000e+00   1.086799e+01   2.248337e+01  
442       1.49960534875e+05   0.000000e+00   1.085022e+01   2.242921e+01  
443       1.49618192169e+05   0.000000e+00   1.093827e+01   2.248100e+01  
444       1.49901900465e+05   0.000000e+00   1.088132e+01   2.243292e+01  
445       1.49750076126e+05   0.000000e+00   1.091227e+01   2.247630e+01  
446       1.50040348009e+05   0.000000e+00   1.093990e+01   2.242986e+01  
447       1.49713323076e+05   0.000000e+00   1.104823e+01   2.247377e+01  
448       1.50027220147e+05   0.000000e+00   1.143441e+01   2.242970e+01  
449       1.49660805737e+05   0.000000e+00   1.160031e+01   2.247225e+01  
450       1.50051158846e+05   0.000000e+00   1.122849e+01   2.243169e+01  
451       1.50049583256e+05   0.000000e+00   1.132289e+01   2.246158e+01  
452       1.50101947673e+05   0.000000e+00   1.131622e+01   2.242836e+01  
453       1.50050343892e+05   0.000000e+00   1.138242e+01   2.246086e+01  
454       1.50390118500e+05   0.000000e+00   1.135511e+01   2.241387e+01  
455       1.50075527285e+05   0.000000e+00   1.150539e+01   2.246554e+01  
456       1.50218455803e+05   0.000000e+00   1.231031e+01   2.240360e+01  
457       1.50168091662e+05   0.000000e+00   1.253482e+01   2.243790e+01  
458       1.50471471431e+05   0.000000e+00   1.179314e+01   2.240766e+01  
459       1.50414721796e+05   0.000000e+00   1.185439e+01   2.244666e+01  
460       1.50637399596e+05   0.000000e+00   1.195174e+01   2.241144e+01  
461       1.50240195232e+05   0.000000e+00   1.198445e+01   2.244463e+01  
462       1.50829119741e+05   0.000000e+00   1.199647e+01   2.240529e+01  
463       1.50427189310e+05   0.000000e+00   1.200279e+01   2.243706e+01  
464       1.50645145245e+05   0.000000e+00   1.205503e+01   2.240991e+01  
465       1.50481130472e+05   0.000000e+00   1.207063e+01   2.243533e+01  
466       1.50553555376e+05   0.000000e+00   1.218630e+01   2.241255e+01  
467       1.50297097294e+05   0.000000e+00   1.231085e+01   2.244444e+01  
468       1.50576126144e+05   0.000000e+00   1.434582e+01   2.239326e+01  
469       1.50202613532e+05   0.000000e+00   1.284470e+01   2.242948e+01  
470       1.50641223728e+05   0.000000e+00   1.255081e+01   2.240169e+01  
471       1.50550247269e+05   0.000000e+00   1.249214e+01   2.244769e+01  
472       1.50475296106e+05   0.000000e+00   1.253278e+01   2.240584e+01  
473       1.50618277011e+05   0.000000e+00   1.260200e+01   2.244903e+01  
474       1.50542637950e+05   0.000000e+00   1.282411e+01   2.241021e+01  
475       1.50845156546e+05   0.000000e+00   1.301089e+01   2.243819e+01  
476       1.50738134133e+05   0.000000e+00   1.341960e+01   2.240620e+01  
477       1.50692320579e+05   0.000000e+00   1.291461e+01   2.244587e+01  
478       1.50590246554e+05   0.000000e+00   1.298949e+01   2.242686e+01  
479       1.50724991370e+05   0.000000e+00   1.282498e+01   2.244552e+01  
480       1.50714608030e+05   0.000000e+00   1.288393e+01   2.242453e+01  
481       1.50740323892e+05   0.000000e+00   1.288567e+01   2.245570e+01  
482       1.50794516918e+05   0.000000e+00   1.288432e+01   2.242601e+01  
483       1.50895769150e+05   0.000000e+00   1.294475e+01   2.244943e+01  
484       1.50521383400e+05   0.000000e+00   1.300250e+01   2.245032e+01  
485       1.50834676796e+05   0.000000e+00   1.301067e+01   2.245902e+01  
486       1.50550572968e+05   0.000000e+00   1.298215e+01   2.246199e+01  
487       1.50988900173e+05   0.000000e+00   1.301521e+01   2.246723e+01  
488       1.50474688508e+05   0.000000e+00   1.304621e+01   2.247864e+01  
489       1.51131094820e+05   0.000000e+00   1.303141e+01   2.246472e+01  
490       1.50582814628e+05   0.000000e+00   1.306998e+01   2.248681e+01  
491       1.51063294599e+05   0.000000e+00   1.309169e+01   2.247069e+01  
492       1.50250011739e+05   0.000000e+00   1.331219e+01   2.249807e+01  
493       1.51028662724e+05   0.000000e+00   1.317112e+01   2.247919e+01  
494       1.50158821009e+05   0.000000e+00   1.329944e+01   2.251197e+01  
495       1.51259145371e+05   0.000000e+00   1.325402e+01   2.247511e+01  
496       1.50346546460e+05   0.000000e+00   1.345002e+01   2.251577e+01  
497       1.51537039983e+05   0.000000e+00   1.338470e+01   2.247378e+01  
498       1.50203265012e+05   0.000000e+00   1.393329e+01   2.251725e+01  
499       1.51464749583e+05   0.000000e+00   1.371327e+01   2.248426e+01  
500       1.50368686171e+05   0.000000e+00   1.368236e+01   2.253898e+01  
501       1.51393612612e+05   0.000000e+00   1.366974e+01   2.248835e+01  
502       1.50145533393e+05   0.000000e+00   1.436305e+01   2.253473e+01  
503       1.51476663132e+05   0.000000e+00   1.388801e+01   2.249268e+01  
504       1.50496844144e+05   0.000000e+00   1.390583e+01   2.255842e+01  
505       1.51443638376e+05   0.000000e+00   1.380841e+01   2.251500e+01  
506       1.50549901448e+05   0.000000e+00   1.394265e+01   2.257038e+01  
507       1.51495146808e+05   0.000000e+00   1.381079e+01   2.251731e+01  
508       1.50690545490e+05   0.000000e+00   1.395295e+01   2.258671e+01  
509       1.51581254717e+05   0.000000e+00   1.388290e+01   2.252402e+01  
510       1.50400304926e+05   0.000000e+00   1.412448e+01   2.259991e+01  
511       1.51446244551e+05   0.000000e+00   1.443595e+01   2.255078e+01  
512       1.50306937840e+05   0.000000e+00   1.480689e+01   2.262408e+01  
513       1.51334297419e+05   0.000000e+00   1.485494e+01   2.254691e+01  
514       1.50594588034e+05   0.000000e+00   1.499290e+01   2.263091e+01  
515       1.51194039872e+05   0.000000e+00   1.462050e+01   2.256863e+01  
516       1.50572776077e+05   0.000000e+00   1.466835e+01   2.263414e+01  
517       1.51523362851e+05   0.000000e+00   1.453878e+01   2.256190e+01  
518       1.50531339225e+05   0.000000e+00   1.469000e+01   2.264037e+01  
519       1.51258575372e+05   0.000000e+00   1.467611e+01   2.258300e+01  
520       1.50708134656e+05   0.000000e+00   1.469478e+01   2.265777e+01  
521       1.51331930121e+05   0.000000e+00   1.466398e+01   2.258518e+01  
522       1.50866712125e+05   0.000000e+00   1.469543e+01   2.265827e+01  
523       1.51269293937e+05   0.000000e+00   1.466577e+01   2.260231e+01  
524       1.50852745887e+05   0.000000e+00   1.476846e+01   2.266925e+01  
525       1.51237787816e+05   0.000000e+00   1.475252e+01   2.261560e+01  
526       1.50955610115e+05   0.000000e+00   1.481180e+01   2.267702e+01  
527       1.51342589202e+05   0.000000e+00   1.474789e+01   2.261449e+01  
528       1.51223319646e+05   0.000000e+00   1.480908e+01   2.267563e+01  
529       1.51323903735e+05   0.000000e+00   1.482519e+01   2.262933e+01  
530       1.51244256528e+05   0.000000e+00   1.477367e+01   2.268715e+01  
531       1.51391353438e+05   0.000000e+00   1.477713e+01   2.262722e+01  
532       1.51246807143e+05   0.000000e+00   1.481152e+01   2.269583e+01  
533       1.51188876426e+05   0.000000e+00   1.485877e+01   2.264397e+01  
534       1.51116907257e+05   0.000000e+00   1.481842e+01   2.270627e+01  
535       1.51397279990e+05   0.000000e+00   1.476881e+01   2.264660e+01  
536       1.51234047179e+05   0.000000e+00   1.479536e+01   2.271458e+01  
537       1.51420559231e+05   0.000000e+00   1.475588e+01   2.265822e+01  
538       1.51234357032e+05   0.000000e+00   1.478979e+01   2.272078e+01  
539       1.51675217340e+05   0.000000e+00   1.470095e+01   2.266168e+01  
540       1.51225132164e+05   0.000000e+00   1.470921e+01   2.272624e+01  
541       1.51689531223e+05   0.000000e+00   1.471441e+01   2.265133e+01  
542       1.50976790989e+05   0.000000e+00   1.474415e+01   2.273021e+01  
543       1.51585484445e+05   0.000000e+00   1.473396e+01   2.265114e+01  
544       1.51073523939e+05   0.000000e+00   1.472606e+01   2.274203e+01  
545       1.51833959906e+05   0.000000e+00   1.469615e+01   2.266507e+01  
546       1.50942828596e+05   0.000000e+00   1.473708e+01   2.275272e+01  
547       1.51720286463e+05   0.000000e+00   1.469843e+01   2.265753e+01  
548       1.51015353329e+05   0.000000e+00   1.468699e+01   2.274556e+01  
549       1.52114885985e+05   0.000000e+00   1.458430e+01   2.266538e+01  
550       1.50899938236e+05   0.000000e+00   1.468752e+01   2.275494e+01  
551       1.51904655758e+05   0.000000e+00   1.463746e+01   2.266221e+01  
552       1.50894112980e+05   0.000000e+00   1.466371e+01   2.276105e+01  
553       1.52045119957e+05   0.000000e+00   1.459507e+01   2.266658e+01  
554       1.50768127840e+05   0.000000e+00   1.467304e+01   2.276419e+01  
555       1.51946116157e+05   0.000000e+00   1.464288e+01   2.266831e+01  
556       1.50718047294e+05   0.000000e+00   1.472312e+01   2.277614e+01  
557       1.51800406001e+05   0.000000e+00   1.465557e+01   2.268381e+01  
558       1.50676370603e+05   0.000000e+00   1.478488e+01   2.277257e+01  
559       1.51656128904e+05   0.000000e+00   1.468115e+01   2.268241e+01  
560       1.50701850375e+05   0.000000e+00   1.477822e+01   2.278170e+01  
561       1.51700167859e+05   0.000000e+00   1.468559e+01   2.268158e+01  
562       1.50460801603e+05   0.000000e+00   1.479656e+01   2.278284e+01  
563       1.51684871545e+05   0.000000e+00   1.469846e+01   2.267998e+01  
564       1.50512968814e+05   0.000000e+00   1.479367e+01   2.278665e+01  
565       1.51629951261e+05   0.000000e+00   1.468022e+01   2.267378e+01  
566       1.50599631939e+05   0.000000e+00   1.475771e+01   2.278031e+01  
567       1.51603017353e+05   0.000000e+00   1.473540e+01   2.266960e+01  
568       1.50295679520e+05   0.000000e+00   1.484920e+01   2.278508e+01  
569       1.51641303762e+05   0.000000e+00   1.473115e+01   2.266616e+01  
570       1.50140614343e+05   0.000000e+00   1.489954e+01   2.278756e+01  
571       1.51350081072e+05   0.000000e+00   1.477829e+01   2.267305e+01  
572       1.50376005552e+05   0.000000e+00   1.486729e+01   2.279231e+01  
573       1.51445773122e+05   0.000000e+00   1.474625e+01   2.266370e+01  
574       1.50240881065e+05   0.000000e+00   1.494339e+01   2.280088e+01  
575       1.51462477542e+05   0.000000e+00   1.479559e+01   2.266848e+01  
576       1.50112797468e+05   0.000000e+00   1.497016e+01   2.279846e+01  
577       1.51259724143e+05   0.000000e+00   1.486103e+01   2.267696e+01  
578       1.50125209767e+05   0.000000e+00   1.498542e+01   2.280087e+01  
579       1.51131071062e+05   0.000000e+00   1.490386e+01   2.267324e+01  
580       1.50386742402e+05   0.000000e+00   1.495153e+01   2.278940e+01  
581       1.51060946054e+05   0.000000e+00   1.492704e+01   2.267385e+01  
582       1.50162407049e+05   0.000000e+00   1.506694e+01   2.279286e+01  
583       1.51010213902e+05   0.000000e+00   1.490901e+01   2.267920e+01  
584       1.50233546419e+05   0.000000e+00   1.509304e+01   2.279571e+01  
585       1.50887982311e+05   0.000000e+00   1.494987e+01   2.268559e+01  
586       1.50171776690e+05   0.000000e+00   1.512890e+01   2.278420e+01  
587       1.50829578372e+05   0.000000e+00   1.501820e+01   2.267281e+01  
588       1.49941625890e+05   0.000000e+00   1.521898e+01   2.278859e+01  
589       1.50868030394e+05   0.000000e+00   1.504973e+01   2.268511e+01  
590       1.50092541209e+05   0.000000e+00   1.519032e+01   2.279024e+01  
591       1.50889993489e+05   0.000000e+00   1.508257e+01   2.268436e+01  
592       1.49924671164e+05   0.000000e+00   1.521120e+01   2.277912e+01  
593       1.51070133085e+05   0.000000e+00   1.507196e+01   2.268382e+01  
594       1.50032513859e+05   0.000000e+00   1.523373e+01   2.279000e+01  
595       1.50781941091e+05   0.000000e+00   1.519287e+01   2.269580e+01  
596       1.49731387376e+05   0.000000e+00   1.534526e+01   2.279089e+01  
597       1.50916492340e+05   0.000000e+00   1.518161e+01   2.269917e+01  
598       1.49959874350e+05   0.000000e+00   1.527138e+01   2.278912e+01  
599       1.50780633985e+05   0.000000e+00   1.520796e+01   2.269650e+01  
600       1.50008241204e+05   0.000000e+00   1.532032e+01   2.278722e+01  
601       1.50747526114e+05   0.000000e+00   1.526060e+01   2.270242e+01  
602       1.50152294401e+05   0.000000e+00   1.536626e+01   2.277506e+01  
603       1.50657157165e+05   0.000000e+00   1.527795e+01   2.269465e+01  
604       1.50263795237e+05   0.000000e+00   1.537177e+01   2.277939e+01  
605       1.50548204519e+05   0.000000e+00   1.527712e+01   2.270689e+01  
606       1.50326592146e+05   0.000000e+00   1.531848e+01   2.277517e+01  
607       1.50769912719e+05   0.000000e+00   1.524514e+01   2.269116e+01  
608       1.50220157163e+05   0.000000e+00   1.534141e+01   2.278450e+01  
609       1.50450346189e+05   0.000000e+00   1.532234e+01   2.270924e+01  
610       1.50269605768e+05   0.000000e+00   1.536468e+01   2.278670e+01  
611       1.50623127548e+05   0.000000e+00   1.530525e+01   2.269129e+01  
612       1.50230984211e+05   0.000000e+00   1.538784e+01   2.278795e+01  
613       1.50561024540e+05   0.000000e+00   1.536184e+01   2.269892e+01  
614       1.50174043124e+05   0.000000e+00   1.541281e+01   2.278144e+01  
615       1.50636154485e+05   0.000000e+00   1.533467e+01   2.269215e+01  
616       1.50047405937e+05   0.000000e+00   1.542511e+01   2.277790e+01  
617       1.50613604554e+05   0.000000e+00   1.536522e+01   2.268672e+01  
618       1.49884334715e+05   0.000000e+00   1.547803e+01   2.277871e+01  
619       1.50561034844e+05   0.000000e+00   1.544076e+01   2.269258e+01  
620       1.49766450521e+05   0.000000e+00   1.547036e+01   2.277908e+01  
621       1.50682345885e+05   0.000000e+00   1.543363e+01   2.269369e+01  
622       1.49840266107e+05   0.000000e+00   1.549858e+01   2.277964e+01  
623       1.50515838033e+05   0.000000e+00   1.544827e+01   2.269910e+01  
624       1.49987207834e+05   0.000000e+00   1.544928e+01   2.277171e+01  
625       1.50552210153e+05   0.000000e+00   1.545259e+01   2.269339e+01  
626       1.49765575326e+05   0.000000e+00   1.553015e+01   2.275877e+01  
627       1.50537685976e+05   0.000000e+00   1.550527e+01   2.269859e+01  
628       1.49723912043e+05   0.000000e+00   1.548690e+01   2.275636e+01  
629       1.50661736220e+05   0.000000e+00   1.551261e+01   2.270278e+01  
630       1.49768030787e+05   0.000000e+00   1.550398e+01   2.276402e+01  
631       1.50500236668e+05   0.000000e+00   1.554985e+01   2.269851e+01  
632       1.49769226571e+05   0.000000e+00   1.555431e+01   2.275236e+01  
633       1.50573408900e+05   0.000000e+00   1.558376e+01   2.270387e+01  
634       1.49702894137e+05   0.000000e+00   1.559070e+01   2.276112e+01  
635       1.50563761786e+05   0.000000e+00   1.561034e+01   2.271110e+01  
636       1.49848787039e+05   0.000000e+00   1.557245e+01   2.275474e+01  
637       1.50505770960e+05   0.000000e+00   1.560864e+01   2.270665e+01  
638       1.50162060029e+05   0.000000e+00   1.553624e+01   2.275067e+01  
639       1.50721033759e+05   0.000000e+00   1.558674e+01   2.271073e+01  
640       1.50091359940e+05   0.000000e+00   1.560237e+01   2.275697e+01  
641       1.50602497184e+05   0.000000e+00   1.566099e+01   2.271505e+01  
642       1.50232883841e+05   0.000000e+00   1.561348e+01   2.275685e+01  
643       1.50772546059e+05   0.000000e+00   1.566584e+01   2.272066e+01  
644       1.50224795947e+05   0.000000e+00   1.562579e+01   2.275645e+01  
645       1.50760732866e+05   0.000000e+00   1.570748e+01   2.272166e+01  
646       1.50513851340e+05   0.000000e+00   1.561817e+01   2.275224e+01  
647       1.50613927658e+05   0.000000e+00   1.575037e+01   2.274061e+01  
648       1.50663282660e+05   0.000000e+00   1.567573e+01   2.274104e+01  
649       1.50743105287e+05   0.000000e+00   1.569330e+01   2.274520e+01  
650       1.50896358815e+05   0.000000e+00   1.565240e+01   2.273787e+01  
651       1.50632258693e+05   0.000000e+00   1.574661e+01   2.274946e+01  
652       1.50820739507e+05   0.000000e+00   1.572420e+01   2.273079e+01  
653       1.50542480221e+05   0.000000e+00   1.584596e+01   2.275678e+01  
654       1.50769789748e+05   0.000000e+00   1.577776e+01   2.273523e+01  
655       1.50550207574e+05   0.000000e+00   1.589230e+01   2.276134e+01  
656       1.50907903946e+05   0.000000e+00   1.576648e+01   2.272884e+01  
657       1.50699747082e+05   0.000000e+00   1.590724e+01   2.277248e+01  
658       1.51090386549e+05   0.000000e+00   1.576080e+01   2.272344e+01  
659       1.50744278801e+05   0.000000e+00   1.592828e+01   2.277427e+01  
660       1.51121368752e+05   0.000000e+00   1.578414e+01   2.272338e+01  
661       1.50726840747e+05   0.000000e+00   1.594256e+01   2.278434e+01  
662       1.51189921807e+05   0.000000e+00   1.578714e+01   2.272397e+01  
663       1.50857845255e+05   0.000000e+00   1.595653e+01   2.278404e+01  
664       1.51196612677e+05   0.000000e+00   1.580629e+01   2.273271e+01  
665       1.51037084379e+05   0.000000e+00   1.593233e+01   2.278923e+01  
666       1.51289283465e+05   0.000000e+00   1.578593e+01   2.273687e+01  
667       1.51111707556e+05   0.000000e+00   1.589508e+01   2.279930e+01  
668       1.51322365953e+05   0.000000e+00   1.581648e+01   2.274354e+01  
669       1.51289331223e+05   0.000000e+00   1.588970e+01   2.279935e+01  
670       1.51477706618e+05   0.000000e+00   1.580451e+01   2.273532e+01  
671       1.51301541149e+05   0.000000e+00   1.596889e+01   2.279986e+01  
672       1.51370187671e+05   0.000000e+00   1.586252e+01   2.273469e+01  
673       1.51509782996e+05   0.000000e+00   1.591762e+01   2.280579e+01  
674       1.51571864136e+05   0.000000e+00   1.584769e+01   2.273491e+01  
675       1.51464190313e+05   0.000000e+00   1.593499e+01   2.281360e+01  
676       1.51742010639e+05   0.000000e+00   1.584624e+01   2.272797e+01  
677       1.51555063914e+05   0.000000e+00   1.597957e+01   2.280425e+01  
678       1.51703744320e+05   0.000000e+00   1.589517e+01   2.273427e+01  
679       1.51533390497e+05   0.000000e+00   1.600635e+01   2.282502e+01  
680       1.51690228968e+05   0.000000e+00   1.595730e+01   2.273858e+01  
681       1.51409997962e+05   0.000000e+00   1.602124e+01   2.282782e+01  
682       1.51797592357e+05   0.000000e+00   1.596524e+01   2.274251e+01  
683       1.51654899903e+05   0.000000e+00   1.599535e+01   2.283312e+01  
684       1.51709229360e+05   0.000000e+00   1.597737e+01   2.275013e+01  
685       1.51735807037e+05   0.000000e+00   1.605874e+01   2.283770e+01  
686       1.51530092996e+05   0.000000e+00   1.603093e+01   2.275252e+01  
687       1.51914274090e+05   0.000000e+00   1.607727e+01   2.283849e+01  
688       1.51716264393e+05   0.000000e+00   1.604826e+01   2.276240e+01  
689       1.51674313968e+05   0.000000e+00   1.617694e+01   2.284913e+01  
690       1.51796318971e+05   0.000000e+00   1.607659e+01   2.276303e+01  
691       1.51934745646e+05   0.000000e+00   1.614269e+01   2.285452e+01  
692       1.51646413818e+05   0.000000e+00   1.613642e+01   2.276649e+01  
693       1.51857145058e+05   0.000000e+00   1.619116e+01   2.286634e+01  
694       1.51666125916e+05   0.000000e+00   1.613557e+01   2.277654e+01  
695       1.51964863437e+05   0.000000e+00   1.615740e+01   2.287497e+01  
696       1.51719658404e+05   0.000000e+00   1.616031e+01   2.277944e+01  
697       1.51973080640e+05   0.000000e+00   1.619836e+01   2.287511e+01  
698       1.51727807568e+05   0.000000e+00   1.621829e+01   2.279391e+01  
699       1.51933961428e+05   0.000000e+00   1.620551e+01   2.288505e+01  
700       1.51832163605e+05   0.000000e+00   1.619812e+01   2.277892e+01  
701       1.52053614730e+05   0.000000e+00   1.623084e+01   2.287942e+01  
702       1.51736797383e+05   0.000000e+00   1.627878e+01   2.278249e+01  
703       1.51840751443e+05   0.000000e+00   1.633595e+01   2.288843e+01  
704       1.51807025366e+05   0.000000e+00   1.630392e+01   2.277696e+01  
705       1.52024229656e+05   0.000000e+00   1.627972e+01   2.288615e+01  
706       1.51865983037e+05   0.000000e+00   1.630718e+01   2.278041e+01  
707       1.52179166810e+05   0.000000e+00   1.631105e+01   2.288933e+01  
708       1.51842149594e+05   0.000000e+00   1.632393e+01   2.277673e+01  
709       1.52312506740e+05   0.000000e+00   1.633810e+01   2.288467e+01  
710       1.51806509571e+05   0.000000e+00   1.632488e+01   2.276940e+01  
711       1.52420326527e+05   0.000000e+00   1.636599e+01   2.287764e+01  
712       1.51821595694e+05   0.000000e+00   1.635179e+01   2.276940e+01  
713       1.52458909693e+05   0.000000e+00   1.633715e+01   2.288226e+01  
714       1.51996674168e+05   0.000000e+00   1.630351e+01   2.276706e+01  
715       1.52542466046e+05   0.000000e+00   1.634799e+01   2.288303e+01  
716       1.51828565056e+05   0.000000e+00   1.640278e+01   2.276535e+01  
717       1.52510087678e+05   0.000000e+00   1.637245e+01   2.288713e+01  
718       1.51991885060e+05   0.000000e+00   1.635883e+01   2.276459e+01  
719       1.52468095611e+05   0.000000e+00   1.639316e+01   2.289637e+01  
720       1.51854951034e+05   0.000000e+00   1.642208e+01   2.277134e+01  
721       1.52482444867e+05   0.000000e+00   1.635557e+01   2.289248e+01  
722       1.52054872075e+05   0.000000e+00   1.629982e+01   2.276097e+01  
723       1.52559251438e+05   0.000000e+00   1.636045e+01   2.289643e+01  
724       1.51932289233e+05   0.000000e+00   1.634047e+01   2.276082e+01  
725       1.52391705423e+05   0.000000e+00   1.636461e+01   2.290241e+01  
726       1.51837285330e+05   0.000000e+00   1.639495e+01   2.275537e+01  
727       1.52356193512e+05   0.000000e+00   1.637972e+01   2.290248e+01  
728       1.51823455024e+05   0.000000e+00   1.640541e+01   2.275672e+01  
729       1.52282392533e+05   0.000000e+00   1.644852e+01   2.289871e+01  
730       1.51473105164e+05   0.000000e+00   1.649472e+01   2.275677e+01  
731       1.52243175818e+05   0.000000e+00   1.645904e+01   2.290041e+01  
732       1.51451245287e+05   0.000000e+00   1.650518e+01   2.276108e+01  
733       1.52243455957e+05   0.000000e+00   1.645330e+01   2.289531e+01  
734       1.51378103690e+05   0.000000e+00   1.648642e+01   2.275517e+01  
735       1.52310740636e+05   0.000000e+00   1.643367e+01   2.288678e+01  
736       1.51218352832e+05   0.000000e+00   1.654648e+01   2.275150e+01  
737       1.52132082056e+05   0.000000e+00   1.652003e+01   2.288808e+01  
738       1.50964229089e+05   0.000000e+00   1.660595e+01   2.273908e+01  
739       1.52132549024e+05   0.000000e+00   1.651473e+01   2.288376e+01  
740       1.50950722622e+05   0.000000e+00   1.665361e+01   2.274373e+01  
741       1.52026013419e+05   0.000000e+00   1.654374e+01   2.287808e+01  
742       1.50979378608e+05   0.000000e+00   1.668876e+01   2.272734e+01  
743       1.52255369180e+05   0.000000e+00   1.651014e+01   2.287226e+01  
744       1.50902773272e+05   0.000000e+00   1.670333e+01   2.272108e+01  
745       1.51964599691e+05   0.000000e+00   1.661157e+01   2.287006e+01  
746       1.50901291280e+05   0.000000e+00   1.677028e+01   2.271050e+01  
747       1.51896835989e+05   0.000000e+00   1.663112e+01   2.286311e+01  
748       1.50964213857e+05   0.000000e+00   1.677754e+01   2.269690e+01  
749       1.51875083571e+05   0.000000e+00   1.665916e+01   2.285274e+01  
750       1.50960755652e+05   0.000000e+00   1.676173e+01   2.268837e+01  
751       1.51933153303e+05   0.000000e+00   1.668607e+01   2.285863e+01  
752       1.50957303691e+05   0.000000e+00   1.677064e+01   2.268698e+01  
753       1.51942056818e+05   0.000000e+00   1.673461e+01   2.285084e+01  
754       1.50997486393e+05   0.000000e+00   1.678248e+01   2.268882e+01  
755       1.51861200751e+05   0.000000e+00   1.676668e+01   2.284100e+01  
756       1.50963781290e+05   0.000000e+00   1.684100e+01   2.268709e+01  
757       1.51628354040e+05   0.000000e+00   1.680682e+01   2.284576e+01  
758       1.50945358790e+05   0.000000e+00   1.688770e+01   2.269054e+01  
759       1.51912698898e+05   0.000000e+00   1.671518e+01   2.283755e+01  
760       1.50981577242e+05   0.000000e+00   1.685199e+01   2.268040e+01  
761       1.51794335628e+05   0.000000e+00   1.677649e+01   2.283039e+01  
762       1.50940260043e+05   0.000000e+00   1.688559e+01   2.268221e+01  
763       1.51779010578e+05   0.000000e+00   1.678894e+01   2.283126e+01  
764       1.50940303968e+05   0.000000e+00   1.691371e+01   2.268860e+01  
765       1.51661821704e+05   0.000000e+00   1.682553e+01   2.283144e+01  
766       1.51024572534e+05   0.000000e+00   1.689715e+01   2.267833e+01  
767       1.51621954518e+05   0.000000e+00   1.680090e+01   2.283336e+01  
768       1.51227936433e+05   0.000000e+00   1.684645e+01   2.267920e+01  
769       1.51423485229e+05   0.000000e+00   1.683885e+01   2.283805e+01  
770       1.51210297621e+05   0.000000e+00   1.684708e+01   2.266929e+01  
771       1.51382139204e+05   0.000000e+00   1.679145e+01   2.283469e+01  
772       1.51139366770e+05   0.000000e+00   1.688441e+01   2.267803e+01  
773       1.51386623121e+05   0.000000e+00   1.682363e+01   2.283651e+01  
774       1.51061624114e+05   0.000000e+00   1.692561e+01   2.267602e+01  
775       1.51410512286e+05   0.000000e+00   1.682865e+01   2.282573e+01  
776       1.50881807348e+05   0.000000e+00   1.691892e+01   2.268156e+01  
777       1.51528810411e+05   0.000000e+00   1.682360e+01   2.282089e+01  
778       1.50624608984e+05   0.000000e+00   1.699451e+01   2.269054e+01  
779       1.51329522131e+05   0.000000e+00   1.689875e+01   2.282161e+01  
780       1.50639775733e+05   0.000000e+00   1.698825e+01   2.269640e+01  
781       1.51398131845e+05   0.000000e+00   1.692200e+01   2.281979e+01  
782       1.50432064538e+05   0.000000e+00   1.707446e+01   2.270712e+01  
783       1.51265799905e+05   0.000000e+00   1.698693e+01   2.282809e+01  
784       1.50520746831e+05   0.000000e+00   1.704621e+01   2.271209e+01  
785       1.51531298734e+05   0.000000e+00   1.694130e+01   2.280666e+01  
786       1.50254905962e+05   0.000000e+00   1.713449e+01   2.272030e+01  
787       1.51349126150e+05   0.000000e+00   1.707747e+01   2.280551e+01  
788       1.50187304915e+05   0.000000e+00   1.714356e+01   2.272731e+01  
789       1.51538496413e+05   0.000000e+00   1.700826e+01   2.279828e+01  
790       1.50317721136e+05   0.000000e+00   1.712313e+01   2.272082e+01  
791       1.51419705819e+05   0.000000e+00   1.704915e+01   2.280446e+01  
792       1.50372574622e+05   0.000000e+00   1.718311e+01   2.273748e+01  
793       1.51168794067e+05   0.000000e+00   1.709397e+01   2.280516e+01  
794       1.50552672953e+05   0.000000e+00   1.715407e+01   2.272416e+01  
795       1.51186124689e+05   0.000000e+00   1.711301e+01   2.280878e+01  
796       1.50439630669e+05   0.000000e+00   1.721851e+01   2.274158e+01  
797       1.51118190752e+05   0.000000e+00   1.712097e+01   2.281290e+01  
798       1.50713668279e+05   0.000000e+00   1.714576e+01   2.274225e+01  
799       1.51138260484e+05   0.000000e+00   1.712438e+01   2.281325e+01  
800       1.50728800415e+05   0.000000e+00   1.715610e+01   2.275101e+01  
801       1.51147070497e+05   0.000000e+00   1.717337e+01   2.281859e+01  
802       1.50761811005e+05   0.000000e+00   1.716439e+01   2.275774e+01  
803       1.51075979952e+05   0.000000e+00   1.721812e+01   2.283256e+01  
804       1.50919434345e+05   0.000000e+00   1.718488e+01   2.276521e+01  
805       1.51022143130e+05   0.000000e+00   1.723937e+01   2.283179e+01  
806       1.50929130411e+05   0.000000e+00   1.721023e+01   2.277564e+01  
807       1.51110003231e+05   0.000000e+00   1.721040e+01   2.283273e+01  
808       1.51027285890e+05   0.000000e+00   1.720260e+01   2.278996e+01  
809       1.50967049804e+05   0.000000e+00   1.727754e+01   2.283963e+01  
810       1.50853916826e+05   0.000000e+00   1.726204e+01   2.280254e+01  
811       1.51022355121e+05   0.000000e+00   1.726293e+01   2.283530e+01  
812       1.50967807058e+05   0.000000e+00   1.723983e+01   2.281271e+01  
813       1.50913463298e+05   0.000000e+00   1.729394e+01   2.283856e+01  
814       1.50813895814e+05   0.000000e+00   1.732354e+01   2.283022e+01  
815       1.50633679256e+05   0.000000e+00   1.736310e+01   2.284581e+01  
816       1.50804468227e+05   0.000000e+00   1.734089e+01   2.283892e+01  
817       1.50718345002e+05   0.000000e+00   1.731022e+01   2.285559e+01  
818       1.50986771089e+05   0.000000e+00   1.728717e+01   2.283949e+01  
819       1.50649291461e+05   0.000000e+00   1.734188e+01   2.285090e+01  
820       1.51030590479e+05   0.000000e+00   1.732725e+01   2.284631e+01  
821       1.50488657759e+05   0.000000e+00   1.734307e+01   2.285503e+01  
822       1.51082348714e+05   0.000000e+00   1.732956e+01   2.285673e+01  
823       1.50394611526e+05   0.000000e+00   1.737889e+01   2.285397e+01  
824       1.51060100575e+05   0.000000e+00   1.735349e+01   2.286468e+01  
825       1.50450729992e+05   0.000000e+00   1.736109e+01   2.286278e+01  
826       1.51227601323e+05   0.000000e+00   1.732195e+01   2.286871e+01  
827       1.50373570746e+05   0.000000e+00   1.740790e+01   2.286788e+01  
828       1.51089330695e+05   0.000000e+00   1.736686e+01   2.288587e+01  
829       1.50329505840e+05   0.000000e+00   1.745546e+01   2.287548e+01  
830       1.50918222421e+05   0.000000e+00   1.740381e+01   2.290192e+01  
831       1.50267378944e+05   0.000000e+00   1.750658e+01   2.287597e+01  
832       1.50823923465e+05   0.000000e+00   1.742520e+01   2.291156e+01  
833       1.50438645312e+05   0.000000e+00   1.745377e+01   2.287516e+01  
834       1.50860038970e+05   0.000000e+00   1.739814e+01   2.291724e+01  
835       1.50286662462e+05   0.000000e+00   1.749155e+01   2.288303e+01  
836       1.50902077547e+05   0.000000e+00   1.744447e+01   2.292929e+01  
837       1.50484796493e+05   0.000000e+00   1.744997e+01   2.287963e+01  
838       1.50838852163e+05   0.000000e+00   1.747438e+01   2.293996e+01  
839       1.50413388470e+05   0.000000e+00   1.750785e+01   2.287643e+01  
840       1.50783255852e+05   0.000000e+00   1.751893e+01   2.294387e+01  
841       1.50442967265e+05   0.000000e+00   1.753172e+01   2.288829e+01  
842       1.50812463244e+05   0.000000e+00   1.750216e+01   2.294786e+01  
843       1.50590221661e+05   0.000000e+00   1.747502e+01   2.288291e+01  
844       1.51005053442e+05   0.000000e+00   1.746256e+01   2.294765e+01  
845       1.50523308551e+05   0.000000e+00   1.750588e+01   2.288226e+01  
846       1.51049703955e+05   0.000000e+00   1.743344e+01   2.294401e+01  
847       1.50611515424e+05   0.000000e+00   1.751822e+01   2.288814e+01  
848       1.50979961420e+05   0.000000e+00   1.748954e+01   2.295649e+01  
849       1.50678623044e+05   0.000000e+00   1.750558e+01   2.288628e+01  
850       1.51036498547e+05   0.000000e+00   1.747977e+01   2.296110e+01  
851       1.50771537236e+05   0.000000e+00   1.749907e+01   2.287945e+01  
852       1.51009675879e+05   0.000000e+00   1.748598e+01   2.298050e+01  
853       1.51007753562e+05   0.000000e+00   1.747040e+01   2.287613e+01  
854       1.50922089546e+05   0.000000e+00   1.750049e+01   2.298815e+01  
855       1.50976400268e+05   0.000000e+00   1.749013e+01   2.287851e+01  
856       1.51084344217e+05   0.000000e+00   1.748951e+01   2.299388e+01  
857       1.51024298100e+05   0.000000e+00   1.749593e+01   2.288203e+01  
858       1.51218943096e+05   0.000000e+00   1.751398e+01   2.300686e+01  
859       1.51025349674e+05   0.000000e+00   1.750861e+01   2.288139e+01  
860       1.51434603315e+05   0.000000e+00   1.745806e+01   2.299584e+01  
861       1.50892112467e+05   0.000000e+00   1.754313e+01   2.289188e+01  
862       1.51502175524e+05   0.000000e+00   1.750396e+01   2.300229e+01  
863       1.50924567164e+05   0.000000e+00   1.756120e+01   2.289072e+01  
864       1.51508602890e+05   0.000000e+00   1.751929e+01   2.299977e+01  
865       1.50972987831e+05   0.000000e+00   1.758684e+01   2.289506e+01  
866       1.51574591645e+05   0.000000e+00   1.751205e+01   2.300843e+01  
867       1.51146925792e+05   0.000000e+00   1.755631e+01   2.290287e+01  
868       1.51509295403e+05   0.000000e+00   1.753909e+01   2.300990e+01  
869       1.51166221836e+05   0.000000e+00   1.758771e+01   2.291266e+01  
870       1.51561531057e+05   0.000000e+00   1.753726e+01   2.300661e+01  
871       1.51088848182e+05   0.000000e+00   1.762888e+01   2.291689e+01  
872       1.51460690662e+05   0.000000e+00   1.762142e+01   2.300969e+01  
873       1.51040360522e+05   0.000000e+00   1.761406e+01   2.292363e+01  
874       1.51729319439e+05   0.000000e+00   1.753134e+01   2.300553e+01  
875       1.51242083061e+05   0.000000e+00   1.758253e+01   2.292076e+01  
876       1.51539729856e+05   0.000000e+00   1.759255e+01   2.301236e+01  
877       1.51145732919e+05   0.000000e+00   1.766864e+01   2.293458e+01  
878       1.51811551703e+05   0.000000e+00   1.752771e+01   2.299863e+01  
879       1.51169984378e+05   0.000000e+00   1.767670e+01   2.292387e+01  
880       1.51799299727e+05   0.000000e+00   1.757410e+01   2.300510e+01  
881       1.51206738914e+05   0.000000e+00   1.765867e+01   2.292894e+01  
882       1.51981306450e+05   0.000000e+00   1.753131e+01   2.299898e+01  
883       1.51338143522e+05   0.000000e+00   1.761333e+01   2.291962e+01  
884       1.52145289102e+05   0.000000e+00   1.748497e+01   2.297828e+01  
885       1.51322929354e+05   0.000000e+00   1.765230e+01   2.291955e+01  
886       1.52164338548e+05   0.000000e+00   1.751454e+01   2.298269e+01  
887       1.51429563915e+05   0.000000e+00   1.762020e+01   2.291594e+01  
888       1.52222596166e+05   0.000000e+00   1.752603e+01   2.297562e+01  
889       1.51424241127e+05   0.000000e+00   1.763770e+01   2.291067e+01  
890       1.52246258286e+05   0.000000e+00   1.756491e+01   2.297226e+01  
891       1.51423240647e+05   0.000000e+00   1.763720e+01   2.291107e+01  
892       1.52406731715e+05   0.000000e+00   1.753380e+01   2.297103e+01  
893       1.51486039235e+05   0.000000e+00   1.763555e+01   2.292137e+01  
894       1.52298025893e+05   0.000000e+00   1.755673e+01   2.296492e+01  
895       1.51683410560e+05   0.000000e+00   1.760165e+01   2.290932e+01  
896       1.52432880332e+05   0.000000e+00   1.749333e+01   2.295938e+01  
897       1.51687707471e+05   0.000000e+00   1.758775e+01   2.291469e+01  
898       1.52305550281e+05   0.000000e+00   1.754533e+01   2.295869e+01  
899       1.51646292286e+05   0.000000e+00   1.763778e+01   2.291457e+01  
900       1.52041521809e+05   0.000000e+00   1.758783e+01   2.296209e+01  
901       1.51835730241e+05   0.000000e+00   1.754894e+01   2.291032e+01  
902       1.52161028749e+05   0.000000e+00   1.757055e+01   2.296328e+01  
903       1.51729093304e+05   0.000000e+00   1.762386e+01   2.291365e+01  
904       1.51947316766e+05   0.000000e+00   1.759782e+01   2.296297e+01  
905       1.51733529058e+05   0.000000e+00   1.763679e+01   2.291276e+01  
906       1.51580308444e+05   0.000000e+00   1.768770e+01   2.297177e+01  
907       1.51671887145e+05   0.000000e+00   1.768714e+01   2.291592e+01  
908       1.51554717619e+05   0.000000e+00   1.767379e+01   2.296719e+01  
909       1.51671713309e+05   0.000000e+00   1.767127e+01   2.290682e+01  
910       1.51562501405e+05   0.000000e+00   1.767706e+01   2.296652e+01  
911       1.51704675659e+05   0.000000e+00   1.767682e+01   2.290851e+01  
912       1.51535439046e+05   0.000000e+00   1.768674e+01   2.296434e+01  
913       1.51448564423e+05   0.000000e+00   1.771780e+01   2.291502e+01  
914       1.51422781737e+05   0.000000e+00   1.776251e+01   2.296470e+01  
915       1.51254620171e+05   0.000000e+00   1.772945e+01   2.292025e+01  
916       1.51330800107e+05   0.000000e+00   1.778871e+01   2.295579e+01  
917       1.51102327498e+05   0.000000e+00   1.776845e+01   2.291344e+01  
918       1.51316227727e+05   0.000000e+00   1.776354e+01   2.294712e+01  
919       1.51061325093e+05   0.000000e+00   1.774048e+01   2.291938e+01  
920       1.51459573132e+05   0.000000e+00   1.770081e+01   2.292782e+01  
921       1.50869300023e+05   0.000000e+00   1.777052e+01   2.291627e+01  
922       1.51531946767e+05   0.000000e+00   1.764199e+01   2.291230e+01  
923       1.50762294397e+05   0.000000e+00   1.774095e+01   2.291424e+01  
924       1.51525080241e+05   0.000000e+00   1.766767e+01   2.289880e+01  
925       1.50396199895e+05   0.000000e+00   1.779106e+01   2.292593e+01  
926       1.51550618090e+05   0.000000e+00   1.766989e+01   2.289398e+01  
927       1.50363314411e+05   0.000000e+00   1.780317e+01   2.292588e+01  
928       1.51363687571e+05   0.000000e+00   1.769520e+01   2.288603e+01  
929       1.50283315005e+05   0.000000e+00   1.777889e+01   2.291815e+01  
930       1.51282300418e+05   0.000000e+00   1.770176e+01   2.288208e+01  
931       1.50249322945e+05   0.000000e+00   1.777904e+01   2.291485e+01  
932       1.51033934939e+05   0.000000e+00   1.772703e+01   2.288749e+01  
933       1.50352639523e+05   0.000000e+00   1.777210e+01   2.291185e+01  
934       1.50966648535e+05   0.000000e+00   1.770694e+01   2.287552e+01  
935       1.50218151597e+05   0.000000e+00   1.777245e+01   2.291638e+01  
936       1.50918326060e+05   0.000000e+00   1.771728e+01   2.286461e+01  
937       1.50139199993e+05   0.000000e+00   1.778709e+01   2.291865e+01  
938       1.50955193977e+05   0.000000e+00   1.773674e+01   2.286329e+01  
939       1.49919854476e+05   0.000000e+00   1.782619e+01   2.291518e+01  
940       1.50729562879e+05   0.000000e+00   1.778366e+01   2.286018e+01  
941       1.50097024860e+05   0.000000e+00   1.776448e+01   2.291414e+01  
942       1.50670072729e+05   0.000000e+00   1.775280e+01   2.286435e+01  
943       1.50051859451e+05   0.000000e+00   1.780072e+01   2.291198e+01  
944       1.50608970481e+05   0.000000e+00   1.774381e+01   2.285709e+01  
945       1.50020943981e+05   0.000000e+00   1.782987e+01   2.291322e+01  
946       1.50358738180e+05   0.000000e+00   1.779185e+01   2.286540e+01  
947       1.50053226495e+05   0.000000e+00   1.782173e+01   2.290554e+01  
948       1.50163422837e+05   0.000000e+00   1.785634e+01   2.286476e+01  
949       1.49963793451e+05   0.000000e+00   1.783155e+01   2.290462e+01  
950       1.50116460836e+05   0.000000e+00   1.783310e+01   2.286247e+01  
951       1.50017766965e+05   0.000000e+00   1.780455e+01   2.291290e+01  
952       1.50081607761e+05   0.000000e+00   1.783013e+01   2.286342e+01  
953       1.50042012893e+05   0.000000e+00   1.781043e+01   2.290555e+01  
954       1.50007643981e+05   0.000000e+00   1.783555e+01   2.285948e+01  
955       1.49901703030e+05   0.000000e+00   1.787367e+01   2.290985e+01  
956       1.49876251507e+05   0.000000e+00   1.787374e+01   2.285950e+01  
957       1.49945432148e+05   0.000000e+00   1.782994e+01   2.290731e+01  
958       1.49872217925e+05   0.000000e+00   1.782048e+01   2.285355e+01  
959       1.49920989209e+05   0.000000e+00   1.786313e+01   2.291601e+01  
960       1.49842128074e+05   0.000000e+00   1.785732e+01   2.285333e+01  
961       1.49721280661e+05   0.000000e+00   1.791185e+01   2.291574e+01  
962       1.49611879360e+05   0.000000e+00   1.792014e+01   2.286093e+01  
963       1.49738135835e+05   0.000000e+00   1.790613e+01   2.291350e+01  
964       1.49589361191e+05   0.000000e+00   1.793355e+01   2.286198e+01  
965       1.49563547446e+05   0.000000e+00   1.798394e+01   2.292258e+01  
966       1.49382288991e+05   0.000000e+00   1.798832e+01   2.287826e+01  
967       1.49585360615e+05   0.000000e+00   1.793553e+01   2.291718e+01  
968       1.49402369111e+05   0.000000e+00   1.795221e+01   2.287846e+01  
969       1.49392994043e+05   0.000000e+00   1.801269e+01   2.291406e+01  
970       1.49167119605e+05   0.000000e+00   1.800772e+01   2.289554e+01  
971       1.49321730712e+05   0.000000e+00   1.801459e+01   2.292268e+01  
972       1.49280681413e+05   0.000000e+00   1.795018e+01   2.288806e+01  
973       1.49206539672e+05   0.000000e+00   1.803153e+01   2.291182e+01  
974       1.49045642772e+05   0.000000e+00   1.800664e+01   2.289931e+01  
975       1.49136771805e+05   0.000000e+00   1.804390e+01   2.291270e+01  
976       1.49090869496e+05   0.000000e+00   1.798786e+01   2.290049e+01  
977       1.49039173994e+05   0.000000e+00   1.807504e+01   2.291715e+01  
978       1.49142776461e+05   0.000000e+00   1.800784e+01   2.290401e+01  
979       1.49038620906e+05   0.000000e+00   1.805626e+01   2.291262e+01  
980       1.49155935116e+05   0.000000e+00   1.801298e+01   2.290327e+01  
981       1.49145261742e+05   0.000000e+00   1.798754e+01   2.290608e+01  
982       1.49112175759e+05   0.000000e+00   1.805785e+01   2.291673e+01  
983       1.48855120555e+05   0.000000e+00   1.809930e+01   2.291567e+01  
984       1.48921779698e+05   0.000000e+00   1.808533e+01   2.292401e+01  
985       1.48985443847e+05   0.000000e+00   1.805211e+01   2.291343e+01  
986       1.48960234071e+05   0.000000e+00   1.803863e+01   2.293191e+01  
987       1.48999546880e+05   0.000000e+00   1.804571e+01   2.292640e+01  
988       1.48923059835e+05   0.000000e+00   1.805402e+01   2.293219e+01  
989       1.48848880522e+05   0.000000e+00   1.808225e+01   2.292812e+01  
990       1.48866490157e+05   0.000000e+00   1.808129e+01   2.294215e+01  
991       1.48776413901e+05   0.000000e+00   1.809249e+01   2.294111e+01  
992       1.48885713176e+05   0.000000e+00   1.807574e+01   2.293315e+01  
993       1.48809255422e+05   0.000000e+00   1.806806e+01   2.294554e+01  
994       1.48967564915e+05   0.000000e+00   1.802841e+01   2.292511e+01  
995       1.48835206579e+05   0.000000e+00   1.802776e+01   2.294997e+01  
996       1.49083357444e+05   0.000000e+00   1.801001e+01   2.292580e+01  
997       1.48769102539e+05   0.000000e+00   1.804956e+01   2.295396e+01  
998       1.48861962666e+05   0.000000e+00   1.806402e+01   2.293147e+01  
999       1.48765258535e+05   0.000000e+00   1.808963e+01   2.295764e+01  
1000      1.48790598500e+05   0.000000e+00   1.810227e+01   2.293284e+01  
1001      1.48523710363e+05   0.000000e+00   1.813627e+01   2.295971e+01  
1002      1.48828531870e+05   0.000000e+00   1.808128e+01   2.293093e+01  
1003      1.48481687185e+05   0.000000e+00   1.813729e+01   2.296308e+01  
1004      1.48808317061e+05   0.000000e+00   1.811032e+01   2.294161e+01  
1005      1.48638877167e+05   0.000000e+00   1.809078e+01   2.295110e+01  
1006      1.48826532048e+05   0.000000e+00   1.810808e+01   2.294012e+01  
1007      1.48614816773e+05   0.000000e+00   1.809594e+01   2.294306e+01  
1008      1.48831855123e+05   0.000000e+00   1.812128e+01   2.295011e+01  
1009      1.48675306226e+05   0.000000e+00   1.809942e+01   2.294166e+01  
1010      1.48633683324e+05   0.000000e+00   1.819613e+01   2.295836e+01  
1011      1.48725410565e+05   0.000000e+00   1.811363e+01   2.294150e+01  
1012      1.48843496858e+05   0.000000e+00   1.813429e+01   2.295765e+01  
1013      1.48791493320e+05   0.000000e+00   1.807272e+01   2.293282e+01  
1014      1.48794877433e+05   0.000000e+00   1.816980e+01   2.295549e+01  
1015      1.48748480639e+05   0.000000e+00   1.811622e+01   2.294078e+01  
1016      1.48967776024e+05   0.000000e+00   1.811380e+01   2.295365e+01  
1017      1.48932878977e+05   0.000000e+00   1.808411e+01   2.293773e+01  
1018      1.48927156991e+05   0.000000e+00   1.813999e+01   2.294876e+01  
1019      1.49061611306e+05   0.000000e+00   1.807911e+01   2.292941e+01  
1020      1.48959173509e+05   0.000000e+00   1.812373e+01   2.295059e+01  
1021      1.49122131444e+05   0.000000e+00   1.810626e+01   2.292991e+01  
1022      1.48847291153e+05   0.000000e+00   1.816753e+01   2.295330e+01  
1023      1.49188712649e+05   0.000000e+00   1.809051e+01   2.293161e+01  
1024      1.48877785986e+05   0.000000e+00   1.817302e+01   2.294913e+01  
1025      1.49212575501e+05   0.000000e+00   1.809789e+01   2.292877e+01  
1026      1.48943415001e+05   0.000000e+00   1.817060e+01   2.295716e+01  
1027      1.49447381688e+05   0.000000e+00   1.806961e+01   2.292869e+01  
1028      1.49051241448e+05   0.000000e+00   1.815675e+01   2.295572e+01  
1029      1.49387005730e+05   0.000000e+00   1.806676e+01   2.292664e+01  
1030      1.49078427979e+05   0.000000e+00   1.815366e+01   2.295624e+01  
1031      1.49506957929e+05   0.000000e+00   1.804964e+01   2.292791e+01  
1032      1.49110022042e+05   0.000000e+00   1.814235e+01   2.295898e+01  
1033      1.49355264594e+05   0.000000e+00   1.809682e+01   2.292376e+01  
1034      1.49176876175e+05   0.000000e+00   1.814870e+01   2.296353e+01  
1035      1.49363528819e+05   0.000000e+00   1.809119e+01   2.293546e+01  
1036      1.49341882536e+05   0.000000e+00   1.809957e+01   2.297231e+01  
1037      1.49297894998e+05   0.000000e+00   1.811608e+01   2.293728e+01  
1038      1.49516133633e+05   0.000000e+00   1.808867e+01   2.296412e+01  
1039      1.49257980995e+05   0.000000e+00   1.813740e+01   2.294089e+01  
1040      1.49622782041e+05   0.000000e+00   1.809035e+01   2.296580e+01  
1041      1.49329647793e+05   0.000000e+00   1.811733e+01   2.294322e+01  
1042      1.49992115983e+05   0.000000e+00   1.799858e+01   2.296533e+01  
1043      1.49471205622e+05   0.000000e+00   1.806148e+01   2.294127e+01  
1044      1.50180975258e+05   0.000000e+00   1.795318e+01   2.296338e+01  
1045      1.49444193341e+05   0.000000e+00   1.810689e+01   2.295282e+01  
1046      1.50134556256e+05   0.000000e+00   1.797703e+01   2.296973e+01  
1047      1.49462620345e+05   0.000000e+00   1.809549e+01   2.295291e+01  
1048      1.50346152697e+05   0.000000e+00   1.795236e+01   2.297346e+01  
1049      1.49596371256e+05   0.000000e+00   1.810981e+01   2.296587e+01  
1050      1.50167171535e+05   0.000000e+00   1.802394e+01   2.298568e+01  
1051      1.49638998831e+05   0.000000e+00   1.810352e+01   2.297476e+01  
1052      1.50268018314e+05   0.000000e+00   1.798630e+01   2.298662e+01  
1053      1.49837364252e+05   0.000000e+00   1.807050e+01   2.297830e+01  
1054      1.50383528425e+05   0.000000e+00   1.795843e+01   2.299296e+01  
1055      1.49863587604e+05   0.000000e+00   1.809121e+01   2.298738e+01  
1056      1.50325948320e+05   0.000000e+00   1.801731e+01   2.300957e+01  
1057      1.50212656132e+05   0.000000e+00   1.799481e+01   2.297642e+01  
1058      1.50383965375e+05   0.000000e+00   1.799204e+01   2.300309e+01  
1059      1.49991932575e+05   0.000000e+00   1.808907e+01   2.298994e+01  
1060      1.50242567128e+05   0.000000e+00   1.805421e+01   2.302418e+01  
1061      1.50156486724e+05   0.000000e+00   1.803027e+01   2.299251e+01  
1062      1.50127451838e+05   0.000000e+00   1.807175e+01   2.303441e+01  
1063      1.50041645097e+05   0.000000e+00   1.811792e+01   2.299507e+01  
1064      1.49960817102e+05   0.000000e+00   1.810081e+01   2.304923e+01  
1065      1.50152772267e+05   0.000000e+00   1.810423e+01   2.299432e+01  
1066      1.49844783662e+05   0.000000e+00   1.814993e+01   2.305517e+01  
1067      1.49977464744e+05   0.000000e+00   1.818036e+01   2.300434e+01  
1068      1.49739137295e+05   0.000000e+00   1.818305e+01   2.305957e+01  
1069      1.49979081197e+05   0.000000e+00   1.815788e+01   2.300725e+01  
1070      1.49836096478e+05   0.000000e+00   1.814388e+01   2.305445e+01  
1071      1.49974442681e+05   0.000000e+00   1.812496e+01   2.301546e+01  
1072      1.49789016689e+05   0.000000e+00   1.818040e+01   2.306084e+01  
1073      1.49889631606e+05   0.000000e+00   1.814879e+01   2.301639e+01  
1074      1.49520731227e+05   0.000000e+00   1.822332e+01   2.306592e+01  
1075      1.49945915080e+05   0.000000e+00   1.812800e+01   2.302816e+01  
1076      1.49452743574e+05   0.000000e+00   1.821828e+01   2.306959e+01  
1077      1.49783540125e+05   0.000000e+00   1.818718e+01   2.303222e+01  
1078      1.49382175120e+05   0.000000e+00   1.823154e+01   2.306387e+01  
1079      1.49835979470e+05   0.000000e+00   1.818976e+01   2.303106e+01  
1080      1.49360049666e+05   0.000000e+00   1.823365e+01   2.306761e+01  
1081      1.49693180275e+05   0.000000e+00   1.821368e+01   2.304376e+01  
1082      1.49387986291e+05   0.000000e+00   1.825373e+01   2.306216e+01  
1083      1.49693912166e+05   0.000000e+00   1.821420e+01   2.304176e+01  
1084      1.49200305099e+05   0.000000e+00   1.831079e+01   2.307080e+01  
1085      1.49589945547e+05   0.000000e+00   1.829113e+01   2.304395e+01  
1086      1.49118222324e+05   0.000000e+00   1.833168e+01   2.307231e+01  
1087      1.49449520077e+05   0.000000e+00   1.833628e+01   2.305478e+01  
1088      1.49208816075e+05   0.000000e+00   1.828313e+01   2.307397e+01  
1089      1.49605440149e+05   0.000000e+00   1.827705e+01   2.304899e+01  
1090      1.49181665898e+05   0.000000e+00   1.830177e+01   2.306990e+01  
1091      1.49486697796e+05   0.000000e+00   1.830167e+01   2.304697e+01  
1092      1.49165041427e+05   0.000000e+00   1.829028e+01   2.306728e+01  
1093      1.49455043916e+05   0.000000e+00   1.832439e+01   2.305436e+01  
1094      1.49216675858e+05   0.000000e+00   1.830598e+01   2.307018e+01  
1095      1.49332812236e+05   0.000000e+00   1.833322e+01   2.305303e+01  
1096      1.49237663266e+05   0.000000e+00   1.832097e+01   2.306307e+01  
1097      1.49369274769e+05   0.000000e+00   1.832235e+01   2.305243e+01  
1098      1.49097225712e+05   0.000000e+00   1.834812e+01   2.306954e+01  
1099      1.49235486199e+05   0.000000e+00   1.835810e+01   2.304727e+01  
1100      1.48977031090e+05   0.000000e+00   1.839565e+01   2.308331e+01  
1101      1.49262227941e+05   0.000000e+00   1.834928e+01   2.304831e+01  
1102      1.48953461091e+05   0.000000e+00   1.838408e+01   2.308392e+01  
1103      1.49269621175e+05   0.000000e+00   1.832456e+01   2.304403e+01  
1104      1.48822842619e+05   0.000000e+00   1.844687e+01   2.308275e+01  
1105      1.49232823528e+05   0.000000e+00   1.833801e+01   2.305039e+01  
1106      1.48989306352e+05   0.000000e+00   1.836835e+01   2.307823e+01  
1107      1.49300796052e+05   0.000000e+00   1.829835e+01   2.303721e+01  
1108      1.48847567676e+05   0.000000e+00   1.841973e+01   2.307180e+01  
1109      1.49354898509e+05   0.000000e+00   1.826501e+01   2.303819e+01  
1110      1.48950050189e+05   0.000000e+00   1.836888e+01   2.306650e+01  
1111      1.49332401695e+05   0.000000e+00   1.831778e+01   2.304070e+01  
1112      1.48928673934e+05   0.000000e+00   1.835825e+01   2.306376e+01  
1113      1.49354478573e+05   0.000000e+00   1.831282e+01   2.303988e+01  
1114      1.48881339846e+05   0.000000e+00   1.837798e+01   2.305633e+01  
1115      1.49414446749e+05   0.000000e+00   1.831704e+01   2.303682e+01  
1116      1.48773854484e+05   0.000000e+00   1.839285e+01   2.305380e+01  
1117      1.49439502509e+05   0.000000e+00   1.833019e+01   2.303257e+01  
1118      1.48748526661e+05   0.000000e+00   1.838355e+01   2.304101e+01  
1119      1.49358779536e+05   0.000000e+00   1.834852e+01   2.303515e+01  
1120      1.48856651211e+05   0.000000e+00   1.836844e+01   2.304082e+01  
1121      1.49468244258e+05   0.000000e+00   1.831647e+01   2.303591e+01  
1122      1.48820401660e+05   0.000000e+00   1.841473e+01   2.303076e+01  
1123      1.49336239236e+05   0.000000e+00   1.838073e+01   2.303045e+01  
1124      1.48888842108e+05   0.000000e+00   1.842483e+01   2.302985e+01  
1125      1.49478623235e+05   0.000000e+00   1.836886e+01   2.303108e+01  
1126      1.48930282422e+05   0.000000e+00   1.837470e+01   2.302784e+01  
1127      1.49658566880e+05   0.000000e+00   1.831085e+01   2.302190e+01  
1128      1.49046908843e+05   0.000000e+00   1.836315e+01   2.302228e+01  
1129      1.49724777864e+05   0.000000e+00   1.829890e+01   2.301791e+01  
1130      1.48930952651e+05   0.000000e+00   1.839499e+01   2.303016e+01  
1131      1.49763056106e+05   0.000000e+00   1.831113e+01   2.301038e+01  
1132      1.48971328938e+05   0.000000e+00   1.839161e+01   2.303022e+01  
1133      1.49833878561e+05   0.000000e+00   1.827145e+01   2.301060e+01  
1134      1.49035681447e+05   0.000000e+00   1.838964e+01   2.302586e+01  
1135      1.49665014927e+05   0.000000e+00   1.831143e+01   2.301217e+01  
1136      1.49053232304e+05   0.000000e+00   1.836806e+01   2.302493e+01  
1137      1.49637208114e+05   0.000000e+00   1.831188e+01   2.301085e+01  
1138      1.49057455520e+05   0.000000e+00   1.840659e+01   2.302957e+01  
1139      1.49643541846e+05   0.000000e+00   1.835991e+01   2.301857e+01  
1140      1.48899552454e+05   0.000000e+00   1.844368e+01   2.303257e+01  
1141      1.49765559189e+05   0.000000e+00   1.832518e+01   2.300673e+01  
1142      1.48930372047e+05   0.000000e+00   1.843002e+01   2.302792e+01  
1143      1.49798197949e+05   0.000000e+00   1.837139e+01   2.300297e+01  
1144      1.48788204092e+05   0.000000e+00   1.844059e+01   2.303225e+01  
1145      1.49822401117e+05   0.000000e+00   1.836477e+01   2.300610e+01  
1146      1.48952482981e+05   0.000000e+00   1.839017e+01   2.302782e+01  
1147      1.49883287828e+05   0.000000e+00   1.831414e+01   2.299548e+01  
1148      1.48906785060e+05   0.000000e+00   1.841948e+01   2.302186e+01  
1149      1.49887467183e+05   0.000000e+00   1.832357e+01   2.300168e+01  
1150      1.49077506680e+05   0.000000e+00   1.838718e+01   2.302095e+01  
1151      1.49848330191e+05   0.000000e+00   1.832944e+01   2.299366e+01  
1152      1.49039361993e+05   0.000000e+00   1.847090e+01   2.301126e+01  
1153      1.49639118551e+05   0.000000e+00   1.838870e+01   2.300011e+01  
1154      1.49272167136e+05   0.000000e+00   1.837150e+01   2.299923e+01  
1155      1.49853778862e+05   0.000000e+00   1.831991e+01   2.298962e+01  
1156      1.49256184236e+05   0.000000e+00   1.841563e+01   2.299776e+01  
1157      1.49661921889e+05   0.000000e+00   1.842246e+01   2.299399e+01  
1158      1.49369064397e+05   0.000000e+00   1.839581e+01   2.299209e+01  
1159      1.49690156558e+05   0.000000e+00   1.840017e+01   2.299559e+01  
1160      1.49428017813e+05   0.000000e+00   1.842586e+01   2.299117e+01  
1161      1.49613790151e+05   0.000000e+00   1.845737e+01   2.300260e+01  
1162      1.49446373067e+05   0.000000e+00   1.844735e+01   2.298399e+01  
1163      1.49584394399e+05   0.000000e+00   1.848831e+01   2.300010e+01  
1164      1.49583203469e+05   0.000000e+00   1.840719e+01   2.298194e+01  
1165      1.49586230893e+05   0.000000e+00   1.847512e+01   2.300726e+01  
1166      1.49588823728e+05   0.000000e+00   1.842936e+01   2.298472e+01  
1167      1.49623990683e+05   0.000000e+00   1.844214e+01   2.299903e+01  
1168      1.49585120498e+05   0.000000e+00   1.842452e+01   2.297861e+01  
1169      1.49513918857e+05   0.000000e+00   1.848476e+01   2.301066e+01  
1170      1.49569270621e+05   0.000000e+00   1.844800e+01   2.298090e+01  
1171      1.49314735936e+05   0.000000e+00   1.854316e+01   2.301816e+01  
1172      1.49591185473e+05   0.000000e+00   1.845624e+01   2.298155e+01  
1173      1.49442931134e+05   0.000000e+00   1.847430e+01   2.301533e+01  
1174      1.49475230223e+05   0.000000e+00   1.847372e+01   2.298241e+01  
1175      1.49401952284e+05   0.000000e+00   1.849639e+01   2.300853e+01  
1176      1.49407004071e+05   0.000000e+00   1.850588e+01   2.298056e+01  
1177      1.49379281620e+05   0.000000e+00   1.852640e+01   2.301006e+01  
1178      1.49386593622e+05   0.000000e+00   1.849598e+01   2.298669e+01  
1179      1.49458502542e+05   0.000000e+00   1.852719e+01   2.300332e+01  
1180      1.49371651955e+05   0.000000e+00   1.851359e+01   2.297959e+01  
1181      1.49473716188e+05   0.000000e+00   1.850722e+01   2.299382e+01  
1182      1.49362111806e+05   0.000000e+00   1.852701e+01   2.298112e+01  
1183      1.49564075233e+05   0.000000e+00   1.848246e+01   2.298873e+01  
1184      1.49244625037e+05   0.000000e+00   1.852957e+01   2.298167e+01  
1185      1.49619620324e+05   0.000000e+00   1.846307e+01   2.298759e+01  
1186      1.49314791043e+05   0.000000e+00   1.851681e+01   2.297772e+01  
1187      1.49646654086e+05   0.000000e+00   1.849996e+01   2.298230e+01  
1188      1.49227433205e+05   0.000000e+00   1.854477e+01   2.298285e+01  
1189      1.49755965717e+05   0.000000e+00   1.847784e+01   2.297395e+01  
1190      1.49336786661e+05   0.000000e+00   1.849478e+01   2.297896e+01  
1191      1.49842629937e+05   0.000000e+00   1.845648e+01   2.297447e+01  
1192      1.49241639689e+05   0.000000e+00   1.851141e+01   2.296859e+01  
1193      1.49775063964e+05   0.000000e+00   1.847389e+01   2.297140e+01  
1194      1.49274867235e+05   0.000000e+00   1.852583e+01   2.297680e+01  
1195      1.49890055684e+05   0.000000e+00   1.845481e+01   2.297882e+01  
1196      1.49320571259e+05   0.000000e+00   1.852538e+01   2.297643e+01  
1197      1.49828955647e+05   0.000000e+00   1.848261e+01   2.298056e+01  
1198      1.49355610684e+05   0.000000e+00   1.853076e+01   2.297720e+01  
1199      1.49875560992e+05   0.000000e+00   1.845252e+01   2.298470e+01  
1200      1.49558734017e+05   0.000000e+00   1.847357e+01   2.296836e+01  
1201      1.49849375479e+05   0.000000e+00   1.845842e+01   2.298032e+01  
1202      1.49671401699e+05   0.000000e+00   1.844032e+01   2.295886e+01  
1203      1.49840424454e+05   0.000000e+00   1.841317e+01   2.297856e+01  
1204      1.49887740727e+05   0.000000e+00   1.839765e+01   2.295731e+01  
1205      1.49702092458e+05   0.000000e+00   1.847029e+01   2.298496e+01  
1206      1.49741477312e+05   0.000000e+00   1.843668e+01   2.295386e+01  
1207      1.49680419683e+05   0.000000e+00   1.849798e+01   2.297892e+01  
1208      1.49586971368e+05   0.000000e+00   1.846571e+01   2.295513e+01  
1209      1.49491749131e+05   0.000000e+00   1.857016e+01   2.298915e+01  
1210      1.49689875539e+05   0.000000e+00   1.843086e+01   2.296331e+01  
1211      1.49433324571e+05   0.000000e+00   1.856041e+01   2.299021e+01  
1212      1.49727998951e+05   0.000000e+00   1.844406e+01   2.295441e+01  
1213      1.49324378503e+05   0.000000e+00   1.857448e+01   2.299700e+01  
1214      1.49801633626e+05   0.000000e+00   1.842966e+01   2.296342e+01  
1215      1.49281638993e+05   0.000000e+00   1.857807e+01   2.299849e+01  
1216      1.49719850193e+05   0.000000e+00   1.849136e+01   2.297227e+01  
1217      1.49228762089e+05   0.000000e+00   1.859758e+01   2.299931e+01  
1218      1.49892896207e+05   0.000000e+00   1.848666e+01   2.297363e+01  
1219      1.49133482978e+05   0.000000e+00   1.859470e+01   2.300172e+01  
1220      1.49900554473e+05   0.000000e+00   1.847418e+01   2.296964e+01  
1221      1.49143095623e+05   0.000000e+00   1.861381e+01   2.299741e+01  
1222      1.49975519423e+05   0.000000e+00   1.846209e+01   2.297548e+01  
1223      1.49199320261e+05   0.000000e+00   1.861693e+01   2.299605e+01  
1224      1.49977584114e+05   0.000000e+00   1.851039e+01   2.297692e+01  
1225      1.49213378827e+05   0.000000e+00   1.861488e+01   2.299168e+01  
1226      1.50043426426e+05   0.000000e+00   1.850645e+01   2.296832e+01  
1227      1.49243766258e+05   0.000000e+00   1.861930e+01   2.298865e+01  
1228      1.49997851721e+05   0.000000e+00   1.855040e+01   2.296909e+01  
1229      1.49166767214e+05   0.000000e+00   1.865564e+01   2.299236e+01  
1230      1.49951551329e+05   0.000000e+00   1.854744e+01   2.297018e+01  
1231      1.49366516916e+05   0.000000e+00   1.856982e+01   2.298290e+01  
1232      1.50024516231e+05   0.000000e+00   1.853640e+01   2.296519e+01  
1233      1.49272874191e+05   0.000000e+00   1.864649e+01   2.298684e+01  
1234      1.50037043335e+05   0.000000e+00   1.857104e+01   2.296638e+01  
1235      1.49312808192e+05   0.000000e+00   1.867889e+01   2.298855e+01  
1236      1.50075497766e+05   0.000000e+00   1.860552e+01   2.295775e+01  
1237      1.49157130928e+05   0.000000e+00   1.873594e+01   2.298717e+01  
1238      1.50126275386e+05   0.000000e+00   1.860332e+01   2.294704e+01  
1239      1.49268387347e+05   0.000000e+00   1.868477e+01   2.298620e+01  
1240      1.50265981483e+05   0.000000e+00   1.857227e+01   2.294152e+01  
1241      1.49238876714e+05   0.000000e+00   1.872599e+01   2.297883e+01  
1242      1.50098786729e+05   0.000000e+00   1.863606e+01   2.294049e+01  
1243      1.49313492141e+05   0.000000e+00   1.871936e+01   2.298656e+01  
1244      1.50253370030e+05   0.000000e+00   1.860649e+01   2.293563e+01  
1245      1.49260613561e+05   0.000000e+00   1.875243e+01   2.298545e+01  
1246      1.50138683114e+05   0.000000e+00   1.867788e+01   2.294410e+01  
1247      1.49224388027e+05   0.000000e+00   1.878213e+01   2.299186e+01  
1248      1.50144605469e+05   0.000000e+00   1.867193e+01   2.294641e+01  
1249      1.49439076402e+05   0.000000e+00   1.868028e+01   2.299296e+01  
1250      1.50135942020e+05   0.000000e+00   1.869831e+01   2.295293e+01  
-------------------------------------------------------------------

Initialization/allocation wall-clock time: 2.733 seconds
Calculation (iterations) wall-clock time : 251.373 seconds

