
**********************************************
Real-time propagation in 3D, OPTION = 2
MPI nodes = 8, OMP threads = 16, cores = 128
**********************************************

Interactions
Contact: Natoms = 1.50000000000e+05, as = 6.200000e+01 * a0, G = 1.113819e+04, G * par = 2.227639e+04
Three-body: K3 =  0.000000e+00, g3 = 0.000000e+00
Regular DDI: add = 1.101000e+02 * a0, GD = 4.721954e+03, GD * par =  9.443909e+03, edd = 1.775806e+00
     Dipolar cutoffs Rcut = 4.012131e+00, Lcut = 1.405844e+02

QF = 1, QDEPL = 0: h2 = 1.437673e+05, h4 = 0.000000e+00
        q3 = 0.000000e+00, q5 = 6.096006e+00

GRAD = 0

Trap parameters
GAMMA = 0.000000e+00, NU = 0.000000e+00, LAMBDA = 0.000000e+00
Parameters of rotation: OMEGA = 0.000000e+00, OMEGA * par = 0.000000e+00

Space discretization: NX = 128, NY = 128, NZ = 128
                      DX = 2.196631e+00, DY = 6.268955e-02, DZ = 6.268955e-02
      Unit of length: aho = 5.552380e-07 m

Time discretization: NITER = 2500 (NSNAP = 1250)
                     DT = 1.964990e-03

Initial state: file ./imag3d-finalpsi.bin
ADD_VORTICES = 0, ADD_RANDOM_PHASE = 0


MUREL = 1.000000e-12, MUEND=1.000000e+05

-------------------------------------------------------------------
Snap      Na             QD             mu             <r>
-------------------------------------------------------------------
0         1.49316674390e+05   0.000000e+00   -1.334877e+01  1.358866e+01  
1         1.49316674181e+05   0.000000e+00   -1.336225e+01  1.358866e+01  
2         1.49316683437e+05   0.000000e+00   -1.337582e+01  1.358865e+01  
3         1.49316692830e+05   0.000000e+00   -1.338561e+01  1.358865e+01  
4         1.49316706596e+05   0.000000e+00   -1.339010e+01  1.358864e+01  
5         1.49316721933e+05   0.000000e+00   -1.338932e+01  1.358863e+01  
6         1.49316741401e+05   0.000000e+00   -1.338391e+01  1.358863e+01  
7         1.49316762616e+05   0.000000e+00   -1.337474e+01  1.358862e+01  
8         1.49316790416e+05   0.000000e+00   -1.336252e+01  1.358862e+01  
9         1.49316821412e+05   0.000000e+00   -1.334781e+01  1.358861e+01  
10        1.49316859011e+05   0.000000e+00   -1.333146e+01  1.358861e+01  
11        1.49316904745e+05   0.000000e+00   -1.331428e+01  1.358860e+01  
12        1.49316956898e+05   0.000000e+00   -1.329660e+01  1.358860e+01  
13        1.49317010711e+05   0.000000e+00   -1.327859e+01  1.358860e+01  
14        1.49317079106e+05   0.000000e+00   -1.326052e+01  1.358861e+01  
15        1.49317148591e+05   0.000000e+00   -1.324264e+01  1.358861e+01  
16        1.49317211918e+05   0.000000e+00   -1.322474e+01  1.358862e+01  
17        1.49317291070e+05   0.000000e+00   -1.320639e+01  1.358863e+01  
18        1.49317376529e+05   0.000000e+00   -1.318726e+01  1.358864e+01  
19        1.49317458914e+05   0.000000e+00   -1.316760e+01  1.358866e+01  
20        1.49317545347e+05   0.000000e+00   -1.314827e+01  1.358868e+01  
21        1.49317635163e+05   0.000000e+00   -1.313053e+01  1.358870e+01  
22        1.49317721333e+05   0.000000e+00   -1.311565e+01  1.358873e+01  
23        1.49317815746e+05   0.000000e+00   -1.310473e+01  1.358876e+01  
24        1.49317904587e+05   0.000000e+00   -1.309840e+01  1.358879e+01  
25        1.49318000333e+05   0.000000e+00   -1.309691e+01  1.358883e+01  
26        1.49318093562e+05   0.000000e+00   -1.310008e+01  1.358887e+01  
27        1.49318189918e+05   0.000000e+00   -1.310747e+01  1.358892e+01  
28        1.49318286870e+05   0.000000e+00   -1.311848e+01  1.358897e+01  
29        1.49318384022e+05   0.000000e+00   -1.313243e+01  1.358902e+01  
30        1.49318483840e+05   0.000000e+00   -1.314865e+01  1.358908e+01  
31        1.49318581900e+05   0.000000e+00   -1.316652e+01  1.358914e+01  
32        1.49318683158e+05   0.000000e+00   -1.318547e+01  1.358920e+01  
33        1.49318781093e+05   0.000000e+00   -1.320506e+01  1.358927e+01  
34        1.49318881632e+05   0.000000e+00   -1.322488e+01  1.358933e+01  
35        1.49318978768e+05   0.000000e+00   -1.324464e+01  1.358940e+01  
36        1.49319078238e+05   0.000000e+00   -1.326406e+01  1.358947e+01  
37        1.49319174672e+05   0.000000e+00   -1.328293e+01  1.358955e+01  
38        1.49319272031e+05   0.000000e+00   -1.330106e+01  1.358962e+01  
39        1.49319366811e+05   0.000000e+00   -1.331828e+01  1.358970e+01  
40        1.49319461846e+05   0.000000e+00   -1.333446e+01  1.358977e+01  
41        1.49319554464e+05   0.000000e+00   -1.334945e+01  1.358984e+01  
42        1.49319646765e+05   0.000000e+00   -1.336315e+01  1.358992e+01  
43        1.49319737059e+05   0.000000e+00   -1.337547e+01  1.358999e+01  
44        1.49319826709e+05   0.000000e+00   -1.338634e+01  1.359007e+01  
45        1.49319913408e+05   0.000000e+00   -1.339568e+01  1.359014e+01  
46        1.49319999116e+05   0.000000e+00   -1.340346e+01  1.359021e+01  
47        1.49320081526e+05   0.000000e+00   -1.340962e+01  1.359028e+01  
48        1.49320164347e+05   0.000000e+00   -1.341416e+01  1.359035e+01  
49        1.49320244339e+05   0.000000e+00   -1.341704e+01  1.359041e+01  
50        1.49320325246e+05   0.000000e+00   -1.341827e+01  1.359048e+01  
51        1.49320402411e+05   0.000000e+00   -1.341785e+01  1.359054e+01  
52        1.49320480926e+05   0.000000e+00   -1.341581e+01  1.359061e+01  
53        1.49320554991e+05   0.000000e+00   -1.341217e+01  1.359067e+01  
54        1.49320630785e+05   0.000000e+00   -1.340700e+01  1.359073e+01  
55        1.49320702171e+05   0.000000e+00   -1.340035e+01  1.359079e+01  
56        1.49320775934e+05   0.000000e+00   -1.339232e+01  1.359084e+01  
57        1.49320845093e+05   0.000000e+00   -1.338298e+01  1.359090e+01  
58        1.49320916268e+05   0.000000e+00   -1.337247e+01  1.359095e+01  
59        1.49320984067e+05   0.000000e+00   -1.336090e+01  1.359101e+01  
60        1.49321055632e+05   0.000000e+00   -1.334843e+01  1.359106e+01  
61        1.49321123926e+05   0.000000e+00   -1.333522e+01  1.359111e+01  
62        1.49321194492e+05   0.000000e+00   -1.332139e+01  1.359117e+01  
63        1.49321263259e+05   0.000000e+00   -1.330710e+01  1.359122e+01  
64        1.49321337088e+05   0.000000e+00   -1.329252e+01  1.359127e+01  
65        1.49321410674e+05   0.000000e+00   -1.327784e+01  1.359133e+01  
66        1.49321489818e+05   0.000000e+00   -1.326325e+01  1.359138e+01  
67        1.49321570275e+05   0.000000e+00   -1.324893e+01  1.359144e+01  
68        1.49321658281e+05   0.000000e+00   -1.323498e+01  1.359149e+01  
69        1.49321751119e+05   0.000000e+00   -1.322147e+01  1.359155e+01  
70        1.49321854374e+05   0.000000e+00   -1.320839e+01  1.359161e+01  
71        1.49321967569e+05   0.000000e+00   -1.319571e+01  1.359167e+01  
72        1.49322098438e+05   0.000000e+00   -1.318323e+01  1.359174e+01  
73        1.49322245393e+05   0.000000e+00   -1.317054e+01  1.359180e+01  
74        1.49322414451e+05   0.000000e+00   -1.315677e+01  1.359187e+01  
75        1.49322597557e+05   0.000000e+00   -1.314043e+01  1.359194e+01  
76        1.49322780361e+05   0.000000e+00   -1.311892e+01  1.359201e+01  
77        1.49322923117e+05   0.000000e+00   -1.308789e+01  1.359209e+01  
78        1.49322949017e+05   0.000000e+00   -1.304037e+01  1.359218e+01  
79        1.49322699472e+05   0.000000e+00   -1.296592e+01  1.359228e+01  
80        1.49321921024e+05   0.000000e+00   -1.284996e+01  1.359240e+01  
81        1.49320293126e+05   0.000000e+00   -1.267330e+01  1.359256e+01  
82        1.49317619011e+05   0.000000e+00   -1.241205e+01  1.359276e+01  
83        1.49314079004e+05   0.000000e+00   -1.203758e+01  1.359300e+01  
84        1.49310457082e+05   0.000000e+00   -1.151789e+01  1.359324e+01  
85        1.49308074616e+05   0.000000e+00   -1.082167e+01  1.359346e+01  
86        1.49308091982e+05   0.000000e+00   -9.925184e+00  1.359362e+01  
87        1.49310531133e+05   0.000000e+00   -8.818663e+00  1.359374e+01  
88        1.49313735992e+05   0.000000e+00   -7.512474e+00  1.359387e+01  
89        1.49314058992e+05   0.000000e+00   -6.040944e+00  1.359418e+01  
90        1.49299416749e+05   0.000000e+00   -4.445145e+00  1.359505e+01  
91        1.49167653871e+05   0.000000e+00   -2.229850e+00  1.359985e+01  
92        1.49312545610e+05   0.000000e+00   -2.850806e-01  1.359568e+01  
93        1.49375170614e+05   0.000000e+00   4.943839e-01   1.359460e+01  
94        1.49467304173e+05   0.000000e+00   1.335876e+00   1.359204e+01  
95        1.49252481271e+05   0.000000e+00   4.290428e+00   1.360259e+01  
96        1.49518604138e+05   0.000000e+00   4.138559e+00   1.359232e+01  
97        1.49280718089e+05   0.000000e+00   8.002596e+00   1.360185e+01  
98        1.49481647117e+05   0.000000e+00   4.959801e+00   1.359448e+01  
99        1.49291306586e+05   0.000000e+00   4.876065e+00   1.360154e+01  
100       1.49335427399e+05   0.000000e+00   5.411755e+00   1.360365e+01  
101       1.49269232414e+05   0.000000e+00   4.580606e+00   1.360686e+01  
102       1.49530283757e+05   0.000000e+00   4.564122e+00   1.360361e+01  
103       1.49365997116e+05   0.000000e+00   4.164641e+00   1.360800e+01  
104       1.49655111977e+05   0.000000e+00   4.559452e+00   1.360186e+01  
105       1.49285110754e+05   0.000000e+00   6.387054e+00   1.361551e+01  
106       1.49733044831e+05   0.000000e+00   6.632923e+00   1.360275e+01  
107       1.50017661708e+05   0.000000e+00   1.697484e+01   1.359331e+01  
108       1.50086928911e+05   0.000000e+00   8.855076e+00   1.359064e+01  
109       1.49220827258e+05   0.000000e+00   8.990673e+00   1.363078e+01  
110       1.49647888933e+05   0.000000e+00   1.048038e+01   1.360948e+01  
111       1.49436345502e+05   0.000000e+00   8.767731e+00   1.363067e+01  
112       1.49746721004e+05   0.000000e+00   9.126821e+00   1.361150e+01  
113       1.49551748553e+05   0.000000e+00   9.425736e+00   1.363190e+01  
114       1.49658154731e+05   0.000000e+00   1.011422e+01   1.362001e+01  
115       1.49642938145e+05   0.000000e+00   1.086877e+01   1.363458e+01  
116       1.49459536942e+05   0.000000e+00   1.156422e+01   1.363136e+01  
117       1.49521626956e+05   0.000000e+00   1.274068e+01   1.364227e+01  
118       1.49284099493e+05   0.000000e+00   1.328172e+01   1.363736e+01  
119       1.49532503623e+05   0.000000e+00   1.366957e+01   1.363754e+01  
120       1.49143136754e+05   0.000000e+00   1.422315e+01   1.364478e+01  
121       1.49353003956e+05   0.000000e+00   1.501370e+01   1.364276e+01  
122       1.48943958080e+05   0.000000e+00   1.533693e+01   1.365289e+01  
123       1.49423375630e+05   0.000000e+00   1.500588e+01   1.364352e+01  
124       1.48805389640e+05   0.000000e+00   1.580418e+01   1.365773e+01  
125       1.49551257747e+05   0.000000e+00   1.558619e+01   1.364293e+01  
126       1.48609352510e+05   0.000000e+00   1.625481e+01   1.366211e+01  
127       1.49532068950e+05   0.000000e+00   1.602683e+01   1.364205e+01  
128       1.48513304460e+05   0.000000e+00   1.675753e+01   1.366383e+01  
129       1.49544644551e+05   0.000000e+00   1.650823e+01   1.363924e+01  
130       1.48427939662e+05   0.000000e+00   1.722153e+01   1.366399e+01  
131       1.49490145593e+05   0.000000e+00   1.702539e+01   1.363798e+01  
132       1.48307189119e+05   0.000000e+00   1.781764e+01   1.366473e+01  
133       1.49352695349e+05   0.000000e+00   1.777192e+01   1.363810e+01  
134       1.48138608137e+05   0.000000e+00   1.966312e+01   1.366686e+01  
135       1.49215349440e+05   0.000000e+00   2.016442e+01   1.363762e+01  
136       1.48137794464e+05   0.000000e+00   1.939977e+01   1.366318e+01  
137       1.49111062436e+05   0.000000e+00   1.933998e+01   1.363530e+01  
138       1.47959231265e+05   0.000000e+00   2.043830e+01   1.366502e+01  
139       1.49071107706e+05   0.000000e+00   2.043536e+01   1.363126e+01  
140       1.48098365726e+05   0.000000e+00   2.120097e+01   1.365779e+01  
141       1.49023854824e+05   0.000000e+00   2.123891e+01   1.362995e+01  
142       1.48046403431e+05   0.000000e+00   2.213025e+01   1.365886e+01  
143       1.49131609354e+05   0.000000e+00   2.209238e+01   1.362384e+01  
144       1.48043710737e+05   0.000000e+00   2.320377e+01   1.365698e+01  
145       1.49129869604e+05   0.000000e+00   2.323908e+01   1.362330e+01  
146       1.48219559193e+05   0.000000e+00   2.440843e+01   1.365161e+01  
147       1.49278950704e+05   0.000000e+00   2.457669e+01   1.361919e+01  
148       1.48112140256e+05   0.000000e+00   2.631727e+01   1.365633e+01  
149       1.49581565632e+05   0.000000e+00   2.626022e+01   1.360621e+01  
150       1.47993006566e+05   0.000000e+00   3.036647e+01   1.365529e+01  
151       1.49689393322e+05   0.000000e+00   2.897093e+01   1.360328e+01  
152       1.48100123930e+05   0.000000e+00   3.027590e+01   1.366032e+01  
153       1.49959829376e+05   0.000000e+00   3.084161e+01   1.359130e+01  
154       1.47867183744e+05   0.000000e+00   3.355750e+01   1.367083e+01  
155       1.50366090519e+05   0.000000e+00   3.707611e+01   1.357363e+01  
156       1.47725811559e+05   0.000000e+00   4.424919e+01   1.367267e+01  
157       1.50267810707e+05   0.000000e+00   4.029711e+01   1.358087e+01  
158       1.48055558051e+05   0.000000e+00   5.386047e+01   1.368858e+01  
159       1.49917246071e+05   0.000000e+00   4.546692e+01   1.359721e+01  
160       1.48300858029e+05   0.000000e+00   4.482500e+01   1.367393e+01  
161       1.49910674611e+05   0.000000e+00   4.786253e+01   1.360688e+01  
162       1.49523475333e+05   0.000000e+00   8.270395e+01   1.365141e+01  
163       1.49470113837e+05   0.000000e+00   7.279540e+01   1.361356e+01  
164       1.48081141096e+05   0.000000e+00   8.430753e+01   1.366349e+01  
165       1.49315104145e+05   0.000000e+00   8.359955e+01   1.360887e+01  
166       1.48913106684e+05   0.000000e+00   8.158981e+01   1.367711e+01  
167       1.49775484650e+05   0.000000e+00   7.858458e+01   1.361996e+01  
168       1.48826379492e+05   0.000000e+00   8.079987e+01   1.369595e+01  
169       1.50587584895e+05   0.000000e+00   7.203415e+01   1.357936e+01  
170       1.48995585719e+05   0.000000e+00   8.314790e+01   1.368597e+01  
171       1.50981200326e+05   0.000000e+00   7.742945e+01   1.358059e+01  
172       1.48611329528e+05   0.000000e+00   7.534947e+01   1.371017e+01  
173       1.50466068920e+05   0.000000e+00   7.410621e+01   1.357639e+01  
174       1.48562414344e+05   0.000000e+00   7.643311e+01   1.371545e+01  
175       1.50500401136e+05   0.000000e+00   7.570001e+01   1.359454e+01  
176       1.48650183252e+05   0.000000e+00   7.540762e+01   1.373562e+01  
177       1.50162352119e+05   0.000000e+00   7.564956e+01   1.360914e+01  
178       1.48823470291e+05   0.000000e+00   7.519597e+01   1.375415e+01  
179       1.50310700720e+05   0.000000e+00   7.694776e+01   1.361628e+01  
180       1.48825436694e+05   0.000000e+00   7.550605e+01   1.376601e+01  
181       1.50355954386e+05   0.000000e+00   8.432675e+01   1.362941e+01  
182       1.48273492373e+05   0.000000e+00   7.848547e+01   1.378409e+01  
183       1.50232603949e+05   0.000000e+00   7.644200e+01   1.364630e+01  
184       1.48483631968e+05   0.000000e+00   7.909437e+01   1.377730e+01  
185       1.50609570166e+05   0.000000e+00   7.663096e+01   1.364241e+01  
186       1.48613810415e+05   0.000000e+00   7.814020e+01   1.380417e+01  
187       1.50719126945e+05   0.000000e+00   8.298140e+01   1.364866e+01  
188       1.48624217186e+05   0.000000e+00   8.057491e+01   1.380040e+01  
189       1.50647229821e+05   0.000000e+00   7.979033e+01   1.365717e+01  
190       1.48802793810e+05   0.000000e+00   8.256137e+01   1.380894e+01  
191       1.50204545692e+05   0.000000e+00   8.250830e+01   1.365208e+01  
192       1.48717205072e+05   0.000000e+00   8.394043e+01   1.381944e+01  
193       1.50428047542e+05   0.000000e+00   8.748762e+01   1.367373e+01  
194       1.48615835366e+05   0.000000e+00   8.797612e+01   1.380637e+01  
195       1.50341949437e+05   0.000000e+00   8.743092e+01   1.369060e+01  
196       1.48805834867e+05   0.000000e+00   8.624032e+01   1.381782e+01  
197       1.50209799195e+05   0.000000e+00   8.486505e+01   1.368506e+01  
198       1.49072422013e+05   0.000000e+00   8.506020e+01   1.382702e+01  
199       1.49861695025e+05   0.000000e+00   8.499176e+01   1.372032e+01  
200       1.49142668381e+05   0.000000e+00   8.513918e+01   1.382990e+01  
201       1.50042136769e+05   0.000000e+00   8.520250e+01   1.372155e+01  
202       1.48912838060e+05   0.000000e+00   8.564458e+01   1.383608e+01  
203       1.49989734955e+05   0.000000e+00   8.553097e+01   1.374057e+01  
204       1.49133539233e+05   0.000000e+00   8.606107e+01   1.384042e+01  
205       1.49765420995e+05   0.000000e+00   8.636952e+01   1.374818e+01  
206       1.49479819062e+05   0.000000e+00   8.574635e+01   1.383513e+01  
207       1.50117168401e+05   0.000000e+00   8.547937e+01   1.376813e+01  
208       1.49460350993e+05   0.000000e+00   8.661694e+01   1.383725e+01  
209       1.49537152969e+05   0.000000e+00   8.635405e+01   1.378607e+01  
210       1.49705991893e+05   0.000000e+00   8.606192e+01   1.384342e+01  
211       1.49617711470e+05   0.000000e+00   8.642436e+01   1.380175e+01  
212       1.50075912000e+05   0.000000e+00   8.602219e+01   1.382249e+01  
213       1.49393514403e+05   0.000000e+00   8.693262e+01   1.381334e+01  
214       1.49687593396e+05   0.000000e+00   8.662492e+01   1.384740e+01  
215       1.49605016537e+05   0.000000e+00   8.722110e+01   1.380429e+01  
216       1.49247463201e+05   0.000000e+00   8.770364e+01   1.385409e+01  
217       1.49645801610e+05   0.000000e+00   8.722644e+01   1.380910e+01  
218       1.49531525938e+05   0.000000e+00   8.750515e+01   1.385036e+01  
219       1.49265887281e+05   0.000000e+00   8.789745e+01   1.381948e+01  
220       1.49423202629e+05   0.000000e+00   8.773648e+01   1.384801e+01  
221       1.49427079358e+05   0.000000e+00   8.789355e+01   1.382636e+01  
222       1.49015137899e+05   0.000000e+00   8.821508e+01   1.385111e+01  
223       1.49380479580e+05   0.000000e+00   8.832710e+01   1.383098e+01  
224       1.49500742579e+05   0.000000e+00   8.797209e+01   1.383525e+01  
225       1.49057638333e+05   0.000000e+00   8.864975e+01   1.383471e+01  
226       1.49679515399e+05   0.000000e+00   8.841812e+01   1.383197e+01  
227       1.48838592099e+05   0.000000e+00   8.922419e+01   1.383990e+01  
228       1.49620384032e+05   0.000000e+00   8.848788e+01   1.382996e+01  
229       1.49401076905e+05   0.000000e+00   8.893993e+01   1.383411e+01  
230       1.49411769355e+05   0.000000e+00   8.865072e+01   1.382911e+01  
231       1.49519630552e+05   0.000000e+00   8.885391e+01   1.384057e+01  
232       1.49665701291e+05   0.000000e+00   8.877754e+01   1.382605e+01  
233       1.49349245013e+05   0.000000e+00   8.923489e+01   1.383963e+01  
234       1.49727926374e+05   0.000000e+00   8.914780e+01   1.382081e+01  
235       1.49470220478e+05   0.000000e+00   8.945870e+01   1.383980e+01  
236       1.49714640261e+05   0.000000e+00   8.937117e+01   1.382257e+01  
237       1.49776489937e+05   0.000000e+00   8.951465e+01   1.385032e+01  
238       1.49461594007e+05   0.000000e+00   8.998340e+01   1.381753e+01  
239       1.49260908238e+05   0.000000e+00   9.041014e+01   1.384469e+01  
240       1.49529801879e+05   0.000000e+00   9.031400e+01   1.379496e+01  
241       1.48899398275e+05   0.000000e+00   9.103698e+01   1.385567e+01  
242       1.50205820425e+05   0.000000e+00   9.011385e+01   1.379485e+01  
243       1.48768598949e+05   0.000000e+00   9.135495e+01   1.387072e+01  
244       1.50684867990e+05   0.000000e+00   9.046979e+01   1.379352e+01  
245       1.48652511214e+05   0.000000e+00   9.268984e+01   1.387806e+01  
246       1.50429675835e+05   0.000000e+00   9.044507e+01   1.378426e+01  
247       1.48723432524e+05   0.000000e+00   9.179051e+01   1.388596e+01  
248       1.50182119844e+05   0.000000e+00   9.085853e+01   1.380123e+01  
249       1.48850798153e+05   0.000000e+00   9.189922e+01   1.387806e+01  
250       1.49831550339e+05   0.000000e+00   9.118600e+01   1.378907e+01  
251       1.48930181932e+05   0.000000e+00   9.204963e+01   1.388017e+01  
252       1.49838728403e+05   0.000000e+00   9.139463e+01   1.380781e+01  
253       1.48628124812e+05   0.000000e+00   9.248243e+01   1.388018e+01  
254       1.49758002724e+05   0.000000e+00   9.176834e+01   1.381695e+01  
255       1.48632529893e+05   0.000000e+00   9.258167e+01   1.389992e+01  
256       1.50166956894e+05   0.000000e+00   9.167833e+01   1.379725e+01  
257       1.48192428525e+05   0.000000e+00   9.308885e+01   1.389313e+01  
258       1.50456555541e+05   0.000000e+00   9.159276e+01   1.379578e+01  
259       1.48605329023e+05   0.000000e+00   9.288748e+01   1.389913e+01  
260       1.50181794963e+05   0.000000e+00   9.180794e+01   1.380105e+01  
261       1.48744798463e+05   0.000000e+00   9.305210e+01   1.390314e+01  
262       1.49876813664e+05   0.000000e+00   9.247205e+01   1.381210e+01  
263       1.49102960535e+05   0.000000e+00   9.287083e+01   1.390920e+01  
264       1.49511746179e+05   0.000000e+00   9.273894e+01   1.380561e+01  
265       1.48910852345e+05   0.000000e+00   9.339974e+01   1.393076e+01  
266       1.49520752937e+05   0.000000e+00   9.313942e+01   1.382336e+01  
267       1.49108947686e+05   0.000000e+00   9.323831e+01   1.393765e+01  
268       1.49111367260e+05   0.000000e+00   9.374432e+01   1.383087e+01  
269       1.49488522705e+05   0.000000e+00   9.302008e+01   1.393807e+01  
270       1.49540397352e+05   0.000000e+00   9.325507e+01   1.383646e+01  
271       1.49268984727e+05   0.000000e+00   9.341784e+01   1.394466e+01  
272       1.49460259380e+05   0.000000e+00   9.359770e+01   1.385883e+01  
273       1.49735834081e+05   0.000000e+00   9.298374e+01   1.392748e+01  
274       1.49294660323e+05   0.000000e+00   9.360645e+01   1.386715e+01  
275       1.49769863459e+05   0.000000e+00   9.323285e+01   1.391719e+01  
276       1.49192950533e+05   0.000000e+00   9.376670e+01   1.388972e+01  
277       1.49626511437e+05   0.000000e+00   9.324792e+01   1.391119e+01  
278       1.49371885896e+05   0.000000e+00   9.340843e+01   1.389463e+01  
279       1.49680808384e+05   0.000000e+00   9.309567e+01   1.389178e+01  
280       1.49387199852e+05   0.000000e+00   9.322293e+01   1.391701e+01  
281       1.49839000897e+05   0.000000e+00   9.293438e+01   1.389021e+01  
282       1.49505101926e+05   0.000000e+00   9.320672e+01   1.392845e+01  
283       1.49519360535e+05   0.000000e+00   9.323536e+01   1.389905e+01  
284       1.49661497152e+05   0.000000e+00   9.322586e+01   1.393532e+01  
285       1.49469299729e+05   0.000000e+00   9.345962e+01   1.390327e+01  
286       1.49496489957e+05   0.000000e+00   9.390671e+01   1.394347e+01  
287       1.49376862428e+05   0.000000e+00   9.382317e+01   1.389978e+01  
288       1.49427017212e+05   0.000000e+00   9.395635e+01   1.394098e+01  
289       1.49339088005e+05   0.000000e+00   9.395834e+01   1.390937e+01  
290       1.49711360984e+05   0.000000e+00   9.373438e+01   1.393133e+01  
291       1.49085599573e+05   0.000000e+00   9.424954e+01   1.391206e+01  
292       1.49631318223e+05   0.000000e+00   9.423884e+01   1.393577e+01  
293       1.48840902682e+05   0.000000e+00   9.464641e+01   1.393101e+01  
294       1.49477641258e+05   0.000000e+00   9.456599e+01   1.393863e+01  
295       1.49172093541e+05   0.000000e+00   9.450630e+01   1.390617e+01  
296       1.49351675406e+05   0.000000e+00   9.476774e+01   1.394720e+01  
297       1.49465476715e+05   0.000000e+00   9.428402e+01   1.390180e+01  
298       1.49348419235e+05   0.000000e+00   9.460143e+01   1.394070e+01  
299       1.49190476259e+05   0.000000e+00   9.479500e+01   1.391079e+01  
300       1.49370775320e+05   0.000000e+00   9.483699e+01   1.395214e+01  
301       1.49253981968e+05   0.000000e+00   9.497631e+01   1.390557e+01  
302       1.49408298037e+05   0.000000e+00   9.514850e+01   1.394507e+01  
303       1.49028291310e+05   0.000000e+00   9.533427e+01   1.391696e+01  
304       1.49394563706e+05   0.000000e+00   9.511730e+01   1.394690e+01  
305       1.49096216378e+05   0.000000e+00   9.537202e+01   1.391022e+01  
306       1.48870318086e+05   0.000000e+00   9.579942e+01   1.395946e+01  
307       1.49148541618e+05   0.000000e+00   9.530967e+01   1.392007e+01  
308       1.49211575919e+05   0.000000e+00   9.533777e+01   1.395566e+01  
309       1.49117455562e+05   0.000000e+00   9.544857e+01   1.390418e+01  
310       1.49241075382e+05   0.000000e+00   9.570559e+01   1.396410e+01  
311       1.49282275369e+05   0.000000e+00   9.568762e+01   1.389145e+01  
312       1.49011400991e+05   0.000000e+00   9.627694e+01   1.397954e+01  
313       1.49295108957e+05   0.000000e+00   9.597573e+01   1.387627e+01  
314       1.49044181547e+05   0.000000e+00   9.627286e+01   1.397255e+01  
315       1.49215882731e+05   0.000000e+00   9.649886e+01   1.388503e+01  
316       1.48751375736e+05   0.000000e+00   9.665068e+01   1.397483e+01  
317       1.49257512568e+05   0.000000e+00   9.665725e+01   1.388434e+01  
318       1.49015541878e+05   0.000000e+00   9.658361e+01   1.397846e+01  
319       1.49229833229e+05   0.000000e+00   9.665047e+01   1.387862e+01  
320       1.49033543357e+05   0.000000e+00   9.691709e+01   1.397751e+01  
321       1.49044110598e+05   0.000000e+00   9.692639e+01   1.389074e+01  
322       1.49499667566e+05   0.000000e+00   9.668368e+01   1.396962e+01  
323       1.48461745252e+05   0.000000e+00   9.777944e+01   1.389244e+01  
324       1.49605426410e+05   0.000000e+00   9.674375e+01   1.395947e+01  
325       1.48689289290e+05   0.000000e+00   9.750815e+01   1.387922e+01  
326       1.49508339487e+05   0.000000e+00   9.676477e+01   1.395960e+01  
327       1.49117631067e+05   0.000000e+00   9.704206e+01   1.387635e+01  
328       1.49759275195e+05   0.000000e+00   9.627747e+01   1.395752e+01  
329       1.48919647572e+05   0.000000e+00   9.727959e+01   1.388478e+01  
330       1.49896832631e+05   0.000000e+00   9.631420e+01   1.395296e+01  
331       1.48849755641e+05   0.000000e+00   9.735206e+01   1.388680e+01  
332       1.49815780669e+05   0.000000e+00   9.651878e+01   1.395829e+01  
333       1.49169819292e+05   0.000000e+00   9.693582e+01   1.388559e+01  
334       1.49923973414e+05   0.000000e+00   9.664974e+01   1.395548e+01  
335       1.48758186035e+05   0.000000e+00   9.733681e+01   1.388690e+01  
336       1.50233884991e+05   0.000000e+00   9.652600e+01   1.395285e+01  
337       1.48467962285e+05   0.000000e+00   9.758071e+01   1.390064e+01  
338       1.50333172382e+05   0.000000e+00   9.649172e+01   1.396671e+01  
339       1.48541738233e+05   0.000000e+00   9.773346e+01   1.391304e+01  
340       1.50343947512e+05   0.000000e+00   9.642034e+01   1.395576e+01  
341       1.48625645243e+05   0.000000e+00   9.761595e+01   1.392629e+01  
342       1.50376362580e+05   0.000000e+00   9.647079e+01   1.394390e+01  
343       1.48705282785e+05   0.000000e+00   9.740251e+01   1.392864e+01  
344       1.50012707079e+05   0.000000e+00   9.686805e+01   1.394683e+01  
345       1.48742585997e+05   0.000000e+00   9.758071e+01   1.394976e+01  
346       1.49812673718e+05   0.000000e+00   9.701717e+01   1.395141e+01  
347       1.48757388654e+05   0.000000e+00   9.745081e+01   1.394243e+01  
348       1.49970531558e+05   0.000000e+00   9.702717e+01   1.395209e+01  
349       1.48355561661e+05   0.000000e+00   9.779047e+01   1.395167e+01  
350       1.50204598507e+05   0.000000e+00   9.679129e+01   1.394670e+01  
351       1.48213793571e+05   0.000000e+00   9.805817e+01   1.395349e+01  
352       1.50384507113e+05   0.000000e+00   9.672025e+01   1.395343e+01  
353       1.48350420863e+05   0.000000e+00   9.786572e+01   1.395703e+01  
354       1.50166834244e+05   0.000000e+00   9.670960e+01   1.395030e+01  
355       1.48552929997e+05   0.000000e+00   9.774768e+01   1.396280e+01  
356       1.50678796849e+05   0.000000e+00   9.615209e+01   1.395291e+01  
357       1.48546549110e+05   0.000000e+00   9.755342e+01   1.396253e+01  
358       1.50514092155e+05   0.000000e+00   9.650982e+01   1.394797e+01  
359       1.48704772025e+05   0.000000e+00   9.777390e+01   1.396942e+01  
360       1.49941780778e+05   0.000000e+00   9.740686e+01   1.396255e+01  
361       1.48668675717e+05   0.000000e+00   9.795313e+01   1.397739e+01  
362       1.49777069311e+05   0.000000e+00   9.765261e+01   1.396113e+01  
363       1.49096194284e+05   0.000000e+00   9.787675e+01   1.397338e+01  
364       1.49668629171e+05   0.000000e+00   9.780244e+01   1.395512e+01  
365       1.49019635066e+05   0.000000e+00   9.813500e+01   1.398768e+01  
366       1.49711507363e+05   0.000000e+00   9.794046e+01   1.395290e+01  
367       1.49047281909e+05   0.000000e+00   9.820302e+01   1.400507e+01  
368       1.49533577717e+05   0.000000e+00   9.819783e+01   1.394317e+01  
369       1.48908718091e+05   0.000000e+00   9.867066e+01   1.400702e+01  
370       1.49635823149e+05   0.000000e+00   9.822605e+01   1.395687e+01  
371       1.49006581514e+05   0.000000e+00   9.859128e+01   1.399915e+01  
372       1.49555239440e+05   0.000000e+00   9.845492e+01   1.395907e+01  
373       1.49083006340e+05   0.000000e+00   9.854277e+01   1.400259e+01  
374       1.49628522109e+05   0.000000e+00   9.833973e+01   1.396610e+01  
375       1.48997819883e+05   0.000000e+00   9.882726e+01   1.400108e+01  
376       1.49634103181e+05   0.000000e+00   9.852130e+01   1.397603e+01  
377       1.48869303760e+05   0.000000e+00   9.899515e+01   1.399738e+01  
378       1.49619969774e+05   0.000000e+00   9.858103e+01   1.397780e+01  
379       1.49237048644e+05   0.000000e+00   9.870871e+01   1.400556e+01  
380       1.49768711549e+05   0.000000e+00   9.829382e+01   1.396863e+01  
381       1.49200262805e+05   0.000000e+00   9.886390e+01   1.400716e+01  
382       1.49564175873e+05   0.000000e+00   9.869027e+01   1.396587e+01  
383       1.49436224212e+05   0.000000e+00   9.867657e+01   1.400526e+01  
384       1.49398773716e+05   0.000000e+00   9.964637e+01   1.397175e+01  
385       1.49926561646e+05   0.000000e+00   9.851505e+01   1.399379e+01  
386       1.49111328734e+05   0.000000e+00   9.941750e+01   1.396645e+01  
387       1.50036353526e+05   0.000000e+00   9.895962e+01   1.400301e+01  
388       1.49215284131e+05   0.000000e+00   1.060952e+02   1.398211e+01  
389       1.49976109273e+05   0.000000e+00   1.000795e+02   1.400162e+01  
390       1.48910389533e+05   0.000000e+00   1.007757e+02   1.399570e+01  
391       1.50265112701e+05   0.000000e+00   9.922004e+01   1.399592e+01  
392       1.48937126878e+05   0.000000e+00   1.011840e+02   1.398680e+01  
393       1.50263087498e+05   0.000000e+00   1.023901e+02   1.400632e+01  
394       1.49227132734e+05   0.000000e+00   1.006479e+02   1.398637e+01  
395       1.50053776093e+05   0.000000e+00   1.028288e+02   1.401313e+01  
396       1.49186410544e+05   0.000000e+00   1.005827e+02   1.397783e+01  
397       1.49785950274e+05   0.000000e+00   9.970816e+01   1.401109e+01  
398       1.49457239400e+05   0.000000e+00   1.004223e+02   1.396889e+01  
399       1.49369720388e+05   0.000000e+00   1.001432e+02   1.400474e+01  
400       1.49577817930e+05   0.000000e+00   1.005965e+02   1.397439e+01  
401       1.49247031930e+05   0.000000e+00   1.000664e+02   1.401495e+01  
402       1.49792828367e+05   0.000000e+00   1.004524e+02   1.396888e+01  
403       1.49514856994e+05   0.000000e+00   9.987370e+01   1.400531e+01  
404       1.49570343315e+05   0.000000e+00   1.005781e+02   1.398671e+01  
405       1.49859535473e+05   0.000000e+00   9.955868e+01   1.399777e+01  
406       1.49529875108e+05   0.000000e+00   1.006717e+02   1.398811e+01  
407       1.49795054234e+05   0.000000e+00   9.990761e+01   1.400496e+01  
408       1.49367232903e+05   0.000000e+00   1.009998e+02   1.398685e+01  
409       1.49649293526e+05   0.000000e+00   1.005108e+02   1.400448e+01  
410       1.48993087903e+05   0.000000e+00   1.016161e+02   1.398709e+01  
411       1.50017378315e+05   0.000000e+00   1.000708e+02   1.399928e+01  
412       1.49103322767e+05   0.000000e+00   1.014016e+02   1.399023e+01  
413       1.49664500615e+05   0.000000e+00   1.005988e+02   1.400822e+01  
414       1.49120672704e+05   0.000000e+00   1.014196e+02   1.398226e+01  
415       1.49451782117e+05   0.000000e+00   1.007803e+02   1.401586e+01  
416       1.49444770330e+05   0.000000e+00   1.010823e+02   1.397820e+01  
417       1.49378939331e+05   0.000000e+00   1.008503e+02   1.402281e+01  
418       1.49474367071e+05   0.000000e+00   1.009181e+02   1.397355e+01  
419       1.49647171622e+05   0.000000e+00   1.007238e+02   1.402325e+01  
420       1.48933326434e+05   0.000000e+00   1.015278e+02   1.397536e+01  
421       1.49762637510e+05   0.000000e+00   1.008080e+02   1.402154e+01  
422       1.48893482698e+05   0.000000e+00   1.015993e+02   1.398569e+01  
423       1.49950428724e+05   0.000000e+00   1.005221e+02   1.402260e+01  
424       1.48756425540e+05   0.000000e+00   1.019909e+02   1.398798e+01  
425       1.49727951439e+05   0.000000e+00   1.007530e+02   1.402062e+01  
426       1.49003794742e+05   0.000000e+00   1.017015e+02   1.398222e+01  
427       1.49484611416e+05   0.000000e+00   1.010912e+02   1.401722e+01  
428       1.49165692115e+05   0.000000e+00   1.015652e+02   1.399664e+01  
429       1.49508901789e+05   0.000000e+00   1.008111e+02   1.401604e+01  
430       1.49058735158e+05   0.000000e+00   1.014159e+02   1.400267e+01  
431       1.49498446580e+05   0.000000e+00   1.008186e+02   1.402607e+01  
432       1.49175923949e+05   0.000000e+00   1.013603e+02   1.399380e+01  
433       1.49068974652e+05   0.000000e+00   1.012600e+02   1.402798e+01  
434       1.49446176089e+05   0.000000e+00   1.011725e+02   1.399049e+01  
435       1.49201726482e+05   0.000000e+00   1.011408e+02   1.403308e+01  
436       1.49289814720e+05   0.000000e+00   1.016360e+02   1.398647e+01  
437       1.49348478628e+05   0.000000e+00   1.012111e+02   1.401113e+01  
438       1.49107004294e+05   0.000000e+00   1.018463e+02   1.398597e+01  
439       1.49445640590e+05   0.000000e+00   1.013399e+02   1.402603e+01  
440       1.49403328163e+05   0.000000e+00   1.014867e+02   1.397289e+01  
441       1.49532189488e+05   0.000000e+00   1.013150e+02   1.400563e+01  
442       1.49180710155e+05   0.000000e+00   1.019280e+02   1.398510e+01  
443       1.49822876253e+05   0.000000e+00   1.011364e+02   1.399908e+01  
444       1.48978383131e+05   0.000000e+00   1.022309e+02   1.398485e+01  
445       1.49500441133e+05   0.000000e+00   1.017145e+02   1.400545e+01  
446       1.49466018782e+05   0.000000e+00   1.016662e+02   1.398694e+01  
447       1.49497841786e+05   0.000000e+00   1.016544e+02   1.399709e+01  
448       1.49372595339e+05   0.000000e+00   1.017052e+02   1.397282e+01  
449       1.49870477552e+05   0.000000e+00   1.014146e+02   1.399744e+01  
450       1.49406126059e+05   0.000000e+00   1.016544e+02   1.398293e+01  
451       1.49601993721e+05   0.000000e+00   1.017908e+02   1.398956e+01  
452       1.49563394134e+05   0.000000e+00   1.015915e+02   1.398512e+01  
453       1.49457461383e+05   0.000000e+00   1.019056e+02   1.399776e+01  
454       1.49555483471e+05   0.000000e+00   1.018901e+02   1.398009e+01  
455       1.49143354148e+05   0.000000e+00   1.022960e+02   1.400646e+01  
456       1.49662629269e+05   0.000000e+00   1.017359e+02   1.398395e+01  
457       1.49466363535e+05   0.000000e+00   1.019926e+02   1.399988e+01  
458       1.49429152853e+05   0.000000e+00   1.018854e+02   1.397961e+01  
459       1.49325940335e+05   0.000000e+00   1.020952e+02   1.400959e+01  
460       1.49665817889e+05   0.000000e+00   1.017613e+02   1.397406e+01  
461       1.49321408347e+05   0.000000e+00   1.024067e+02   1.400877e+01  
462       1.49338364819e+05   0.000000e+00   1.021038e+02   1.397233e+01  
463       1.49682402313e+05   0.000000e+00   1.023459e+02   1.400841e+01  
464       1.49367208451e+05   0.000000e+00   1.020376e+02   1.397570e+01  
465       1.49589098914e+05   0.000000e+00   1.024311e+02   1.400487e+01  
466       1.49460110667e+05   0.000000e+00   1.023451e+02   1.396936e+01  
467       1.49388373407e+05   0.000000e+00   1.025988e+02   1.400902e+01  
468       1.49656650763e+05   0.000000e+00   1.022480e+02   1.397520e+01  
469       1.49473854664e+05   0.000000e+00   1.026363e+02   1.399238e+01  
470       1.49455485920e+05   0.000000e+00   1.025524e+02   1.397662e+01  
471       1.49401583180e+05   0.000000e+00   1.027910e+02   1.398624e+01  
472       1.49507740922e+05   0.000000e+00   1.025671e+02   1.396871e+01  
473       1.49139630289e+05   0.000000e+00   1.032527e+02   1.399047e+01  
474       1.49830914468e+05   0.000000e+00   1.024049e+02   1.397424e+01  
475       1.49035662993e+05   0.000000e+00   1.033948e+02   1.399435e+01  
476       1.49741878621e+05   0.000000e+00   1.026757e+02   1.397936e+01  
477       1.49165775271e+05   0.000000e+00   1.030798e+02   1.399665e+01  
478       1.49878619327e+05   0.000000e+00   1.025631e+02   1.397494e+01  
479       1.49090766151e+05   0.000000e+00   1.031285e+02   1.399550e+01  
480       1.49832140827e+05   0.000000e+00   1.026683e+02   1.398280e+01  
481       1.49204455904e+05   0.000000e+00   1.031087e+02   1.398604e+01  
482       1.49600755546e+05   0.000000e+00   1.031465e+02   1.398173e+01  
483       1.49068516062e+05   0.000000e+00   1.034275e+02   1.398448e+01  
484       1.49419813613e+05   0.000000e+00   1.031605e+02   1.397913e+01  
485       1.49368900561e+05   0.000000e+00   1.031783e+02   1.398215e+01  
486       1.49269917799e+05   0.000000e+00   1.029488e+02   1.398058e+01  
487       1.49941816975e+05   0.000000e+00   1.026484e+02   1.396623e+01  
488       1.49075792532e+05   0.000000e+00   1.030685e+02   1.397775e+01  
489       1.50129775391e+05   0.000000e+00   1.024231e+02   1.397214e+01  
490       1.49322432897e+05   0.000000e+00   1.029709e+02   1.398130e+01  
491       1.49768569652e+05   0.000000e+00   1.027999e+02   1.398565e+01  
492       1.49890181206e+05   0.000000e+00   1.027052e+02   1.396741e+01  
493       1.49243159239e+05   0.000000e+00   1.033456e+02   1.398837e+01  
494       1.50001917481e+05   0.000000e+00   1.028892e+02   1.397734e+01  
495       1.49310336237e+05   0.000000e+00   1.033161e+02   1.398046e+01  
496       1.49963034082e+05   0.000000e+00   1.028067e+02   1.397583e+01  
497       1.49272951464e+05   0.000000e+00   1.036247e+02   1.399398e+01  
498       1.49540496009e+05   0.000000e+00   1.031167e+02   1.398599e+01  
499       1.49569906824e+05   0.000000e+00   1.034459e+02   1.398347e+01  
500       1.49276141780e+05   0.000000e+00   1.034287e+02   1.399425e+01  
501       1.49767832053e+05   0.000000e+00   1.033503e+02   1.398456e+01  
502       1.49277927386e+05   0.000000e+00   1.033469e+02   1.399787e+01  
503       1.49795498616e+05   0.000000e+00   1.032445e+02   1.397540e+01  
504       1.49299672621e+05   0.000000e+00   1.032246e+02   1.399593e+01  
505       1.49883754469e+05   0.000000e+00   1.028923e+02   1.397780e+01  
506       1.49555039136e+05   0.000000e+00   1.029802e+02   1.400080e+01  
507       1.49759181458e+05   0.000000e+00   1.029253e+02   1.397520e+01  
508       1.49651981794e+05   0.000000e+00   1.028192e+02   1.400036e+01  
509       1.49623883796e+05   0.000000e+00   1.030890e+02   1.397704e+01  
510       1.49717922052e+05   0.000000e+00   1.029662e+02   1.398476e+01  
511       1.49162781505e+05   0.000000e+00   1.035876e+02   1.398915e+01  
512       1.50191603899e+05   0.000000e+00   1.025273e+02   1.397992e+01  
513       1.49133413668e+05   0.000000e+00   1.038007e+02   1.400000e+01  
514       1.50003866771e+05   0.000000e+00   1.028492e+02   1.398382e+01  
515       1.49528211531e+05   0.000000e+00   1.033922e+02   1.398888e+01  
516       1.50038006244e+05   0.000000e+00   1.028942e+02   1.399223e+01  
517       1.49634243731e+05   0.000000e+00   1.033878e+02   1.399086e+01  
518       1.49871724535e+05   0.000000e+00   1.031440e+02   1.398875e+01  
519       1.49575320168e+05   0.000000e+00   1.035430e+02   1.399545e+01  
520       1.49676321302e+05   0.000000e+00   1.034947e+02   1.399791e+01  
521       1.49378181222e+05   0.000000e+00   1.039182e+02   1.398236e+01  
522       1.49514339341e+05   0.000000e+00   1.038387e+02   1.400425e+01  
523       1.49358168854e+05   0.000000e+00   1.037389e+02   1.398207e+01  
524       1.49780284285e+05   0.000000e+00   1.036192e+02   1.400857e+01  
525       1.49194447604e+05   0.000000e+00   1.038738e+02   1.398767e+01  
526       1.50039882055e+05   0.000000e+00   1.034239e+02   1.399205e+01  
527       1.49240207543e+05   0.000000e+00   1.038048e+02   1.398775e+01  
528       1.49960545443e+05   0.000000e+00   1.034016e+02   1.400358e+01  
529       1.49368017240e+05   0.000000e+00   1.038062e+02   1.399653e+01  
530       1.49775811345e+05   0.000000e+00   1.036017e+02   1.399945e+01  
531       1.49380197594e+05   0.000000e+00   1.038727e+02   1.399015e+01  
532       1.49978531720e+05   0.000000e+00   1.035250e+02   1.400891e+01  
533       1.49420064635e+05   0.000000e+00   1.037690e+02   1.398550e+01  
534       1.49973803785e+05   0.000000e+00   1.035509e+02   1.400081e+01  
535       1.49585094141e+05   0.000000e+00   1.038229e+02   1.399228e+01  
536       1.49685909314e+05   0.000000e+00   1.038114e+02   1.400722e+01  
537       1.49541648558e+05   0.000000e+00   1.039810e+02   1.397914e+01  
538       1.49375766077e+05   0.000000e+00   1.042991e+02   1.400276e+01  
539       1.49718798052e+05   0.000000e+00   1.041834e+02   1.398815e+01  
540       1.49416382356e+05   0.000000e+00   1.043820e+02   1.401003e+01  
541       1.49727287926e+05   0.000000e+00   1.040505e+02   1.397944e+01  
542       1.49720495652e+05   0.000000e+00   1.040629e+02   1.400032e+01  
543       1.49647953096e+05   0.000000e+00   1.042389e+02   1.399281e+01  
544       1.49862370418e+05   0.000000e+00   1.040123e+02   1.399544e+01  
545       1.49478912347e+05   0.000000e+00   1.044864e+02   1.398981e+01  
546       1.49803799049e+05   0.000000e+00   1.043295e+02   1.401535e+01  
547       1.49775853611e+05   0.000000e+00   1.041757e+02   1.397528e+01  
548       1.49801277428e+05   0.000000e+00   1.043581e+02   1.400981e+01  
549       1.49579823304e+05   0.000000e+00   1.043481e+02   1.398105e+01  
550       1.50244162052e+05   0.000000e+00   1.039829e+02   1.400310e+01  
551       1.49559537240e+05   0.000000e+00   1.045284e+02   1.398815e+01  
552       1.49859057228e+05   0.000000e+00   1.044313e+02   1.400435e+01  
553       1.50116537507e+05   0.000000e+00   1.039546e+02   1.398806e+01  
554       1.49874021477e+05   0.000000e+00   1.043020e+02   1.399356e+01  
555       1.50091164166e+05   0.000000e+00   1.041594e+02   1.398103e+01  
556       1.49729122359e+05   0.000000e+00   1.046586e+02   1.398781e+01  
557       1.49993714982e+05   0.000000e+00   1.042232e+02   1.398913e+01  
558       1.50079351825e+05   0.000000e+00   1.044399e+02   1.398279e+01  
559       1.49976323786e+05   0.000000e+00   1.044223e+02   1.398089e+01  
560       1.49801276413e+05   0.000000e+00   1.047593e+02   1.399359e+01  
561       1.50155890762e+05   0.000000e+00   1.042573e+02   1.397747e+01  
562       1.49625999501e+05   0.000000e+00   1.048746e+02   1.399894e+01  
563       1.50169367508e+05   0.000000e+00   1.043745e+02   1.398468e+01  
564       1.49623966867e+05   0.000000e+00   1.048137e+02   1.400170e+01  
565       1.50152914059e+05   0.000000e+00   1.043583e+02   1.399229e+01  
566       1.49460516457e+05   0.000000e+00   1.050642e+02   1.400727e+01  
567       1.49973582341e+05   0.000000e+00   1.047059e+02   1.399494e+01  
568       1.49283849022e+05   0.000000e+00   1.054332e+02   1.401551e+01  
569       1.49740710316e+05   0.000000e+00   1.048562e+02   1.400069e+01  
570       1.49634442984e+05   0.000000e+00   1.053288e+02   1.400595e+01  
571       1.49612001488e+05   0.000000e+00   1.049919e+02   1.400051e+01  
572       1.49726775352e+05   0.000000e+00   1.052214e+02   1.399771e+01  
573       1.49671128339e+05   0.000000e+00   1.049845e+02   1.400112e+01  
574       1.49666430162e+05   0.000000e+00   1.051717e+02   1.400523e+01  
575       1.49822566989e+05   0.000000e+00   1.048721e+02   1.400186e+01  
576       1.49753529799e+05   0.000000e+00   1.051401e+02   1.399310e+01  
577       1.49767464136e+05   0.000000e+00   1.050911e+02   1.399790e+01  
578       1.49750130837e+05   0.000000e+00   1.050503e+02   1.398627e+01  
579       1.50277811322e+05   0.000000e+00   1.046561e+02   1.399680e+01  
580       1.49533026661e+05   0.000000e+00   1.050358e+02   1.399142e+01  
581       1.50635778349e+05   0.000000e+00   1.043963e+02   1.399509e+01  
582       1.49385195301e+05   0.000000e+00   1.050021e+02   1.399310e+01  
583       1.50617009309e+05   0.000000e+00   1.045335e+02   1.401172e+01  
584       1.49429248159e+05   0.000000e+00   1.051609e+02   1.399939e+01  
585       1.50519758067e+05   0.000000e+00   1.046372e+02   1.402293e+01  
586       1.49575515737e+05   0.000000e+00   1.050947e+02   1.399556e+01  
587       1.50199655196e+05   0.000000e+00   1.050022e+02   1.403117e+01  
588       1.49596675455e+05   0.000000e+00   1.052064e+02   1.400122e+01  
589       1.49976785457e+05   0.000000e+00   1.053150e+02   1.403193e+01  
590       1.49823916548e+05   0.000000e+00   1.050152e+02   1.400828e+01  
591       1.49912020302e+05   0.000000e+00   1.053897e+02   1.404266e+01  
592       1.49866493379e+05   0.000000e+00   1.049886e+02   1.400194e+01  
593       1.50107538948e+05   0.000000e+00   1.052612e+02   1.402478e+01  
594       1.49533080979e+05   0.000000e+00   1.054611e+02   1.400539e+01  
595       1.50343681376e+05   0.000000e+00   1.052346e+02   1.402492e+01  
596       1.49448342613e+05   0.000000e+00   1.056163e+02   1.401063e+01  
597       1.50530258568e+05   0.000000e+00   1.051454e+02   1.401080e+01  
598       1.49286164271e+05   0.000000e+00   1.057183e+02   1.402778e+01  
599       1.50637415602e+05   0.000000e+00   1.049641e+02   1.399913e+01  
600       1.49376440076e+05   0.000000e+00   1.058258e+02   1.402521e+01  
601       1.50447322277e+05   0.000000e+00   1.051783e+02   1.400720e+01  
602       1.49598152428e+05   0.000000e+00   1.054638e+02   1.401999e+01  
603       1.50456721246e+05   0.000000e+00   1.053560e+02   1.400586e+01  
604       1.49216846129e+05   0.000000e+00   1.059608e+02   1.402461e+01  
605       1.50462315049e+05   0.000000e+00   1.056953e+02   1.400401e+01  
606       1.49458095142e+05   0.000000e+00   1.054728e+02   1.401921e+01  
607       1.50342776549e+05   0.000000e+00   1.059038e+02   1.401237e+01  
608       1.49501782135e+05   0.000000e+00   1.055381e+02   1.401271e+01  
609       1.50306249602e+05   0.000000e+00   1.056218e+02   1.401781e+01  
610       1.49754561054e+05   0.000000e+00   1.054956e+02   1.400583e+01  
611       1.50282402099e+05   0.000000e+00   1.056429e+02   1.400712e+01  
612       1.49689009789e+05   0.000000e+00   1.056474e+02   1.400964e+01  
613       1.50534111456e+05   0.000000e+00   1.053298e+02   1.400441e+01  
614       1.49531788918e+05   0.000000e+00   1.059910e+02   1.401718e+01  
615       1.50315327624e+05   0.000000e+00   1.057254e+02   1.399479e+01  
616       1.49673059389e+05   0.000000e+00   1.059557e+02   1.400705e+01  
617       1.50218023992e+05   0.000000e+00   1.059147e+02   1.400133e+01  
618       1.49541529484e+05   0.000000e+00   1.061610e+02   1.401519e+01  
619       1.50195333881e+05   0.000000e+00   1.059773e+02   1.400262e+01  
620       1.49624331631e+05   0.000000e+00   1.062069e+02   1.400778e+01  
621       1.50038678979e+05   0.000000e+00   1.061096e+02   1.400628e+01  
622       1.49672409714e+05   0.000000e+00   1.063681e+02   1.400492e+01  
623       1.49737537826e+05   0.000000e+00   1.065779e+02   1.400635e+01  
624       1.49855339900e+05   0.000000e+00   1.064481e+02   1.400601e+01  
625       1.49685067495e+05   0.000000e+00   1.065775e+02   1.400582e+01  
626       1.50041335240e+05   0.000000e+00   1.060983e+02   1.400672e+01  
627       1.49558043343e+05   0.000000e+00   1.066910e+02   1.398954e+01  
628       1.50064174948e+05   0.000000e+00   1.061139e+02   1.400080e+01  
629       1.49651078079e+05   0.000000e+00   1.068840e+02   1.399933e+01  
630       1.49668389462e+05   0.000000e+00   1.064856e+02   1.399749e+01  
631       1.49870947860e+05   0.000000e+00   1.068278e+02   1.398492e+01  
632       1.49373416451e+05   0.000000e+00   1.068735e+02   1.399738e+01  
633       1.50063717164e+05   0.000000e+00   1.068678e+02   1.399375e+01  
634       1.49077947998e+05   0.000000e+00   1.071683e+02   1.399495e+01  
635       1.50080615084e+05   0.000000e+00   1.068298e+02   1.399625e+01  
636       1.49271100724e+05   0.000000e+00   1.072817e+02   1.400190e+01  
637       1.49861678532e+05   0.000000e+00   1.070490e+02   1.400180e+01  
638       1.49371127309e+05   0.000000e+00   1.070321e+02   1.399604e+01  
639       1.50098586688e+05   0.000000e+00   1.067684e+02   1.399139e+01  
640       1.49243364854e+05   0.000000e+00   1.072872e+02   1.401834e+01  
641       1.50196787134e+05   0.000000e+00   1.067150e+02   1.398407e+01  
642       1.49295174698e+05   0.000000e+00   1.072154e+02   1.401315e+01  
643       1.50205813159e+05   0.000000e+00   1.067758e+02   1.399384e+01  
644       1.49467666586e+05   0.000000e+00   1.071275e+02   1.400254e+01  
645       1.50027916357e+05   0.000000e+00   1.069041e+02   1.398668e+01  
646       1.49519704759e+05   0.000000e+00   1.070624e+02   1.400784e+01  
647       1.50207061806e+05   0.000000e+00   1.065743e+02   1.399400e+01  
648       1.49865673007e+05   0.000000e+00   1.068267e+02   1.399995e+01  
649       1.49999103103e+05   0.000000e+00   1.066345e+02   1.399447e+01  
650       1.49918398713e+05   0.000000e+00   1.067822e+02   1.400691e+01  
651       1.50324837200e+05   0.000000e+00   1.061586e+02   1.400033e+01  
652       1.49704025391e+05   0.000000e+00   1.070805e+02   1.399873e+01  
653       1.49938813096e+05   0.000000e+00   1.067764e+02   1.401596e+01  
654       1.49917502615e+05   0.000000e+00   1.067553e+02   1.399470e+01  
655       1.50082852258e+05   0.000000e+00   1.065938e+02   1.400079e+01  
656       1.49715211678e+05   0.000000e+00   1.069380e+02   1.399876e+01  
657       1.50336171846e+05   0.000000e+00   1.064058e+02   1.400211e+01  
658       1.49585840522e+05   0.000000e+00   1.068798e+02   1.400543e+01  
659       1.50547970330e+05   0.000000e+00   1.062139e+02   1.401315e+01  
660       1.49495473782e+05   0.000000e+00   1.071837e+02   1.400297e+01  
661       1.50538616548e+05   0.000000e+00   1.064816e+02   1.400713e+01  
662       1.49326555307e+05   0.000000e+00   1.074479e+02   1.400582e+01  
663       1.50678201035e+05   0.000000e+00   1.063833e+02   1.400290e+01  
664       1.49481197004e+05   0.000000e+00   1.073916e+02   1.401116e+01  
665       1.50552656149e+05   0.000000e+00   1.063501e+02   1.400281e+01  
666       1.49826677902e+05   0.000000e+00   1.070931e+02   1.399884e+01  
667       1.49939445735e+05   0.000000e+00   1.070239e+02   1.402353e+01  
668       1.50060236337e+05   0.000000e+00   1.070823e+02   1.398885e+01  
669       1.49943987368e+05   0.000000e+00   1.070660e+02   1.403122e+01  
670       1.49801141670e+05   0.000000e+00   1.074841e+02   1.398755e+01  
671       1.50197652212e+05   0.000000e+00   1.069434e+02   1.402373e+01  
672       1.49668213264e+05   0.000000e+00   1.075106e+02   1.398668e+01  
673       1.50405906497e+05   0.000000e+00   1.068436e+02   1.402899e+01  
674       1.49565209817e+05   0.000000e+00   1.075730e+02   1.399200e+01  
675       1.50504801649e+05   0.000000e+00   1.068517e+02   1.403308e+01  
676       1.49510043391e+05   0.000000e+00   1.075108e+02   1.399207e+01  
677       1.50609485795e+05   0.000000e+00   1.068198e+02   1.402837e+01  
678       1.49387959033e+05   0.000000e+00   1.077951e+02   1.398993e+01  
679       1.50575118713e+05   0.000000e+00   1.068813e+02   1.402010e+01  
680       1.49548073854e+05   0.000000e+00   1.077004e+02   1.398865e+01  
681       1.50292024852e+05   0.000000e+00   1.070616e+02   1.403169e+01  
682       1.49557410021e+05   0.000000e+00   1.075927e+02   1.398858e+01  
683       1.50453396897e+05   0.000000e+00   1.069709e+02   1.402609e+01  
684       1.49398632527e+05   0.000000e+00   1.078865e+02   1.399524e+01  
685       1.50432786324e+05   0.000000e+00   1.070380e+02   1.402977e+01  
686       1.49588166417e+05   0.000000e+00   1.076944e+02   1.398580e+01  
687       1.50428727465e+05   0.000000e+00   1.068885e+02   1.402361e+01  
688       1.49779393814e+05   0.000000e+00   1.076599e+02   1.398005e+01  
689       1.50141182321e+05   0.000000e+00   1.073078e+02   1.402538e+01  
690       1.49622148693e+05   0.000000e+00   1.080543e+02   1.398021e+01  
691       1.50107312102e+05   0.000000e+00   1.072753e+02   1.402476e+01  
692       1.49592790435e+05   0.000000e+00   1.081507e+02   1.399035e+01  
693       1.50085103559e+05   0.000000e+00   1.074271e+02   1.401210e+01  
694       1.49729635686e+05   0.000000e+00   1.079900e+02   1.398755e+01  
695       1.50146974411e+05   0.000000e+00   1.075731e+02   1.401405e+01  
696       1.49630183359e+05   0.000000e+00   1.080317e+02   1.399083e+01  
697       1.50407485989e+05   0.000000e+00   1.074373e+02   1.401260e+01  
698       1.49238940682e+05   0.000000e+00   1.084091e+02   1.400035e+01  
699       1.50499674165e+05   0.000000e+00   1.074911e+02   1.401168e+01  
700       1.49476126147e+05   0.000000e+00   1.083253e+02   1.398326e+01  
701       1.50159454819e+05   0.000000e+00   1.078710e+02   1.402030e+01  
702       1.49697660877e+05   0.000000e+00   1.080831e+02   1.398179e+01  
703       1.50158546060e+05   0.000000e+00   1.076041e+02   1.401908e+01  
704       1.49732717003e+05   0.000000e+00   1.081494e+02   1.398022e+01  
705       1.50050081875e+05   0.000000e+00   1.078306e+02   1.400894e+01  
706       1.49881943746e+05   0.000000e+00   1.080203e+02   1.397696e+01  
707       1.49818181220e+05   0.000000e+00   1.081998e+02   1.401631e+01  
708       1.49756473399e+05   0.000000e+00   1.082594e+02   1.398088e+01  
709       1.50016088296e+05   0.000000e+00   1.079515e+02   1.401172e+01  
710       1.49767824492e+05   0.000000e+00   1.082157e+02   1.398381e+01  
711       1.49915573655e+05   0.000000e+00   1.079447e+02   1.402430e+01  
712       1.49768214473e+05   0.000000e+00   1.084054e+02   1.397415e+01  
713       1.49894615373e+05   0.000000e+00   1.079529e+02   1.402304e+01  
714       1.49972255490e+05   0.000000e+00   1.082584e+02   1.397943e+01  
715       1.49829134099e+05   0.000000e+00   1.079130e+02   1.401945e+01  
716       1.50151977754e+05   0.000000e+00   1.079825e+02   1.397294e+01  
717       1.49920897354e+05   0.000000e+00   1.079202e+02   1.401011e+01  
718       1.50109296572e+05   0.000000e+00   1.081943e+02   1.397748e+01  
719       1.49830710941e+05   0.000000e+00   1.081987e+02   1.401407e+01  
720       1.49970118467e+05   0.000000e+00   1.082788e+02   1.398379e+01  
721       1.49891256782e+05   0.000000e+00   1.082477e+02   1.401027e+01  
722       1.49768450563e+05   0.000000e+00   1.085068e+02   1.399869e+01  
723       1.50087018026e+05   0.000000e+00   1.080918e+02   1.401316e+01  
724       1.49598116879e+05   0.000000e+00   1.086782e+02   1.399547e+01  
725       1.49885749903e+05   0.000000e+00   1.084460e+02   1.402315e+01  
726       1.49667606729e+05   0.000000e+00   1.087180e+02   1.400299e+01  
727       1.49807665587e+05   0.000000e+00   1.084581e+02   1.402432e+01  
728       1.49427776195e+05   0.000000e+00   1.089145e+02   1.399643e+01  
729       1.49860601561e+05   0.000000e+00   1.086337e+02   1.401653e+01  
730       1.49133680844e+05   0.000000e+00   1.093560e+02   1.401380e+01  
731       1.49762183592e+05   0.000000e+00   1.086969e+02   1.400569e+01  
732       1.49416253120e+05   0.000000e+00   1.088969e+02   1.400244e+01  
733       1.49977412131e+05   0.000000e+00   1.084772e+02   1.401011e+01  
734       1.49413962384e+05   0.000000e+00   1.089028e+02   1.400554e+01  
735       1.50142588751e+05   0.000000e+00   1.082609e+02   1.400676e+01  
736       1.49451089762e+05   0.000000e+00   1.087903e+02   1.400849e+01  
737       1.50423488987e+05   0.000000e+00   1.081096e+02   1.400821e+01  
738       1.49196312120e+05   0.000000e+00   1.089322e+02   1.400781e+01  
739       1.50536472047e+05   0.000000e+00   1.080522e+02   1.399413e+01  
740       1.49310119465e+05   0.000000e+00   1.090086e+02   1.401212e+01  
741       1.50383916897e+05   0.000000e+00   1.083282e+02   1.399789e+01  
742       1.49461009855e+05   0.000000e+00   1.090286e+02   1.400540e+01  
743       1.50066221918e+05   0.000000e+00   1.085291e+02   1.400942e+01  
744       1.49544128644e+05   0.000000e+00   1.090638e+02   1.401688e+01  
745       1.50011967850e+05   0.000000e+00   1.087476e+02   1.400215e+01  
746       1.49495837682e+05   0.000000e+00   1.092922e+02   1.400477e+01  
747       1.49809392038e+05   0.000000e+00   1.091206e+02   1.401440e+01  
748       1.49717386025e+05   0.000000e+00   1.089655e+02   1.401071e+01  
749       1.49912818245e+05   0.000000e+00   1.091036e+02   1.400571e+01  
750       1.49355201266e+05   0.000000e+00   1.092394e+02   1.401414e+01  
751       1.50171392530e+05   0.000000e+00   1.089160e+02   1.400540e+01  
752       1.49397385930e+05   0.000000e+00   1.090606e+02   1.400834e+01  
753       1.49985519402e+05   0.000000e+00   1.091854e+02   1.401121e+01  
754       1.49570593393e+05   0.000000e+00   1.089279e+02   1.400533e+01  
755       1.50213525500e+05   0.000000e+00   1.089102e+02   1.399829e+01  
756       1.49344062491e+05   0.000000e+00   1.092566e+02   1.400817e+01  
757       1.50113233423e+05   0.000000e+00   1.091003e+02   1.400027e+01  
758       1.49622613465e+05   0.000000e+00   1.089820e+02   1.401588e+01  
759       1.50049949886e+05   0.000000e+00   1.090164e+02   1.399975e+01  
760       1.49599480057e+05   0.000000e+00   1.089950e+02   1.401587e+01  
761       1.50152112795e+05   0.000000e+00   1.089483e+02   1.398781e+01  
762       1.49618968610e+05   0.000000e+00   1.091736e+02   1.401170e+01  
763       1.50011004415e+05   0.000000e+00   1.092769e+02   1.399626e+01  
764       1.49834976261e+05   0.000000e+00   1.090718e+02   1.400939e+01  
765       1.49857019735e+05   0.000000e+00   1.094621e+02   1.399399e+01  
766       1.49798691770e+05   0.000000e+00   1.092821e+02   1.400799e+01  
767       1.49855265114e+05   0.000000e+00   1.095354e+02   1.399973e+01  
768       1.49772045624e+05   0.000000e+00   1.095699e+02   1.400879e+01  
769       1.49935658417e+05   0.000000e+00   1.094103e+02   1.400260e+01  
770       1.49902280276e+05   0.000000e+00   1.094159e+02   1.400835e+01  
771       1.49784357129e+05   0.000000e+00   1.096323e+02   1.399988e+01  
772       1.50016822273e+05   0.000000e+00   1.093402e+02   1.400284e+01  
773       1.49949534959e+05   0.000000e+00   1.094761e+02   1.399125e+01  
774       1.49665859390e+05   0.000000e+00   1.097880e+02   1.401285e+01  
775       1.49826631154e+05   0.000000e+00   1.097255e+02   1.400456e+01  
776       1.49731874803e+05   0.000000e+00   1.096572e+02   1.400280e+01  
777       1.49837796203e+05   0.000000e+00   1.097922e+02   1.400010e+01  
778       1.49948317622e+05   0.000000e+00   1.096211e+02   1.400059e+01  
779       1.49564586091e+05   0.000000e+00   1.100053e+02   1.400210e+01  
780       1.50091561177e+05   0.000000e+00   1.096452e+02   1.400514e+01  
781       1.49480897137e+05   0.000000e+00   1.100042e+02   1.399879e+01  
782       1.50157488007e+05   0.000000e+00   1.098160e+02   1.400909e+01  
783       1.49286115061e+05   0.000000e+00   1.102828e+02   1.399792e+01  
784       1.50362736007e+05   0.000000e+00   1.097651e+02   1.400136e+01  
785       1.49296208192e+05   0.000000e+00   1.102248e+02   1.400303e+01  
786       1.50257689481e+05   0.000000e+00   1.097970e+02   1.400410e+01  
787       1.49335523184e+05   0.000000e+00   1.103352e+02   1.400740e+01  
788       1.50095907071e+05   0.000000e+00   1.098564e+02   1.400510e+01  
789       1.49533392213e+05   0.000000e+00   1.101921e+02   1.400414e+01  
790       1.50116789020e+05   0.000000e+00   1.099472e+02   1.399818e+01  
791       1.49412766285e+05   0.000000e+00   1.104475e+02   1.400892e+01  
792       1.49928773560e+05   0.000000e+00   1.101899e+02   1.400338e+01  
793       1.49508568806e+05   0.000000e+00   1.102979e+02   1.400958e+01  
794       1.49927465806e+05   0.000000e+00   1.103722e+02   1.400434e+01  
795       1.49334684682e+05   0.000000e+00   1.105032e+02   1.401232e+01  
796       1.49877082984e+05   0.000000e+00   1.104310e+02   1.401698e+01  
797       1.49213562199e+05   0.000000e+00   1.107664e+02   1.400885e+01  
798       1.49967370676e+05   0.000000e+00   1.103112e+02   1.401629e+01  
799       1.49315924376e+05   0.000000e+00   1.106769e+02   1.401010e+01  
800       1.50212686497e+05   0.000000e+00   1.099771e+02   1.401074e+01  
801       1.49412405218e+05   0.000000e+00   1.105921e+02   1.400833e+01  
802       1.49975522517e+05   0.000000e+00   1.104196e+02   1.401116e+01  
803       1.49622176200e+05   0.000000e+00   1.102689e+02   1.400719e+01  
804       1.50101548904e+05   0.000000e+00   1.101842e+02   1.401297e+01  
805       1.49337170012e+05   0.000000e+00   1.105009e+02   1.401532e+01  
806       1.50243422391e+05   0.000000e+00   1.100639e+02   1.400738e+01  
807       1.49630796845e+05   0.000000e+00   1.099691e+02   1.400773e+01  
808       1.50225591017e+05   0.000000e+00   1.101258e+02   1.402104e+01  
809       1.49462709511e+05   0.000000e+00   1.101076e+02   1.400724e+01  
810       1.50430826090e+05   0.000000e+00   1.100386e+02   1.401559e+01  
811       1.49266266604e+05   0.000000e+00   1.103848e+02   1.402338e+01  
812       1.50408923002e+05   0.000000e+00   1.100826e+02   1.402167e+01  
813       1.49209628769e+05   0.000000e+00   1.106527e+02   1.401925e+01  
814       1.50162934290e+05   0.000000e+00   1.103989e+02   1.402129e+01  
815       1.49308920413e+05   0.000000e+00   1.106794e+02   1.401885e+01  
816       1.50081563043e+05   0.000000e+00   1.105685e+02   1.402942e+01  
817       1.49380675190e+05   0.000000e+00   1.106925e+02   1.401066e+01  
818       1.50090816122e+05   0.000000e+00   1.105361e+02   1.403044e+01  
819       1.49383371954e+05   0.000000e+00   1.107424e+02   1.401838e+01  
820       1.50309849845e+05   0.000000e+00   1.103357e+02   1.403256e+01  
821       1.49208081992e+05   0.000000e+00   1.109948e+02   1.401832e+01  
822       1.50222969274e+05   0.000000e+00   1.106159e+02   1.402452e+01  
823       1.49183415011e+05   0.000000e+00   1.111113e+02   1.402181e+01  
824       1.50367851881e+05   0.000000e+00   1.103373e+02   1.401927e+01  
825       1.49324721264e+05   0.000000e+00   1.109308e+02   1.401602e+01  
826       1.50137009172e+05   0.000000e+00   1.105732e+02   1.402599e+01  
827       1.49430195383e+05   0.000000e+00   1.110020e+02   1.402614e+01  
828       1.49941578365e+05   0.000000e+00   1.107817e+02   1.402630e+01  
829       1.49509322534e+05   0.000000e+00   1.108850e+02   1.402186e+01  
830       1.50089611100e+05   0.000000e+00   1.107465e+02   1.402853e+01  
831       1.49470981542e+05   0.000000e+00   1.111916e+02   1.402612e+01  
832       1.50094572661e+05   0.000000e+00   1.107651e+02   1.402708e+01  
833       1.49624269778e+05   0.000000e+00   1.110283e+02   1.402735e+01  
834       1.50092373616e+05   0.000000e+00   1.108641e+02   1.403754e+01  
835       1.49552095172e+05   0.000000e+00   1.110999e+02   1.402012e+01  
836       1.50016120246e+05   0.000000e+00   1.110188e+02   1.403613e+01  
837       1.49517873662e+05   0.000000e+00   1.110780e+02   1.402913e+01  
838       1.49967682154e+05   0.000000e+00   1.112086e+02   1.404560e+01  
839       1.49517571177e+05   0.000000e+00   1.112685e+02   1.401666e+01  
840       1.49786256380e+05   0.000000e+00   1.115608e+02   1.404316e+01  
841       1.49557098832e+05   0.000000e+00   1.113505e+02   1.401978e+01  
842       1.49763009035e+05   0.000000e+00   1.115952e+02   1.403683e+01  
843       1.49600592075e+05   0.000000e+00   1.114296e+02   1.403022e+01  
844       1.49620355565e+05   0.000000e+00   1.117248e+02   1.403435e+01  
845       1.49908623641e+05   0.000000e+00   1.112403e+02   1.402570e+01  
846       1.49647461633e+05   0.000000e+00   1.117972e+02   1.402634e+01  
847       1.49733483817e+05   0.000000e+00   1.114355e+02   1.402940e+01  
848       1.49930266504e+05   0.000000e+00   1.115855e+02   1.402482e+01  
849       1.49763238607e+05   0.000000e+00   1.114778e+02   1.402937e+01  
850       1.49748151699e+05   0.000000e+00   1.117919e+02   1.401586e+01  
851       1.49688574432e+05   0.000000e+00   1.117270e+02   1.403137e+01  
852       1.49697130640e+05   0.000000e+00   1.118885e+02   1.402392e+01  
853       1.49768310964e+05   0.000000e+00   1.116927e+02   1.403974e+01  
854       1.49551934257e+05   0.000000e+00   1.120382e+02   1.403104e+01  
855       1.49904785418e+05   0.000000e+00   1.114519e+02   1.403373e+01  
856       1.49872985993e+05   0.000000e+00   1.117249e+02   1.402523e+01  
857       1.49582785145e+05   0.000000e+00   1.117479e+02   1.404126e+01  
858       1.50127321012e+05   0.000000e+00   1.117627e+02   1.402466e+01  
859       1.49527187331e+05   0.000000e+00   1.117304e+02   1.404374e+01  
860       1.49974415139e+05   0.000000e+00   1.119527e+02   1.402793e+01  
861       1.49499001732e+05   0.000000e+00   1.117342e+02   1.404055e+01  
862       1.50234782628e+05   0.000000e+00   1.117546e+02   1.401100e+01  
863       1.49453952751e+05   0.000000e+00   1.119633e+02   1.404491e+01  
864       1.50175200365e+05   0.000000e+00   1.116386e+02   1.401284e+01  
865       1.49630957041e+05   0.000000e+00   1.118459e+02   1.405094e+01  
866       1.50006670227e+05   0.000000e+00   1.117060e+02   1.401076e+01  
867       1.49933832771e+05   0.000000e+00   1.116766e+02   1.404844e+01  
868       1.49789270458e+05   0.000000e+00   1.120636e+02   1.401190e+01  
869       1.49886903709e+05   0.000000e+00   1.118729e+02   1.405541e+01  
870       1.49933624490e+05   0.000000e+00   1.118084e+02   1.401110e+01  
871       1.49956918930e+05   0.000000e+00   1.117596e+02   1.405692e+01  
872       1.49935833608e+05   0.000000e+00   1.119090e+02   1.402275e+01  
873       1.49957836824e+05   0.000000e+00   1.118181e+02   1.404661e+01  
874       1.50163678958e+05   0.000000e+00   1.116533e+02   1.402319e+01  
875       1.49744759064e+05   0.000000e+00   1.121073e+02   1.404195e+01  
876       1.50114595462e+05   0.000000e+00   1.117180e+02   1.403142e+01  
877       1.49840107495e+05   0.000000e+00   1.118790e+02   1.403705e+01  
878       1.50212798515e+05   0.000000e+00   1.115786e+02   1.402443e+01  
879       1.49847992582e+05   0.000000e+00   1.119366e+02   1.404280e+01  
880       1.49888195298e+05   0.000000e+00   1.119412e+02   1.402819e+01  
881       1.49848142687e+05   0.000000e+00   1.119586e+02   1.404318e+01  
882       1.49912005319e+05   0.000000e+00   1.119189e+02   1.403313e+01  
883       1.50131697411e+05   0.000000e+00   1.115868e+02   1.404367e+01  
884       1.49826533686e+05   0.000000e+00   1.120386e+02   1.402724e+01  
885       1.50193200377e+05   0.000000e+00   1.117274e+02   1.404589e+01  
886       1.49598881710e+05   0.000000e+00   1.124376e+02   1.403312e+01  
887       1.50113312587e+05   0.000000e+00   1.120284e+02   1.404152e+01  
888       1.49752237833e+05   0.000000e+00   1.123194e+02   1.402582e+01  
889       1.50008731537e+05   0.000000e+00   1.120824e+02   1.404498e+01  
890       1.49552878282e+05   0.000000e+00   1.127281e+02   1.403219e+01  
891       1.50193156807e+05   0.000000e+00   1.121160e+02   1.403279e+01  
892       1.49472694868e+05   0.000000e+00   1.127824e+02   1.403000e+01  
893       1.50335733124e+05   0.000000e+00   1.120879e+02   1.403756e+01  
894       1.49385427839e+05   0.000000e+00   1.127676e+02   1.402715e+01  
895       1.50384835886e+05   0.000000e+00   1.120895e+02   1.403194e+01  
896       1.49408516615e+05   0.000000e+00   1.128101e+02   1.402838e+01  
897       1.50640958460e+05   0.000000e+00   1.120289e+02   1.402848e+01  
898       1.49224591125e+05   0.000000e+00   1.130572e+02   1.402945e+01  
899       1.50417383408e+05   0.000000e+00   1.122730e+02   1.402088e+01  
900       1.49476492718e+05   0.000000e+00   1.128536e+02   1.402804e+01  
901       1.50321891464e+05   0.000000e+00   1.123600e+02   1.403310e+01  
902       1.49528093665e+05   0.000000e+00   1.128559e+02   1.402624e+01  
903       1.50312961511e+05   0.000000e+00   1.123837e+02   1.402724e+01  
904       1.49569239852e+05   0.000000e+00   1.128919e+02   1.403316e+01  
905       1.50305030345e+05   0.000000e+00   1.125362e+02   1.403578e+01  
906       1.49221402368e+05   0.000000e+00   1.134086e+02   1.404190e+01  
907       1.50504699099e+05   0.000000e+00   1.124580e+02   1.402995e+01  
908       1.49454445751e+05   0.000000e+00   1.129957e+02   1.403197e+01  
909       1.50498267969e+05   0.000000e+00   1.124396e+02   1.404004e+01  
910       1.49585422577e+05   0.000000e+00   1.129417e+02   1.402346e+01  
911       1.50634830807e+05   0.000000e+00   1.122868e+02   1.402741e+01  
912       1.49288084220e+05   0.000000e+00   1.135010e+02   1.403312e+01  
913       1.50472095252e+05   0.000000e+00   1.125998e+02   1.402388e+01  
914       1.49637399348e+05   0.000000e+00   1.131137e+02   1.403369e+01  
915       1.50232051712e+05   0.000000e+00   1.129003e+02   1.401904e+01  
916       1.49710028120e+05   0.000000e+00   1.131293e+02   1.403465e+01  
917       1.50379535570e+05   0.000000e+00   1.128590e+02   1.401912e+01  
918       1.49365979962e+05   0.000000e+00   1.136398e+02   1.403193e+01  
919       1.50503962916e+05   0.000000e+00   1.127137e+02   1.401137e+01  
920       1.49315215778e+05   0.000000e+00   1.137081e+02   1.402686e+01  
921       1.50380773330e+05   0.000000e+00   1.130087e+02   1.402710e+01  
922       1.49494493265e+05   0.000000e+00   1.134937e+02   1.401735e+01  
923       1.50398046793e+05   0.000000e+00   1.129358e+02   1.401904e+01  
924       1.49573159472e+05   0.000000e+00   1.136685e+02   1.401953e+01  
925       1.50127933273e+05   0.000000e+00   1.132175e+02   1.401018e+01  
926       1.49603005711e+05   0.000000e+00   1.137735e+02   1.402350e+01  
927       1.49909460372e+05   0.000000e+00   1.134381e+02   1.401566e+01  
928       1.49820818814e+05   0.000000e+00   1.136916e+02   1.402272e+01  
929       1.49844661995e+05   0.000000e+00   1.134913e+02   1.400641e+01  
930       1.49855346965e+05   0.000000e+00   1.136219e+02   1.401427e+01  
931       1.49862598184e+05   0.000000e+00   1.134872e+02   1.400843e+01  
932       1.49899319227e+05   0.000000e+00   1.136594e+02   1.401444e+01  
933       1.49841704397e+05   0.000000e+00   1.137202e+02   1.400172e+01  
934       1.49848546081e+05   0.000000e+00   1.138881e+02   1.401976e+01  
935       1.49748631433e+05   0.000000e+00   1.138683e+02   1.400672e+01  
936       1.49861437943e+05   0.000000e+00   1.139715e+02   1.400798e+01  
937       1.49643855362e+05   0.000000e+00   1.139615e+02   1.401108e+01  
938       1.49872111894e+05   0.000000e+00   1.138263e+02   1.401718e+01  
939       1.49764760529e+05   0.000000e+00   1.138186e+02   1.400125e+01  
940       1.49946348751e+05   0.000000e+00   1.137726e+02   1.401311e+01  
941       1.49376007977e+05   0.000000e+00   1.144423e+02   1.400662e+01  
942       1.50025640731e+05   0.000000e+00   1.137882e+02   1.401514e+01  
943       1.49620497652e+05   0.000000e+00   1.141720e+02   1.400441e+01  
944       1.49569478541e+05   0.000000e+00   1.142678e+02   1.401910e+01  
945       1.49789746140e+05   0.000000e+00   1.140436e+02   1.400673e+01  
946       1.49823877931e+05   0.000000e+00   1.139683e+02   1.400758e+01  
947       1.49748739213e+05   0.000000e+00   1.141742e+02   1.400900e+01  
948       1.49759723157e+05   0.000000e+00   1.141336e+02   1.400945e+01  
949       1.49882423149e+05   0.000000e+00   1.139986e+02   1.400722e+01  
950       1.49730775937e+05   0.000000e+00   1.142509e+02   1.401376e+01  
951       1.49793938819e+05   0.000000e+00   1.141594e+02   1.399886e+01  
952       1.49855456257e+05   0.000000e+00   1.142838e+02   1.400820e+01  
953       1.49748661907e+05   0.000000e+00   1.141810e+02   1.399732e+01  
954       1.49723063151e+05   0.000000e+00   1.144561e+02   1.401492e+01  
955       1.49673961612e+05   0.000000e+00   1.142325e+02   1.399650e+01  
956       1.49963126008e+05   0.000000e+00   1.140460e+02   1.401778e+01  
957       1.49904017146e+05   0.000000e+00   1.139808e+02   1.399071e+01  
958       1.49660074351e+05   0.000000e+00   1.142493e+02   1.402122e+01  
959       1.50197103150e+05   0.000000e+00   1.136929e+02   1.399089e+01  
960       1.49573177911e+05   0.000000e+00   1.143731e+02   1.401626e+01  
961       1.50059240006e+05   0.000000e+00   1.139931e+02   1.400166e+01  
962       1.49645711110e+05   0.000000e+00   1.143643e+02   1.401280e+01  
963       1.50261700539e+05   0.000000e+00   1.136205e+02   1.399836e+01  
964       1.49806248235e+05   0.000000e+00   1.141406e+02   1.400610e+01  
965       1.49894923551e+05   0.000000e+00   1.142493e+02   1.401120e+01  
966       1.49868859015e+05   0.000000e+00   1.143264e+02   1.400126e+01  
967       1.49954210790e+05   0.000000e+00   1.140947e+02   1.401490e+01  
968       1.50196886745e+05   0.000000e+00   1.138237e+02   1.399405e+01  
969       1.50141296335e+05   0.000000e+00   1.138631e+02   1.401139e+01  
970       1.49984672953e+05   0.000000e+00   1.141478e+02   1.400911e+01  
971       1.50287958794e+05   0.000000e+00   1.138321e+02   1.400253e+01  
972       1.49848534764e+05   0.000000e+00   1.144792e+02   1.401968e+01  
973       1.50086588757e+05   0.000000e+00   1.141653e+02   1.400650e+01  
974       1.49943047164e+05   0.000000e+00   1.142921e+02   1.401143e+01  
975       1.50065578535e+05   0.000000e+00   1.142557e+02   1.400617e+01  
976       1.49804364877e+05   0.000000e+00   1.146196e+02   1.401351e+01  
977       1.50155818079e+05   0.000000e+00   1.142730e+02   1.400402e+01  
978       1.49756668712e+05   0.000000e+00   1.147564e+02   1.401662e+01  
979       1.50103427405e+05   0.000000e+00   1.141814e+02   1.400942e+01  
980       1.49844621145e+05   0.000000e+00   1.147455e+02   1.401683e+01  
981       1.50036697154e+05   0.000000e+00   1.142943e+02   1.400027e+01  
982       1.49991832791e+05   0.000000e+00   1.145483e+02   1.401177e+01  
983       1.49848745235e+05   0.000000e+00   1.147430e+02   1.400474e+01  
984       1.49696881622e+05   0.000000e+00   1.148343e+02   1.401219e+01  
985       1.50089253086e+05   0.000000e+00   1.145228e+02   1.399875e+01  
986       1.49825874642e+05   0.000000e+00   1.146570e+02   1.401222e+01  
987       1.50284621626e+05   0.000000e+00   1.143474e+02   1.400083e+01  
988       1.49693437620e+05   0.000000e+00   1.148401e+02   1.400602e+01  
989       1.50199545220e+05   0.000000e+00   1.145940e+02   1.400012e+01  
990       1.49749966981e+05   0.000000e+00   1.148321e+02   1.400724e+01  
991       1.50097325837e+05   0.000000e+00   1.147885e+02   1.400367e+01  
992       1.49742253885e+05   0.000000e+00   1.151298e+02   1.400555e+01  
993       1.50047281026e+05   0.000000e+00   1.148313e+02   1.400133e+01  
994       1.49926547179e+05   0.000000e+00   1.149187e+02   1.400837e+01  
995       1.50033619687e+05   0.000000e+00   1.148640e+02   1.400739e+01  
996       1.49694284919e+05   0.000000e+00   1.152283e+02   1.400891e+01  
997       1.50124551577e+05   0.000000e+00   1.148949e+02   1.400230e+01  
998       1.49774853590e+05   0.000000e+00   1.151098e+02   1.401084e+01  
999       1.50042191041e+05   0.000000e+00   1.150876e+02   1.400854e+01  
1000      1.49665859850e+05   0.000000e+00   1.153271e+02   1.401070e+01  
1001      1.50073852859e+05   0.000000e+00   1.151519e+02   1.400787e+01  
1002      1.49556846565e+05   0.000000e+00   1.155146e+02   1.401233e+01  
1003      1.49981696742e+05   0.000000e+00   1.152955e+02   1.401388e+01  
1004      1.49693465132e+05   0.000000e+00   1.153742e+02   1.400387e+01  
1005      1.49886349704e+05   0.000000e+00   1.154778e+02   1.401496e+01  
1006      1.49756643849e+05   0.000000e+00   1.154696e+02   1.401108e+01  
1007      1.50047635578e+05   0.000000e+00   1.153267e+02   1.401457e+01  
1008      1.49940036704e+05   0.000000e+00   1.152048e+02   1.400211e+01  
1009      1.50021494969e+05   0.000000e+00   1.154760e+02   1.401057e+01  
1010      1.49682392994e+05   0.000000e+00   1.156021e+02   1.401621e+01  
1011      1.50026645372e+05   0.000000e+00   1.155891e+02   1.402456e+01  
1012      1.49856395539e+05   0.000000e+00   1.154425e+02   1.400795e+01  
1013      1.49977247447e+05   0.000000e+00   1.155221e+02   1.403161e+01  
1014      1.49906480875e+05   0.000000e+00   1.155265e+02   1.400723e+01  
1015      1.50179656971e+05   0.000000e+00   1.151735e+02   1.402234e+01  
1016      1.49881755242e+05   0.000000e+00   1.155204e+02   1.401155e+01  
1017      1.50118328198e+05   0.000000e+00   1.154488e+02   1.403017e+01  
1018      1.49968170879e+05   0.000000e+00   1.155840e+02   1.401382e+01  
1019      1.49936454583e+05   0.000000e+00   1.157653e+02   1.403087e+01  
1020      1.50094155962e+05   0.000000e+00   1.153664e+02   1.401456e+01  
1021      1.50010105549e+05   0.000000e+00   1.156214e+02   1.403093e+01  
1022      1.50055666667e+05   0.000000e+00   1.154254e+02   1.402333e+01  
1023      1.50225569836e+05   0.000000e+00   1.153944e+02   1.402146e+01  
1024      1.50100630703e+05   0.000000e+00   1.153371e+02   1.402450e+01  
1025      1.50185780153e+05   0.000000e+00   1.155229e+02   1.403047e+01  
1026      1.50097175833e+05   0.000000e+00   1.154068e+02   1.401887e+01  
1027      1.50202619144e+05   0.000000e+00   1.154065e+02   1.403647e+01  
1028      1.50029900945e+05   0.000000e+00   1.155065e+02   1.403164e+01  
1029      1.50224853608e+05   0.000000e+00   1.153151e+02   1.402655e+01  
1030      1.50130535515e+05   0.000000e+00   1.155972e+02   1.402921e+01  
1031      1.50084254539e+05   0.000000e+00   1.156201e+02   1.403322e+01  
1032      1.50308619933e+05   0.000000e+00   1.152460e+02   1.402668e+01  
1033      1.50027456058e+05   0.000000e+00   1.157186e+02   1.403759e+01  
1034      1.50229437132e+05   0.000000e+00   1.152834e+02   1.402652e+01  
1035      1.50245597986e+05   0.000000e+00   1.155332e+02   1.404039e+01  
1036      1.50264268345e+05   0.000000e+00   1.154107e+02   1.402558e+01  
1037      1.50386623041e+05   0.000000e+00   1.154669e+02   1.403471e+01  
1038      1.49934782700e+05   0.000000e+00   1.158914e+02   1.403693e+01  
1039      1.50305168362e+05   0.000000e+00   1.156378e+02   1.403828e+01  
1040      1.50128120711e+05   0.000000e+00   1.157165e+02   1.403189e+01  
1041      1.50292814715e+05   0.000000e+00   1.157868e+02   1.403728e+01  
1042      1.50024320116e+05   0.000000e+00   1.159221e+02   1.403942e+01  
1043      1.50274524136e+05   0.000000e+00   1.157209e+02   1.403491e+01  
1044      1.50074864240e+05   0.000000e+00   1.159877e+02   1.404277e+01  
1045      1.50018697003e+05   0.000000e+00   1.160280e+02   1.404713e+01  
1046      1.50382713059e+05   0.000000e+00   1.158544e+02   1.403860e+01  
1047      1.49852981384e+05   0.000000e+00   1.162720e+02   1.404991e+01  
1048      1.50144541076e+05   0.000000e+00   1.161686e+02   1.403986e+01  
1049      1.49888154034e+05   0.000000e+00   1.163756e+02   1.404336e+01  
1050      1.50079241090e+05   0.000000e+00   1.163317e+02   1.404595e+01  
1051      1.49854178413e+05   0.000000e+00   1.164812e+02   1.404677e+01  
1052      1.50004808673e+05   0.000000e+00   1.164289e+02   1.404512e+01  
1053      1.50369601014e+05   0.000000e+00   1.158423e+02   1.403775e+01  
1054      1.49890180361e+05   0.000000e+00   1.165329e+02   1.404691e+01  
1055      1.50129290717e+05   0.000000e+00   1.162907e+02   1.404801e+01  
1056      1.50031924963e+05   0.000000e+00   1.164361e+02   1.405080e+01  
1057      1.50151225648e+05   0.000000e+00   1.161960e+02   1.405072e+01  
1058      1.50014000777e+05   0.000000e+00   1.164410e+02   1.404905e+01  
1059      1.50073418206e+05   0.000000e+00   1.164781e+02   1.405068e+01  
1060      1.49994565261e+05   0.000000e+00   1.165137e+02   1.404517e+01  
1061      1.50122473995e+05   0.000000e+00   1.164701e+02   1.405415e+01  
1062      1.49791299805e+05   0.000000e+00   1.166875e+02   1.405316e+01  
1063      1.50134380114e+05   0.000000e+00   1.166968e+02   1.405743e+01  
1064      1.49881305495e+05   0.000000e+00   1.165613e+02   1.405589e+01  
1065      1.50196842647e+05   0.000000e+00   1.166837e+02   1.405501e+01  
1066      1.49876553894e+05   0.000000e+00   1.167951e+02   1.405024e+01  
1067      1.50215462639e+05   0.000000e+00   1.166593e+02   1.404992e+01  
1068      1.49739685286e+05   0.000000e+00   1.170440e+02   1.405590e+01  
1069      1.50237787809e+05   0.000000e+00   1.165772e+02   1.404801e+01  
1070      1.49894776278e+05   0.000000e+00   1.171009e+02   1.405327e+01  
1071      1.50386559524e+05   0.000000e+00   1.163545e+02   1.404098e+01  
1072      1.50039904082e+05   0.000000e+00   1.168730e+02   1.405310e+01  
1073      1.50159969929e+05   0.000000e+00   1.167285e+02   1.404367e+01  
1074      1.49873729953e+05   0.000000e+00   1.171801e+02   1.405312e+01  
1075      1.50284935672e+05   0.000000e+00   1.167691e+02   1.404356e+01  
1076      1.49904347887e+05   0.000000e+00   1.172736e+02   1.404712e+01  
1077      1.50172592935e+05   0.000000e+00   1.169709e+02   1.405257e+01  
1078      1.49978246378e+05   0.000000e+00   1.171773e+02   1.402949e+01  
1079      1.50212202180e+05   0.000000e+00   1.169158e+02   1.406053e+01  
1080      1.49881542251e+05   0.000000e+00   1.173855e+02   1.403713e+01  
1081      1.50136680344e+05   0.000000e+00   1.170712e+02   1.405601e+01  
1082      1.49806510154e+05   0.000000e+00   1.176841e+02   1.403282e+01  
1083      1.50165620515e+05   0.000000e+00   1.170887e+02   1.405431e+01  
1084      1.50106500039e+05   0.000000e+00   1.172542e+02   1.403200e+01  
1085      1.49966753804e+05   0.000000e+00   1.174068e+02   1.405583e+01  
1086      1.50089984687e+05   0.000000e+00   1.173147e+02   1.402666e+01  
1087      1.50084962616e+05   0.000000e+00   1.172834e+02   1.404792e+01  
1088      1.49919496923e+05   0.000000e+00   1.175229e+02   1.403908e+01  
1089      1.49932871955e+05   0.000000e+00   1.175566e+02   1.404572e+01  
1090      1.50138736096e+05   0.000000e+00   1.172556e+02   1.403482e+01  
1091      1.49971734125e+05   0.000000e+00   1.174731e+02   1.404604e+01  
1092      1.50193392790e+05   0.000000e+00   1.173002e+02   1.402945e+01  
1093      1.49975064065e+05   0.000000e+00   1.174945e+02   1.404488e+01  
1094      1.49892081099e+05   0.000000e+00   1.177899e+02   1.403641e+01  
1095      1.49969706675e+05   0.000000e+00   1.176397e+02   1.404644e+01  
1096      1.49953568152e+05   0.000000e+00   1.178776e+02   1.404682e+01  
1097      1.50005718921e+05   0.000000e+00   1.175153e+02   1.403681e+01  
1098      1.50141939872e+05   0.000000e+00   1.175315e+02   1.403674e+01  
1099      1.49940192804e+05   0.000000e+00   1.176293e+02   1.404220e+01  
1100      1.49955834552e+05   0.000000e+00   1.177537e+02   1.404043e+01  
1101      1.50077636915e+05   0.000000e+00   1.175539e+02   1.404067e+01  
1102      1.50016063307e+05   0.000000e+00   1.177542e+02   1.403833e+01  
1103      1.50051372033e+05   0.000000e+00   1.176352e+02   1.404667e+01  
1104      1.49909098694e+05   0.000000e+00   1.180014e+02   1.404937e+01  
1105      1.50130635950e+05   0.000000e+00   1.174921e+02   1.404599e+01  
1106      1.50062239650e+05   0.000000e+00   1.178317e+02   1.404980e+01  
1107      1.50121753690e+05   0.000000e+00   1.175012e+02   1.405088e+01  
1108      1.50235156948e+05   0.000000e+00   1.176869e+02   1.404324e+01  
1109      1.50187771250e+05   0.000000e+00   1.174651e+02   1.404584e+01  
1110      1.50173927658e+05   0.000000e+00   1.178015e+02   1.404746e+01  
1111      1.50125957787e+05   0.000000e+00   1.176842e+02   1.405224e+01  
1112      1.50115681045e+05   0.000000e+00   1.178798e+02   1.404812e+01  
1113      1.50150443482e+05   0.000000e+00   1.177624e+02   1.404658e+01  
1114      1.50088358314e+05   0.000000e+00   1.180275e+02   1.405153e+01  
1115      1.50027568298e+05   0.000000e+00   1.180856e+02   1.404686e+01  
1116      1.50018153588e+05   0.000000e+00   1.180715e+02   1.405458e+01  
1117      1.50073049852e+05   0.000000e+00   1.180417e+02   1.405550e+01  
1118      1.50044604445e+05   0.000000e+00   1.180623e+02   1.404871e+01  
1119      1.50209469504e+05   0.000000e+00   1.178999e+02   1.405285e+01  
1120      1.50158111519e+05   0.000000e+00   1.179860e+02   1.404128e+01  
1121      1.50243446952e+05   0.000000e+00   1.178683e+02   1.405499e+01  
1122      1.50248972528e+05   0.000000e+00   1.177752e+02   1.404000e+01  
1123      1.49908185218e+05   0.000000e+00   1.182523e+02   1.405693e+01  
1124      1.50364898214e+05   0.000000e+00   1.178157e+02   1.403586e+01  
1125      1.50199603896e+05   0.000000e+00   1.177574e+02   1.405821e+01  
1126      1.50468240355e+05   0.000000e+00   1.176035e+02   1.403249e+01  
1127      1.50158390960e+05   0.000000e+00   1.179430e+02   1.405841e+01  
1128      1.50361410822e+05   0.000000e+00   1.177131e+02   1.403433e+01  
1129      1.50307214846e+05   0.000000e+00   1.178747e+02   1.407240e+01  
1130      1.50305349985e+05   0.000000e+00   1.177972e+02   1.403172e+01  
1131      1.50511396494e+05   0.000000e+00   1.176661e+02   1.406427e+01  
1132      1.50099344612e+05   0.000000e+00   1.181551e+02   1.403828e+01  
1133      1.50482507418e+05   0.000000e+00   1.178139e+02   1.406199e+01  
1134      1.49941878073e+05   0.000000e+00   1.185326e+02   1.403875e+01  
1135      1.50351462396e+05   0.000000e+00   1.181185e+02   1.407708e+01  
1136      1.50175433959e+05   0.000000e+00   1.182955e+02   1.403243e+01  
1137      1.50322455807e+05   0.000000e+00   1.180048e+02   1.407242e+01  
1138      1.50226558211e+05   0.000000e+00   1.183898e+02   1.403496e+01  
1139      1.50383068702e+05   0.000000e+00   1.180584e+02   1.406611e+01  
1140      1.50248782425e+05   0.000000e+00   1.184155e+02   1.403976e+01  
1141      1.50374466969e+05   0.000000e+00   1.182176e+02   1.406083e+01  
1142      1.50289999671e+05   0.000000e+00   1.183508e+02   1.403985e+01  
1143      1.50358406383e+05   0.000000e+00   1.182526e+02   1.405408e+01  
1144      1.50191416747e+05   0.000000e+00   1.183796e+02   1.403926e+01  
1145      1.50055433540e+05   0.000000e+00   1.186906e+02   1.405781e+01  
1146      1.50251303778e+05   0.000000e+00   1.184070e+02   1.404454e+01  
1147      1.50192329469e+05   0.000000e+00   1.185184e+02   1.405196e+01  
1148      1.50117588651e+05   0.000000e+00   1.185379e+02   1.404875e+01  
1149      1.50073721480e+05   0.000000e+00   1.188705e+02   1.405268e+01  
1150      1.50201870972e+05   0.000000e+00   1.185438e+02   1.404248e+01  
1151      1.50118529912e+05   0.000000e+00   1.188174e+02   1.405380e+01  
1152      1.49859245974e+05   0.000000e+00   1.189895e+02   1.405153e+01  
1153      1.50327786866e+05   0.000000e+00   1.186634e+02   1.404333e+01  
1154      1.49994156376e+05   0.000000e+00   1.188209e+02   1.404797e+01  
1155      1.50114290870e+05   0.000000e+00   1.191259e+02   1.404636e+01  
1156      1.50082932335e+05   0.000000e+00   1.188758e+02   1.404753e+01  
1157      1.50143108832e+05   0.000000e+00   1.191146e+02   1.405401e+01  
1158      1.49772280411e+05   0.000000e+00   1.192424e+02   1.405085e+01  
1159      1.50291625235e+05   0.000000e+00   1.190370e+02   1.404947e+01  
1160      1.49848792386e+05   0.000000e+00   1.192562e+02   1.404815e+01  
1161      1.50286074150e+05   0.000000e+00   1.189623e+02   1.405304e+01  
1162      1.49921033490e+05   0.000000e+00   1.191955e+02   1.404945e+01  
1163      1.50187423664e+05   0.000000e+00   1.191306e+02   1.405398e+01  
1164      1.50115471009e+05   0.000000e+00   1.190630e+02   1.404740e+01  
1165      1.50080033575e+05   0.000000e+00   1.191437e+02   1.405327e+01  
1166      1.50120623553e+05   0.000000e+00   1.191640e+02   1.404979e+01  
1167      1.50007532627e+05   0.000000e+00   1.191633e+02   1.404474e+01  
1168      1.50276614185e+05   0.000000e+00   1.189995e+02   1.405183e+01  
1169      1.50196950763e+05   0.000000e+00   1.188293e+02   1.404281e+01  
1170      1.50083504487e+05   0.000000e+00   1.194168e+02   1.405567e+01  
1171      1.49957382779e+05   0.000000e+00   1.193989e+02   1.404238e+01  
1172      1.50103810899e+05   0.000000e+00   1.193832e+02   1.405426e+01  
1173      1.50090708838e+05   0.000000e+00   1.192112e+02   1.404886e+01  
1174      1.50076150428e+05   0.000000e+00   1.192510e+02   1.406249e+01  
1175      1.50213751042e+05   0.000000e+00   1.190055e+02   1.404529e+01  
1176      1.50177777378e+05   0.000000e+00   1.191528e+02   1.405541e+01  
1177      1.50191533820e+05   0.000000e+00   1.189982e+02   1.404732e+01  
1178      1.50153249921e+05   0.000000e+00   1.191143e+02   1.405620e+01  
1179      1.49935347297e+05   0.000000e+00   1.195202e+02   1.405304e+01  
1180      1.50188926798e+05   0.000000e+00   1.190321e+02   1.405895e+01  
1181      1.49976526425e+05   0.000000e+00   1.193886e+02   1.405106e+01  
1182      1.50268839621e+05   0.000000e+00   1.189626e+02   1.405385e+01  
1183      1.49833157504e+05   0.000000e+00   1.196867e+02   1.404663e+01  
1184      1.50225591729e+05   0.000000e+00   1.191026e+02   1.406099e+01  
1185      1.50067261727e+05   0.000000e+00   1.193532e+02   1.404403e+01  
1186      1.50029321940e+05   0.000000e+00   1.194021e+02   1.406506e+01  
1187      1.50076307785e+05   0.000000e+00   1.193400e+02   1.403918e+01  
1188      1.50168536312e+05   0.000000e+00   1.193265e+02   1.406022e+01  
1189      1.49775535491e+05   0.000000e+00   1.198547e+02   1.405321e+01  
1190      1.50222129211e+05   0.000000e+00   1.191818e+02   1.406835e+01  
1191      1.50022054594e+05   0.000000e+00   1.195216e+02   1.403761e+01  
1192      1.50120872674e+05   0.000000e+00   1.193942e+02   1.406785e+01  
1193      1.50084082659e+05   0.000000e+00   1.196592e+02   1.404086e+01  
1194      1.50038509865e+05   0.000000e+00   1.194624e+02   1.406209e+01  
1195      1.50160814995e+05   0.000000e+00   1.196089e+02   1.404826e+01  
1196      1.50043402150e+05   0.000000e+00   1.195434e+02   1.406264e+01  
1197      1.50199926138e+05   0.000000e+00   1.195084e+02   1.405052e+01  
1198      1.50101711486e+05   0.000000e+00   1.196045e+02   1.405512e+01  
1199      1.50201192271e+05   0.000000e+00   1.194535e+02   1.404436e+01  
1200      1.50001710234e+05   0.000000e+00   1.198965e+02   1.406162e+01  
1201      1.49774463126e+05   0.000000e+00   1.200203e+02   1.405807e+01  
1202      1.50165469011e+05   0.000000e+00   1.197525e+02   1.405542e+01  
1203      1.49895121103e+05   0.000000e+00   1.198869e+02   1.405115e+01  
1204      1.50043292873e+05   0.000000e+00   1.199870e+02   1.405624e+01  
1205      1.49744995584e+05   0.000000e+00   1.202029e+02   1.404960e+01  
1206      1.49969086004e+05   0.000000e+00   1.201110e+02   1.405327e+01  
1207      1.49504739625e+05   0.000000e+00   1.205051e+02   1.405445e+01  
1208      1.50112692167e+05   0.000000e+00   1.201077e+02   1.404026e+01  
1209      1.49481432444e+05   0.000000e+00   1.205187e+02   1.405490e+01  
1210      1.50089822606e+05   0.000000e+00   1.200777e+02   1.402971e+01  
1211      1.49452303802e+05   0.000000e+00   1.206593e+02   1.406194e+01  
1212      1.49830581191e+05   0.000000e+00   1.206213e+02   1.403526e+01  
1213      1.49480691188e+05   0.000000e+00   1.204654e+02   1.405667e+01  
1214      1.50130570621e+05   0.000000e+00   1.202100e+02   1.403766e+01  
1215      1.49601394027e+05   0.000000e+00   1.203994e+02   1.405183e+01  
1216      1.50008737402e+05   0.000000e+00   1.204224e+02   1.403187e+01  
1217      1.49394233430e+05   0.000000e+00   1.208167e+02   1.405783e+01  
1218      1.50005547663e+05   0.000000e+00   1.203939e+02   1.403484e+01  
1219      1.49469269167e+05   0.000000e+00   1.208300e+02   1.405813e+01  
1220      1.49941783376e+05   0.000000e+00   1.204968e+02   1.403352e+01  
1221      1.49511610396e+05   0.000000e+00   1.208217e+02   1.405194e+01  
1222      1.49932268933e+05   0.000000e+00   1.206000e+02   1.403353e+01  
1223      1.49392077864e+05   0.000000e+00   1.210686e+02   1.406290e+01  
1224      1.49919776181e+05   0.000000e+00   1.207355e+02   1.403313e+01  
1225      1.49611107332e+05   0.000000e+00   1.208296e+02   1.406652e+01  
1226      1.49932076718e+05   0.000000e+00   1.206320e+02   1.402992e+01  
1227      1.49750524723e+05   0.000000e+00   1.208069e+02   1.405366e+01  
1228      1.49762627732e+05   0.000000e+00   1.209297e+02   1.403029e+01  
1229      1.49785502025e+05   0.000000e+00   1.208489e+02   1.405644e+01  
1230      1.49693647959e+05   0.000000e+00   1.211245e+02   1.403344e+01  
1231      1.49701659578e+05   0.000000e+00   1.209817e+02   1.404771e+01  
1232      1.49940949286e+05   0.000000e+00   1.207268e+02   1.403273e+01  
1233      1.49778072587e+05   0.000000e+00   1.209171e+02   1.404829e+01  
1234      1.49899235489e+05   0.000000e+00   1.208584e+02   1.402633e+01  
1235      1.49593463461e+05   0.000000e+00   1.212275e+02   1.405480e+01  
1236      1.49835128837e+05   0.000000e+00   1.210498e+02   1.402884e+01  
1237      1.49747009993e+05   0.000000e+00   1.210655e+02   1.405110e+01  
1238      1.49802495153e+05   0.000000e+00   1.210467e+02   1.403300e+01  
1239      1.49734863860e+05   0.000000e+00   1.211179e+02   1.405135e+01  
1240      1.49882838022e+05   0.000000e+00   1.211338e+02   1.403369e+01  
1241      1.49608722388e+05   0.000000e+00   1.212262e+02   1.405897e+01  
1242      1.49751966398e+05   0.000000e+00   1.212856e+02   1.403949e+01  
1243      1.49728165155e+05   0.000000e+00   1.212116e+02   1.405315e+01  
1244      1.49849392828e+05   0.000000e+00   1.212063e+02   1.403134e+01  
1245      1.49654144664e+05   0.000000e+00   1.214153e+02   1.405689e+01  
1246      1.49776679189e+05   0.000000e+00   1.213346e+02   1.403669e+01  
1247      1.49741856056e+05   0.000000e+00   1.213330e+02   1.405855e+01  
1248      1.49722692947e+05   0.000000e+00   1.213770e+02   1.403805e+01  
1249      1.49722936077e+05   0.000000e+00   1.214962e+02   1.405617e+01  
1250      1.49648421114e+05   0.000000e+00   1.214260e+02   1.404122e+01  
-------------------------------------------------------------------

Initialization/allocation wall-clock time: 2.741 seconds
Calculation (iterations) wall-clock time : 251.707 seconds

