
**********************************************
Real-time propagation in 3D, OPTION = 2
MPI nodes = 8, OMP threads = 16, cores = 128
**********************************************

Interactions
Contact: Natoms = 1.50000000000e+05, as = 6.800000e+01 * a0, G = 1.221608e+04, G * par = 2.443217e+04
Three-body: K3 =  0.000000e+00, g3 = 0.000000e+00
Regular DDI: add = 1.101000e+02 * a0, GD = 4.721954e+03, GD * par =  9.443909e+03, edd = 1.619118e+00
     Dipolar cutoffs Rcut = 4.684656e+00, Lcut = 1.640415e+02

QF = 1, QDEPL = 0: h2 = 1.553141e+05, h4 = 0.000000e+00
        q3 = 0.000000e+00, q5 = 5.227610e+00

GRAD = 0

Trap parameters
GAMMA = 0.000000e+00, NU = 0.000000e+00, LAMBDA = 0.000000e+00
Parameters of rotation: OMEGA = 0.000000e+00, OMEGA * par = 0.000000e+00

Space discretization: NX = 128, NY = 128, NZ = 128
                      DX = 2.563148e+00, DY = 7.319775e-02, DZ = 7.319775e-02
      Unit of length: aho = 5.552380e-07 m

Time discretization: NITER = 2500 (NSNAP = 1250)
                     DT = 2.678955e-03

Initial state: file ./imag3d-finalpsi.bin
ADD_VORTICES = 0, ADD_RANDOM_PHASE = 0


MUREL = 1.000000e-12, MUEND=1.000000e+05

-------------------------------------------------------------------
Snap      Na             QD             mu             <r>
-------------------------------------------------------------------
0         1.49997211150e+05   0.000000e+00   -7.690230e+00  1.639054e+01  
1         1.49997208978e+05   0.000000e+00   -7.695369e+00  1.639054e+01  
2         1.49997207576e+05   0.000000e+00   -7.700225e+00  1.639053e+01  
3         1.49997207937e+05   0.000000e+00   -7.703555e+00  1.639052e+01  
4         1.49997204137e+05   0.000000e+00   -7.704743e+00  1.639051e+01  
5         1.49997202945e+05   0.000000e+00   -7.703679e+00  1.639050e+01  
6         1.49997197078e+05   0.000000e+00   -7.700534e+00  1.639048e+01  
7         1.49997193112e+05   0.000000e+00   -7.695611e+00  1.639047e+01  
8         1.49997185106e+05   0.000000e+00   -7.689204e+00  1.639045e+01  
9         1.49997178802e+05   0.000000e+00   -7.681609e+00  1.639043e+01  
10        1.49997168821e+05   0.000000e+00   -7.673168e+00  1.639041e+01  
11        1.49997161190e+05   0.000000e+00   -7.664167e+00  1.639040e+01  
12        1.49997151166e+05   0.000000e+00   -7.654783e+00  1.639038e+01  
13        1.49997141261e+05   0.000000e+00   -7.645151e+00  1.639036e+01  
14        1.49997130937e+05   0.000000e+00   -7.635390e+00  1.639034e+01  
15        1.49997122872e+05   0.000000e+00   -7.625537e+00  1.639032e+01  
16        1.49997109571e+05   0.000000e+00   -7.615525e+00  1.639030e+01  
17        1.49997097707e+05   0.000000e+00   -7.605285e+00  1.639028e+01  
18        1.49997085887e+05   0.000000e+00   -7.594865e+00  1.639027e+01  
19        1.49997073056e+05   0.000000e+00   -7.584490e+00  1.639025e+01  
20        1.49997059157e+05   0.000000e+00   -7.574541e+00  1.639024e+01  
21        1.49997045293e+05   0.000000e+00   -7.565467e+00  1.639023e+01  
22        1.49997029010e+05   0.000000e+00   -7.557699e+00  1.639022e+01  
23        1.49997013094e+05   0.000000e+00   -7.551574e+00  1.639021e+01  
24        1.49996994933e+05   0.000000e+00   -7.547300e+00  1.639020e+01  
25        1.49996976340e+05   0.000000e+00   -7.544943e+00  1.639020e+01  
26        1.49996956439e+05   0.000000e+00   -7.544456e+00  1.639020e+01  
27        1.49996935295e+05   0.000000e+00   -7.545698e+00  1.639020e+01  
28        1.49996913637e+05   0.000000e+00   -7.548475e+00  1.639020e+01  
29        1.49996890257e+05   0.000000e+00   -7.552563e+00  1.639021e+01  
30        1.49996866952e+05   0.000000e+00   -7.557734e+00  1.639022e+01  
31        1.49996841742e+05   0.000000e+00   -7.563768e+00  1.639023e+01  
32        1.49996816874e+05   0.000000e+00   -7.570466e+00  1.639024e+01  
33        1.49996789951e+05   0.000000e+00   -7.577653e+00  1.639025e+01  
34        1.49996763300e+05   0.000000e+00   -7.585180e+00  1.639027e+01  
35        1.49996734706e+05   0.000000e+00   -7.592924e+00  1.639029e+01  
36        1.49996706471e+05   0.000000e+00   -7.600782e+00  1.639031e+01  
37        1.49996676605e+05   0.000000e+00   -7.608668e+00  1.639033e+01  
38        1.49996646939e+05   0.000000e+00   -7.616506e+00  1.639035e+01  
39        1.49996615852e+05   0.000000e+00   -7.624232e+00  1.639037e+01  
40        1.49996584974e+05   0.000000e+00   -7.631789e+00  1.639040e+01  
41        1.49996552991e+05   0.000000e+00   -7.639127e+00  1.639042e+01  
42        1.49996521141e+05   0.000000e+00   -7.646198e+00  1.639044e+01  
43        1.49996488475e+05   0.000000e+00   -7.652964e+00  1.639047e+01  
44        1.49996455769e+05   0.000000e+00   -7.659387e+00  1.639049e+01  
45        1.49996422221e+05   0.000000e+00   -7.665434e+00  1.639051e+01  
46        1.49996388565e+05   0.000000e+00   -7.671077e+00  1.639054e+01  
47        1.49996354605e+05   0.000000e+00   -7.676291e+00  1.639056e+01  
48        1.49996320902e+05   0.000000e+00   -7.681053e+00  1.639058e+01  
49        1.49996287193e+05   0.000000e+00   -7.685343e+00  1.639060e+01  
50        1.49996253596e+05   0.000000e+00   -7.689144e+00  1.639062e+01  
51        1.49996220002e+05   0.000000e+00   -7.692440e+00  1.639064e+01  
52        1.49996186530e+05   0.000000e+00   -7.695218e+00  1.639066e+01  
53        1.49996153072e+05   0.000000e+00   -7.697471e+00  1.639067e+01  
54        1.49996119760e+05   0.000000e+00   -7.699191e+00  1.639069e+01  
55        1.49996086669e+05   0.000000e+00   -7.700376e+00  1.639070e+01  
56        1.49996053838e+05   0.000000e+00   -7.701026e+00  1.639071e+01  
57        1.49996021334e+05   0.000000e+00   -7.701147e+00  1.639072e+01  
58        1.49995989162e+05   0.000000e+00   -7.700746e+00  1.639073e+01  
59        1.49995957394e+05   0.000000e+00   -7.699832e+00  1.639074e+01  
60        1.49995926220e+05   0.000000e+00   -7.698419e+00  1.639074e+01  
61        1.49995895794e+05   0.000000e+00   -7.696527e+00  1.639075e+01  
62        1.49995865808e+05   0.000000e+00   -7.694179e+00  1.639075e+01  
63        1.49995836291e+05   0.000000e+00   -7.691402e+00  1.639075e+01  
64        1.49995807412e+05   0.000000e+00   -7.688219e+00  1.639076e+01  
65        1.49995779474e+05   0.000000e+00   -7.684653e+00  1.639076e+01  
66        1.49995752068e+05   0.000000e+00   -7.680730e+00  1.639075e+01  
67        1.49995725517e+05   0.000000e+00   -7.676488e+00  1.639075e+01  
68        1.49995699313e+05   0.000000e+00   -7.671971e+00  1.639075e+01  
69        1.49995673985e+05   0.000000e+00   -7.667229e+00  1.639075e+01  
70        1.49995649019e+05   0.000000e+00   -7.662303e+00  1.639074e+01  
71        1.49995624831e+05   0.000000e+00   -7.657232e+00  1.639074e+01  
72        1.49995601011e+05   0.000000e+00   -7.652050e+00  1.639073e+01  
73        1.49995578081e+05   0.000000e+00   -7.646787e+00  1.639073e+01  
74        1.49995555116e+05   0.000000e+00   -7.641476e+00  1.639073e+01  
75        1.49995532987e+05   0.000000e+00   -7.636152e+00  1.639072e+01  
76        1.49995510843e+05   0.000000e+00   -7.630863e+00  1.639072e+01  
77        1.49995489197e+05   0.000000e+00   -7.625682e+00  1.639071e+01  
78        1.49995467227e+05   0.000000e+00   -7.620690e+00  1.639071e+01  
79        1.49995445248e+05   0.000000e+00   -7.615944e+00  1.639071e+01  
80        1.49995422730e+05   0.000000e+00   -7.611463e+00  1.639071e+01  
81        1.49995400135e+05   0.000000e+00   -7.607245e+00  1.639071e+01  
82        1.49995376409e+05   0.000000e+00   -7.603294e+00  1.639071e+01  
83        1.49995352358e+05   0.000000e+00   -7.599644e+00  1.639071e+01  
84        1.49995326689e+05   0.000000e+00   -7.596345e+00  1.639072e+01  
85        1.49995299646e+05   0.000000e+00   -7.593433e+00  1.639072e+01  
86        1.49995269767e+05   0.000000e+00   -7.590939e+00  1.639073e+01  
87        1.49995236761e+05   0.000000e+00   -7.588878e+00  1.639074e+01  
88        1.49995199685e+05   0.000000e+00   -7.587255e+00  1.639075e+01  
89        1.49995157479e+05   0.000000e+00   -7.586058e+00  1.639076e+01  
90        1.49995109050e+05   0.000000e+00   -7.585287e+00  1.639078e+01  
91        1.49995053792e+05   0.000000e+00   -7.584970e+00  1.639079e+01  
92        1.49994989264e+05   0.000000e+00   -7.585153e+00  1.639081e+01  
93        1.49994915182e+05   0.000000e+00   -7.585861e+00  1.639084e+01  
94        1.49994827957e+05   0.000000e+00   -7.587067e+00  1.639086e+01  
95        1.49994725722e+05   0.000000e+00   -7.588681e+00  1.639089e+01  
96        1.49994603168e+05   0.000000e+00   -7.590570e+00  1.639091e+01  
97        1.49994456145e+05   0.000000e+00   -7.592566e+00  1.639095e+01  
98        1.49994276535e+05   0.000000e+00   -7.594446e+00  1.639098e+01  
99        1.49994055221e+05   0.000000e+00   -7.595912e+00  1.639102e+01  
100       1.49993777737e+05   0.000000e+00   -7.596572e+00  1.639106e+01  
101       1.49993425052e+05   0.000000e+00   -7.595910e+00  1.639111e+01  
102       1.49992969030e+05   0.000000e+00   -7.593214e+00  1.639117e+01  
103       1.49992368232e+05   0.000000e+00   -7.587459e+00  1.639123e+01  
104       1.49991560785e+05   0.000000e+00   -7.577151e+00  1.639131e+01  
105       1.49990453193e+05   0.000000e+00   -7.560141e+00  1.639140e+01  
106       1.49988907642e+05   0.000000e+00   -7.533439e+00  1.639152e+01  
107       1.49986720395e+05   0.000000e+00   -7.493104e+00  1.639167e+01  
108       1.49983593499e+05   0.000000e+00   -7.434286e+00  1.639188e+01  
109       1.49979108658e+05   0.000000e+00   -7.351446e+00  1.639215e+01  
110       1.49972726205e+05   0.000000e+00   -7.238760e+00  1.639253e+01  
111       1.49963849513e+05   0.000000e+00   -7.090600e+00  1.639305e+01  
112       1.49951968136e+05   0.000000e+00   -6.901949e+00  1.639372e+01  
113       1.49936863083e+05   0.000000e+00   -6.668779e+00  1.639456e+01  
114       1.49918798231e+05   0.000000e+00   -6.388601e+00  1.639556e+01  
115       1.49898568075e+05   0.000000e+00   -6.061368e+00  1.639669e+01  
116       1.49877361564e+05   0.000000e+00   -5.690541e+00  1.639789e+01  
117       1.49856455293e+05   0.000000e+00   -5.283813e+00  1.639911e+01  
118       1.49836899777e+05   0.000000e+00   -4.852811e+00  1.640030e+01  
119       1.49819412533e+05   0.000000e+00   -4.411501e+00  1.640144e+01  
120       1.49804478422e+05   0.000000e+00   -3.974146e+00  1.640253e+01  
121       1.49792276327e+05   0.000000e+00   -3.553671e+00  1.640356e+01  
122       1.49782324428e+05   0.000000e+00   -3.160253e+00  1.640457e+01  
123       1.49772490572e+05   0.000000e+00   -2.799470e+00  1.640566e+01  
124       1.49755269697e+05   0.000000e+00   -2.467152e+00  1.640725e+01  
125       1.49691164612e+05   0.000000e+00   -2.082137e+00  1.641143e+01  
126       1.49693582919e+05   0.000000e+00   -1.304294e+00  1.641197e+01  
127       1.49587693065e+05   0.000000e+00   -1.298056e+00  1.641843e+01  
128       1.49821346325e+05   0.000000e+00   -1.083572e+00  1.640695e+01  
129       1.49755450193e+05   0.000000e+00   -1.091013e+00  1.641145e+01  
130       1.49639059315e+05   0.000000e+00   1.619453e-01   1.641664e+01  
131       1.49945129262e+05   0.000000e+00   -2.544758e-01  1.640491e+01  
132       1.49693685057e+05   0.000000e+00   -2.259640e-01  1.641551e+01  
133       1.49840209837e+05   0.000000e+00   -1.634830e-01  1.641103e+01  
134       1.49943442616e+05   0.000000e+00   1.335015e-01   1.640421e+01  
135       1.49877510393e+05   0.000000e+00   3.507284e-01   1.641156e+01  
136       1.49956645914e+05   0.000000e+00   5.397748e-01   1.640689e+01  
137       1.49750427960e+05   0.000000e+00   1.681168e+00   1.641635e+01  
138       1.49903590191e+05   0.000000e+00   1.472625e+00   1.641233e+01  
139       1.49925117246e+05   0.000000e+00   2.189569e+00   1.641403e+01  
140       1.49818440149e+05   0.000000e+00   1.897243e+00   1.641895e+01  
141       1.49990599487e+05   0.000000e+00   2.372277e+00   1.641374e+01  
142       1.49864982088e+05   0.000000e+00   1.915824e+00   1.642279e+01  
143       1.50081417368e+05   0.000000e+00   1.769937e+00   1.641354e+01  
144       1.49713838849e+05   0.000000e+00   2.096769e+00   1.643054e+01  
145       1.50055051205e+05   0.000000e+00   1.993568e+00   1.641615e+01  
146       1.49616694761e+05   0.000000e+00   2.315614e+00   1.643623e+01  
147       1.50065246339e+05   0.000000e+00   2.225150e+00   1.641784e+01  
148       1.49560052488e+05   0.000000e+00   2.510949e+00   1.643990e+01  
149       1.50083622560e+05   0.000000e+00   2.457522e+00   1.641889e+01  
150       1.49574556406e+05   0.000000e+00   2.727860e+00   1.644081e+01  
151       1.50116001655e+05   0.000000e+00   2.727990e+00   1.641886e+01  
152       1.49634330215e+05   0.000000e+00   3.004009e+00   1.643951e+01  
153       1.50165040441e+05   0.000000e+00   3.026015e+00   1.641759e+01  
154       1.49713643772e+05   0.000000e+00   3.310489e+00   1.643672e+01  
155       1.50227478390e+05   0.000000e+00   3.335575e+00   1.641508e+01  
156       1.49797528968e+05   0.000000e+00   3.617871e+00   1.643289e+01  
157       1.50293599321e+05   0.000000e+00   3.632729e+00   1.641154e+01  
158       1.49875589573e+05   0.000000e+00   3.911333e+00   1.642835e+01  
159       1.50353890098e+05   0.000000e+00   3.922494e+00   1.640727e+01  
160       1.49933452913e+05   0.000000e+00   4.197278e+00   1.642354e+01  
161       1.50399930048e+05   0.000000e+00   4.210581e+00   1.640257e+01  
162       1.49967450130e+05   0.000000e+00   4.477832e+00   1.641852e+01  
163       1.50429898499e+05   0.000000e+00   4.488573e+00   1.639744e+01  
164       1.49976335822e+05   0.000000e+00   4.742515e+00   1.641328e+01  
165       1.50430288985e+05   0.000000e+00   4.762169e+00   1.639249e+01  
166       1.49943107603e+05   0.000000e+00   5.030168e+00   1.640870e+01  
167       1.50387385329e+05   0.000000e+00   5.081932e+00   1.638839e+01  
168       1.49892377433e+05   0.000000e+00   5.362095e+00   1.640370e+01  
169       1.50333662801e+05   0.000000e+00   5.410635e+00   1.638345e+01  
170       1.49790505781e+05   0.000000e+00   5.723548e+00   1.639985e+01  
171       1.50141255570e+05   0.000000e+00   5.869141e+00   1.638409e+01  
172       1.49606597444e+05   0.000000e+00   6.242959e+00   1.639978e+01  
173       1.50019937912e+05   0.000000e+00   6.326264e+00   1.638149e+01  
174       1.49526501767e+05   0.000000e+00   6.626545e+00   1.639436e+01  
175       1.49756068291e+05   0.000000e+00   6.825882e+00   1.638377e+01  
176       1.49211922646e+05   0.000000e+00   7.331100e+00   1.639914e+01  
177       1.49555430246e+05   0.000000e+00   7.865648e+00   1.638395e+01  
178       1.49303669497e+05   0.000000e+00   8.439488e+00   1.639050e+01  
179       1.49201105137e+05   0.000000e+00   8.396869e+00   1.639056e+01  
180       1.48870167041e+05   0.000000e+00   8.958265e+00   1.639854e+01  
181       1.49166867203e+05   0.000000e+00   9.228463e+00   1.638685e+01  
182       1.48637494347e+05   0.000000e+00   1.002028e+01   1.640229e+01  
183       1.48895837394e+05   0.000000e+00   1.081521e+01   1.639307e+01  
184       1.48642051955e+05   0.000000e+00   1.139824e+01   1.640069e+01  
185       1.48794523714e+05   0.000000e+00   1.120275e+01   1.639771e+01  
186       1.48387027118e+05   0.000000e+00   1.181799e+01   1.640939e+01  
187       1.48544008925e+05   0.000000e+00   1.194563e+01   1.640535e+01  
188       1.48196580916e+05   0.000000e+00   1.250193e+01   1.641821e+01  
189       1.48410355043e+05   0.000000e+00   1.312951e+01   1.641193e+01  
190       1.48008594187e+05   0.000000e+00   1.511197e+01   1.642492e+01  
191       1.48410413417e+05   0.000000e+00   1.736031e+01   1.641594e+01  
192       1.48323655525e+05   0.000000e+00   1.783922e+01   1.641734e+01  
193       1.48417190550e+05   0.000000e+00   1.916656e+01   1.642421e+01  
194       1.47984287173e+05   0.000000e+00   1.714929e+01   1.643430e+01  
195       1.47831657804e+05   0.000000e+00   1.967244e+01   1.643562e+01  
196       1.47515091731e+05   0.000000e+00   2.624899e+01   1.644281e+01  
197       1.47781616769e+05   0.000000e+00   2.467542e+01   1.644645e+01  
198       1.47717870998e+05   0.000000e+00   2.098579e+01   1.646283e+01  
199       1.47883429350e+05   0.000000e+00   2.119433e+01   1.645662e+01  
200       1.47602163103e+05   0.000000e+00   2.332673e+01   1.647634e+01  
201       1.47997185784e+05   0.000000e+00   2.367041e+01   1.645174e+01  
202       1.47129024064e+05   0.000000e+00   2.637493e+01   1.648213e+01  
203       1.48136782711e+05   0.000000e+00   2.544211e+01   1.647511e+01  
204       1.47609042395e+05   0.000000e+00   2.437755e+01   1.648126e+01  
205       1.47958991787e+05   0.000000e+00   2.567893e+01   1.648405e+01  
206       1.47512612568e+05   0.000000e+00   2.779776e+01   1.646743e+01  
207       1.48238467989e+05   0.000000e+00   2.799467e+01   1.648301e+01  
208       1.48017309944e+05   0.000000e+00   2.794881e+01   1.648743e+01  
209       1.48345274608e+05   0.000000e+00   2.764157e+01   1.648454e+01  
210       1.47815217622e+05   0.000000e+00   2.830441e+01   1.646844e+01  
211       1.48591029161e+05   0.000000e+00   2.768694e+01   1.649625e+01  
212       1.47853602715e+05   0.000000e+00   2.794165e+01   1.648141e+01  
213       1.48849550865e+05   0.000000e+00   2.790430e+01   1.647599e+01  
214       1.47925802111e+05   0.000000e+00   2.921290e+01   1.648259e+01  
215       1.49144011198e+05   0.000000e+00   2.978042e+01   1.648289e+01  
216       1.48151960115e+05   0.000000e+00   3.382385e+01   1.648871e+01  
217       1.49400322763e+05   0.000000e+00   3.492337e+01   1.648121e+01  
218       1.48697431390e+05   0.000000e+00   3.731186e+01   1.647366e+01  
219       1.49376196200e+05   0.000000e+00   3.673042e+01   1.648678e+01  
220       1.48819257753e+05   0.000000e+00   3.996942e+01   1.647067e+01  
221       1.49632753639e+05   0.000000e+00   5.088273e+01   1.647528e+01  
222       1.49426015286e+05   0.000000e+00   4.770242e+01   1.647181e+01  
223       1.49813792175e+05   0.000000e+00   4.264164e+01   1.647690e+01  
224       1.49442364248e+05   0.000000e+00   4.219542e+01   1.645964e+01  
225       1.49688637160e+05   0.000000e+00   4.310748e+01   1.648750e+01  
226       1.49679436417e+05   0.000000e+00   3.905502e+01   1.648264e+01  
227       1.49766927248e+05   0.000000e+00   3.926174e+01   1.648854e+01  
228       1.49799792188e+05   0.000000e+00   4.462567e+01   1.647542e+01  
229       1.49959613753e+05   0.000000e+00   4.172154e+01   1.648093e+01  
230       1.49618270790e+05   0.000000e+00   4.237091e+01   1.649255e+01  
231       1.49873898774e+05   0.000000e+00   4.306732e+01   1.649179e+01  
232       1.49693920977e+05   0.000000e+00   4.272848e+01   1.649821e+01  
233       1.49933517833e+05   0.000000e+00   4.658287e+01   1.650250e+01  
234       1.49410641137e+05   0.000000e+00   4.495943e+01   1.651787e+01  
235       1.49633070005e+05   0.000000e+00   4.538869e+01   1.651580e+01  
236       1.49752414143e+05   0.000000e+00   4.562831e+01   1.651508e+01  
237       1.49572239670e+05   0.000000e+00   4.498661e+01   1.652471e+01  
238       1.49939870741e+05   0.000000e+00   4.456978e+01   1.652041e+01  
239       1.49742346602e+05   0.000000e+00   4.465376e+01   1.653614e+01  
240       1.49689875958e+05   0.000000e+00   4.557821e+01   1.652917e+01  
241       1.49793310797e+05   0.000000e+00   4.471424e+01   1.654705e+01  
242       1.49729507572e+05   0.000000e+00   4.492249e+01   1.653612e+01  
243       1.49816371181e+05   0.000000e+00   4.491696e+01   1.655087e+01  
244       1.49798450235e+05   0.000000e+00   4.528735e+01   1.654085e+01  
245       1.49652605835e+05   0.000000e+00   4.537136e+01   1.656475e+01  
246       1.49818210691e+05   0.000000e+00   4.585759e+01   1.655024e+01  
247       1.49470323651e+05   0.000000e+00   4.683792e+01   1.656951e+01  
248       1.50306414951e+05   0.000000e+00   4.984873e+01   1.654266e+01  
249       1.49847186812e+05   0.000000e+00   5.290589e+01   1.656745e+01  
250       1.50062479418e+05   0.000000e+00   5.245749e+01   1.654822e+01  
251       1.49490851280e+05   0.000000e+00   4.768986e+01   1.657328e+01  
252       1.49998776194e+05   0.000000e+00   4.727181e+01   1.656538e+01  
253       1.49702516952e+05   0.000000e+00   4.772782e+01   1.657694e+01  
254       1.50035879487e+05   0.000000e+00   4.749359e+01   1.656711e+01  
255       1.49390388050e+05   0.000000e+00   4.805643e+01   1.657953e+01  
256       1.50337060443e+05   0.000000e+00   4.922262e+01   1.656620e+01  
257       1.49635175201e+05   0.000000e+00   4.802313e+01   1.658213e+01  
258       1.50102421237e+05   0.000000e+00   4.805779e+01   1.656969e+01  
259       1.49816339338e+05   0.000000e+00   4.815715e+01   1.658828e+01  
260       1.50178107363e+05   0.000000e+00   4.841110e+01   1.657956e+01  
261       1.49481509659e+05   0.000000e+00   5.085007e+01   1.658907e+01  
262       1.50698008148e+05   0.000000e+00   4.843573e+01   1.657701e+01  
263       1.49554071177e+05   0.000000e+00   4.892271e+01   1.659579e+01  
264       1.50637030447e+05   0.000000e+00   4.863263e+01   1.658296e+01  
265       1.49505185320e+05   0.000000e+00   4.863782e+01   1.660451e+01  
266       1.50512399410e+05   0.000000e+00   4.848967e+01   1.658798e+01  
267       1.49811489973e+05   0.000000e+00   4.867850e+01   1.659712e+01  
268       1.50187534938e+05   0.000000e+00   4.875245e+01   1.659801e+01  
269       1.49895005433e+05   0.000000e+00   4.866408e+01   1.660833e+01  
270       1.50295756930e+05   0.000000e+00   4.898229e+01   1.658914e+01  
271       1.50239959035e+05   0.000000e+00   4.907173e+01   1.660056e+01  
272       1.50377836945e+05   0.000000e+00   4.917063e+01   1.660608e+01  
273       1.49966006198e+05   0.000000e+00   4.893787e+01   1.660565e+01  
274       1.50949217943e+05   0.000000e+00   4.869625e+01   1.660361e+01  
275       1.50273457458e+05   0.000000e+00   4.884385e+01   1.660248e+01  
276       1.51070175731e+05   0.000000e+00   4.866078e+01   1.660585e+01  
277       1.50486462031e+05   0.000000e+00   4.890340e+01   1.660876e+01  
278       1.51050985169e+05   0.000000e+00   4.915712e+01   1.660345e+01  
279       1.50501364998e+05   0.000000e+00   4.962917e+01   1.660715e+01  
280       1.50742602043e+05   0.000000e+00   4.951073e+01   1.661182e+01  
281       1.50361809423e+05   0.000000e+00   4.945014e+01   1.660774e+01  
282       1.50838462219e+05   0.000000e+00   4.965937e+01   1.660694e+01  
283       1.50315621354e+05   0.000000e+00   4.983351e+01   1.662669e+01  
284       1.50904728534e+05   0.000000e+00   4.968741e+01   1.660857e+01  
285       1.50175903649e+05   0.000000e+00   4.995157e+01   1.662752e+01  
286       1.50440971575e+05   0.000000e+00   5.000753e+01   1.662442e+01  
287       1.50265438609e+05   0.000000e+00   5.000409e+01   1.663023e+01  
288       1.50781052596e+05   0.000000e+00   4.989886e+01   1.662706e+01  
289       1.50268267635e+05   0.000000e+00   5.017215e+01   1.663491e+01  
290       1.50437047492e+05   0.000000e+00   5.028342e+01   1.662564e+01  
291       1.50352456973e+05   0.000000e+00   5.021217e+01   1.663972e+01  
292       1.50430813817e+05   0.000000e+00   5.053923e+01   1.662614e+01  
293       1.50381384992e+05   0.000000e+00   5.031479e+01   1.663949e+01  
294       1.50614599959e+05   0.000000e+00   5.056804e+01   1.662053e+01  
295       1.50226048641e+05   0.000000e+00   5.070400e+01   1.664511e+01  
296       1.50310211643e+05   0.000000e+00   5.076246e+01   1.662103e+01  
297       1.50610160057e+05   0.000000e+00   5.172425e+01   1.664610e+01  
298       1.50323605445e+05   0.000000e+00   5.145563e+01   1.663233e+01  
299       1.50264395741e+05   0.000000e+00   5.200096e+01   1.666185e+01  
300       1.50483585866e+05   0.000000e+00   5.133671e+01   1.662269e+01  
301       1.50669474807e+05   0.000000e+00   5.104568e+01   1.665606e+01  
302       1.50785777684e+05   0.000000e+00   5.111900e+01   1.662722e+01  
303       1.50481497614e+05   0.000000e+00   5.108710e+01   1.665979e+01  
304       1.50601107041e+05   0.000000e+00   5.136037e+01   1.663632e+01  
305       1.50715656092e+05   0.000000e+00   5.107394e+01   1.666718e+01  
306       1.50602805890e+05   0.000000e+00   5.122524e+01   1.663506e+01  
307       1.51044011799e+05   0.000000e+00   5.091579e+01   1.665895e+01  
308       1.50621614585e+05   0.000000e+00   5.130976e+01   1.664415e+01  
309       1.50754560954e+05   0.000000e+00   5.127948e+01   1.666500e+01  
310       1.50587579707e+05   0.000000e+00   5.139788e+01   1.665303e+01  
311       1.51089664182e+05   0.000000e+00   5.109688e+01   1.667195e+01  
312       1.50751371833e+05   0.000000e+00   5.136565e+01   1.664882e+01  
313       1.50657770531e+05   0.000000e+00   5.149506e+01   1.667681e+01  
314       1.50755220058e+05   0.000000e+00   5.152547e+01   1.664309e+01  
315       1.50615323102e+05   0.000000e+00   5.158308e+01   1.668153e+01  
316       1.50723738898e+05   0.000000e+00   5.170813e+01   1.665238e+01  
317       1.50671069617e+05   0.000000e+00   5.212246e+01   1.666749e+01  
318       1.50853884297e+05   0.000000e+00   5.206718e+01   1.665202e+01  
319       1.50571538654e+05   0.000000e+00   5.270517e+01   1.667482e+01  
320       1.50779784358e+05   0.000000e+00   5.261679e+01   1.666668e+01  
321       1.50429615828e+05   0.000000e+00   5.313766e+01   1.668043e+01  
322       1.51220912396e+05   0.000000e+00   5.227765e+01   1.665118e+01  
323       1.50708334585e+05   0.000000e+00   5.271390e+01   1.670030e+01  
324       1.50681260334e+05   0.000000e+00   5.300176e+01   1.666907e+01  
325       1.50865135444e+05   0.000000e+00   5.286161e+01   1.668027e+01  
326       1.50718828225e+05   0.000000e+00   5.308503e+01   1.667231e+01  
327       1.51023251053e+05   0.000000e+00   5.276742e+01   1.669765e+01  
328       1.50750287613e+05   0.000000e+00   5.312626e+01   1.667359e+01  
329       1.51149759074e+05   0.000000e+00   5.288363e+01   1.670514e+01  
330       1.50854154831e+05   0.000000e+00   5.331212e+01   1.667316e+01  
331       1.50683105999e+05   0.000000e+00   5.325225e+01   1.671212e+01  
332       1.51503482840e+05   0.000000e+00   5.296502e+01   1.666749e+01  
333       1.50737197236e+05   0.000000e+00   5.322057e+01   1.671961e+01  
334       1.51527164589e+05   0.000000e+00   5.320698e+01   1.666299e+01  
335       1.50576535670e+05   0.000000e+00   5.348606e+01   1.673032e+01  
336       1.51471775864e+05   0.000000e+00   5.349235e+01   1.667144e+01  
337       1.50547140359e+05   0.000000e+00   5.358309e+01   1.673196e+01  
338       1.51558181701e+05   0.000000e+00   5.361915e+01   1.667719e+01  
339       1.50534316009e+05   0.000000e+00   5.363768e+01   1.672790e+01  
340       1.51795945064e+05   0.000000e+00   5.370760e+01   1.667372e+01  
341       1.50207714152e+05   0.000000e+00   5.400839e+01   1.672283e+01  
342       1.52039521097e+05   0.000000e+00   5.357773e+01   1.667794e+01  
343       1.50295100805e+05   0.000000e+00   5.397912e+01   1.673302e+01  
344       1.51731993328e+05   0.000000e+00   5.393696e+01   1.667785e+01  
345       1.50444666094e+05   0.000000e+00   5.403167e+01   1.672497e+01  
346       1.51886512496e+05   0.000000e+00   5.395230e+01   1.667893e+01  
347       1.50525737047e+05   0.000000e+00   5.427233e+01   1.671625e+01  
348       1.51662978998e+05   0.000000e+00   5.415702e+01   1.668544e+01  
349       1.50738217443e+05   0.000000e+00   5.423548e+01   1.671506e+01  
350       1.51462237658e+05   0.000000e+00   5.446920e+01   1.669216e+01  
351       1.50722716735e+05   0.000000e+00   5.471050e+01   1.671007e+01  
352       1.51322730052e+05   0.000000e+00   5.505511e+01   1.669329e+01  
353       1.50464793274e+05   0.000000e+00   5.605661e+01   1.670707e+01  
354       1.51332795808e+05   0.000000e+00   5.606737e+01   1.668768e+01  
355       1.50563774606e+05   0.000000e+00   5.697863e+01   1.670224e+01  
356       1.51469054354e+05   0.000000e+00   5.732550e+01   1.668098e+01  
357       1.50665066743e+05   0.000000e+00   5.917184e+01   1.671958e+01  
358       1.51335937122e+05   0.000000e+00   5.649070e+01   1.668561e+01  
359       1.50610520194e+05   0.000000e+00   5.696047e+01   1.673124e+01  
360       1.51732088726e+05   0.000000e+00   5.635463e+01   1.668437e+01  
361       1.50505510830e+05   0.000000e+00   5.708554e+01   1.674403e+01  
362       1.51683309693e+05   0.000000e+00   5.647199e+01   1.668160e+01  
363       1.50694598129e+05   0.000000e+00   5.709881e+01   1.674651e+01  
364       1.51552366241e+05   0.000000e+00   5.652219e+01   1.667008e+01  
365       1.50641090350e+05   0.000000e+00   5.718707e+01   1.675804e+01  
366       1.51667384788e+05   0.000000e+00   5.659948e+01   1.667041e+01  
367       1.50709130084e+05   0.000000e+00   5.713481e+01   1.675841e+01  
368       1.51967658617e+05   0.000000e+00   5.658020e+01   1.666347e+01  
369       1.50629705791e+05   0.000000e+00   5.725639e+01   1.676530e+01  
370       1.51752340872e+05   0.000000e+00   5.690420e+01   1.667217e+01  
371       1.50440306066e+05   0.000000e+00   5.874075e+01   1.677339e+01  
372       1.51985578966e+05   0.000000e+00   5.692804e+01   1.667057e+01  
373       1.50622732374e+05   0.000000e+00   5.761544e+01   1.678374e+01  
374       1.51741943947e+05   0.000000e+00   5.714602e+01   1.667726e+01  
375       1.50719668943e+05   0.000000e+00   5.757249e+01   1.677717e+01  
376       1.51518886037e+05   0.000000e+00   5.725590e+01   1.669442e+01  
377       1.50774847393e+05   0.000000e+00   5.805176e+01   1.677582e+01  
378       1.51672096016e+05   0.000000e+00   5.732844e+01   1.668947e+01  
379       1.50234293510e+05   0.000000e+00   5.819423e+01   1.677854e+01  
380       1.51750705348e+05   0.000000e+00   5.739920e+01   1.668336e+01  
381       1.50150596825e+05   0.000000e+00   5.819322e+01   1.678778e+01  
382       1.51935026321e+05   0.000000e+00   5.735286e+01   1.668775e+01  
383       1.50158737229e+05   0.000000e+00   5.856092e+01   1.678129e+01  
384       1.51542440574e+05   0.000000e+00   5.797951e+01   1.669485e+01  
385       1.50331014391e+05   0.000000e+00   5.857520e+01   1.677498e+01  
386       1.51438332038e+05   0.000000e+00   5.810011e+01   1.669405e+01  
387       1.50320642409e+05   0.000000e+00   5.851715e+01   1.677683e+01  
388       1.51374501668e+05   0.000000e+00   5.819292e+01   1.669983e+01  
389       1.50054460225e+05   0.000000e+00   5.876068e+01   1.677583e+01  
390       1.51334823873e+05   0.000000e+00   5.821502e+01   1.670186e+01  
391       1.50219345989e+05   0.000000e+00   5.852032e+01   1.677581e+01  
392       1.51249804891e+05   0.000000e+00   5.832934e+01   1.670731e+01  
393       1.49809141671e+05   0.000000e+00   5.886261e+01   1.678594e+01  
394       1.51310022786e+05   0.000000e+00   5.826610e+01   1.670944e+01  
395       1.50023951407e+05   0.000000e+00   5.860008e+01   1.678833e+01  
396       1.51585627371e+05   0.000000e+00   5.810167e+01   1.670559e+01  
397       1.49884637680e+05   0.000000e+00   5.874949e+01   1.678122e+01  
398       1.51922272813e+05   0.000000e+00   5.807789e+01   1.670638e+01  
399       1.49697100573e+05   0.000000e+00   5.901245e+01   1.679327e+01  
400       1.51811280093e+05   0.000000e+00   5.814512e+01   1.671341e+01  
401       1.49987295637e+05   0.000000e+00   5.890831e+01   1.678296e+01  
402       1.51486396047e+05   0.000000e+00   5.852758e+01   1.671328e+01  
403       1.50030376047e+05   0.000000e+00   5.896508e+01   1.677695e+01  
404       1.51386507773e+05   0.000000e+00   5.868218e+01   1.671857e+01  
405       1.50062061454e+05   0.000000e+00   5.906102e+01   1.677371e+01  
406       1.51405907624e+05   0.000000e+00   5.865762e+01   1.671052e+01  
407       1.49718337603e+05   0.000000e+00   5.935288e+01   1.676480e+01  
408       1.51630048388e+05   0.000000e+00   5.857795e+01   1.669603e+01  
409       1.49523251928e+05   0.000000e+00   5.964430e+01   1.677280e+01  
410       1.51440991576e+05   0.000000e+00   5.865734e+01   1.670694e+01  
411       1.49675648257e+05   0.000000e+00   5.942462e+01   1.676368e+01  
412       1.51673234080e+05   0.000000e+00   5.845552e+01   1.670672e+01  
413       1.49505678944e+05   0.000000e+00   5.961744e+01   1.676551e+01  
414       1.51342216282e+05   0.000000e+00   5.898427e+01   1.670977e+01  
415       1.49530966673e+05   0.000000e+00   5.962853e+01   1.676649e+01  
416       1.51325222208e+05   0.000000e+00   5.898566e+01   1.670729e+01  
417       1.49576616632e+05   0.000000e+00   5.960017e+01   1.676330e+01  
418       1.51353939566e+05   0.000000e+00   5.910297e+01   1.671306e+01  
419       1.49456210848e+05   0.000000e+00   5.993040e+01   1.676045e+01  
420       1.51315049723e+05   0.000000e+00   5.925042e+01   1.671621e+01  
421       1.49441828245e+05   0.000000e+00   6.017959e+01   1.676847e+01  
422       1.51233621718e+05   0.000000e+00   5.940484e+01   1.670855e+01  
423       1.49561096067e+05   0.000000e+00   6.020416e+01   1.677116e+01  
424       1.51151522076e+05   0.000000e+00   5.957741e+01   1.670124e+01  
425       1.49521058460e+05   0.000000e+00   6.024294e+01   1.677506e+01  
426       1.51197005616e+05   0.000000e+00   5.963561e+01   1.670102e+01  
427       1.49586441699e+05   0.000000e+00   6.041541e+01   1.677358e+01  
428       1.51025451662e+05   0.000000e+00   5.981979e+01   1.670350e+01  
429       1.49537691167e+05   0.000000e+00   6.061487e+01   1.677623e+01  
430       1.51248973296e+05   0.000000e+00   5.974054e+01   1.669503e+01  
431       1.49461550106e+05   0.000000e+00   6.071008e+01   1.677692e+01  
432       1.51497325651e+05   0.000000e+00   5.967787e+01   1.669524e+01  
433       1.49601309655e+05   0.000000e+00   6.054354e+01   1.678385e+01  
434       1.51665625937e+05   0.000000e+00   5.980140e+01   1.670462e+01  
435       1.49472102387e+05   0.000000e+00   6.077271e+01   1.677698e+01  
436       1.51808445141e+05   0.000000e+00   5.990779e+01   1.670841e+01  
437       1.49313758036e+05   0.000000e+00   6.088759e+01   1.678830e+01  
438       1.51748802565e+05   0.000000e+00   6.005400e+01   1.669807e+01  
439       1.49317697110e+05   0.000000e+00   6.092929e+01   1.679322e+01  
440       1.51581696780e+05   0.000000e+00   6.019488e+01   1.669882e+01  
441       1.49432815571e+05   0.000000e+00   6.105983e+01   1.678458e+01  
442       1.51166016874e+05   0.000000e+00   6.052909e+01   1.671057e+01  
443       1.49974844037e+05   0.000000e+00   6.085743e+01   1.679228e+01  
444       1.50939415604e+05   0.000000e+00   6.070872e+01   1.672090e+01  
445       1.49902065353e+05   0.000000e+00   6.110904e+01   1.679818e+01  
446       1.50832137386e+05   0.000000e+00   6.074915e+01   1.672612e+01  
447       1.50002544620e+05   0.000000e+00   6.122030e+01   1.680294e+01  
448       1.50558082755e+05   0.000000e+00   6.098892e+01   1.672991e+01  
449       1.50141591971e+05   0.000000e+00   6.119833e+01   1.679541e+01  
450       1.50364576165e+05   0.000000e+00   6.109211e+01   1.674656e+01  
451       1.50295504771e+05   0.000000e+00   6.132149e+01   1.680412e+01  
452       1.50461799058e+05   0.000000e+00   6.110973e+01   1.673788e+01  
453       1.50300804762e+05   0.000000e+00   6.141651e+01   1.679824e+01  
454       1.50472036595e+05   0.000000e+00   6.120311e+01   1.673727e+01  
455       1.49889915990e+05   0.000000e+00   6.170557e+01   1.680799e+01  
456       1.50717417565e+05   0.000000e+00   6.117927e+01   1.673472e+01  
457       1.49953415839e+05   0.000000e+00   6.163191e+01   1.681230e+01  
458       1.50641500760e+05   0.000000e+00   6.120596e+01   1.674822e+01  
459       1.49987148217e+05   0.000000e+00   6.163556e+01   1.682213e+01  
460       1.50393534217e+05   0.000000e+00   6.146941e+01   1.675830e+01  
461       1.50299735199e+05   0.000000e+00   6.140647e+01   1.682380e+01  
462       1.50294085400e+05   0.000000e+00   6.158655e+01   1.676640e+01  
463       1.50086447256e+05   0.000000e+00   6.162323e+01   1.681680e+01  
464       1.50184991095e+05   0.000000e+00   6.177147e+01   1.678035e+01  
465       1.50140026949e+05   0.000000e+00   6.153106e+01   1.681563e+01  
466       1.50355904541e+05   0.000000e+00   6.153105e+01   1.678606e+01  
467       1.50433906967e+05   0.000000e+00   6.142305e+01   1.681519e+01  
468       1.50081617686e+05   0.000000e+00   6.167889e+01   1.678741e+01  
469       1.50627961385e+05   0.000000e+00   6.131274e+01   1.680558e+01  
470       1.50007349537e+05   0.000000e+00   6.161755e+01   1.679420e+01  
471       1.50859411358e+05   0.000000e+00   6.121780e+01   1.680232e+01  
472       1.49844323595e+05   0.000000e+00   6.184005e+01   1.679594e+01  
473       1.50791121025e+05   0.000000e+00   6.154954e+01   1.680002e+01  
474       1.49586301274e+05   0.000000e+00   6.205567e+01   1.678827e+01  
475       1.50847828826e+05   0.000000e+00   6.165202e+01   1.679207e+01  
476       1.49596126086e+05   0.000000e+00   6.212063e+01   1.678110e+01  
477       1.50704142047e+05   0.000000e+00   6.194237e+01   1.678299e+01  
478       1.49254124444e+05   0.000000e+00   6.248816e+01   1.679058e+01  
479       1.51154245644e+05   0.000000e+00   6.177776e+01   1.677220e+01  
480       1.49112334092e+05   0.000000e+00   6.255374e+01   1.678807e+01  
481       1.51489777679e+05   0.000000e+00   6.150786e+01   1.677443e+01  
482       1.49035866602e+05   0.000000e+00   6.270187e+01   1.678380e+01  
483       1.51212850813e+05   0.000000e+00   6.169218e+01   1.678608e+01  
484       1.49173122258e+05   0.000000e+00   6.257606e+01   1.678175e+01  
485       1.51207825661e+05   0.000000e+00   6.158888e+01   1.678038e+01  
486       1.49298052647e+05   0.000000e+00   6.253234e+01   1.678351e+01  
487       1.50884606126e+05   0.000000e+00   6.187573e+01   1.678007e+01  
488       1.49443463533e+05   0.000000e+00   6.239606e+01   1.679086e+01  
489       1.50780417262e+05   0.000000e+00   6.192595e+01   1.678730e+01  
490       1.49398917534e+05   0.000000e+00   6.246492e+01   1.677961e+01  
491       1.50654204742e+05   0.000000e+00   6.196539e+01   1.678919e+01  
492       1.49416535143e+05   0.000000e+00   6.258641e+01   1.677732e+01  
493       1.50590783751e+05   0.000000e+00   6.192988e+01   1.677777e+01  
494       1.49283183432e+05   0.000000e+00   6.263750e+01   1.678748e+01  
495       1.50551869660e+05   0.000000e+00   6.206220e+01   1.677855e+01  
496       1.49528888217e+05   0.000000e+00   6.249039e+01   1.677456e+01  
497       1.50299056513e+05   0.000000e+00   6.230829e+01   1.678397e+01  
498       1.49603064822e+05   0.000000e+00   6.245919e+01   1.676403e+01  
499       1.50092907220e+05   0.000000e+00   6.268940e+01   1.678097e+01  
500       1.49088533983e+05   0.000000e+00   6.286246e+01   1.677711e+01  
501       1.50376533174e+05   0.000000e+00   6.247057e+01   1.676216e+01  
502       1.49172845635e+05   0.000000e+00   6.289398e+01   1.677797e+01  
503       1.50181577384e+05   0.000000e+00   6.272543e+01   1.677316e+01  
504       1.48991855648e+05   0.000000e+00   6.308942e+01   1.678020e+01  
505       1.50463654151e+05   0.000000e+00   6.258909e+01   1.677214e+01  
506       1.49155781367e+05   0.000000e+00   6.306891e+01   1.678090e+01  
507       1.50220890355e+05   0.000000e+00   6.291616e+01   1.677293e+01  
508       1.49046031372e+05   0.000000e+00   6.317990e+01   1.677933e+01  
509       1.50353250737e+05   0.000000e+00   6.290847e+01   1.676735e+01  
510       1.48909843945e+05   0.000000e+00   6.324746e+01   1.678999e+01  
511       1.50119966396e+05   0.000000e+00   6.314714e+01   1.676566e+01  
512       1.49043699890e+05   0.000000e+00   6.336623e+01   1.678972e+01  
513       1.49873221172e+05   0.000000e+00   6.329007e+01   1.677002e+01  
514       1.49175959209e+05   0.000000e+00   6.337494e+01   1.678314e+01  
515       1.49755535076e+05   0.000000e+00   6.337928e+01   1.676549e+01  
516       1.49545143548e+05   0.000000e+00   6.313199e+01   1.678236e+01  
517       1.49646322272e+05   0.000000e+00   6.354818e+01   1.677360e+01  
518       1.49391119479e+05   0.000000e+00   6.336786e+01   1.678421e+01  
519       1.49969403750e+05   0.000000e+00   6.329376e+01   1.677245e+01  
520       1.49686660395e+05   0.000000e+00   6.314462e+01   1.678773e+01  
521       1.50050739775e+05   0.000000e+00   6.320632e+01   1.677215e+01  
522       1.49773389118e+05   0.000000e+00   6.310889e+01   1.679043e+01  
523       1.49848717441e+05   0.000000e+00   6.337750e+01   1.677804e+01  
524       1.50006786794e+05   0.000000e+00   6.298287e+01   1.677482e+01  
525       1.49698910241e+05   0.000000e+00   6.356676e+01   1.678156e+01  
526       1.49929260761e+05   0.000000e+00   6.308856e+01   1.676958e+01  
527       1.49932634125e+05   0.000000e+00   6.343413e+01   1.678596e+01  
528       1.49935594849e+05   0.000000e+00   6.319006e+01   1.677883e+01  
529       1.49794580399e+05   0.000000e+00   6.343085e+01   1.678481e+01  
530       1.50231551544e+05   0.000000e+00   6.299716e+01   1.678413e+01  
531       1.49743791795e+05   0.000000e+00   6.344795e+01   1.679057e+01  
532       1.50280298634e+05   0.000000e+00   6.303034e+01   1.677969e+01  
533       1.49595416772e+05   0.000000e+00   6.357139e+01   1.680506e+01  
534       1.50499738456e+05   0.000000e+00   6.294994e+01   1.678122e+01  
535       1.49502514868e+05   0.000000e+00   6.362624e+01   1.680278e+01  
536       1.50440107305e+05   0.000000e+00   6.310126e+01   1.678639e+01  
537       1.49694740854e+05   0.000000e+00   6.355994e+01   1.680573e+01  
538       1.50214928947e+05   0.000000e+00   6.324991e+01   1.678233e+01  
539       1.49497396021e+05   0.000000e+00   6.365304e+01   1.680462e+01  
540       1.50294473607e+05   0.000000e+00   6.331163e+01   1.678743e+01  
541       1.49588268396e+05   0.000000e+00   6.364415e+01   1.680180e+01  
542       1.50490928959e+05   0.000000e+00   6.319800e+01   1.678674e+01  
543       1.49651167875e+05   0.000000e+00   6.362861e+01   1.679861e+01  
544       1.50447062571e+05   0.000000e+00   6.322169e+01   1.680084e+01  
545       1.49696695205e+05   0.000000e+00   6.371303e+01   1.679235e+01  
546       1.50507859617e+05   0.000000e+00   6.322047e+01   1.679449e+01  
547       1.49796282261e+05   0.000000e+00   6.363265e+01   1.679636e+01  
548       1.50234157222e+05   0.000000e+00   6.342031e+01   1.678783e+01  
549       1.49656046565e+05   0.000000e+00   6.374704e+01   1.680573e+01  
550       1.50359023856e+05   0.000000e+00   6.338961e+01   1.678810e+01  
551       1.49729825078e+05   0.000000e+00   6.364013e+01   1.680135e+01  
552       1.50196971559e+05   0.000000e+00   6.357156e+01   1.678806e+01  
553       1.49358721429e+05   0.000000e+00   6.400915e+01   1.680424e+01  
554       1.50341432935e+05   0.000000e+00   6.353346e+01   1.678678e+01  
555       1.49353345063e+05   0.000000e+00   6.388476e+01   1.681155e+01  
556       1.50393697832e+05   0.000000e+00   6.352316e+01   1.678664e+01  
557       1.49370088419e+05   0.000000e+00   6.392223e+01   1.681205e+01  
558       1.50186233097e+05   0.000000e+00   6.370708e+01   1.678995e+01  
559       1.49608264680e+05   0.000000e+00   6.356501e+01   1.680246e+01  
560       1.50235278587e+05   0.000000e+00   6.374275e+01   1.678786e+01  
561       1.49720235822e+05   0.000000e+00   6.350546e+01   1.680261e+01  
562       1.50244171263e+05   0.000000e+00   6.369308e+01   1.678297e+01  
563       1.49484719002e+05   0.000000e+00   6.383301e+01   1.679945e+01  
564       1.50321073632e+05   0.000000e+00   6.371136e+01   1.678118e+01  
565       1.49702738967e+05   0.000000e+00   6.366560e+01   1.678672e+01  
566       1.50164125737e+05   0.000000e+00   6.379931e+01   1.677778e+01  
567       1.49433170074e+05   0.000000e+00   6.405462e+01   1.678026e+01  
568       1.49983134390e+05   0.000000e+00   6.392180e+01   1.678100e+01  
569       1.49756541671e+05   0.000000e+00   6.380587e+01   1.677267e+01  
570       1.50053390980e+05   0.000000e+00   6.383526e+01   1.676914e+01  
571       1.49707384082e+05   0.000000e+00   6.395379e+01   1.678475e+01  
572       1.49881689830e+05   0.000000e+00   6.400930e+01   1.677204e+01  
573       1.49845033375e+05   0.000000e+00   6.395480e+01   1.678065e+01  
574       1.49772465101e+05   0.000000e+00   6.400973e+01   1.676933e+01  
575       1.50015892157e+05   0.000000e+00   6.390905e+01   1.677728e+01  
576       1.49631230975e+05   0.000000e+00   6.419762e+01   1.676511e+01  
577       1.50013274960e+05   0.000000e+00   6.396798e+01   1.677270e+01  
578       1.49652356963e+05   0.000000e+00   6.425589e+01   1.677066e+01  
579       1.49871286068e+05   0.000000e+00   6.405013e+01   1.677114e+01  
580       1.49924964999e+05   0.000000e+00   6.425706e+01   1.676365e+01  
581       1.49535798765e+05   0.000000e+00   6.429829e+01   1.677525e+01  
582       1.50017082009e+05   0.000000e+00   6.422207e+01   1.676208e+01  
583       1.49546555085e+05   0.000000e+00   6.441674e+01   1.677823e+01  
584       1.49693286757e+05   0.000000e+00   6.448127e+01   1.676030e+01  
585       1.49689565086e+05   0.000000e+00   6.431422e+01   1.678045e+01  
586       1.49811355340e+05   0.000000e+00   6.433918e+01   1.676029e+01  
587       1.49773331521e+05   0.000000e+00   6.424696e+01   1.676912e+01  
588       1.49699313851e+05   0.000000e+00   6.452290e+01   1.677568e+01  
589       1.49970001985e+05   0.000000e+00   6.412909e+01   1.677097e+01  
590       1.49831338641e+05   0.000000e+00   6.432742e+01   1.676685e+01  
591       1.50133495172e+05   0.000000e+00   6.403999e+01   1.677400e+01  
592       1.49832486492e+05   0.000000e+00   6.433085e+01   1.676028e+01  
593       1.50133228205e+05   0.000000e+00   6.411089e+01   1.678107e+01  
594       1.49745115051e+05   0.000000e+00   6.426744e+01   1.676748e+01  
595       1.50574982994e+05   0.000000e+00   6.376713e+01   1.677433e+01  
596       1.49742701935e+05   0.000000e+00   6.428451e+01   1.676781e+01  
597       1.50280436758e+05   0.000000e+00   6.419983e+01   1.678749e+01  
598       1.49635827035e+05   0.000000e+00   6.439613e+01   1.676525e+01  
599       1.50425127584e+05   0.000000e+00   6.408097e+01   1.679651e+01  
600       1.49485244193e+05   0.000000e+00   6.457981e+01   1.676609e+01  
601       1.50169512524e+05   0.000000e+00   6.437396e+01   1.680673e+01  
602       1.49454856158e+05   0.000000e+00   6.457609e+01   1.676842e+01  
603       1.50466134975e+05   0.000000e+00   6.417543e+01   1.679988e+01  
604       1.49218436535e+05   0.000000e+00   6.476632e+01   1.678147e+01  
605       1.50626187210e+05   0.000000e+00   6.412534e+01   1.680441e+01  
606       1.49352424200e+05   0.000000e+00   6.472783e+01   1.677643e+01  
607       1.50161440674e+05   0.000000e+00   6.443418e+01   1.682283e+01  
608       1.49475387246e+05   0.000000e+00   6.473927e+01   1.677251e+01  
609       1.50240230668e+05   0.000000e+00   6.437700e+01   1.681579e+01  
610       1.49641822959e+05   0.000000e+00   6.461045e+01   1.677762e+01  
611       1.50116604087e+05   0.000000e+00   6.454560e+01   1.681133e+01  
612       1.49628298881e+05   0.000000e+00   6.462992e+01   1.678220e+01  
613       1.50305823769e+05   0.000000e+00   6.433119e+01   1.682475e+01  
614       1.49813153285e+05   0.000000e+00   6.449517e+01   1.677242e+01  
615       1.50176127535e+05   0.000000e+00   6.452198e+01   1.682461e+01  
616       1.49685093155e+05   0.000000e+00   6.470818e+01   1.677423e+01  
617       1.50255754778e+05   0.000000e+00   6.450196e+01   1.682862e+01  
618       1.49650024037e+05   0.000000e+00   6.477669e+01   1.678555e+01  
619       1.50386088479e+05   0.000000e+00   6.441099e+01   1.681920e+01  
620       1.49802994199e+05   0.000000e+00   6.456771e+01   1.679246e+01  
621       1.50286264932e+05   0.000000e+00   6.455740e+01   1.681581e+01  
622       1.49721283344e+05   0.000000e+00   6.472989e+01   1.679228e+01  
623       1.50120985182e+05   0.000000e+00   6.469315e+01   1.681578e+01  
624       1.49537692355e+05   0.000000e+00   6.489636e+01   1.679234e+01  
625       1.50194034649e+05   0.000000e+00   6.468909e+01   1.681035e+01  
626       1.49498241223e+05   0.000000e+00   6.492943e+01   1.680056e+01  
627       1.50149140929e+05   0.000000e+00   6.472134e+01   1.680982e+01  
628       1.49626522384e+05   0.000000e+00   6.493717e+01   1.680096e+01  
629       1.49855976483e+05   0.000000e+00   6.483877e+01   1.682147e+01  
630       1.49815813557e+05   0.000000e+00   6.483418e+01   1.680488e+01  
631       1.49872681500e+05   0.000000e+00   6.479770e+01   1.681638e+01  
632       1.49825722690e+05   0.000000e+00   6.490471e+01   1.679995e+01  
633       1.49616681948e+05   0.000000e+00   6.502637e+01   1.681265e+01  
634       1.49762693464e+05   0.000000e+00   6.489389e+01   1.680477e+01  
635       1.49863945414e+05   0.000000e+00   6.484655e+01   1.679849e+01  
636       1.49529621163e+05   0.000000e+00   6.508538e+01   1.679658e+01  
637       1.50003064545e+05   0.000000e+00   6.480284e+01   1.678858e+01  
638       1.49532696599e+05   0.000000e+00   6.513879e+01   1.680330e+01  
639       1.49870913167e+05   0.000000e+00   6.488678e+01   1.678653e+01  
640       1.49832522350e+05   0.000000e+00   6.487294e+01   1.679496e+01  
641       1.49946237450e+05   0.000000e+00   6.504955e+01   1.678334e+01  
642       1.49492886806e+05   0.000000e+00   6.505536e+01   1.678412e+01  
643       1.49937060134e+05   0.000000e+00   6.505428e+01   1.678772e+01  
644       1.49682005563e+05   0.000000e+00   6.488158e+01   1.678117e+01  
645       1.49838921222e+05   0.000000e+00   6.509328e+01   1.678279e+01  
646       1.49647336634e+05   0.000000e+00   6.503540e+01   1.678511e+01  
647       1.49514612296e+05   0.000000e+00   6.538005e+01   1.678698e+01  
648       1.49787583990e+05   0.000000e+00   6.499780e+01   1.678296e+01  
649       1.49493871522e+05   0.000000e+00   6.529505e+01   1.679583e+01  
650       1.49901924858e+05   0.000000e+00   6.498103e+01   1.677244e+01  
651       1.49407724089e+05   0.000000e+00   6.539276e+01   1.679559e+01  
652       1.49643736317e+05   0.000000e+00   6.522796e+01   1.677661e+01  
653       1.49412135902e+05   0.000000e+00   6.550574e+01   1.678935e+01  
654       1.49713733822e+05   0.000000e+00   6.519055e+01   1.678415e+01  
655       1.49554328758e+05   0.000000e+00   6.546375e+01   1.678409e+01  
656       1.49594764851e+05   0.000000e+00   6.540188e+01   1.679306e+01  
657       1.49387136831e+05   0.000000e+00   6.563394e+01   1.679153e+01  
658       1.49800174764e+05   0.000000e+00   6.533942e+01   1.678550e+01  
659       1.49465149930e+05   0.000000e+00   6.551032e+01   1.678343e+01  
660       1.49846053927e+05   0.000000e+00   6.531023e+01   1.678272e+01  
661       1.49314518987e+05   0.000000e+00   6.578767e+01   1.678160e+01  
662       1.49720108145e+05   0.000000e+00   6.542292e+01   1.678772e+01  
663       1.49557460443e+05   0.000000e+00   6.556769e+01   1.677414e+01  
664       1.49750786630e+05   0.000000e+00   6.544768e+01   1.678212e+01  
665       1.49528754863e+05   0.000000e+00   6.566548e+01   1.677688e+01  
666       1.49663530244e+05   0.000000e+00   6.553720e+01   1.677886e+01  
667       1.49502136064e+05   0.000000e+00   6.573131e+01   1.677022e+01  
668       1.49640758746e+05   0.000000e+00   6.560506e+01   1.678594e+01  
669       1.49493902570e+05   0.000000e+00   6.566307e+01   1.676945e+01  
670       1.49589606625e+05   0.000000e+00   6.567258e+01   1.678331e+01  
671       1.49313357472e+05   0.000000e+00   6.572516e+01   1.677334e+01  
672       1.49642057188e+05   0.000000e+00   6.563398e+01   1.678226e+01  
673       1.49089996746e+05   0.000000e+00   6.586436e+01   1.678279e+01  
674       1.49749804689e+05   0.000000e+00   6.568541e+01   1.677806e+01  
675       1.49005641642e+05   0.000000e+00   6.587655e+01   1.678463e+01  
676       1.49946351951e+05   0.000000e+00   6.555003e+01   1.677714e+01  
677       1.49046698762e+05   0.000000e+00   6.593066e+01   1.677383e+01  
678       1.50083769060e+05   0.000000e+00   6.546753e+01   1.678203e+01  
679       1.48977331758e+05   0.000000e+00   6.592311e+01   1.677928e+01  
680       1.50323536192e+05   0.000000e+00   6.542184e+01   1.676808e+01  
681       1.48924691235e+05   0.000000e+00   6.598766e+01   1.678100e+01  
682       1.50247306687e+05   0.000000e+00   6.555632e+01   1.677579e+01  
683       1.48913830734e+05   0.000000e+00   6.604318e+01   1.678528e+01  
684       1.50429017082e+05   0.000000e+00   6.539490e+01   1.676746e+01  
685       1.48830959490e+05   0.000000e+00   6.609317e+01   1.678165e+01  
686       1.50325100323e+05   0.000000e+00   6.548269e+01   1.677348e+01  
687       1.48799917541e+05   0.000000e+00   6.621602e+01   1.678124e+01  
688       1.50259937215e+05   0.000000e+00   6.549285e+01   1.676881e+01  
689       1.48927948187e+05   0.000000e+00   6.608611e+01   1.678029e+01  
690       1.50237194957e+05   0.000000e+00   6.551434e+01   1.677379e+01  
691       1.48761362768e+05   0.000000e+00   6.627822e+01   1.679030e+01  
692       1.50193533278e+05   0.000000e+00   6.542896e+01   1.677247e+01  
693       1.49245304851e+05   0.000000e+00   6.594676e+01   1.678391e+01  
694       1.50004192015e+05   0.000000e+00   6.561779e+01   1.677354e+01  
695       1.49138418140e+05   0.000000e+00   6.602683e+01   1.678551e+01  
696       1.50124365770e+05   0.000000e+00   6.557310e+01   1.677171e+01  
697       1.48928689015e+05   0.000000e+00   6.608017e+01   1.678265e+01  
698       1.50243782222e+05   0.000000e+00   6.546243e+01   1.677246e+01  
699       1.49045574583e+05   0.000000e+00   6.607733e+01   1.676960e+01  
700       1.50144854226e+05   0.000000e+00   6.563485e+01   1.677104e+01  
701       1.48921602761e+05   0.000000e+00   6.618388e+01   1.677384e+01  
702       1.50142681321e+05   0.000000e+00   6.572324e+01   1.677796e+01  
703       1.49082085686e+05   0.000000e+00   6.602764e+01   1.677000e+01  
704       1.50323366893e+05   0.000000e+00   6.569638e+01   1.677724e+01  
705       1.48818400144e+05   0.000000e+00   6.622407e+01   1.676913e+01  
706       1.50387294911e+05   0.000000e+00   6.571616e+01   1.677494e+01  
707       1.48842228773e+05   0.000000e+00   6.622829e+01   1.677413e+01  
708       1.50376453158e+05   0.000000e+00   6.565138e+01   1.676013e+01  
709       1.48810103356e+05   0.000000e+00   6.632401e+01   1.677424e+01  
710       1.50475672819e+05   0.000000e+00   6.559927e+01   1.676056e+01  
711       1.48856763636e+05   0.000000e+00   6.621971e+01   1.677451e+01  
712       1.50568330217e+05   0.000000e+00   6.554663e+01   1.676118e+01  
713       1.48888951022e+05   0.000000e+00   6.616345e+01   1.676596e+01  
714       1.50521790805e+05   0.000000e+00   6.551274e+01   1.677053e+01  
715       1.48731889875e+05   0.000000e+00   6.631491e+01   1.676969e+01  
716       1.50342974940e+05   0.000000e+00   6.572536e+01   1.676839e+01  
717       1.48866999686e+05   0.000000e+00   6.630503e+01   1.678237e+01  
718       1.50194416676e+05   0.000000e+00   6.574944e+01   1.676460e+01  
719       1.49044888837e+05   0.000000e+00   6.616509e+01   1.677474e+01  
720       1.50084239055e+05   0.000000e+00   6.570315e+01   1.677226e+01  
721       1.49196207767e+05   0.000000e+00   6.613774e+01   1.677388e+01  
722       1.50038481328e+05   0.000000e+00   6.584262e+01   1.677391e+01  
723       1.48914883748e+05   0.000000e+00   6.635937e+01   1.678311e+01  
724       1.50199691266e+05   0.000000e+00   6.576661e+01   1.676850e+01  
725       1.48894410146e+05   0.000000e+00   6.632904e+01   1.678221e+01  
726       1.50115206359e+05   0.000000e+00   6.598400e+01   1.676701e+01  
727       1.48797998535e+05   0.000000e+00   6.639801e+01   1.678019e+01  
728       1.50079306856e+05   0.000000e+00   6.605387e+01   1.676589e+01  
729       1.49124925186e+05   0.000000e+00   6.628803e+01   1.676651e+01  
730       1.49973348294e+05   0.000000e+00   6.612011e+01   1.676622e+01  
731       1.49137172094e+05   0.000000e+00   6.644575e+01   1.677345e+01  
732       1.49838476888e+05   0.000000e+00   6.625741e+01   1.677493e+01  
733       1.49405529180e+05   0.000000e+00   6.625186e+01   1.676701e+01  
734       1.50001746153e+05   0.000000e+00   6.615473e+01   1.676880e+01  
735       1.49558888112e+05   0.000000e+00   6.634368e+01   1.676540e+01  
736       1.49520450014e+05   0.000000e+00   6.652400e+01   1.677824e+01  
737       1.49722361789e+05   0.000000e+00   6.620744e+01   1.676398e+01  
738       1.49945085512e+05   0.000000e+00   6.612453e+01   1.677006e+01  
739       1.49700162925e+05   0.000000e+00   6.635907e+01   1.677080e+01  
740       1.49633721700e+05   0.000000e+00   6.636663e+01   1.677234e+01  
741       1.49951670686e+05   0.000000e+00   6.618836e+01   1.677426e+01  
742       1.49711644758e+05   0.000000e+00   6.634684e+01   1.676948e+01  
743       1.49941271762e+05   0.000000e+00   6.619926e+01   1.676938e+01  
744       1.49935302222e+05   0.000000e+00   6.620599e+01   1.676289e+01  
745       1.49894602157e+05   0.000000e+00   6.629561e+01   1.677014e+01  
746       1.49607657096e+05   0.000000e+00   6.657146e+01   1.676821e+01  
747       1.50070364162e+05   0.000000e+00   6.607098e+01   1.676904e+01  
748       1.49798460725e+05   0.000000e+00   6.638995e+01   1.676937e+01  
749       1.50040121137e+05   0.000000e+00   6.613914e+01   1.676554e+01  
750       1.49742134648e+05   0.000000e+00   6.652421e+01   1.676872e+01  
751       1.49984480622e+05   0.000000e+00   6.621481e+01   1.676855e+01  
752       1.49806192964e+05   0.000000e+00   6.644834e+01   1.676450e+01  
753       1.50049850012e+05   0.000000e+00   6.620902e+01   1.676863e+01  
754       1.49902702177e+05   0.000000e+00   6.637915e+01   1.676841e+01  
755       1.49920616951e+05   0.000000e+00   6.621040e+01   1.676784e+01  
756       1.49913448967e+05   0.000000e+00   6.636015e+01   1.676368e+01  
757       1.49829252961e+05   0.000000e+00   6.634627e+01   1.677189e+01  
758       1.49760704744e+05   0.000000e+00   6.651430e+01   1.676879e+01  
759       1.49940443382e+05   0.000000e+00   6.640097e+01   1.677717e+01  
760       1.49538813908e+05   0.000000e+00   6.662739e+01   1.676145e+01  
761       1.50069541897e+05   0.000000e+00   6.631459e+01   1.677566e+01  
762       1.49540614759e+05   0.000000e+00   6.677195e+01   1.676913e+01  
763       1.49821144425e+05   0.000000e+00   6.643352e+01   1.678335e+01  
764       1.49620524988e+05   0.000000e+00   6.663815e+01   1.677254e+01  
765       1.49886112352e+05   0.000000e+00   6.638807e+01   1.678790e+01  
766       1.49570764395e+05   0.000000e+00   6.667320e+01   1.677244e+01  
767       1.50028189243e+05   0.000000e+00   6.646872e+01   1.679375e+01  
768       1.49469429603e+05   0.000000e+00   6.674446e+01   1.677032e+01  
769       1.50169119216e+05   0.000000e+00   6.634892e+01   1.678701e+01  
770       1.49356342598e+05   0.000000e+00   6.682217e+01   1.677682e+01  
771       1.50128062265e+05   0.000000e+00   6.649384e+01   1.678308e+01  
772       1.49351927887e+05   0.000000e+00   6.679185e+01   1.677785e+01  
773       1.50294949821e+05   0.000000e+00   6.633162e+01   1.678617e+01  
774       1.49480456553e+05   0.000000e+00   6.672589e+01   1.676583e+01  
775       1.50196689496e+05   0.000000e+00   6.656674e+01   1.679763e+01  
776       1.49200162324e+05   0.000000e+00   6.692712e+01   1.678051e+01  
777       1.50397364733e+05   0.000000e+00   6.657921e+01   1.679025e+01  
778       1.49275648944e+05   0.000000e+00   6.686192e+01   1.677830e+01  
779       1.50487224237e+05   0.000000e+00   6.646458e+01   1.679069e+01  
780       1.49111803249e+05   0.000000e+00   6.701126e+01   1.679586e+01  
781       1.50485879432e+05   0.000000e+00   6.647515e+01   1.679397e+01  
782       1.49434572984e+05   0.000000e+00   6.670075e+01   1.678239e+01  
783       1.50329313218e+05   0.000000e+00   6.656726e+01   1.680233e+01  
784       1.49468984638e+05   0.000000e+00   6.679846e+01   1.678009e+01  
785       1.50222131235e+05   0.000000e+00   6.658129e+01   1.680325e+01  
786       1.49462760371e+05   0.000000e+00   6.664901e+01   1.678267e+01  
787       1.50602033024e+05   0.000000e+00   6.629402e+01   1.680362e+01  
788       1.49414031004e+05   0.000000e+00   6.675855e+01   1.678101e+01  
789       1.50458324264e+05   0.000000e+00   6.638301e+01   1.680163e+01  
790       1.49512485405e+05   0.000000e+00   6.680183e+01   1.677582e+01  
791       1.50105235908e+05   0.000000e+00   6.665737e+01   1.680491e+01  
792       1.49589467253e+05   0.000000e+00   6.673650e+01   1.677227e+01  
793       1.50035786082e+05   0.000000e+00   6.665253e+01   1.679563e+01  
794       1.49608483688e+05   0.000000e+00   6.681011e+01   1.677545e+01  
795       1.49895035434e+05   0.000000e+00   6.679690e+01   1.679610e+01  
796       1.49532388122e+05   0.000000e+00   6.690032e+01   1.677712e+01  
797       1.50246209206e+05   0.000000e+00   6.662089e+01   1.678659e+01  
798       1.49347360165e+05   0.000000e+00   6.708494e+01   1.678126e+01  
799       1.50112859869e+05   0.000000e+00   6.673124e+01   1.679054e+01  
800       1.49731101410e+05   0.000000e+00   6.695061e+01   1.678608e+01  
801       1.49802506690e+05   0.000000e+00   6.692417e+01   1.679194e+01  
802       1.49715219394e+05   0.000000e+00   6.693004e+01   1.678861e+01  
803       1.49690759817e+05   0.000000e+00   6.696971e+01   1.679563e+01  
804       1.49856958205e+05   0.000000e+00   6.686977e+01   1.678769e+01  
805       1.49520843405e+05   0.000000e+00   6.711063e+01   1.679729e+01  
806       1.49896025885e+05   0.000000e+00   6.698309e+01   1.678828e+01  
807       1.49487590915e+05   0.000000e+00   6.724381e+01   1.679948e+01  
808       1.49652545146e+05   0.000000e+00   6.721976e+01   1.679948e+01  
809       1.49332271945e+05   0.000000e+00   6.751800e+01   1.679827e+01  
810       1.49685383833e+05   0.000000e+00   6.718939e+01   1.680695e+01  
811       1.49602546864e+05   0.000000e+00   6.733824e+01   1.680344e+01  
812       1.49550871308e+05   0.000000e+00   6.719751e+01   1.679987e+01  
813       1.49944544294e+05   0.000000e+00   6.701124e+01   1.679830e+01  
814       1.49617463435e+05   0.000000e+00   6.711527e+01   1.679887e+01  
815       1.49908899742e+05   0.000000e+00   6.713426e+01   1.679892e+01  
816       1.49366772637e+05   0.000000e+00   6.735484e+01   1.679977e+01  
817       1.49932972319e+05   0.000000e+00   6.710619e+01   1.680182e+01  
818       1.49609913138e+05   0.000000e+00   6.706588e+01   1.679141e+01  
819       1.49984876620e+05   0.000000e+00   6.714895e+01   1.679982e+01  
820       1.49518720388e+05   0.000000e+00   6.732680e+01   1.679415e+01  
821       1.49800868824e+05   0.000000e+00   6.710625e+01   1.679939e+01  
822       1.49805877837e+05   0.000000e+00   6.712866e+01   1.679317e+01  
823       1.49745029020e+05   0.000000e+00   6.713534e+01   1.679452e+01  
824       1.49715930295e+05   0.000000e+00   6.731034e+01   1.679684e+01  
825       1.49564536248e+05   0.000000e+00   6.734807e+01   1.680114e+01  
826       1.49636010127e+05   0.000000e+00   6.745288e+01   1.679329e+01  
827       1.49679795586e+05   0.000000e+00   6.720417e+01   1.680378e+01  
828       1.49809380977e+05   0.000000e+00   6.727616e+01   1.679189e+01  
829       1.49464926195e+05   0.000000e+00   6.744366e+01   1.679810e+01  
830       1.49576252726e+05   0.000000e+00   6.762016e+01   1.680096e+01  
831       1.49566040611e+05   0.000000e+00   6.732219e+01   1.679217e+01  
832       1.49912014099e+05   0.000000e+00   6.729840e+01   1.679477e+01  
833       1.49372543047e+05   0.000000e+00   6.757632e+01   1.680760e+01  
834       1.49886957618e+05   0.000000e+00   6.730818e+01   1.678989e+01  
835       1.49362565495e+05   0.000000e+00   6.761777e+01   1.681246e+01  
836       1.49898770071e+05   0.000000e+00   6.738515e+01   1.678796e+01  
837       1.49588859396e+05   0.000000e+00   6.735512e+01   1.680830e+01  
838       1.50075167503e+05   0.000000e+00   6.720826e+01   1.679323e+01  
839       1.49515142857e+05   0.000000e+00   6.741484e+01   1.681341e+01  
840       1.50041352851e+05   0.000000e+00   6.725740e+01   1.678925e+01  
841       1.49314328306e+05   0.000000e+00   6.757015e+01   1.682181e+01  
842       1.50207262351e+05   0.000000e+00   6.713840e+01   1.678692e+01  
843       1.49345857994e+05   0.000000e+00   6.758347e+01   1.682694e+01  
844       1.49983174085e+05   0.000000e+00   6.727765e+01   1.678923e+01  
845       1.49597164131e+05   0.000000e+00   6.744244e+01   1.681533e+01  
846       1.49897214413e+05   0.000000e+00   6.735154e+01   1.679482e+01  
847       1.49608964473e+05   0.000000e+00   6.751977e+01   1.681502e+01  
848       1.49831684866e+05   0.000000e+00   6.744179e+01   1.680457e+01  
849       1.49682244956e+05   0.000000e+00   6.749191e+01   1.681298e+01  
850       1.49822841045e+05   0.000000e+00   6.743139e+01   1.680130e+01  
851       1.49706608340e+05   0.000000e+00   6.751594e+01   1.682075e+01  
852       1.49764055659e+05   0.000000e+00   6.747459e+01   1.680649e+01  
853       1.49698277780e+05   0.000000e+00   6.760974e+01   1.682024e+01  
854       1.49569474973e+05   0.000000e+00   6.759663e+01   1.680557e+01  
855       1.49734308666e+05   0.000000e+00   6.757783e+01   1.682358e+01  
856       1.49526689854e+05   0.000000e+00   6.770857e+01   1.680929e+01  
857       1.49704584749e+05   0.000000e+00   6.757109e+01   1.682045e+01  
858       1.49610529079e+05   0.000000e+00   6.757411e+01   1.680463e+01  
859       1.49869902602e+05   0.000000e+00   6.738397e+01   1.682064e+01  
860       1.49553163958e+05   0.000000e+00   6.772731e+01   1.680930e+01  
861       1.49721037719e+05   0.000000e+00   6.765526e+01   1.682718e+01  
862       1.49818626600e+05   0.000000e+00   6.748185e+01   1.679660e+01  
863       1.49840368179e+05   0.000000e+00   6.756167e+01   1.682670e+01  
864       1.49704047317e+05   0.000000e+00   6.764276e+01   1.680312e+01  
865       1.49879130908e+05   0.000000e+00   6.762498e+01   1.683168e+01  
866       1.49694425978e+05   0.000000e+00   6.768792e+01   1.680046e+01  
867       1.49879471744e+05   0.000000e+00   6.761179e+01   1.681760e+01  
868       1.49637637673e+05   0.000000e+00   6.779270e+01   1.679864e+01  
869       1.49721178666e+05   0.000000e+00   6.781619e+01   1.682166e+01  
870       1.49526963284e+05   0.000000e+00   6.784417e+01   1.680664e+01  
871       1.49931479297e+05   0.000000e+00   6.765192e+01   1.681646e+01  
872       1.49702759707e+05   0.000000e+00   6.773106e+01   1.680327e+01  
873       1.49920196805e+05   0.000000e+00   6.779787e+01   1.681625e+01  
874       1.49578455627e+05   0.000000e+00   6.782668e+01   1.680934e+01  
875       1.50038859205e+05   0.000000e+00   6.778210e+01   1.680478e+01  
876       1.49613473744e+05   0.000000e+00   6.777390e+01   1.680633e+01  
877       1.50108393792e+05   0.000000e+00   6.765236e+01   1.680686e+01  
878       1.49824519590e+05   0.000000e+00   6.770315e+01   1.679652e+01  
879       1.50143994311e+05   0.000000e+00   6.763859e+01   1.680555e+01  
880       1.49856834523e+05   0.000000e+00   6.778837e+01   1.679795e+01  
881       1.50109587700e+05   0.000000e+00   6.775106e+01   1.680547e+01  
882       1.49960896681e+05   0.000000e+00   6.776226e+01   1.679225e+01  
883       1.50234425771e+05   0.000000e+00   6.767123e+01   1.680426e+01  
884       1.49918740132e+05   0.000000e+00   6.783840e+01   1.679054e+01  
885       1.50211059906e+05   0.000000e+00   6.773553e+01   1.680187e+01  
886       1.49822614879e+05   0.000000e+00   6.784812e+01   1.678850e+01  
887       1.50161802013e+05   0.000000e+00   6.777056e+01   1.679241e+01  
888       1.49751176885e+05   0.000000e+00   6.796780e+01   1.679789e+01  
889       1.50206866205e+05   0.000000e+00   6.769628e+01   1.678578e+01  
890       1.49738613885e+05   0.000000e+00   6.800593e+01   1.678948e+01  
891       1.50207657345e+05   0.000000e+00   6.787269e+01   1.678653e+01  
892       1.49364262160e+05   0.000000e+00   6.827849e+01   1.679539e+01  
893       1.50241959371e+05   0.000000e+00   6.785844e+01   1.678534e+01  
894       1.49514344689e+05   0.000000e+00   6.820904e+01   1.679928e+01  
895       1.50163914543e+05   0.000000e+00   6.800321e+01   1.677339e+01  
896       1.49499987609e+05   0.000000e+00   6.819858e+01   1.680531e+01  
897       1.50277230357e+05   0.000000e+00   6.787885e+01   1.677434e+01  
898       1.49608842171e+05   0.000000e+00   6.823197e+01   1.680041e+01  
899       1.49873735958e+05   0.000000e+00   6.823018e+01   1.678506e+01  
900       1.49797749923e+05   0.000000e+00   6.810384e+01   1.679210e+01  
901       1.49973426706e+05   0.000000e+00   6.820884e+01   1.678122e+01  
902       1.49550374934e+05   0.000000e+00   6.836584e+01   1.679846e+01  
903       1.50228172598e+05   0.000000e+00   6.809425e+01   1.677311e+01  
904       1.49653132724e+05   0.000000e+00   6.835779e+01   1.680367e+01  
905       1.50226593013e+05   0.000000e+00   6.817239e+01   1.677072e+01  
906       1.49692580742e+05   0.000000e+00   6.826514e+01   1.680294e+01  
907       1.50597763074e+05   0.000000e+00   6.781797e+01   1.676691e+01  
908       1.49812206938e+05   0.000000e+00   6.812892e+01   1.679731e+01  
909       1.50505978196e+05   0.000000e+00   6.791958e+01   1.676271e+01  
910       1.49704134109e+05   0.000000e+00   6.826576e+01   1.680287e+01  
911       1.50533644503e+05   0.000000e+00   6.783579e+01   1.676857e+01  
912       1.49900506955e+05   0.000000e+00   6.810517e+01   1.679926e+01  
913       1.50477039442e+05   0.000000e+00   6.795804e+01   1.676359e+01  
914       1.49782505520e+05   0.000000e+00   6.834282e+01   1.680492e+01  
915       1.50358449396e+05   0.000000e+00   6.800362e+01   1.676834e+01  
916       1.50195056499e+05   0.000000e+00   6.809478e+01   1.679287e+01  
917       1.50270940157e+05   0.000000e+00   6.790678e+01   1.677604e+01  
918       1.50276779952e+05   0.000000e+00   6.804623e+01   1.679430e+01  
919       1.50019805976e+05   0.000000e+00   6.823843e+01   1.677485e+01  
920       1.50194732837e+05   0.000000e+00   6.816803e+01   1.680044e+01  
921       1.50260423282e+05   0.000000e+00   6.794180e+01   1.677255e+01  
922       1.50292734404e+05   0.000000e+00   6.813822e+01   1.679929e+01  
923       1.50288726632e+05   0.000000e+00   6.792301e+01   1.676953e+01  
924       1.50298462001e+05   0.000000e+00   6.811391e+01   1.680212e+01  
925       1.50214099088e+05   0.000000e+00   6.801695e+01   1.676918e+01  
926       1.50279911088e+05   0.000000e+00   6.819878e+01   1.680614e+01  
927       1.50190516055e+05   0.000000e+00   6.808327e+01   1.677041e+01  
928       1.50232425415e+05   0.000000e+00   6.824921e+01   1.679317e+01  
929       1.50154828422e+05   0.000000e+00   6.823407e+01   1.677460e+01  
930       1.50295388974e+05   0.000000e+00   6.826383e+01   1.677774e+01  
931       1.50226151491e+05   0.000000e+00   6.814345e+01   1.677472e+01  
932       1.50416553974e+05   0.000000e+00   6.813283e+01   1.677448e+01  
933       1.50005565747e+05   0.000000e+00   6.843534e+01   1.677636e+01  
934       1.50426536504e+05   0.000000e+00   6.815843e+01   1.677188e+01  
935       1.50211164684e+05   0.000000e+00   6.823993e+01   1.677372e+01  
936       1.50427468177e+05   0.000000e+00   6.820604e+01   1.677116e+01  
937       1.50072826869e+05   0.000000e+00   6.834013e+01   1.678292e+01  
938       1.50449441120e+05   0.000000e+00   6.822119e+01   1.676612e+01  
939       1.50209273598e+05   0.000000e+00   6.830509e+01   1.677881e+01  
940       1.50437694703e+05   0.000000e+00   6.838376e+01   1.676694e+01  
941       1.50185687840e+05   0.000000e+00   6.835955e+01   1.678095e+01  
942       1.50454789344e+05   0.000000e+00   6.837247e+01   1.676262e+01  
943       1.50355518207e+05   0.000000e+00   6.826913e+01   1.678172e+01  
944       1.50451108924e+05   0.000000e+00   6.833474e+01   1.675405e+01  
945       1.50164259401e+05   0.000000e+00   6.856265e+01   1.678938e+01  
946       1.50583401786e+05   0.000000e+00   6.830982e+01   1.675166e+01  
947       1.50126141729e+05   0.000000e+00   6.862114e+01   1.677802e+01  
948       1.50539107000e+05   0.000000e+00   6.834890e+01   1.675490e+01  
949       1.50233825945e+05   0.000000e+00   6.865385e+01   1.678241e+01  
950       1.50503461953e+05   0.000000e+00   6.849413e+01   1.674774e+01  
951       1.50123273411e+05   0.000000e+00   6.874116e+01   1.677474e+01  
952       1.50689953493e+05   0.000000e+00   6.831459e+01   1.674077e+01  
953       1.50064070120e+05   0.000000e+00   6.887183e+01   1.677237e+01  
954       1.50588288500e+05   0.000000e+00   6.857367e+01   1.675235e+01  
955       1.50153528130e+05   0.000000e+00   6.875097e+01   1.676368e+01  
956       1.50855634525e+05   0.000000e+00   6.841614e+01   1.675245e+01  
957       1.50059731730e+05   0.000000e+00   6.892909e+01   1.676747e+01  
958       1.50721622459e+05   0.000000e+00   6.871421e+01   1.674983e+01  
959       1.49889508452e+05   0.000000e+00   6.913584e+01   1.677840e+01  
960       1.50812068642e+05   0.000000e+00   6.857612e+01   1.674429e+01  
961       1.50070811590e+05   0.000000e+00   6.888485e+01   1.677114e+01  
962       1.50773748201e+05   0.000000e+00   6.866850e+01   1.675089e+01  
963       1.50032955352e+05   0.000000e+00   6.894814e+01   1.677445e+01  
964       1.50850571294e+05   0.000000e+00   6.851684e+01   1.675091e+01  
965       1.50019065957e+05   0.000000e+00   6.892491e+01   1.676996e+01  
966       1.50801200208e+05   0.000000e+00   6.853625e+01   1.674997e+01  
967       1.49932453299e+05   0.000000e+00   6.907739e+01   1.677919e+01  
968       1.50735335228e+05   0.000000e+00   6.860271e+01   1.674410e+01  
969       1.50051565304e+05   0.000000e+00   6.906621e+01   1.677523e+01  
970       1.50488992330e+05   0.000000e+00   6.876002e+01   1.675378e+01  
971       1.50089698432e+05   0.000000e+00   6.897820e+01   1.677348e+01  
972       1.50622755817e+05   0.000000e+00   6.866505e+01   1.674660e+01  
973       1.50019359689e+05   0.000000e+00   6.897992e+01   1.677206e+01  
974       1.50579080114e+05   0.000000e+00   6.877132e+01   1.674474e+01  
975       1.49898084185e+05   0.000000e+00   6.910931e+01   1.677382e+01  
976       1.50654401114e+05   0.000000e+00   6.874536e+01   1.673971e+01  
977       1.49788755337e+05   0.000000e+00   6.926698e+01   1.677648e+01  
978       1.50372837685e+05   0.000000e+00   6.897299e+01   1.675160e+01  
979       1.50115516108e+05   0.000000e+00   6.903778e+01   1.676133e+01  
980       1.50319809329e+05   0.000000e+00   6.897777e+01   1.675001e+01  
981       1.50058519594e+05   0.000000e+00   6.911726e+01   1.676955e+01  
982       1.50238365834e+05   0.000000e+00   6.906495e+01   1.674887e+01  
983       1.50276385970e+05   0.000000e+00   6.893267e+01   1.676621e+01  
984       1.50116363682e+05   0.000000e+00   6.903907e+01   1.674805e+01  
985       1.50171130398e+05   0.000000e+00   6.914327e+01   1.676760e+01  
986       1.49919650617e+05   0.000000e+00   6.916541e+01   1.675412e+01  
987       1.50418207025e+05   0.000000e+00   6.891153e+01   1.676639e+01  
988       1.49867071013e+05   0.000000e+00   6.928372e+01   1.675659e+01  
989       1.50310883727e+05   0.000000e+00   6.902772e+01   1.676733e+01  
990       1.49908695905e+05   0.000000e+00   6.921045e+01   1.675798e+01  
991       1.50338748274e+05   0.000000e+00   6.898091e+01   1.676033e+01  
992       1.50049288958e+05   0.000000e+00   6.914978e+01   1.675582e+01  
993       1.50142442226e+05   0.000000e+00   6.916672e+01   1.676234e+01  
994       1.50086439741e+05   0.000000e+00   6.923022e+01   1.675318e+01  
995       1.50175699876e+05   0.000000e+00   6.919233e+01   1.676850e+01  
996       1.50147860589e+05   0.000000e+00   6.918466e+01   1.675528e+01  
997       1.50218553243e+05   0.000000e+00   6.912660e+01   1.677016e+01  
998       1.50296985673e+05   0.000000e+00   6.911090e+01   1.675420e+01  
999       1.50021772247e+05   0.000000e+00   6.931954e+01   1.677036e+01  
1000      1.50366028559e+05   0.000000e+00   6.906586e+01   1.675529e+01  
1001      1.50208655401e+05   0.000000e+00   6.918120e+01   1.677025e+01  
1002      1.50331725791e+05   0.000000e+00   6.916419e+01   1.675167e+01  
1003      1.49944596701e+05   0.000000e+00   6.941095e+01   1.677773e+01  
1004      1.50280057144e+05   0.000000e+00   6.923145e+01   1.675725e+01  
1005      1.50087352879e+05   0.000000e+00   6.931105e+01   1.677197e+01  
1006      1.50377520344e+05   0.000000e+00   6.913379e+01   1.675366e+01  
1007      1.50199180835e+05   0.000000e+00   6.927211e+01   1.677706e+01  
1008      1.50301196643e+05   0.000000e+00   6.924117e+01   1.675866e+01  
1009      1.50079115111e+05   0.000000e+00   6.940232e+01   1.678676e+01  
1010      1.50319025564e+05   0.000000e+00   6.925737e+01   1.676558e+01  
1011      1.50030174700e+05   0.000000e+00   6.951107e+01   1.678631e+01  
1012      1.50276333334e+05   0.000000e+00   6.933240e+01   1.677803e+01  
1013      1.50120314324e+05   0.000000e+00   6.936804e+01   1.676995e+01  
1014      1.50248992732e+05   0.000000e+00   6.942188e+01   1.678051e+01  
1015      1.50132816790e+05   0.000000e+00   6.948095e+01   1.678007e+01  
1016      1.50311144227e+05   0.000000e+00   6.936333e+01   1.677594e+01  
1017      1.50297899972e+05   0.000000e+00   6.943044e+01   1.677803e+01  
1018      1.50139102893e+05   0.000000e+00   6.941801e+01   1.677940e+01  
1019      1.50565591185e+05   0.000000e+00   6.930293e+01   1.676675e+01  
1020      1.50111213209e+05   0.000000e+00   6.951492e+01   1.678165e+01  
1021      1.50508310666e+05   0.000000e+00   6.937657e+01   1.677737e+01  
1022      1.50127621312e+05   0.000000e+00   6.951998e+01   1.678659e+01  
1023      1.50503568076e+05   0.000000e+00   6.940754e+01   1.678238e+01  
1024      1.50177203598e+05   0.000000e+00   6.950833e+01   1.678090e+01  
1025      1.50598017794e+05   0.000000e+00   6.937200e+01   1.678414e+01  
1026      1.50251068561e+05   0.000000e+00   6.943601e+01   1.678196e+01  
1027      1.50569861570e+05   0.000000e+00   6.946631e+01   1.677992e+01  
1028      1.50301656164e+05   0.000000e+00   6.948042e+01   1.678536e+01  
1029      1.50566315453e+05   0.000000e+00   6.955383e+01   1.677408e+01  
1030      1.50079388969e+05   0.000000e+00   6.970363e+01   1.679899e+01  
1031      1.50614051666e+05   0.000000e+00   6.947944e+01   1.678196e+01  
1032      1.50278829990e+05   0.000000e+00   6.955308e+01   1.679296e+01  
1033      1.50616681719e+05   0.000000e+00   6.953640e+01   1.679137e+01  
1034      1.50190819093e+05   0.000000e+00   6.978647e+01   1.679441e+01  
1035      1.50602080278e+05   0.000000e+00   6.958853e+01   1.679258e+01  
1036      1.50236952892e+05   0.000000e+00   6.966150e+01   1.679234e+01  
1037      1.50608698395e+05   0.000000e+00   6.954794e+01   1.678748e+01  
1038      1.50187303470e+05   0.000000e+00   6.979178e+01   1.680060e+01  
1039      1.50627107080e+05   0.000000e+00   6.953409e+01   1.679366e+01  
1040      1.50395592314e+05   0.000000e+00   6.978379e+01   1.679459e+01  
1041      1.50683776998e+05   0.000000e+00   6.942554e+01   1.679011e+01  
1042      1.50570115734e+05   0.000000e+00   6.962866e+01   1.679158e+01  
1043      1.50669012073e+05   0.000000e+00   6.961928e+01   1.679157e+01  
1044      1.50334355718e+05   0.000000e+00   6.986762e+01   1.679532e+01  
1045      1.50709645530e+05   0.000000e+00   6.951331e+01   1.678431e+01  
1046      1.50467032107e+05   0.000000e+00   6.980821e+01   1.679148e+01  
1047      1.50599195028e+05   0.000000e+00   6.977726e+01   1.678681e+01  
1048      1.50278635454e+05   0.000000e+00   7.000014e+01   1.679455e+01  
1049      1.50637079130e+05   0.000000e+00   6.960490e+01   1.678164e+01  
1050      1.50425237526e+05   0.000000e+00   6.983703e+01   1.679761e+01  
1051      1.50470051135e+05   0.000000e+00   6.981324e+01   1.678445e+01  
1052      1.50298123043e+05   0.000000e+00   6.999760e+01   1.679995e+01  
1053      1.50655997012e+05   0.000000e+00   6.968657e+01   1.678800e+01  
1054      1.50200630104e+05   0.000000e+00   6.999936e+01   1.679687e+01  
1055      1.50657404638e+05   0.000000e+00   6.976652e+01   1.679276e+01  
1056      1.50202771799e+05   0.000000e+00   7.000655e+01   1.680689e+01  
1057      1.50645701476e+05   0.000000e+00   6.983638e+01   1.679039e+01  
1058      1.50217677108e+05   0.000000e+00   6.996483e+01   1.680375e+01  
1059      1.50796075902e+05   0.000000e+00   6.973805e+01   1.679318e+01  
1060      1.50062384782e+05   0.000000e+00   7.011591e+01   1.681015e+01  
1061      1.50730725472e+05   0.000000e+00   6.987034e+01   1.680383e+01  
1062      1.50135773668e+05   0.000000e+00   7.001817e+01   1.680842e+01  
1063      1.50786880664e+05   0.000000e+00   6.986127e+01   1.680672e+01  
1064      1.50081972989e+05   0.000000e+00   7.007701e+01   1.682066e+01  
1065      1.50885079141e+05   0.000000e+00   6.987282e+01   1.680506e+01  
1066      1.50188300406e+05   0.000000e+00   6.999456e+01   1.682170e+01  
1067      1.50763979050e+05   0.000000e+00   6.992565e+01   1.681530e+01  
1068      1.50255132368e+05   0.000000e+00   6.993138e+01   1.681908e+01  
1069      1.50653735268e+05   0.000000e+00   7.007678e+01   1.681931e+01  
1070      1.50377731260e+05   0.000000e+00   6.991160e+01   1.681941e+01  
1071      1.50513723094e+05   0.000000e+00   7.008641e+01   1.683218e+01  
1072      1.50353272350e+05   0.000000e+00   7.002724e+01   1.682539e+01  
1073      1.50527981481e+05   0.000000e+00   7.011730e+01   1.683329e+01  
1074      1.50450545161e+05   0.000000e+00   6.999722e+01   1.682004e+01  
1075      1.50304011946e+05   0.000000e+00   7.033047e+01   1.684129e+01  
1076      1.50566770766e+05   0.000000e+00   6.996086e+01   1.681740e+01  
1077      1.50402994680e+05   0.000000e+00   7.025698e+01   1.683400e+01  
1078      1.50332378409e+05   0.000000e+00   7.031057e+01   1.682914e+01  
1079      1.50288405281e+05   0.000000e+00   7.039068e+01   1.683819e+01  
1080      1.50377729670e+05   0.000000e+00   7.023738e+01   1.683587e+01  
1081      1.50479860103e+05   0.000000e+00   7.024509e+01   1.683671e+01  
1082      1.50297771140e+05   0.000000e+00   7.029511e+01   1.684110e+01  
1083      1.50438486039e+05   0.000000e+00   7.031402e+01   1.684087e+01  
1084      1.50329656882e+05   0.000000e+00   7.033113e+01   1.684049e+01  
1085      1.50511199579e+05   0.000000e+00   7.021690e+01   1.684450e+01  
1086      1.50450983853e+05   0.000000e+00   7.026220e+01   1.684230e+01  
1087      1.50474816861e+05   0.000000e+00   7.027421e+01   1.684601e+01  
1088      1.50389932522e+05   0.000000e+00   7.044424e+01   1.685150e+01  
1089      1.50416726070e+05   0.000000e+00   7.030174e+01   1.684108e+01  
1090      1.50679433207e+05   0.000000e+00   7.012029e+01   1.684222e+01  
1091      1.50426912072e+05   0.000000e+00   7.031590e+01   1.684232e+01  
1092      1.50575725423e+05   0.000000e+00   7.028899e+01   1.684379e+01  
1093      1.50393645723e+05   0.000000e+00   7.041290e+01   1.684604e+01  
1094      1.50501296850e+05   0.000000e+00   7.030145e+01   1.685230e+01  
1095      1.50638090347e+05   0.000000e+00   7.022025e+01   1.683997e+01  
1096      1.50395812742e+05   0.000000e+00   7.044679e+01   1.684917e+01  
1097      1.50548566952e+05   0.000000e+00   7.035263e+01   1.683793e+01  
1098      1.50289581450e+05   0.000000e+00   7.056053e+01   1.684716e+01  
1099      1.50723578096e+05   0.000000e+00   7.024069e+01   1.683754e+01  
1100      1.50290534595e+05   0.000000e+00   7.055607e+01   1.684375e+01  
1101      1.50725928205e+05   0.000000e+00   7.034186e+01   1.684471e+01  
1102      1.50461308947e+05   0.000000e+00   7.038505e+01   1.682973e+01  
1103      1.50657383828e+05   0.000000e+00   7.040646e+01   1.683820e+01  
1104      1.50398091066e+05   0.000000e+00   7.053112e+01   1.682572e+01  
1105      1.50818003190e+05   0.000000e+00   7.028258e+01   1.683764e+01  
1106      1.50377320683e+05   0.000000e+00   7.054719e+01   1.682508e+01  
1107      1.50581569997e+05   0.000000e+00   7.041037e+01   1.683689e+01  
1108      1.50379919341e+05   0.000000e+00   7.055230e+01   1.683221e+01  
1109      1.50683718489e+05   0.000000e+00   7.042154e+01   1.682779e+01  
1110      1.50252645847e+05   0.000000e+00   7.064859e+01   1.682839e+01  
1111      1.50640631858e+05   0.000000e+00   7.053697e+01   1.683124e+01  
1112      1.50152330986e+05   0.000000e+00   7.083074e+01   1.682534e+01  
1113      1.50477941135e+05   0.000000e+00   7.065388e+01   1.682770e+01  
1114      1.50162161164e+05   0.000000e+00   7.090347e+01   1.682089e+01  
1115      1.50378775490e+05   0.000000e+00   7.075777e+01   1.682986e+01  
1116      1.50132107890e+05   0.000000e+00   7.095856e+01   1.682517e+01  
1117      1.50458894974e+05   0.000000e+00   7.079944e+01   1.682226e+01  
1118      1.50125103953e+05   0.000000e+00   7.103386e+01   1.681523e+01  
1119      1.50444522786e+05   0.000000e+00   7.088151e+01   1.682733e+01  
1120      1.49983161545e+05   0.000000e+00   7.107480e+01   1.681667e+01  
1121      1.50517310284e+05   0.000000e+00   7.088663e+01   1.681722e+01  
1122      1.49933134711e+05   0.000000e+00   7.106244e+01   1.681867e+01  
1123      1.50649424097e+05   0.000000e+00   7.083328e+01   1.681460e+01  
1124      1.49902886925e+05   0.000000e+00   7.114942e+01   1.682182e+01  
1125      1.50724650755e+05   0.000000e+00   7.071874e+01   1.681056e+01  
1126      1.50118119707e+05   0.000000e+00   7.100842e+01   1.681045e+01  
1127      1.50563028819e+05   0.000000e+00   7.088123e+01   1.681312e+01  
1128      1.49885946326e+05   0.000000e+00   7.128971e+01   1.681815e+01  
1129      1.50737439006e+05   0.000000e+00   7.075906e+01   1.680417e+01  
1130      1.50038356827e+05   0.000000e+00   7.113180e+01   1.681021e+01  
1131      1.50781443866e+05   0.000000e+00   7.068837e+01   1.680162e+01  
1132      1.50057360861e+05   0.000000e+00   7.109147e+01   1.680364e+01  
1133      1.50685289201e+05   0.000000e+00   7.085007e+01   1.680228e+01  
1134      1.49852071650e+05   0.000000e+00   7.120661e+01   1.680493e+01  
1135      1.50767819788e+05   0.000000e+00   7.081001e+01   1.679054e+01  
1136      1.49870491188e+05   0.000000e+00   7.123506e+01   1.680834e+01  
1137      1.50684070747e+05   0.000000e+00   7.095755e+01   1.678806e+01  
1138      1.49911331645e+05   0.000000e+00   7.125377e+01   1.681736e+01  
1139      1.50696056750e+05   0.000000e+00   7.081806e+01   1.678524e+01  
1140      1.49944522918e+05   0.000000e+00   7.122767e+01   1.681347e+01  
1141      1.50536775467e+05   0.000000e+00   7.106119e+01   1.678679e+01  
1142      1.49859630840e+05   0.000000e+00   7.130173e+01   1.681008e+01  
1143      1.50586829535e+05   0.000000e+00   7.100537e+01   1.678285e+01  
1144      1.49880441894e+05   0.000000e+00   7.131898e+01   1.681245e+01  
1145      1.50329016161e+05   0.000000e+00   7.122541e+01   1.678623e+01  
1146      1.49919724295e+05   0.000000e+00   7.136025e+01   1.681725e+01  
1147      1.50321704216e+05   0.000000e+00   7.116617e+01   1.678111e+01  
1148      1.49901855894e+05   0.000000e+00   7.136578e+01   1.681578e+01  
1149      1.50277410843e+05   0.000000e+00   7.115946e+01   1.678287e+01  
1150      1.49936874157e+05   0.000000e+00   7.148753e+01   1.681253e+01  
1151      1.50157278719e+05   0.000000e+00   7.132245e+01   1.678220e+01  
1152      1.49992009032e+05   0.000000e+00   7.139972e+01   1.680861e+01  
1153      1.50156713421e+05   0.000000e+00   7.128039e+01   1.678082e+01  
1154      1.50053688439e+05   0.000000e+00   7.135481e+01   1.681746e+01  
1155      1.50233371287e+05   0.000000e+00   7.122102e+01   1.677658e+01  
1156      1.50040155348e+05   0.000000e+00   7.146993e+01   1.681932e+01  
1157      1.50066645121e+05   0.000000e+00   7.140326e+01   1.678352e+01  
1158      1.50069025529e+05   0.000000e+00   7.141811e+01   1.680938e+01  
1159      1.50133804577e+05   0.000000e+00   7.139109e+01   1.677868e+01  
1160      1.49997382459e+05   0.000000e+00   7.146390e+01   1.681320e+01  
1161      1.50190086489e+05   0.000000e+00   7.134779e+01   1.677377e+01  
1162      1.50016367877e+05   0.000000e+00   7.148567e+01   1.681404e+01  
1163      1.50358764976e+05   0.000000e+00   7.122981e+01   1.676923e+01  
1164      1.49932121940e+05   0.000000e+00   7.158622e+01   1.681361e+01  
1165      1.50222213011e+05   0.000000e+00   7.130605e+01   1.678078e+01  
1166      1.50250761578e+05   0.000000e+00   7.142122e+01   1.680010e+01  
1167      1.50105036156e+05   0.000000e+00   7.141598e+01   1.678124e+01  
1168      1.50077867777e+05   0.000000e+00   7.155279e+01   1.681483e+01  
1169      1.50052740481e+05   0.000000e+00   7.147189e+01   1.678558e+01  
1170      1.50186291070e+05   0.000000e+00   7.145837e+01   1.681026e+01  
1171      1.49989010922e+05   0.000000e+00   7.157968e+01   1.678564e+01  
1172      1.50054660796e+05   0.000000e+00   7.163957e+01   1.681558e+01  
1173      1.49932086591e+05   0.000000e+00   7.167718e+01   1.678118e+01  
1174      1.50137949349e+05   0.000000e+00   7.152704e+01   1.681128e+01  
1175      1.50008649044e+05   0.000000e+00   7.165056e+01   1.677714e+01  
1176      1.49896560907e+05   0.000000e+00   7.171561e+01   1.680679e+01  
1177      1.50101805584e+05   0.000000e+00   7.165631e+01   1.677921e+01  
1178      1.49851552826e+05   0.000000e+00   7.182636e+01   1.680257e+01  
1179      1.50052850004e+05   0.000000e+00   7.168949e+01   1.678271e+01  
1180      1.49872051876e+05   0.000000e+00   7.175719e+01   1.679902e+01  
1181      1.50101904539e+05   0.000000e+00   7.175776e+01   1.677526e+01  
1182      1.49718800990e+05   0.000000e+00   7.198256e+01   1.680463e+01  
1183      1.50044033386e+05   0.000000e+00   7.181190e+01   1.677672e+01  
1184      1.49968966610e+05   0.000000e+00   7.172018e+01   1.680174e+01  
1185      1.50017033645e+05   0.000000e+00   7.187790e+01   1.677849e+01  
1186      1.49886776183e+05   0.000000e+00   7.184600e+01   1.679970e+01  
1187      1.49922129090e+05   0.000000e+00   7.200977e+01   1.677535e+01  
1188      1.49950519268e+05   0.000000e+00   7.180637e+01   1.679935e+01  
1189      1.49798162136e+05   0.000000e+00   7.214155e+01   1.678084e+01  
1190      1.49909915467e+05   0.000000e+00   7.186497e+01   1.679693e+01  
1191      1.49823922069e+05   0.000000e+00   7.206767e+01   1.678167e+01  
1192      1.49910712888e+05   0.000000e+00   7.183187e+01   1.679190e+01  
1193      1.49947581030e+05   0.000000e+00   7.203299e+01   1.677696e+01  
1194      1.49928324955e+05   0.000000e+00   7.184719e+01   1.679333e+01  
1195      1.49985006010e+05   0.000000e+00   7.200098e+01   1.678433e+01  
1196      1.49908509928e+05   0.000000e+00   7.190106e+01   1.678858e+01  
1197      1.49928274979e+05   0.000000e+00   7.194513e+01   1.678315e+01  
1198      1.49772347162e+05   0.000000e+00   7.202262e+01   1.678814e+01  
1199      1.50091329231e+05   0.000000e+00   7.185869e+01   1.678044e+01  
1200      1.49771476820e+05   0.000000e+00   7.189633e+01   1.678687e+01  
1201      1.50038155609e+05   0.000000e+00   7.188164e+01   1.678065e+01  
1202      1.49855844935e+05   0.000000e+00   7.193427e+01   1.678406e+01  
1203      1.50021277677e+05   0.000000e+00   7.193617e+01   1.677816e+01  
1204      1.49647817493e+05   0.000000e+00   7.220598e+01   1.679282e+01  
1205      1.49812991814e+05   0.000000e+00   7.207607e+01   1.678080e+01  
1206      1.49732715846e+05   0.000000e+00   7.218476e+01   1.678959e+01  
1207      1.49723664516e+05   0.000000e+00   7.215824e+01   1.677506e+01  
1208      1.49853302303e+05   0.000000e+00   7.204711e+01   1.679169e+01  
1209      1.49815726101e+05   0.000000e+00   7.213944e+01   1.677796e+01  
1210      1.49731643040e+05   0.000000e+00   7.211269e+01   1.679323e+01  
1211      1.49857723736e+05   0.000000e+00   7.209804e+01   1.677266e+01  
1212      1.49642152766e+05   0.000000e+00   7.222675e+01   1.680291e+01  
1213      1.49755474395e+05   0.000000e+00   7.220307e+01   1.678252e+01  
1214      1.49701247947e+05   0.000000e+00   7.217727e+01   1.680098e+01  
1215      1.50061262753e+05   0.000000e+00   7.192527e+01   1.677497e+01  
1216      1.49732655828e+05   0.000000e+00   7.213365e+01   1.680251e+01  
1217      1.49770313353e+05   0.000000e+00   7.220672e+01   1.678466e+01  
1218      1.49737008943e+05   0.000000e+00   7.220242e+01   1.680520e+01  
1219      1.49798966926e+05   0.000000e+00   7.215444e+01   1.677959e+01  
1220      1.49795669290e+05   0.000000e+00   7.212195e+01   1.680259e+01  
1221      1.49660592515e+05   0.000000e+00   7.234414e+01   1.678728e+01  
1222      1.49825141614e+05   0.000000e+00   7.215805e+01   1.680982e+01  
1223      1.49634759421e+05   0.000000e+00   7.227497e+01   1.679366e+01  
1224      1.49971778458e+05   0.000000e+00   7.206147e+01   1.680572e+01  
1225      1.49437901289e+05   0.000000e+00   7.246462e+01   1.680338e+01  
1226      1.50020156683e+05   0.000000e+00   7.195427e+01   1.680413e+01  
1227      1.49633465428e+05   0.000000e+00   7.239722e+01   1.680128e+01  
1228      1.49862532436e+05   0.000000e+00   7.209021e+01   1.680874e+01  
1229      1.49782966704e+05   0.000000e+00   7.227390e+01   1.680103e+01  
1230      1.49895477748e+05   0.000000e+00   7.218796e+01   1.681509e+01  
1231      1.49828673071e+05   0.000000e+00   7.224948e+01   1.679797e+01  
1232      1.49827333552e+05   0.000000e+00   7.219144e+01   1.682345e+01  
1233      1.50022734445e+05   0.000000e+00   7.214442e+01   1.679399e+01  
1234      1.49708805864e+05   0.000000e+00   7.230255e+01   1.682796e+01  
1235      1.49858144381e+05   0.000000e+00   7.227308e+01   1.679749e+01  
1236      1.49806605484e+05   0.000000e+00   7.219133e+01   1.682067e+01  
1237      1.49841080982e+05   0.000000e+00   7.235188e+01   1.679995e+01  
1238      1.49852688058e+05   0.000000e+00   7.226898e+01   1.682522e+01  
1239      1.49778158971e+05   0.000000e+00   7.241811e+01   1.680193e+01  
1240      1.49985819712e+05   0.000000e+00   7.221304e+01   1.682558e+01  
1241      1.49741794204e+05   0.000000e+00   7.244063e+01   1.680809e+01  
1242      1.49959380800e+05   0.000000e+00   7.224432e+01   1.682013e+01  
1243      1.49618562690e+05   0.000000e+00   7.265952e+01   1.681368e+01  
1244      1.49953324180e+05   0.000000e+00   7.241557e+01   1.681911e+01  
1245      1.49629210609e+05   0.000000e+00   7.263687e+01   1.681373e+01  
1246      1.50124366663e+05   0.000000e+00   7.232527e+01   1.682029e+01  
1247      1.49468338313e+05   0.000000e+00   7.276640e+01   1.681277e+01  
1248      1.50344590257e+05   0.000000e+00   7.226309e+01   1.681339e+01  
1249      1.49369235517e+05   0.000000e+00   7.280671e+01   1.681346e+01  
1250      1.50335152425e+05   0.000000e+00   7.235411e+01   1.681356e+01  
-------------------------------------------------------------------

Initialization/allocation wall-clock time: 2.771 seconds
Calculation (iterations) wall-clock time : 252.222 seconds

