
**********************************************
Real-time propagation in 3D, OPTION = 2
MPI nodes = 8, OMP threads = 16, cores = 128
**********************************************

Interactions
Contact: Natoms = 1.50000000000e+05, as = 6.600000e+01 * a0, G = 1.185679e+04, G * par = 2.371357e+04
Three-body: K3 =  0.000000e+00, g3 = 0.000000e+00
Regular DDI: add = 1.101000e+02 * a0, GD = 4.721954e+03, GD * par =  9.443909e+03, edd = 1.668182e+00
     Dipolar cutoffs Rcut = 4.423341e+00, Lcut = 1.570581e+02

QF = 1, QDEPL = 0: h2 = 1.513903e+05, h4 = 0.000000e+00
        q3 = 0.000000e+00, q5 = 5.490383e+00

GRAD = 0

Trap parameters
GAMMA = 0.000000e+00, NU = 0.000000e+00, LAMBDA = 0.000000e+00
Parameters of rotation: OMEGA = 0.000000e+00, OMEGA * par = 0.000000e+00

Space discretization: NX = 128, NY = 128, NZ = 128
                      DX = 2.454033e+00, DY = 6.911470e-02, DZ = 6.911470e-02
      Unit of length: aho = 5.552380e-07 m

Time discretization: NITER = 2500 (NSNAP = 1250)
                     DT = 2.388421e-03

Initial state: file ./imag3d-finalpsi.bin
ADD_VORTICES = 0, ADD_RANDOM_PHASE = 0


MUREL = 1.000000e-12, MUEND=1.000000e+05

-------------------------------------------------------------------
Snap      Na             QD             mu             <r>
-------------------------------------------------------------------
0         1.50064005316e+05   0.000000e+00   -9.356568e+00  1.568796e+01  
1         1.50064001077e+05   0.000000e+00   -9.363666e+00  1.568795e+01  
2         1.50063999726e+05   0.000000e+00   -9.370527e+00  1.568794e+01  
3         1.50064000917e+05   0.000000e+00   -9.375363e+00  1.568794e+01  
4         1.50063995864e+05   0.000000e+00   -9.377372e+00  1.568793e+01  
5         1.50063995388e+05   0.000000e+00   -9.376483e+00  1.568792e+01  
6         1.50063987844e+05   0.000000e+00   -9.372993e+00  1.568790e+01  
7         1.50063983666e+05   0.000000e+00   -9.367349e+00  1.568789e+01  
8         1.50063973461e+05   0.000000e+00   -9.359953e+00  1.568788e+01  
9         1.50063965975e+05   0.000000e+00   -9.351184e+00  1.568786e+01  
10        1.50063952926e+05   0.000000e+00   -9.341498e+00  1.568784e+01  
11        1.50063943557e+05   0.000000e+00   -9.331269e+00  1.568783e+01  
12        1.50063930414e+05   0.000000e+00   -9.320706e+00  1.568781e+01  
13        1.50063917280e+05   0.000000e+00   -9.309971e+00  1.568779e+01  
14        1.50063904103e+05   0.000000e+00   -9.299233e+00  1.568778e+01  
15        1.50063893436e+05   0.000000e+00   -9.288545e+00  1.568776e+01  
16        1.50063874490e+05   0.000000e+00   -9.277785e+00  1.568774e+01  
17        1.50063858735e+05   0.000000e+00   -9.266793e+00  1.568773e+01  
18        1.50063843104e+05   0.000000e+00   -9.255559e+00  1.568771e+01  
19        1.50063825633e+05   0.000000e+00   -9.244334e+00  1.568770e+01  
20        1.50063806817e+05   0.000000e+00   -9.233602e+00  1.568769e+01  
21        1.50063788106e+05   0.000000e+00   -9.223951e+00  1.568768e+01  
22        1.50063765699e+05   0.000000e+00   -9.215945e+00  1.568767e+01  
23        1.50063744453e+05   0.000000e+00   -9.210019e+00  1.568766e+01  
24        1.50063719552e+05   0.000000e+00   -9.206414e+00  1.568766e+01  
25        1.50063694841e+05   0.000000e+00   -9.205188e+00  1.568766e+01  
26        1.50063667997e+05   0.000000e+00   -9.206233e+00  1.568766e+01  
27        1.50063640084e+05   0.000000e+00   -9.209330e+00  1.568766e+01  
28        1.50063611384e+05   0.000000e+00   -9.214195e+00  1.568766e+01  
29        1.50063580812e+05   0.000000e+00   -9.220515e+00  1.568767e+01  
30        1.50063550447e+05   0.000000e+00   -9.227982e+00  1.568767e+01  
31        1.50063517842e+05   0.000000e+00   -9.236309e+00  1.568768e+01  
32        1.50063485884e+05   0.000000e+00   -9.245241e+00  1.568769e+01  
33        1.50063451404e+05   0.000000e+00   -9.254565e+00  1.568770e+01  
34        1.50063417490e+05   0.000000e+00   -9.264102e+00  1.568772e+01  
35        1.50063381257e+05   0.000000e+00   -9.273710e+00  1.568773e+01  
36        1.50063345703e+05   0.000000e+00   -9.283275e+00  1.568775e+01  
37        1.50063308331e+05   0.000000e+00   -9.292700e+00  1.568776e+01  
38        1.50063271312e+05   0.000000e+00   -9.301905e+00  1.568778e+01  
39        1.50063232872e+05   0.000000e+00   -9.310821e+00  1.568779e+01  
40        1.50063194725e+05   0.000000e+00   -9.319387e+00  1.568781e+01  
41        1.50063155645e+05   0.000000e+00   -9.327550e+00  1.568783e+01  
42        1.50063116680e+05   0.000000e+00   -9.335262e+00  1.568784e+01  
43        1.50063077275e+05   0.000000e+00   -9.342481e+00  1.568786e+01  
44        1.50063037710e+05   0.000000e+00   -9.349169e+00  1.568788e+01  
45        1.50062997644e+05   0.000000e+00   -9.355294e+00  1.568789e+01  
46        1.50062957217e+05   0.000000e+00   -9.360827e+00  1.568790e+01  
47        1.50062916912e+05   0.000000e+00   -9.365745e+00  1.568792e+01  
48        1.50062876742e+05   0.000000e+00   -9.370027e+00  1.568793e+01  
49        1.50062837138e+05   0.000000e+00   -9.373655e+00  1.568794e+01  
50        1.50062797529e+05   0.000000e+00   -9.376617e+00  1.568795e+01  
51        1.50062758411e+05   0.000000e+00   -9.378901e+00  1.568796e+01  
52        1.50062719326e+05   0.000000e+00   -9.380502e+00  1.568796e+01  
53        1.50062680638e+05   0.000000e+00   -9.381416e+00  1.568797e+01  
54        1.50062642038e+05   0.000000e+00   -9.381647e+00  1.568797e+01  
55        1.50062603993e+05   0.000000e+00   -9.381203e+00  1.568798e+01  
56        1.50062566231e+05   0.000000e+00   -9.380099e+00  1.568798e+01  
57        1.50062529010e+05   0.000000e+00   -9.378350e+00  1.568798e+01  
58        1.50062492089e+05   0.000000e+00   -9.375981e+00  1.568798e+01  
59        1.50062455744e+05   0.000000e+00   -9.373016e+00  1.568797e+01  
60        1.50062420226e+05   0.000000e+00   -9.369489e+00  1.568797e+01  
61        1.50062385525e+05   0.000000e+00   -9.365441e+00  1.568797e+01  
62        1.50062351214e+05   0.000000e+00   -9.360919e+00  1.568796e+01  
63        1.50062317260e+05   0.000000e+00   -9.355965e+00  1.568795e+01  
64        1.50062284259e+05   0.000000e+00   -9.350618e+00  1.568794e+01  
65        1.50062252124e+05   0.000000e+00   -9.344923e+00  1.568794e+01  
66        1.50062220609e+05   0.000000e+00   -9.338932e+00  1.568793e+01  
67        1.50062189694e+05   0.000000e+00   -9.332715e+00  1.568792e+01  
68        1.50062159097e+05   0.000000e+00   -9.326345e+00  1.568791e+01  
69        1.50062129114e+05   0.000000e+00   -9.319888e+00  1.568790e+01  
70        1.50062099352e+05   0.000000e+00   -9.313399e+00  1.568789e+01  
71        1.50062069923e+05   0.000000e+00   -9.306925e+00  1.568788e+01  
72        1.50062040816e+05   0.000000e+00   -9.300510e+00  1.568787e+01  
73        1.50062011971e+05   0.000000e+00   -9.294202e+00  1.568786e+01  
74        1.50061982653e+05   0.000000e+00   -9.288054e+00  1.568785e+01  
75        1.50061953618e+05   0.000000e+00   -9.282125e+00  1.568784e+01  
76        1.50061923794e+05   0.000000e+00   -9.276496e+00  1.568784e+01  
77        1.50061893204e+05   0.000000e+00   -9.271273e+00  1.568783e+01  
78        1.50061860609e+05   0.000000e+00   -9.266534e+00  1.568783e+01  
79        1.50061826261e+05   0.000000e+00   -9.262301e+00  1.568782e+01  
80        1.50061789720e+05   0.000000e+00   -9.258549e+00  1.568782e+01  
81        1.50061751386e+05   0.000000e+00   -9.255248e+00  1.568782e+01  
82        1.50061710219e+05   0.000000e+00   -9.252401e+00  1.568782e+01  
83        1.50061666873e+05   0.000000e+00   -9.250046e+00  1.568782e+01  
84        1.50061617874e+05   0.000000e+00   -9.248213e+00  1.568783e+01  
85        1.50061561886e+05   0.000000e+00   -9.246886e+00  1.568783e+01  
86        1.50061493568e+05   0.000000e+00   -9.246005e+00  1.568784e+01  
87        1.50061411640e+05   0.000000e+00   -9.245446e+00  1.568785e+01  
88        1.50061312562e+05   0.000000e+00   -9.244994e+00  1.568786e+01  
89        1.50061193682e+05   0.000000e+00   -9.244331e+00  1.568788e+01  
90        1.50061049795e+05   0.000000e+00   -9.243002e+00  1.568790e+01  
91        1.50060871407e+05   0.000000e+00   -9.240340e+00  1.568792e+01  
92        1.50060640047e+05   0.000000e+00   -9.235290e+00  1.568795e+01  
93        1.50060325737e+05   0.000000e+00   -9.226166e+00  1.568798e+01  
94        1.50059865414e+05   0.000000e+00   -9.210370e+00  1.568802e+01  
95        1.50059151921e+05   0.000000e+00   -9.184129e+00  1.568808e+01  
96        1.50057994495e+05   0.000000e+00   -9.142219e+00  1.568816e+01  
97        1.50056092179e+05   0.000000e+00   -9.077766e+00  1.568828e+01  
98        1.50052989329e+05   0.000000e+00   -8.982325e+00  1.568846e+01  
99        1.50048096696e+05   0.000000e+00   -8.846367e+00  1.568872e+01  
100       1.50040777181e+05   0.000000e+00   -8.659986e+00  1.568911e+01  
101       1.50030545750e+05   0.000000e+00   -8.413475e+00  1.568965e+01  
102       1.50017276040e+05   0.000000e+00   -8.097850e+00  1.569034e+01  
103       1.50001422777e+05   0.000000e+00   -7.706024e+00  1.569116e+01  
104       1.49984085714e+05   0.000000e+00   -7.234965e+00  1.569207e+01  
105       1.49966843744e+05   0.000000e+00   -6.688166e+00  1.569299e+01  
106       1.49951369298e+05   0.000000e+00   -6.077405e+00  1.569387e+01  
107       1.49938962489e+05   0.000000e+00   -5.422652e+00  1.569465e+01  
108       1.49930305426e+05   0.000000e+00   -4.749200e+00  1.569532e+01  
109       1.49925412448e+05   0.000000e+00   -4.083030e+00  1.569590e+01  
110       1.49922910907e+05   0.000000e+00   -3.446540e+00  1.569646e+01  
111       1.49916481620e+05   0.000000e+00   -2.852192e+00  1.569734e+01  
112       1.49872020526e+05   0.000000e+00   -2.250075e+00  1.570022e+01  
113       1.49640721040e+05   0.000000e+00   3.671583e-02   1.571254e+01  
114       1.50076454052e+05   0.000000e+00   -2.317356e-01  1.569081e+01  
115       1.49454430939e+05   0.000000e+00   1.012602e+00   1.572204e+01  
116       1.50062037499e+05   0.000000e+00   1.014655e+00   1.569662e+01  
117       1.49795504891e+05   0.000000e+00   3.946044e-02   1.570830e+01  
118       1.50226615362e+05   0.000000e+00   5.973833e-01   1.568921e+01  
119       1.50042889199e+05   0.000000e+00   5.631649e-01   1.569939e+01  
120       1.50288551716e+05   0.000000e+00   1.182935e+00   1.568837e+01  
121       1.50052209567e+05   0.000000e+00   1.071790e+00   1.570080e+01  
122       1.50369167389e+05   0.000000e+00   1.136426e+00   1.568605e+01  
123       1.49904240985e+05   0.000000e+00   1.502779e+00   1.570778e+01  
124       1.50408336484e+05   0.000000e+00   2.007304e+00   1.568404e+01  
125       1.49914762752e+05   0.000000e+00   1.808804e+00   1.570961e+01  
126       1.50442140830e+05   0.000000e+00   1.609301e+00   1.568712e+01  
127       1.50027210856e+05   0.000000e+00   1.591848e+00   1.571009e+01  
128       1.50425202022e+05   0.000000e+00   2.021119e+00   1.569336e+01  
129       1.50068945458e+05   0.000000e+00   2.177586e+00   1.571295e+01  
130       1.50325306515e+05   0.000000e+00   2.334817e+00   1.570052e+01  
131       1.50049895996e+05   0.000000e+00   2.433557e+00   1.571675e+01  
132       1.50302264521e+05   0.000000e+00   2.713286e+00   1.570563e+01  
133       1.50085485260e+05   0.000000e+00   2.893741e+00   1.571890e+01  
134       1.50274568278e+05   0.000000e+00   3.206599e+00   1.570942e+01  
135       1.50140625589e+05   0.000000e+00   3.359515e+00   1.571961e+01  
136       1.50259604842e+05   0.000000e+00   3.773060e+00   1.571340e+01  
137       1.49954101328e+05   0.000000e+00   6.735320e+00   1.573182e+01  
138       1.50083545770e+05   0.000000e+00   6.609983e+00   1.572513e+01  
139       1.50389347702e+05   0.000000e+00   5.296533e+00   1.571163e+01  
140       1.50281594633e+05   0.000000e+00   5.535515e+00   1.571715e+01  
141       1.50335359690e+05   0.000000e+00   5.834556e+00   1.571599e+01  
142       1.50211605065e+05   0.000000e+00   6.864002e+00   1.572180e+01  
143       1.50480740130e+05   0.000000e+00   6.348896e+00   1.571022e+01  
144       1.50275965372e+05   0.000000e+00   6.497444e+00   1.571940e+01  
145       1.50463660316e+05   0.000000e+00   6.560890e+00   1.571141e+01  
146       1.50256008448e+05   0.000000e+00   6.711064e+00   1.571995e+01  
147       1.50454838170e+05   0.000000e+00   6.732034e+00   1.571130e+01  
148       1.50232018070e+05   0.000000e+00   6.888959e+00   1.571933e+01  
149       1.50460100765e+05   0.000000e+00   6.881277e+00   1.570942e+01  
150       1.50218569917e+05   0.000000e+00   7.028033e+00   1.571683e+01  
151       1.50492881171e+05   0.000000e+00   6.974220e+00   1.570505e+01  
152       1.50197963922e+05   0.000000e+00   7.105987e+00   1.571322e+01  
153       1.50472012913e+05   0.000000e+00   7.136779e+00   1.570157e+01  
154       1.50079677802e+05   0.000000e+00   7.437238e+00   1.571197e+01  
155       1.50413865428e+05   0.000000e+00   7.605177e+00   1.569752e+01  
156       1.50023481325e+05   0.000000e+00   7.917670e+00   1.570597e+01  
157       1.50348788170e+05   0.000000e+00   8.080163e+00   1.569283e+01  
158       1.49754769496e+05   0.000000e+00   8.440899e+00   1.570910e+01  
159       1.50120438675e+05   0.000000e+00   8.716885e+00   1.569400e+01  
160       1.49568666663e+05   0.000000e+00   9.089435e+00   1.570653e+01  
161       1.49981846776e+05   0.000000e+00   9.303428e+00   1.569199e+01  
162       1.49350741497e+05   0.000000e+00   9.610678e+00   1.570806e+01  
163       1.49856702260e+05   0.000000e+00   9.953587e+00   1.568839e+01  
164       1.49053422441e+05   0.000000e+00   1.043546e+01   1.571063e+01  
165       1.49710026534e+05   0.000000e+00   1.073468e+01   1.568725e+01  
166       1.48899955983e+05   0.000000e+00   1.125763e+01   1.570866e+01  
167       1.49451132271e+05   0.000000e+00   1.174874e+01   1.569110e+01  
168       1.48661671680e+05   0.000000e+00   1.220187e+01   1.571273e+01  
169       1.49451004941e+05   0.000000e+00   1.258723e+01   1.568391e+01  
170       1.48228278664e+05   0.000000e+00   1.320507e+01   1.572359e+01  
171       1.49412642915e+05   0.000000e+00   1.350706e+01   1.568130e+01  
172       1.48258552206e+05   0.000000e+00   1.402669e+01   1.571704e+01  
173       1.49104729521e+05   0.000000e+00   1.436737e+01   1.569359e+01  
174       1.48371250829e+05   0.000000e+00   1.470867e+01   1.570678e+01  
175       1.48911678041e+05   0.000000e+00   1.508207e+01   1.570067e+01  
176       1.48489236041e+05   0.000000e+00   1.527590e+01   1.569998e+01  
177       1.49003841019e+05   0.000000e+00   1.553939e+01   1.569914e+01  
178       1.48379601319e+05   0.000000e+00   1.619848e+01   1.570153e+01  
179       1.49150206062e+05   0.000000e+00   1.698914e+01   1.569497e+01  
180       1.48027664488e+05   0.000000e+00   1.794550e+01   1.571532e+01  
181       1.49085778110e+05   0.000000e+00   2.474768e+01   1.566067e+01  
182       1.48261376918e+05   0.000000e+00   2.219601e+01   1.573861e+01  
183       1.49976352886e+05   0.000000e+00   2.991249e+01   1.565655e+01  
184       1.47597852838e+05   0.000000e+00   2.799121e+01   1.574402e+01  
185       1.49803097413e+05   0.000000e+00   3.011188e+01   1.569205e+01  
186       1.48021989131e+05   0.000000e+00   3.081527e+01   1.572055e+01  
187       1.49698375590e+05   0.000000e+00   3.028331e+01   1.569942e+01  
188       1.47500024044e+05   0.000000e+00   3.932775e+01   1.573733e+01  
189       1.49578891488e+05   0.000000e+00   4.175180e+01   1.571018e+01  
190       1.47971989785e+05   0.000000e+00   3.885191e+01   1.573727e+01  
191       1.49511895868e+05   0.000000e+00   4.172468e+01   1.570153e+01  
192       1.48396539912e+05   0.000000e+00   4.303130e+01   1.573816e+01  
193       1.50894776477e+05   0.000000e+00   4.915706e+01   1.571351e+01  
194       1.48093278480e+05   0.000000e+00   4.383820e+01   1.570286e+01  
195       1.50249797033e+05   0.000000e+00   4.586119e+01   1.569268e+01  
196       1.48302091133e+05   0.000000e+00   4.371530e+01   1.571525e+01  
197       1.50239790930e+05   0.000000e+00   3.969616e+01   1.569646e+01  
198       1.47747613949e+05   0.000000e+00   4.076686e+01   1.574441e+01  
199       1.50085083731e+05   0.000000e+00   4.028166e+01   1.571159e+01  
200       1.47861331357e+05   0.000000e+00   3.985740e+01   1.575511e+01  
201       1.49836930039e+05   0.000000e+00   4.085150e+01   1.572085e+01  
202       1.48397998080e+05   0.000000e+00   3.993827e+01   1.574683e+01  
203       1.49724700328e+05   0.000000e+00   4.083829e+01   1.572662e+01  
204       1.48283352667e+05   0.000000e+00   4.069338e+01   1.576486e+01  
205       1.49767388901e+05   0.000000e+00   4.149305e+01   1.572615e+01  
206       1.48152860441e+05   0.000000e+00   4.425525e+01   1.576746e+01  
207       1.49744611135e+05   0.000000e+00   4.167605e+01   1.572833e+01  
208       1.47745077691e+05   0.000000e+00   4.358704e+01   1.578324e+01  
209       1.49403919192e+05   0.000000e+00   4.395284e+01   1.574233e+01  
210       1.48018439371e+05   0.000000e+00   4.328343e+01   1.578584e+01  
211       1.49610769067e+05   0.000000e+00   4.328204e+01   1.575245e+01  
212       1.48113005948e+05   0.000000e+00   4.451313e+01   1.580054e+01  
213       1.49778791821e+05   0.000000e+00   4.380954e+01   1.575707e+01  
214       1.48500942537e+05   0.000000e+00   4.447878e+01   1.580056e+01  
215       1.49278162250e+05   0.000000e+00   4.559281e+01   1.578821e+01  
216       1.49086844257e+05   0.000000e+00   4.517783e+01   1.579693e+01  
217       1.49439825728e+05   0.000000e+00   4.787335e+01   1.577957e+01  
218       1.49636793840e+05   0.000000e+00   5.538650e+01   1.578615e+01  
219       1.49364964988e+05   0.000000e+00   5.107551e+01   1.579194e+01  
220       1.49373937682e+05   0.000000e+00   5.488421e+01   1.581242e+01  
221       1.49122856668e+05   0.000000e+00   5.339700e+01   1.581747e+01  
222       1.48922236439e+05   0.000000e+00   5.864534e+01   1.585514e+01  
223       1.49551888174e+05   0.000000e+00   5.533044e+01   1.582354e+01  
224       1.49754323827e+05   0.000000e+00   5.479483e+01   1.583619e+01  
225       1.49544287161e+05   0.000000e+00   5.846925e+01   1.581191e+01  
226       1.49430682986e+05   0.000000e+00   6.041060e+01   1.584168e+01  
227       1.49583125372e+05   0.000000e+00   5.737472e+01   1.583098e+01  
228       1.49626762925e+05   0.000000e+00   5.593763e+01   1.585344e+01  
229       1.50239355233e+05   0.000000e+00   5.429721e+01   1.584359e+01  
230       1.49739298369e+05   0.000000e+00   5.467629e+01   1.585663e+01  
231       1.50116470877e+05   0.000000e+00   5.479178e+01   1.585043e+01  
232       1.49643607050e+05   0.000000e+00   5.693291e+01   1.586637e+01  
233       1.50163680017e+05   0.000000e+00   5.640110e+01   1.585775e+01  
234       1.49740828225e+05   0.000000e+00   5.580773e+01   1.587470e+01  
235       1.50151883013e+05   0.000000e+00   5.651514e+01   1.587385e+01  
236       1.49655535569e+05   0.000000e+00   5.649360e+01   1.588151e+01  
237       1.49993902940e+05   0.000000e+00   5.628916e+01   1.587007e+01  
238       1.49441784304e+05   0.000000e+00   5.720036e+01   1.588444e+01  
239       1.50324805563e+05   0.000000e+00   5.686437e+01   1.588059e+01  
240       1.49450107169e+05   0.000000e+00   5.766250e+01   1.588031e+01  
241       1.50003873168e+05   0.000000e+00   5.817535e+01   1.588182e+01  
242       1.49328125736e+05   0.000000e+00   5.844291e+01   1.589297e+01  
243       1.50312997659e+05   0.000000e+00   5.744949e+01   1.588148e+01  
244       1.49023496392e+05   0.000000e+00   5.840700e+01   1.588807e+01  
245       1.50470560052e+05   0.000000e+00   5.774533e+01   1.588525e+01  
246       1.49085776357e+05   0.000000e+00   5.838367e+01   1.589174e+01  
247       1.50435151886e+05   0.000000e+00   5.778968e+01   1.588461e+01  
248       1.49219740418e+05   0.000000e+00   5.861873e+01   1.588778e+01  
249       1.50367383649e+05   0.000000e+00   5.783784e+01   1.589727e+01  
250       1.49259207103e+05   0.000000e+00   5.861161e+01   1.587758e+01  
251       1.50537514152e+05   0.000000e+00   5.792341e+01   1.589610e+01  
252       1.49313929641e+05   0.000000e+00   5.858454e+01   1.588235e+01  
253       1.50456111182e+05   0.000000e+00   5.813263e+01   1.589453e+01  
254       1.49319132525e+05   0.000000e+00   5.874632e+01   1.588843e+01  
255       1.50623923261e+05   0.000000e+00   5.807909e+01   1.589427e+01  
256       1.49388135567e+05   0.000000e+00   5.880246e+01   1.588443e+01  
257       1.50802162504e+05   0.000000e+00   5.794795e+01   1.590161e+01  
258       1.49652223748e+05   0.000000e+00   5.866681e+01   1.587799e+01  
259       1.50682262274e+05   0.000000e+00   5.810786e+01   1.590547e+01  
260       1.50066168407e+05   0.000000e+00   5.862248e+01   1.587400e+01  
261       1.50404347440e+05   0.000000e+00   5.829425e+01   1.592576e+01  
262       1.50313596001e+05   0.000000e+00   5.871317e+01   1.586604e+01  
263       1.50499124737e+05   0.000000e+00   5.830696e+01   1.592876e+01  
264       1.50318349271e+05   0.000000e+00   5.879720e+01   1.586682e+01  
265       1.50828876867e+05   0.000000e+00   5.848147e+01   1.592483e+01  
266       1.50349803148e+05   0.000000e+00   5.908267e+01   1.586672e+01  
267       1.50910443431e+05   0.000000e+00   5.892195e+01   1.592534e+01  
268       1.50268013647e+05   0.000000e+00   5.946594e+01   1.588148e+01  
269       1.51282273273e+05   0.000000e+00   5.876209e+01   1.593018e+01  
270       1.50318441858e+05   0.000000e+00   5.973623e+01   1.588460e+01  
271       1.50628521129e+05   0.000000e+00   5.944848e+01   1.596398e+01  
272       1.49867203376e+05   0.000000e+00   6.038896e+01   1.589852e+01  
273       1.50471875229e+05   0.000000e+00   5.982060e+01   1.597387e+01  
274       1.49707541625e+05   0.000000e+00   6.088970e+01   1.591118e+01  
275       1.50614416178e+05   0.000000e+00   6.020284e+01   1.597236e+01  
276       1.49561299442e+05   0.000000e+00   6.149234e+01   1.590289e+01  
277       1.50568871654e+05   0.000000e+00   6.037518e+01   1.596163e+01  
278       1.49601167744e+05   0.000000e+00   6.161760e+01   1.591560e+01  
279       1.51079111176e+05   0.000000e+00   6.010517e+01   1.597466e+01  
280       1.49669918741e+05   0.000000e+00   6.163717e+01   1.591194e+01  
281       1.50527543057e+05   0.000000e+00   6.076171e+01   1.597801e+01  
282       1.49150636658e+05   0.000000e+00   6.239851e+01   1.591863e+01  
283       1.50826144868e+05   0.000000e+00   6.081992e+01   1.598021e+01  
284       1.49337115854e+05   0.000000e+00   6.227628e+01   1.592938e+01  
285       1.50790752536e+05   0.000000e+00   6.131971e+01   1.596767e+01  
286       1.48902183068e+05   0.000000e+00   6.276728e+01   1.594085e+01  
287       1.51358304404e+05   0.000000e+00   6.119833e+01   1.597106e+01  
288       1.48980288210e+05   0.000000e+00   6.299859e+01   1.595699e+01  
289       1.50764547068e+05   0.000000e+00   6.193161e+01   1.597752e+01  
290       1.49243582558e+05   0.000000e+00   6.309739e+01   1.595463e+01  
291       1.50708183902e+05   0.000000e+00   6.210515e+01   1.598876e+01  
292       1.49233247140e+05   0.000000e+00   6.340250e+01   1.596890e+01  
293       1.50668433066e+05   0.000000e+00   6.232243e+01   1.598571e+01  
294       1.49175589047e+05   0.000000e+00   6.347773e+01   1.598319e+01  
295       1.50756451789e+05   0.000000e+00   6.238964e+01   1.598816e+01  
296       1.49025014440e+05   0.000000e+00   6.372742e+01   1.599603e+01  
297       1.51094571723e+05   0.000000e+00   6.229947e+01   1.599976e+01  
298       1.48779929492e+05   0.000000e+00   6.389195e+01   1.602405e+01  
299       1.51232112298e+05   0.000000e+00   6.231037e+01   1.598998e+01  
300       1.49105564489e+05   0.000000e+00   6.371920e+01   1.602575e+01  
301       1.51217689820e+05   0.000000e+00   6.231992e+01   1.599747e+01  
302       1.49164183061e+05   0.000000e+00   6.379284e+01   1.601790e+01  
303       1.51144677250e+05   0.000000e+00   6.255151e+01   1.599679e+01  
304       1.49155718636e+05   0.000000e+00   6.391332e+01   1.602842e+01  
305       1.51143364647e+05   0.000000e+00   6.260028e+01   1.600542e+01  
306       1.49285415347e+05   0.000000e+00   6.400411e+01   1.604661e+01  
307       1.50891929101e+05   0.000000e+00   6.299211e+01   1.601634e+01  
308       1.49564111187e+05   0.000000e+00   6.416373e+01   1.603142e+01  
309       1.50586821549e+05   0.000000e+00   6.349722e+01   1.603446e+01  
310       1.49714468449e+05   0.000000e+00   6.411908e+01   1.603729e+01  
311       1.50283040441e+05   0.000000e+00   6.392319e+01   1.603731e+01  
312       1.49505881183e+05   0.000000e+00   6.534002e+01   1.604337e+01  
313       1.50107840506e+05   0.000000e+00   6.483544e+01   1.603391e+01  
314       1.49699292120e+05   0.000000e+00   6.586719e+01   1.603972e+01  
315       1.50309918930e+05   0.000000e+00   6.559838e+01   1.602111e+01  
316       1.49371853239e+05   0.000000e+00   6.768372e+01   1.604699e+01  
317       1.49898151674e+05   0.000000e+00   6.695371e+01   1.603050e+01  
318       1.49843715014e+05   0.000000e+00   6.715359e+01   1.607332e+01  
319       1.49536428915e+05   0.000000e+00   6.791359e+01   1.603827e+01  
320       1.50085169779e+05   0.000000e+00   6.654249e+01   1.608168e+01  
321       1.49490992714e+05   0.000000e+00   6.650190e+01   1.604760e+01  
322       1.50352422146e+05   0.000000e+00   6.625787e+01   1.607104e+01  
323       1.49604413823e+05   0.000000e+00   6.650839e+01   1.606256e+01  
324       1.50863357980e+05   0.000000e+00   6.601455e+01   1.607012e+01  
325       1.49374645170e+05   0.000000e+00   6.683259e+01   1.606602e+01  
326       1.50880246286e+05   0.000000e+00   6.639397e+01   1.607457e+01  
327       1.49348443882e+05   0.000000e+00   6.696735e+01   1.606659e+01  
328       1.51015764190e+05   0.000000e+00   6.658862e+01   1.608577e+01  
329       1.49263051064e+05   0.000000e+00   6.723019e+01   1.607624e+01  
330       1.51144579925e+05   0.000000e+00   6.673802e+01   1.607422e+01  
331       1.48933097181e+05   0.000000e+00   6.763218e+01   1.608865e+01  
332       1.51079487411e+05   0.000000e+00   6.692476e+01   1.608432e+01  
333       1.49151009805e+05   0.000000e+00   6.761202e+01   1.608327e+01  
334       1.51079111210e+05   0.000000e+00   6.707908e+01   1.607741e+01  
335       1.48902224168e+05   0.000000e+00   6.775896e+01   1.608902e+01  
336       1.51346290776e+05   0.000000e+00   6.694402e+01   1.607698e+01  
337       1.48993578476e+05   0.000000e+00   6.784248e+01   1.609581e+01  
338       1.51135545452e+05   0.000000e+00   6.717691e+01   1.607385e+01  
339       1.49020641935e+05   0.000000e+00   6.799435e+01   1.609619e+01  
340       1.51075665169e+05   0.000000e+00   6.740730e+01   1.607706e+01  
341       1.48923885515e+05   0.000000e+00   6.841835e+01   1.609297e+01  
342       1.51030091425e+05   0.000000e+00   6.859612e+01   1.607048e+01  
343       1.48797015332e+05   0.000000e+00   7.008247e+01   1.608715e+01  
344       1.51286836620e+05   0.000000e+00   6.813424e+01   1.606344e+01  
345       1.48811901921e+05   0.000000e+00   6.921626e+01   1.609145e+01  
346       1.51378598598e+05   0.000000e+00   6.813222e+01   1.606970e+01  
347       1.48728911067e+05   0.000000e+00   6.913493e+01   1.609833e+01  
348       1.51224839204e+05   0.000000e+00   6.823503e+01   1.606572e+01  
349       1.48791776686e+05   0.000000e+00   6.916933e+01   1.608912e+01  
350       1.50997287447e+05   0.000000e+00   6.826026e+01   1.607611e+01  
351       1.49184055016e+05   0.000000e+00   6.895371e+01   1.606767e+01  
352       1.50989435088e+05   0.000000e+00   6.817731e+01   1.607605e+01  
353       1.49586804032e+05   0.000000e+00   6.861341e+01   1.606847e+01  
354       1.51099510876e+05   0.000000e+00   6.803807e+01   1.607815e+01  
355       1.49448252301e+05   0.000000e+00   6.881441e+01   1.607782e+01  
356       1.51217093933e+05   0.000000e+00   6.815116e+01   1.607829e+01  
357       1.49070923628e+05   0.000000e+00   6.930698e+01   1.608776e+01  
358       1.51486654870e+05   0.000000e+00   6.815312e+01   1.608304e+01  
359       1.49124022962e+05   0.000000e+00   6.917704e+01   1.609396e+01  
360       1.51275252422e+05   0.000000e+00   6.857307e+01   1.607971e+01  
361       1.48919640881e+05   0.000000e+00   6.962367e+01   1.609262e+01  
362       1.51135013888e+05   0.000000e+00   6.870966e+01   1.608515e+01  
363       1.49173997646e+05   0.000000e+00   7.099983e+01   1.610596e+01  
364       1.51237195010e+05   0.000000e+00   6.898541e+01   1.608995e+01  
365       1.49056974762e+05   0.000000e+00   7.001019e+01   1.609242e+01  
366       1.51176157079e+05   0.000000e+00   6.990445e+01   1.608384e+01  
367       1.48785152995e+05   0.000000e+00   7.021428e+01   1.609905e+01  
368       1.51262152604e+05   0.000000e+00   6.928154e+01   1.608358e+01  
369       1.48912290081e+05   0.000000e+00   7.009420e+01   1.609418e+01  
370       1.51345109643e+05   0.000000e+00   6.916725e+01   1.607500e+01  
371       1.48587361388e+05   0.000000e+00   7.035496e+01   1.609299e+01  
372       1.51318990936e+05   0.000000e+00   6.930298e+01   1.608152e+01  
373       1.48972713188e+05   0.000000e+00   6.999496e+01   1.610224e+01  
374       1.51082470778e+05   0.000000e+00   6.941602e+01   1.607138e+01  
375       1.48791203022e+05   0.000000e+00   7.025562e+01   1.610198e+01  
376       1.51101665059e+05   0.000000e+00   6.938039e+01   1.607811e+01  
377       1.49065692225e+05   0.000000e+00   7.022292e+01   1.609865e+01  
378       1.50650096781e+05   0.000000e+00   6.977752e+01   1.608230e+01  
379       1.48812935859e+05   0.000000e+00   7.049134e+01   1.608554e+01  
380       1.50678461767e+05   0.000000e+00   6.981626e+01   1.608518e+01  
381       1.49013605824e+05   0.000000e+00   7.034602e+01   1.609820e+01  
382       1.50580469460e+05   0.000000e+00   7.015601e+01   1.608727e+01  
383       1.48497712895e+05   0.000000e+00   7.096352e+01   1.610205e+01  
384       1.50790513883e+05   0.000000e+00   7.001209e+01   1.608426e+01  
385       1.48894074577e+05   0.000000e+00   7.083060e+01   1.609534e+01  
386       1.50460210589e+05   0.000000e+00   7.131404e+01   1.608106e+01  
387       1.48891804246e+05   0.000000e+00   7.118215e+01   1.608963e+01  
388       1.50422728158e+05   0.000000e+00   7.047667e+01   1.607729e+01  
389       1.49121946142e+05   0.000000e+00   7.100994e+01   1.609590e+01  
390       1.50495608298e+05   0.000000e+00   7.055746e+01   1.607247e+01  
391       1.49206574741e+05   0.000000e+00   7.114202e+01   1.609688e+01  
392       1.50579056031e+05   0.000000e+00   7.078017e+01   1.608090e+01  
393       1.48743001085e+05   0.000000e+00   7.171873e+01   1.610569e+01  
394       1.50674262086e+05   0.000000e+00   7.088786e+01   1.608913e+01  
395       1.48474802248e+05   0.000000e+00   7.193735e+01   1.612220e+01  
396       1.50699897107e+05   0.000000e+00   7.093368e+01   1.608209e+01  
397       1.48764796035e+05   0.000000e+00   7.177714e+01   1.611562e+01  
398       1.50776443551e+05   0.000000e+00   7.084952e+01   1.607921e+01  
399       1.48806791823e+05   0.000000e+00   7.170190e+01   1.612067e+01  
400       1.50690605912e+05   0.000000e+00   7.104953e+01   1.606741e+01  
401       1.48826564708e+05   0.000000e+00   7.183467e+01   1.611595e+01  
402       1.50410964535e+05   0.000000e+00   7.136877e+01   1.607144e+01  
403       1.49059601560e+05   0.000000e+00   7.163586e+01   1.611855e+01  
404       1.50462045119e+05   0.000000e+00   7.118585e+01   1.607560e+01  
405       1.48927147707e+05   0.000000e+00   7.174384e+01   1.612328e+01  
406       1.50568737984e+05   0.000000e+00   7.123810e+01   1.606439e+01  
407       1.48669125711e+05   0.000000e+00   7.198928e+01   1.612391e+01  
408       1.51021061350e+05   0.000000e+00   7.083448e+01   1.607241e+01  
409       1.48587674090e+05   0.000000e+00   7.212134e+01   1.612883e+01  
410       1.50989909714e+05   0.000000e+00   7.095184e+01   1.606923e+01  
411       1.48482047280e+05   0.000000e+00   7.213873e+01   1.613579e+01  
412       1.51062118385e+05   0.000000e+00   7.088990e+01   1.605849e+01  
413       1.48651038965e+05   0.000000e+00   7.193471e+01   1.614606e+01  
414       1.51021008434e+05   0.000000e+00   7.098890e+01   1.604983e+01  
415       1.48656853653e+05   0.000000e+00   7.203253e+01   1.614233e+01  
416       1.50756471549e+05   0.000000e+00   7.121656e+01   1.606097e+01  
417       1.49056040818e+05   0.000000e+00   7.180764e+01   1.614502e+01  
418       1.50591380961e+05   0.000000e+00   7.128774e+01   1.605145e+01  
419       1.49248109342e+05   0.000000e+00   7.181068e+01   1.614857e+01  
420       1.50313333994e+05   0.000000e+00   7.155761e+01   1.605569e+01  
421       1.49506740047e+05   0.000000e+00   7.162912e+01   1.615391e+01  
422       1.50390500979e+05   0.000000e+00   7.156065e+01   1.606212e+01  
423       1.49425458202e+05   0.000000e+00   7.176783e+01   1.615793e+01  
424       1.50500325842e+05   0.000000e+00   7.142651e+01   1.605144e+01  
425       1.49753943606e+05   0.000000e+00   7.151273e+01   1.616334e+01  
426       1.50410925479e+05   0.000000e+00   7.155148e+01   1.605298e+01  
427       1.50014037742e+05   0.000000e+00   7.147694e+01   1.616150e+01  
428       1.50331637138e+05   0.000000e+00   7.165049e+01   1.605281e+01  
429       1.50055377557e+05   0.000000e+00   7.151223e+01   1.616490e+01  
430       1.50240805349e+05   0.000000e+00   7.187804e+01   1.607272e+01  
431       1.50155432645e+05   0.000000e+00   7.151112e+01   1.617515e+01  
432       1.50107927885e+05   0.000000e+00   7.206447e+01   1.607238e+01  
433       1.49815805135e+05   0.000000e+00   7.180780e+01   1.618446e+01  
434       1.50491890764e+05   0.000000e+00   7.194347e+01   1.605725e+01  
435       1.49332107513e+05   0.000000e+00   7.223556e+01   1.618918e+01  
436       1.50680269490e+05   0.000000e+00   7.189556e+01   1.606242e+01  
437       1.49442719037e+05   0.000000e+00   7.216840e+01   1.617902e+01  
438       1.50791415401e+05   0.000000e+00   7.191071e+01   1.605453e+01  
439       1.49445259806e+05   0.000000e+00   7.216856e+01   1.617898e+01  
440       1.50934703761e+05   0.000000e+00   7.183504e+01   1.605515e+01  
441       1.49470383346e+05   0.000000e+00   7.230963e+01   1.618085e+01  
442       1.50861994990e+05   0.000000e+00   7.200435e+01   1.606665e+01  
443       1.49396311047e+05   0.000000e+00   7.250556e+01   1.619059e+01  
444       1.50866636590e+05   0.000000e+00   7.201165e+01   1.607019e+01  
445       1.49390039147e+05   0.000000e+00   7.264914e+01   1.617712e+01  
446       1.50779632583e+05   0.000000e+00   7.220717e+01   1.607194e+01  
447       1.49608339061e+05   0.000000e+00   7.243927e+01   1.619504e+01  
448       1.50945823827e+05   0.000000e+00   7.198156e+01   1.607749e+01  
449       1.49789144150e+05   0.000000e+00   7.228467e+01   1.619435e+01  
450       1.50609581227e+05   0.000000e+00   7.225413e+01   1.608243e+01  
451       1.49752598496e+05   0.000000e+00   7.241670e+01   1.619726e+01  
452       1.50595421005e+05   0.000000e+00   7.213892e+01   1.608960e+01  
453       1.49984917771e+05   0.000000e+00   7.229097e+01   1.621584e+01  
454       1.50317431236e+05   0.000000e+00   7.224576e+01   1.609284e+01  
455       1.50260164594e+05   0.000000e+00   7.219568e+01   1.621033e+01  
456       1.50150599054e+05   0.000000e+00   7.224901e+01   1.608927e+01  
457       1.50518627093e+05   0.000000e+00   7.201828e+01   1.622320e+01  
458       1.50455817952e+05   0.000000e+00   7.201054e+01   1.609669e+01  
459       1.50566241264e+05   0.000000e+00   7.187389e+01   1.621939e+01  
460       1.50509657667e+05   0.000000e+00   7.201758e+01   1.609127e+01  
461       1.50434712845e+05   0.000000e+00   7.221210e+01   1.622155e+01  
462       1.50564004977e+05   0.000000e+00   7.201349e+01   1.608700e+01  
463       1.50530990465e+05   0.000000e+00   7.219063e+01   1.620290e+01  
464       1.50216734059e+05   0.000000e+00   7.233806e+01   1.607593e+01  
465       1.50471318999e+05   0.000000e+00   7.234319e+01   1.620836e+01  
466       1.50498874817e+05   0.000000e+00   7.214617e+01   1.608716e+01  
467       1.50339001600e+05   0.000000e+00   7.259698e+01   1.619780e+01  
468       1.50024821781e+05   0.000000e+00   7.275881e+01   1.608840e+01  
469       1.50419641569e+05   0.000000e+00   7.264909e+01   1.618319e+01  
470       1.50189673365e+05   0.000000e+00   7.262971e+01   1.609187e+01  
471       1.50404263235e+05   0.000000e+00   7.266561e+01   1.617743e+01  
472       1.50006465656e+05   0.000000e+00   7.287839e+01   1.608541e+01  
473       1.50198224211e+05   0.000000e+00   7.285413e+01   1.616793e+01  
474       1.50607042412e+05   0.000000e+00   7.232699e+01   1.608289e+01  
475       1.50053375468e+05   0.000000e+00   7.301576e+01   1.616666e+01  
476       1.50319484269e+05   0.000000e+00   7.268782e+01   1.608150e+01  
477       1.50076205027e+05   0.000000e+00   7.308764e+01   1.616427e+01  
478       1.50467520266e+05   0.000000e+00   7.265059e+01   1.608023e+01  
479       1.50094052069e+05   0.000000e+00   7.314101e+01   1.616715e+01  
480       1.50381851931e+05   0.000000e+00   7.283511e+01   1.608638e+01  
481       1.50010275984e+05   0.000000e+00   7.315712e+01   1.616138e+01  
482       1.50665998248e+05   0.000000e+00   7.247711e+01   1.608103e+01  
483       1.50132709464e+05   0.000000e+00   7.304003e+01   1.615301e+01  
484       1.50462759474e+05   0.000000e+00   7.259808e+01   1.608279e+01  
485       1.50194940912e+05   0.000000e+00   7.299875e+01   1.614835e+01  
486       1.50486667504e+05   0.000000e+00   7.271093e+01   1.608175e+01  
487       1.49748267878e+05   0.000000e+00   7.352206e+01   1.615442e+01  
488       1.50510325663e+05   0.000000e+00   7.271577e+01   1.609007e+01  
489       1.49499324311e+05   0.000000e+00   7.365003e+01   1.615902e+01  
490       1.50351347197e+05   0.000000e+00   7.308412e+01   1.607231e+01  
491       1.49318391112e+05   0.000000e+00   7.391702e+01   1.616553e+01  
492       1.50342964045e+05   0.000000e+00   7.312622e+01   1.606971e+01  
493       1.49504185119e+05   0.000000e+00   7.383757e+01   1.616249e+01  
494       1.50017320020e+05   0.000000e+00   7.341038e+01   1.608120e+01  
495       1.49772181278e+05   0.000000e+00   7.379629e+01   1.614222e+01  
496       1.49591850894e+05   0.000000e+00   7.377412e+01   1.609074e+01  
497       1.50088637670e+05   0.000000e+00   7.358436e+01   1.612865e+01  
498       1.49649586130e+05   0.000000e+00   7.375779e+01   1.609241e+01  
499       1.49675734507e+05   0.000000e+00   7.394700e+01   1.613414e+01  
500       1.49807960205e+05   0.000000e+00   7.372710e+01   1.608327e+01  
501       1.49490629543e+05   0.000000e+00   7.412482e+01   1.612435e+01  
502       1.50084482755e+05   0.000000e+00   7.356702e+01   1.608923e+01  
503       1.49480324662e+05   0.000000e+00   7.417199e+01   1.611907e+01  
504       1.49937583323e+05   0.000000e+00   7.385876e+01   1.608640e+01  
505       1.49688737885e+05   0.000000e+00   7.402417e+01   1.611268e+01  
506       1.49810588916e+05   0.000000e+00   7.392612e+01   1.609438e+01  
507       1.50029077454e+05   0.000000e+00   7.386465e+01   1.610977e+01  
508       1.49629351044e+05   0.000000e+00   7.408860e+01   1.609724e+01  
509       1.50136528337e+05   0.000000e+00   7.393575e+01   1.609929e+01  
510       1.49656774239e+05   0.000000e+00   7.413122e+01   1.610591e+01  
511       1.50248090824e+05   0.000000e+00   7.400347e+01   1.609642e+01  
512       1.49705846252e+05   0.000000e+00   7.420044e+01   1.609902e+01  
513       1.50392791690e+05   0.000000e+00   7.383430e+01   1.608993e+01  
514       1.49943103537e+05   0.000000e+00   7.409117e+01   1.610682e+01  
515       1.50591099816e+05   0.000000e+00   7.361060e+01   1.610599e+01  
516       1.50201706022e+05   0.000000e+00   7.415362e+01   1.610618e+01  
517       1.50146935813e+05   0.000000e+00   7.403875e+01   1.611477e+01  
518       1.50497317403e+05   0.000000e+00   7.397296e+01   1.610694e+01  
519       1.50180678172e+05   0.000000e+00   7.396244e+01   1.611940e+01  
520       1.50216710998e+05   0.000000e+00   7.424591e+01   1.612511e+01  
521       1.50344266455e+05   0.000000e+00   7.394764e+01   1.611465e+01  
522       1.50463473567e+05   0.000000e+00   7.391601e+01   1.612348e+01  
523       1.50317734507e+05   0.000000e+00   7.387647e+01   1.611849e+01  
524       1.50684191188e+05   0.000000e+00   7.385756e+01   1.613424e+01  
525       1.50284633782e+05   0.000000e+00   7.380126e+01   1.611868e+01  
526       1.50885099828e+05   0.000000e+00   7.364368e+01   1.614797e+01  
527       1.50169933000e+05   0.000000e+00   7.383789e+01   1.611478e+01  
528       1.50946342601e+05   0.000000e+00   7.374857e+01   1.614340e+01  
529       1.50084924787e+05   0.000000e+00   7.395645e+01   1.611602e+01  
530       1.50955038465e+05   0.000000e+00   7.362841e+01   1.614237e+01  
531       1.50225589532e+05   0.000000e+00   7.391909e+01   1.611902e+01  
532       1.50969634474e+05   0.000000e+00   7.369708e+01   1.615492e+01  
533       1.50146113661e+05   0.000000e+00   7.397328e+01   1.612715e+01  
534       1.51004820631e+05   0.000000e+00   7.369894e+01   1.614982e+01  
535       1.50084434932e+05   0.000000e+00   7.421086e+01   1.611174e+01  
536       1.50616987883e+05   0.000000e+00   7.410261e+01   1.615500e+01  
537       1.50187740893e+05   0.000000e+00   7.420605e+01   1.612351e+01  
538       1.50907734320e+05   0.000000e+00   7.406430e+01   1.614731e+01  
539       1.49743287866e+05   0.000000e+00   7.464413e+01   1.611551e+01  
540       1.50594181259e+05   0.000000e+00   7.443456e+01   1.614615e+01  
541       1.49992926316e+05   0.000000e+00   7.454565e+01   1.611679e+01  
542       1.50617222247e+05   0.000000e+00   7.431409e+01   1.614460e+01  
543       1.50172052883e+05   0.000000e+00   7.444354e+01   1.612833e+01  
544       1.50262370147e+05   0.000000e+00   7.459068e+01   1.613109e+01  
545       1.50326340216e+05   0.000000e+00   7.437716e+01   1.612011e+01  
546       1.50123764157e+05   0.000000e+00   7.467142e+01   1.612808e+01  
547       1.50445081406e+05   0.000000e+00   7.440046e+01   1.612618e+01  
548       1.50100719871e+05   0.000000e+00   7.479589e+01   1.610770e+01  
549       1.50442182337e+05   0.000000e+00   7.427387e+01   1.612509e+01  
550       1.50263212025e+05   0.000000e+00   7.459038e+01   1.609942e+01  
551       1.50455979469e+05   0.000000e+00   7.433299e+01   1.613792e+01  
552       1.50494594765e+05   0.000000e+00   7.439026e+01   1.608425e+01  
553       1.50216128868e+05   0.000000e+00   7.461419e+01   1.612481e+01  
554       1.50550697703e+05   0.000000e+00   7.452654e+01   1.608539e+01  
555       1.50279588979e+05   0.000000e+00   7.464129e+01   1.613300e+01  
556       1.50885473020e+05   0.000000e+00   7.442301e+01   1.607788e+01  
557       1.49926935701e+05   0.000000e+00   7.483511e+01   1.612726e+01  
558       1.51028193145e+05   0.000000e+00   7.447349e+01   1.606968e+01  
559       1.49998853726e+05   0.000000e+00   7.473716e+01   1.613069e+01  
560       1.51237938950e+05   0.000000e+00   7.421943e+01   1.607058e+01  
561       1.49648935915e+05   0.000000e+00   7.512483e+01   1.612481e+01  
562       1.51133245710e+05   0.000000e+00   7.448439e+01   1.606788e+01  
563       1.49862243728e+05   0.000000e+00   7.493121e+01   1.612629e+01  
564       1.51292668683e+05   0.000000e+00   7.428613e+01   1.606502e+01  
565       1.49362317490e+05   0.000000e+00   7.547267e+01   1.613376e+01  
566       1.51356836887e+05   0.000000e+00   7.438567e+01   1.605820e+01  
567       1.49510311982e+05   0.000000e+00   7.538659e+01   1.612657e+01  
568       1.51658177393e+05   0.000000e+00   7.419020e+01   1.605405e+01  
569       1.49415508636e+05   0.000000e+00   7.557962e+01   1.613124e+01  
570       1.51608028911e+05   0.000000e+00   7.433012e+01   1.605052e+01  
571       1.49795455567e+05   0.000000e+00   7.527289e+01   1.613523e+01  
572       1.51213645020e+05   0.000000e+00   7.460048e+01   1.605963e+01  
573       1.50016279683e+05   0.000000e+00   7.528949e+01   1.613376e+01  
574       1.51197533288e+05   0.000000e+00   7.459238e+01   1.605418e+01  
575       1.50216031422e+05   0.000000e+00   7.516067e+01   1.612514e+01  
576       1.51222600366e+05   0.000000e+00   7.456700e+01   1.605632e+01  
577       1.50085440809e+05   0.000000e+00   7.539632e+01   1.613456e+01  
578       1.51273411732e+05   0.000000e+00   7.447323e+01   1.605706e+01  
579       1.50131732984e+05   0.000000e+00   7.520108e+01   1.613573e+01  
580       1.51155683653e+05   0.000000e+00   7.468452e+01   1.605081e+01  
581       1.49973974806e+05   0.000000e+00   7.538330e+01   1.614214e+01  
582       1.51392329525e+05   0.000000e+00   7.444196e+01   1.605155e+01  
583       1.49987317457e+05   0.000000e+00   7.534722e+01   1.614543e+01  
584       1.51207175796e+05   0.000000e+00   7.478402e+01   1.605738e+01  
585       1.49949077956e+05   0.000000e+00   7.548119e+01   1.614147e+01  
586       1.51384335049e+05   0.000000e+00   7.460913e+01   1.605807e+01  
587       1.50299302828e+05   0.000000e+00   7.537696e+01   1.613505e+01  
588       1.50999954798e+05   0.000000e+00   7.499018e+01   1.606472e+01  
589       1.50400112122e+05   0.000000e+00   7.546150e+01   1.613972e+01  
590       1.51039172727e+05   0.000000e+00   7.504546e+01   1.606625e+01  
591       1.50106937687e+05   0.000000e+00   7.565711e+01   1.614248e+01  
592       1.51165513776e+05   0.000000e+00   7.503474e+01   1.607591e+01  
593       1.50207158123e+05   0.000000e+00   7.561746e+01   1.613260e+01  
594       1.50980200987e+05   0.000000e+00   7.528652e+01   1.607522e+01  
595       1.50212922920e+05   0.000000e+00   7.557019e+01   1.613767e+01  
596       1.51044507988e+05   0.000000e+00   7.516826e+01   1.606897e+01  
597       1.50250659347e+05   0.000000e+00   7.552596e+01   1.612943e+01  
598       1.50991074931e+05   0.000000e+00   7.508869e+01   1.606305e+01  
599       1.50368848326e+05   0.000000e+00   7.530475e+01   1.612809e+01  
600       1.50829734253e+05   0.000000e+00   7.519021e+01   1.607015e+01  
601       1.50445786823e+05   0.000000e+00   7.529992e+01   1.612522e+01  
602       1.50699830192e+05   0.000000e+00   7.538959e+01   1.606768e+01  
603       1.50108593774e+05   0.000000e+00   7.568515e+01   1.612786e+01  
604       1.50633331037e+05   0.000000e+00   7.549062e+01   1.607814e+01  
605       1.50220951910e+05   0.000000e+00   7.551920e+01   1.612690e+01  
606       1.50654010572e+05   0.000000e+00   7.555595e+01   1.607123e+01  
607       1.50341857831e+05   0.000000e+00   7.545386e+01   1.612166e+01  
608       1.50824745799e+05   0.000000e+00   7.538709e+01   1.606584e+01  
609       1.50472296225e+05   0.000000e+00   7.544983e+01   1.613273e+01  
610       1.50616072970e+05   0.000000e+00   7.562002e+01   1.606847e+01  
611       1.50641398481e+05   0.000000e+00   7.538675e+01   1.612608e+01  
612       1.50611907845e+05   0.000000e+00   7.554989e+01   1.606912e+01  
613       1.50745794260e+05   0.000000e+00   7.527040e+01   1.611291e+01  
614       1.50615957478e+05   0.000000e+00   7.566957e+01   1.606440e+01  
615       1.50702620724e+05   0.000000e+00   7.541917e+01   1.612345e+01  
616       1.51029759467e+05   0.000000e+00   7.532119e+01   1.605874e+01  
617       1.50725638210e+05   0.000000e+00   7.545798e+01   1.612802e+01  
618       1.51051972135e+05   0.000000e+00   7.537340e+01   1.605519e+01  
619       1.50738626530e+05   0.000000e+00   7.548978e+01   1.611081e+01  
620       1.50969444143e+05   0.000000e+00   7.550664e+01   1.606013e+01  
621       1.50824594132e+05   0.000000e+00   7.552830e+01   1.611030e+01  
622       1.51199819901e+05   0.000000e+00   7.539684e+01   1.606163e+01  
623       1.50691573610e+05   0.000000e+00   7.564063e+01   1.610444e+01  
624       1.50991599730e+05   0.000000e+00   7.580206e+01   1.605061e+01  
625       1.50523146813e+05   0.000000e+00   7.583127e+01   1.609955e+01  
626       1.51381466695e+05   0.000000e+00   7.544355e+01   1.605919e+01  
627       1.50523348225e+05   0.000000e+00   7.583760e+01   1.610929e+01  
628       1.51106813987e+05   0.000000e+00   7.578025e+01   1.605542e+01  
629       1.50415205264e+05   0.000000e+00   7.595881e+01   1.609314e+01  
630       1.50912836447e+05   0.000000e+00   7.591278e+01   1.606299e+01  
631       1.50660501059e+05   0.000000e+00   7.575082e+01   1.608989e+01  
632       1.51162983893e+05   0.000000e+00   7.582398e+01   1.605757e+01  
633       1.50082210393e+05   0.000000e+00   7.622238e+01   1.608904e+01  
634       1.51386618184e+05   0.000000e+00   7.553414e+01   1.605549e+01  
635       1.50240284483e+05   0.000000e+00   7.599856e+01   1.608369e+01  
636       1.51417555954e+05   0.000000e+00   7.558865e+01   1.606031e+01  
637       1.50299098460e+05   0.000000e+00   7.613078e+01   1.607952e+01  
638       1.51152553220e+05   0.000000e+00   7.586159e+01   1.606435e+01  
639       1.50563508166e+05   0.000000e+00   7.610875e+01   1.608234e+01  
640       1.50755709204e+05   0.000000e+00   7.615544e+01   1.608585e+01  
641       1.50828498959e+05   0.000000e+00   7.595771e+01   1.607618e+01  
642       1.50869623452e+05   0.000000e+00   7.601213e+01   1.607809e+01  
643       1.50534113650e+05   0.000000e+00   7.622744e+01   1.607241e+01  
644       1.51023984751e+05   0.000000e+00   7.593009e+01   1.608716e+01  
645       1.50597028924e+05   0.000000e+00   7.628768e+01   1.606859e+01  
646       1.51011025743e+05   0.000000e+00   7.603567e+01   1.607058e+01  
647       1.50579412157e+05   0.000000e+00   7.621123e+01   1.607548e+01  
648       1.51150050851e+05   0.000000e+00   7.613754e+01   1.607125e+01  
649       1.50397018210e+05   0.000000e+00   7.633986e+01   1.608244e+01  
650       1.51127803588e+05   0.000000e+00   7.630686e+01   1.607953e+01  
651       1.50441759915e+05   0.000000e+00   7.645679e+01   1.605687e+01  
652       1.51352042897e+05   0.000000e+00   7.620375e+01   1.608118e+01  
653       1.50690253283e+05   0.000000e+00   7.616542e+01   1.605280e+01  
654       1.51173629960e+05   0.000000e+00   7.626962e+01   1.609106e+01  
655       1.50273621239e+05   0.000000e+00   7.670674e+01   1.605273e+01  
656       1.51083843529e+05   0.000000e+00   7.646940e+01   1.609851e+01  
657       1.50328230554e+05   0.000000e+00   7.660927e+01   1.604493e+01  
658       1.51195147238e+05   0.000000e+00   7.641916e+01   1.609860e+01  
659       1.50220769487e+05   0.000000e+00   7.673639e+01   1.603953e+01  
660       1.51520497888e+05   0.000000e+00   7.619476e+01   1.608534e+01  
661       1.50220505627e+05   0.000000e+00   7.681787e+01   1.604881e+01  
662       1.51402693138e+05   0.000000e+00   7.637951e+01   1.608959e+01  
663       1.50411838045e+05   0.000000e+00   7.679153e+01   1.604368e+01  
664       1.51514599201e+05   0.000000e+00   7.624151e+01   1.608344e+01  
665       1.50428528718e+05   0.000000e+00   7.685509e+01   1.604705e+01  
666       1.51324419687e+05   0.000000e+00   7.651093e+01   1.607932e+01  
667       1.50756015707e+05   0.000000e+00   7.679893e+01   1.606107e+01  
668       1.51328189255e+05   0.000000e+00   7.644390e+01   1.606665e+01  
669       1.50816132662e+05   0.000000e+00   7.678212e+01   1.606078e+01  
670       1.51370663929e+05   0.000000e+00   7.646185e+01   1.606579e+01  
671       1.51273080305e+05   0.000000e+00   7.622112e+01   1.606047e+01  
672       1.51749311836e+05   0.000000e+00   7.613214e+01   1.606135e+01  
673       1.51119217537e+05   0.000000e+00   7.643802e+01   1.607408e+01  
674       1.51827194179e+05   0.000000e+00   7.609657e+01   1.605195e+01  
675       1.51188480674e+05   0.000000e+00   7.639431e+01   1.608468e+01  
676       1.52026085389e+05   0.000000e+00   7.588354e+01   1.605010e+01  
677       1.51053059789e+05   0.000000e+00   7.650477e+01   1.609216e+01  
678       1.51883298378e+05   0.000000e+00   7.607216e+01   1.605595e+01  
679       1.50950951388e+05   0.000000e+00   7.656295e+01   1.609370e+01  
680       1.51816558515e+05   0.000000e+00   7.615605e+01   1.606012e+01  
681       1.50675053999e+05   0.000000e+00   7.671757e+01   1.608991e+01  
682       1.51945441915e+05   0.000000e+00   7.610627e+01   1.605551e+01  
683       1.50743995232e+05   0.000000e+00   7.650544e+01   1.608491e+01  
684       1.52031118947e+05   0.000000e+00   7.600827e+01   1.606130e+01  
685       1.50670865268e+05   0.000000e+00   7.668885e+01   1.608250e+01  
686       1.51965266301e+05   0.000000e+00   7.614784e+01   1.605973e+01  
687       1.50688037664e+05   0.000000e+00   7.671541e+01   1.607285e+01  
688       1.51650213153e+05   0.000000e+00   7.648614e+01   1.606162e+01  
689       1.50816569924e+05   0.000000e+00   7.663839e+01   1.607970e+01  
690       1.51693243391e+05   0.000000e+00   7.654447e+01   1.606017e+01  
691       1.50876389850e+05   0.000000e+00   7.676908e+01   1.606762e+01  
692       1.51486824714e+05   0.000000e+00   7.668281e+01   1.606290e+01  
693       1.50948258066e+05   0.000000e+00   7.675479e+01   1.608042e+01  
694       1.51218192798e+05   0.000000e+00   7.699600e+01   1.606329e+01  
695       1.50925150377e+05   0.000000e+00   7.690169e+01   1.607591e+01  
696       1.50876262231e+05   0.000000e+00   7.721435e+01   1.606559e+01  
697       1.51021167799e+05   0.000000e+00   7.684654e+01   1.607068e+01  
698       1.50489459710e+05   0.000000e+00   7.759945e+01   1.607586e+01  
699       1.50954862923e+05   0.000000e+00   7.701493e+01   1.607456e+01  
700       1.50585838709e+05   0.000000e+00   7.757988e+01   1.607067e+01  
701       1.50751361835e+05   0.000000e+00   7.710484e+01   1.607982e+01  
702       1.50862269381e+05   0.000000e+00   7.727660e+01   1.606261e+01  
703       1.50682241721e+05   0.000000e+00   7.715221e+01   1.608608e+01  
704       1.50702344729e+05   0.000000e+00   7.749485e+01   1.606500e+01  
705       1.50912593202e+05   0.000000e+00   7.686303e+01   1.609708e+01  
706       1.50962016803e+05   0.000000e+00   7.722017e+01   1.606044e+01  
707       1.50936427934e+05   0.000000e+00   7.679245e+01   1.609159e+01  
708       1.51056449447e+05   0.000000e+00   7.719947e+01   1.605356e+01  
709       1.50810749988e+05   0.000000e+00   7.688795e+01   1.608824e+01  
710       1.51249344052e+05   0.000000e+00   7.711595e+01   1.606533e+01  
711       1.50807196526e+05   0.000000e+00   7.690931e+01   1.610168e+01  
712       1.51482610534e+05   0.000000e+00   7.690780e+01   1.605875e+01  
713       1.50549028481e+05   0.000000e+00   7.712947e+01   1.611108e+01  
714       1.51300801511e+05   0.000000e+00   7.713800e+01   1.605159e+01  
715       1.50901183364e+05   0.000000e+00   7.679198e+01   1.610197e+01  
716       1.51519016271e+05   0.000000e+00   7.692156e+01   1.605449e+01  
717       1.50851392605e+05   0.000000e+00   7.694005e+01   1.610328e+01  
718       1.51040441973e+05   0.000000e+00   7.749392e+01   1.605533e+01  
719       1.50968810222e+05   0.000000e+00   7.698497e+01   1.610127e+01  
720       1.51255187081e+05   0.000000e+00   7.718927e+01   1.605686e+01  
721       1.51115500772e+05   0.000000e+00   7.709017e+01   1.609141e+01  
722       1.50999068788e+05   0.000000e+00   7.748930e+01   1.605761e+01  
723       1.51056750603e+05   0.000000e+00   7.713877e+01   1.608575e+01  
724       1.50903912626e+05   0.000000e+00   7.755295e+01   1.606429e+01  
725       1.51188950903e+05   0.000000e+00   7.696850e+01   1.609093e+01  
726       1.50869282660e+05   0.000000e+00   7.759973e+01   1.605589e+01  
727       1.50909509454e+05   0.000000e+00   7.728691e+01   1.609663e+01  
728       1.50865234246e+05   0.000000e+00   7.761830e+01   1.606272e+01  
729       1.51270182943e+05   0.000000e+00   7.702107e+01   1.609742e+01  
730       1.50911934310e+05   0.000000e+00   7.755030e+01   1.606702e+01  
731       1.51402305223e+05   0.000000e+00   7.708891e+01   1.608875e+01  
732       1.50892260482e+05   0.000000e+00   7.747361e+01   1.606478e+01  
733       1.51455126758e+05   0.000000e+00   7.714183e+01   1.610598e+01  
734       1.50792192408e+05   0.000000e+00   7.754067e+01   1.607113e+01  
735       1.51687445239e+05   0.000000e+00   7.699662e+01   1.609858e+01  
736       1.50929966405e+05   0.000000e+00   7.740317e+01   1.606001e+01  
737       1.51448916502e+05   0.000000e+00   7.722452e+01   1.610620e+01  
738       1.51030396817e+05   0.000000e+00   7.733061e+01   1.607178e+01  
739       1.51371669707e+05   0.000000e+00   7.731516e+01   1.610719e+01  
740       1.50876745661e+05   0.000000e+00   7.747572e+01   1.607018e+01  
741       1.51389273005e+05   0.000000e+00   7.722746e+01   1.611276e+01  
742       1.51164155800e+05   0.000000e+00   7.719401e+01   1.607619e+01  
743       1.51237190391e+05   0.000000e+00   7.739985e+01   1.611481e+01  
744       1.50962538491e+05   0.000000e+00   7.746474e+01   1.608242e+01  
745       1.51317158652e+05   0.000000e+00   7.742392e+01   1.611231e+01  
746       1.51037099462e+05   0.000000e+00   7.744993e+01   1.609026e+01  
747       1.51292122519e+05   0.000000e+00   7.733059e+01   1.611039e+01  
748       1.51110462516e+05   0.000000e+00   7.747398e+01   1.609577e+01  
749       1.51075225945e+05   0.000000e+00   7.756272e+01   1.610467e+01  
750       1.51198138147e+05   0.000000e+00   7.735310e+01   1.610741e+01  
751       1.50887599508e+05   0.000000e+00   7.768874e+01   1.610889e+01  
752       1.51126756362e+05   0.000000e+00   7.742412e+01   1.611040e+01  
753       1.50864944646e+05   0.000000e+00   7.763247e+01   1.609850e+01  
754       1.51059135494e+05   0.000000e+00   7.734712e+01   1.611205e+01  
755       1.50985528596e+05   0.000000e+00   7.761940e+01   1.609196e+01  
756       1.50883425577e+05   0.000000e+00   7.750463e+01   1.611837e+01  
757       1.51213679972e+05   0.000000e+00   7.749019e+01   1.608681e+01  
758       1.50963200336e+05   0.000000e+00   7.748830e+01   1.611187e+01  
759       1.50955656331e+05   0.000000e+00   7.784876e+01   1.608265e+01  
760       1.51028937928e+05   0.000000e+00   7.760042e+01   1.611207e+01  
761       1.51314341382e+05   0.000000e+00   7.748604e+01   1.607298e+01  
762       1.50695530731e+05   0.000000e+00   7.782231e+01   1.612253e+01  
763       1.51010761175e+05   0.000000e+00   7.803832e+01   1.608148e+01  
764       1.50545927538e+05   0.000000e+00   7.805868e+01   1.611029e+01  
765       1.51299116608e+05   0.000000e+00   7.771323e+01   1.608429e+01  
766       1.50395263542e+05   0.000000e+00   7.822023e+01   1.610861e+01  
767       1.51326930371e+05   0.000000e+00   7.784117e+01   1.608335e+01  
768       1.50646449033e+05   0.000000e+00   7.786701e+01   1.610262e+01  
769       1.51398516772e+05   0.000000e+00   7.780249e+01   1.609416e+01  
770       1.50482047562e+05   0.000000e+00   7.816082e+01   1.610093e+01  
771       1.51222331508e+05   0.000000e+00   7.807498e+01   1.610212e+01  
772       1.50487444033e+05   0.000000e+00   7.818940e+01   1.609743e+01  
773       1.51195832655e+05   0.000000e+00   7.809523e+01   1.609636e+01  
774       1.50572455422e+05   0.000000e+00   7.810779e+01   1.610733e+01  
775       1.51176950269e+05   0.000000e+00   7.807029e+01   1.608385e+01  
776       1.50739720016e+05   0.000000e+00   7.788098e+01   1.611463e+01  
777       1.51237312377e+05   0.000000e+00   7.792616e+01   1.608658e+01  
778       1.50857346262e+05   0.000000e+00   7.786451e+01   1.611274e+01  
779       1.51195807917e+05   0.000000e+00   7.805697e+01   1.608882e+01  
780       1.51159638151e+05   0.000000e+00   7.767744e+01   1.610238e+01  
781       1.51180219816e+05   0.000000e+00   7.799800e+01   1.607427e+01  
782       1.51129176042e+05   0.000000e+00   7.771351e+01   1.611155e+01  
783       1.51409874808e+05   0.000000e+00   7.785374e+01   1.607731e+01  
784       1.50792249593e+05   0.000000e+00   7.803786e+01   1.611105e+01  
785       1.51401794752e+05   0.000000e+00   7.805815e+01   1.606895e+01  
786       1.50662039077e+05   0.000000e+00   7.808804e+01   1.611425e+01  
787       1.51415651897e+05   0.000000e+00   7.812653e+01   1.607436e+01  
788       1.50396540237e+05   0.000000e+00   7.825891e+01   1.612253e+01  
789       1.51422390940e+05   0.000000e+00   7.821034e+01   1.607602e+01  
790       1.50464137148e+05   0.000000e+00   7.823845e+01   1.612224e+01  
791       1.51635769217e+05   0.000000e+00   7.803083e+01   1.607780e+01  
792       1.50331052546e+05   0.000000e+00   7.841621e+01   1.610490e+01  
793       1.51664058026e+05   0.000000e+00   7.803495e+01   1.608388e+01  
794       1.50298159062e+05   0.000000e+00   7.853369e+01   1.610910e+01  
795       1.51725742748e+05   0.000000e+00   7.806958e+01   1.609438e+01  
796       1.50309817674e+05   0.000000e+00   7.853118e+01   1.611230e+01  
797       1.51683149409e+05   0.000000e+00   7.820177e+01   1.609479e+01  
798       1.50327610448e+05   0.000000e+00   7.851951e+01   1.610476e+01  
799       1.51638799055e+05   0.000000e+00   7.826449e+01   1.609821e+01  
800       1.50736284237e+05   0.000000e+00   7.825728e+01   1.610168e+01  
801       1.51407606938e+05   0.000000e+00   7.844156e+01   1.610016e+01  
802       1.50741103973e+05   0.000000e+00   7.829888e+01   1.610401e+01  
803       1.51082694359e+05   0.000000e+00   7.858905e+01   1.610407e+01  
804       1.51106416229e+05   0.000000e+00   7.824500e+01   1.609487e+01  
805       1.51175441986e+05   0.000000e+00   7.834619e+01   1.609806e+01  
806       1.51462604458e+05   0.000000e+00   7.809400e+01   1.609215e+01  
807       1.50718459476e+05   0.000000e+00   7.885587e+01   1.609885e+01  
808       1.51190765920e+05   0.000000e+00   7.842726e+01   1.610285e+01  
809       1.51048978160e+05   0.000000e+00   7.857339e+01   1.609479e+01  
810       1.51219940301e+05   0.000000e+00   7.841791e+01   1.610938e+01  
811       1.50854384648e+05   0.000000e+00   7.877688e+01   1.609966e+01  
812       1.50997113834e+05   0.000000e+00   7.869721e+01   1.611214e+01  
813       1.51137226902e+05   0.000000e+00   7.859078e+01   1.609178e+01  
814       1.50960186175e+05   0.000000e+00   7.869385e+01   1.612424e+01  
815       1.51088290058e+05   0.000000e+00   7.867903e+01   1.609130e+01  
816       1.50906846624e+05   0.000000e+00   7.877654e+01   1.611564e+01  
817       1.50963157146e+05   0.000000e+00   7.880927e+01   1.610159e+01  
818       1.50812386055e+05   0.000000e+00   7.899062e+01   1.612427e+01  
819       1.51059598290e+05   0.000000e+00   7.894047e+01   1.609418e+01  
820       1.50765766227e+05   0.000000e+00   7.889686e+01   1.611576e+01  
821       1.51270264288e+05   0.000000e+00   7.875887e+01   1.608427e+01  
822       1.50648063258e+05   0.000000e+00   7.899186e+01   1.611365e+01  
823       1.51386245929e+05   0.000000e+00   7.870546e+01   1.609077e+01  
824       1.50570946869e+05   0.000000e+00   7.913180e+01   1.610057e+01  
825       1.51138140257e+05   0.000000e+00   7.887093e+01   1.609140e+01  
826       1.50783432902e+05   0.000000e+00   7.890303e+01   1.610006e+01  
827       1.51025740061e+05   0.000000e+00   7.891510e+01   1.609992e+01  
828       1.50846508210e+05   0.000000e+00   7.882462e+01   1.610314e+01  
829       1.51027000555e+05   0.000000e+00   7.882211e+01   1.609939e+01  
830       1.51068510840e+05   0.000000e+00   7.866155e+01   1.609359e+01  
831       1.50844976222e+05   0.000000e+00   7.901619e+01   1.611189e+01  
832       1.51231376767e+05   0.000000e+00   7.856196e+01   1.609429e+01  
833       1.50851845288e+05   0.000000e+00   7.903818e+01   1.610264e+01  
834       1.51308596984e+05   0.000000e+00   7.872112e+01   1.609577e+01  
835       1.50710129097e+05   0.000000e+00   7.925408e+01   1.611687e+01  
836       1.51387392912e+05   0.000000e+00   7.875273e+01   1.609420e+01  
837       1.50525029986e+05   0.000000e+00   7.936006e+01   1.611956e+01  
838       1.51333609803e+05   0.000000e+00   7.877079e+01   1.609180e+01  
839       1.50703034857e+05   0.000000e+00   7.917146e+01   1.612361e+01  
840       1.51329267504e+05   0.000000e+00   7.881422e+01   1.610083e+01  
841       1.50742096796e+05   0.000000e+00   7.916066e+01   1.611729e+01  
842       1.51262785272e+05   0.000000e+00   7.890654e+01   1.609797e+01  
843       1.51161320408e+05   0.000000e+00   7.880663e+01   1.610611e+01  
844       1.51223584077e+05   0.000000e+00   7.892211e+01   1.609848e+01  
845       1.51417147385e+05   0.000000e+00   7.872231e+01   1.610921e+01  
846       1.51284461194e+05   0.000000e+00   7.888694e+01   1.609482e+01  
847       1.51254506052e+05   0.000000e+00   7.895674e+01   1.611152e+01  
848       1.50960023570e+05   0.000000e+00   7.918977e+01   1.610511e+01  
849       1.51312889231e+05   0.000000e+00   7.891760e+01   1.611046e+01  
850       1.50915980384e+05   0.000000e+00   7.919610e+01   1.610171e+01  
851       1.51396777266e+05   0.000000e+00   7.883344e+01   1.610719e+01  
852       1.50912497413e+05   0.000000e+00   7.921882e+01   1.610800e+01  
853       1.51194084374e+05   0.000000e+00   7.900104e+01   1.610452e+01  
854       1.51037911852e+05   0.000000e+00   7.906530e+01   1.610720e+01  
855       1.51136923443e+05   0.000000e+00   7.903439e+01   1.610247e+01  
856       1.50862557884e+05   0.000000e+00   7.934445e+01   1.610128e+01  
857       1.50863052815e+05   0.000000e+00   7.925164e+01   1.610482e+01  
858       1.51139360367e+05   0.000000e+00   7.913179e+01   1.609282e+01  
859       1.50855644672e+05   0.000000e+00   7.920173e+01   1.611081e+01  
860       1.50974463708e+05   0.000000e+00   7.933221e+01   1.609480e+01  
861       1.50896658048e+05   0.000000e+00   7.924819e+01   1.610648e+01  
862       1.51031868872e+05   0.000000e+00   7.930500e+01   1.609208e+01  
863       1.50696626085e+05   0.000000e+00   7.936397e+01   1.611465e+01  
864       1.50879052660e+05   0.000000e+00   7.951203e+01   1.608566e+01  
865       1.50628082045e+05   0.000000e+00   7.945830e+01   1.610679e+01  
866       1.50960188041e+05   0.000000e+00   7.938869e+01   1.608799e+01  
867       1.50451128262e+05   0.000000e+00   7.961074e+01   1.611263e+01  
868       1.51176787171e+05   0.000000e+00   7.933166e+01   1.607701e+01  
869       1.50414601539e+05   0.000000e+00   7.959259e+01   1.610641e+01  
870       1.51378909226e+05   0.000000e+00   7.930612e+01   1.607230e+01  
871       1.50372954054e+05   0.000000e+00   7.955705e+01   1.609402e+01  
872       1.51430969982e+05   0.000000e+00   7.932977e+01   1.609115e+01  
873       1.50257453016e+05   0.000000e+00   7.982535e+01   1.609846e+01  
874       1.51443246022e+05   0.000000e+00   7.930965e+01   1.610053e+01  
875       1.50339626107e+05   0.000000e+00   7.972266e+01   1.609098e+01  
876       1.51375521015e+05   0.000000e+00   7.929214e+01   1.609806e+01  
877       1.50451121913e+05   0.000000e+00   7.974963e+01   1.608488e+01  
878       1.51096748275e+05   0.000000e+00   7.954022e+01   1.610091e+01  
879       1.50599887114e+05   0.000000e+00   7.984607e+01   1.608846e+01  
880       1.51109081882e+05   0.000000e+00   7.952783e+01   1.611166e+01  
881       1.50693151608e+05   0.000000e+00   7.972592e+01   1.609126e+01  
882       1.50966548710e+05   0.000000e+00   7.980654e+01   1.609289e+01  
883       1.50556103932e+05   0.000000e+00   7.990189e+01   1.609215e+01  
884       1.51167366750e+05   0.000000e+00   7.962278e+01   1.609908e+01  
885       1.50664672008e+05   0.000000e+00   7.981075e+01   1.609651e+01  
886       1.50835845110e+05   0.000000e+00   7.985672e+01   1.610456e+01  
887       1.50780023254e+05   0.000000e+00   7.982362e+01   1.609791e+01  
888       1.50623549721e+05   0.000000e+00   8.000578e+01   1.610455e+01  
889       1.51132304368e+05   0.000000e+00   7.957931e+01   1.609595e+01  
890       1.50766207479e+05   0.000000e+00   7.983304e+01   1.610734e+01  
891       1.51040709516e+05   0.000000e+00   7.973760e+01   1.609462e+01  
892       1.50552350902e+05   0.000000e+00   8.013707e+01   1.611656e+01  
893       1.50948819757e+05   0.000000e+00   7.985608e+01   1.609873e+01  
894       1.50943274178e+05   0.000000e+00   7.980434e+01   1.611604e+01  
895       1.50968697905e+05   0.000000e+00   7.977567e+01   1.610567e+01  
896       1.50897090646e+05   0.000000e+00   7.987658e+01   1.611940e+01  
897       1.50887896608e+05   0.000000e+00   7.984671e+01   1.611099e+01  
898       1.51227671287e+05   0.000000e+00   7.962422e+01   1.611837e+01  
899       1.51106319085e+05   0.000000e+00   7.961420e+01   1.610249e+01  
900       1.51239878598e+05   0.000000e+00   7.967148e+01   1.612819e+01  
901       1.50878461169e+05   0.000000e+00   7.979725e+01   1.610695e+01  
902       1.51207258700e+05   0.000000e+00   7.971824e+01   1.612962e+01  
903       1.51019143972e+05   0.000000e+00   7.969789e+01   1.610975e+01  
904       1.51240457768e+05   0.000000e+00   7.964378e+01   1.613644e+01  
905       1.50773904205e+05   0.000000e+00   7.983605e+01   1.609848e+01  
906       1.51451693885e+05   0.000000e+00   7.934380e+01   1.613278e+01  
907       1.50866864258e+05   0.000000e+00   7.975473e+01   1.610537e+01  
908       1.51076982250e+05   0.000000e+00   7.978288e+01   1.614282e+01  
909       1.50699615251e+05   0.000000e+00   8.001828e+01   1.610133e+01  
910       1.50968531864e+05   0.000000e+00   7.985849e+01   1.613285e+01  
911       1.50819695313e+05   0.000000e+00   8.003817e+01   1.611176e+01  
912       1.50750486162e+05   0.000000e+00   8.013010e+01   1.613762e+01  
913       1.50817313455e+05   0.000000e+00   8.019571e+01   1.610476e+01  
914       1.50859800800e+05   0.000000e+00   8.012527e+01   1.611939e+01  
915       1.50651683867e+05   0.000000e+00   8.030369e+01   1.611065e+01  
916       1.51041662198e+05   0.000000e+00   8.005634e+01   1.611797e+01  
917       1.50871059256e+05   0.000000e+00   8.013115e+01   1.610689e+01  
918       1.50978460404e+05   0.000000e+00   8.015610e+01   1.611110e+01  
919       1.51092256240e+05   0.000000e+00   8.000402e+01   1.609993e+01  
920       1.51069437361e+05   0.000000e+00   8.010819e+01   1.611024e+01  
921       1.51101548815e+05   0.000000e+00   8.009651e+01   1.610526e+01  
922       1.50853287578e+05   0.000000e+00   8.031675e+01   1.610715e+01  
923       1.50923185287e+05   0.000000e+00   8.034901e+01   1.610330e+01  
924       1.50794563093e+05   0.000000e+00   8.042673e+01   1.611560e+01  
925       1.50710810469e+05   0.000000e+00   8.065032e+01   1.611798e+01  
926       1.50685494689e+05   0.000000e+00   8.057052e+01   1.611523e+01  
927       1.50684364339e+05   0.000000e+00   8.064177e+01   1.610895e+01  
928       1.50747697070e+05   0.000000e+00   8.057153e+01   1.611528e+01  
929       1.50907170520e+05   0.000000e+00   8.036315e+01   1.611295e+01  
930       1.50808739882e+05   0.000000e+00   8.047248e+01   1.611992e+01  
931       1.50972907155e+05   0.000000e+00   8.036243e+01   1.610053e+01  
932       1.50669245262e+05   0.000000e+00   8.058790e+01   1.612547e+01  
933       1.50960196342e+05   0.000000e+00   8.038758e+01   1.610744e+01  
934       1.50904773902e+05   0.000000e+00   8.037559e+01   1.611722e+01  
935       1.50899181671e+05   0.000000e+00   8.034920e+01   1.611103e+01  
936       1.51078310896e+05   0.000000e+00   8.030178e+01   1.612412e+01  
937       1.51113937930e+05   0.000000e+00   8.015530e+01   1.610914e+01  
938       1.50959881894e+05   0.000000e+00   8.041847e+01   1.613531e+01  
939       1.51246209967e+05   0.000000e+00   8.007016e+01   1.610779e+01  
940       1.51112576612e+05   0.000000e+00   8.027141e+01   1.612693e+01  
941       1.51106443313e+05   0.000000e+00   8.031834e+01   1.611255e+01  
942       1.50908584909e+05   0.000000e+00   8.052523e+01   1.613128e+01  
943       1.51187019268e+05   0.000000e+00   8.042091e+01   1.610115e+01  
944       1.50904816014e+05   0.000000e+00   8.053543e+01   1.613026e+01  
945       1.50967120189e+05   0.000000e+00   8.070765e+01   1.610396e+01  
946       1.50893989103e+05   0.000000e+00   8.064136e+01   1.612648e+01  
947       1.50900531717e+05   0.000000e+00   8.083790e+01   1.610460e+01  
948       1.50942428163e+05   0.000000e+00   8.072698e+01   1.612075e+01  
949       1.50648382307e+05   0.000000e+00   8.104774e+01   1.611393e+01  
950       1.50978955905e+05   0.000000e+00   8.084404e+01   1.611770e+01  
951       1.50550697543e+05   0.000000e+00   8.109203e+01   1.611300e+01  
952       1.51158105297e+05   0.000000e+00   8.069253e+01   1.611822e+01  
953       1.50547044766e+05   0.000000e+00   8.122039e+01   1.611876e+01  
954       1.50936176005e+05   0.000000e+00   8.083860e+01   1.610346e+01  
955       1.50792151666e+05   0.000000e+00   8.098365e+01   1.611670e+01  
956       1.50946325576e+05   0.000000e+00   8.083672e+01   1.611658e+01  
957       1.50628612409e+05   0.000000e+00   8.118734e+01   1.612724e+01  
958       1.51049028370e+05   0.000000e+00   8.087278e+01   1.611862e+01  
959       1.50832270008e+05   0.000000e+00   8.087192e+01   1.612489e+01  
960       1.51122463356e+05   0.000000e+00   8.083844e+01   1.611724e+01  
961       1.50689622638e+05   0.000000e+00   8.103870e+01   1.613494e+01  
962       1.51196002981e+05   0.000000e+00   8.092619e+01   1.611849e+01  
963       1.50627112141e+05   0.000000e+00   8.118619e+01   1.614902e+01  
964       1.51086257262e+05   0.000000e+00   8.107578e+01   1.612595e+01  
965       1.50813741600e+05   0.000000e+00   8.104437e+01   1.614131e+01  
966       1.51190656459e+05   0.000000e+00   8.098398e+01   1.612397e+01  
967       1.50806456176e+05   0.000000e+00   8.108634e+01   1.613399e+01  
968       1.51104195415e+05   0.000000e+00   8.099925e+01   1.612476e+01  
969       1.50911452394e+05   0.000000e+00   8.114315e+01   1.613176e+01  
970       1.50998965906e+05   0.000000e+00   8.105356e+01   1.613796e+01  
971       1.50951827173e+05   0.000000e+00   8.111318e+01   1.611686e+01  
972       1.50862324630e+05   0.000000e+00   8.114105e+01   1.613601e+01  
973       1.51082185804e+05   0.000000e+00   8.099245e+01   1.611864e+01  
974       1.51073191563e+05   0.000000e+00   8.085770e+01   1.613362e+01  
975       1.51145775388e+05   0.000000e+00   8.083497e+01   1.611571e+01  
976       1.50701638038e+05   0.000000e+00   8.131347e+01   1.613255e+01  
977       1.50920488502e+05   0.000000e+00   8.112676e+01   1.613118e+01  
978       1.50873560524e+05   0.000000e+00   8.107020e+01   1.613242e+01  
979       1.50928971624e+05   0.000000e+00   8.109097e+01   1.613383e+01  
980       1.50777803087e+05   0.000000e+00   8.132526e+01   1.612672e+01  
981       1.50696686598e+05   0.000000e+00   8.125811e+01   1.614402e+01  
982       1.50986015215e+05   0.000000e+00   8.119631e+01   1.612190e+01  
983       1.50733516403e+05   0.000000e+00   8.123684e+01   1.614489e+01  
984       1.51161664017e+05   0.000000e+00   8.104693e+01   1.612448e+01  
985       1.50571699807e+05   0.000000e+00   8.144194e+01   1.615318e+01  
986       1.51023864297e+05   0.000000e+00   8.128520e+01   1.612387e+01  
987       1.50714745653e+05   0.000000e+00   8.124850e+01   1.614872e+01  
988       1.51424230051e+05   0.000000e+00   8.087192e+01   1.612806e+01  
989       1.50529672373e+05   0.000000e+00   8.143602e+01   1.614281e+01  
990       1.51307973768e+05   0.000000e+00   8.105747e+01   1.613683e+01  
991       1.50402503721e+05   0.000000e+00   8.156700e+01   1.614451e+01  
992       1.51583107031e+05   0.000000e+00   8.100692e+01   1.613319e+01  
993       1.50206036079e+05   0.000000e+00   8.172588e+01   1.615502e+01  
994       1.51430820552e+05   0.000000e+00   8.114609e+01   1.613444e+01  
995       1.50437400960e+05   0.000000e+00   8.146117e+01   1.614527e+01  
996       1.51531377353e+05   0.000000e+00   8.111519e+01   1.614603e+01  
997       1.50437080306e+05   0.000000e+00   8.166321e+01   1.616024e+01  
998       1.51128330231e+05   0.000000e+00   8.156253e+01   1.615187e+01  
999       1.50574311139e+05   0.000000e+00   8.157799e+01   1.615341e+01  
1000      1.51223094672e+05   0.000000e+00   8.127062e+01   1.614819e+01  
1001      1.50956657599e+05   0.000000e+00   8.120307e+01   1.615808e+01  
1002      1.51116036615e+05   0.000000e+00   8.131723e+01   1.614671e+01  
1003      1.51037969144e+05   0.000000e+00   8.126448e+01   1.614689e+01  
1004      1.51071695847e+05   0.000000e+00   8.124216e+01   1.614431e+01  
1005      1.51035723126e+05   0.000000e+00   8.136495e+01   1.615556e+01  
1006      1.50794845390e+05   0.000000e+00   8.156043e+01   1.614082e+01  
1007      1.51063702205e+05   0.000000e+00   8.145563e+01   1.614918e+01  
1008      1.50683244833e+05   0.000000e+00   8.152936e+01   1.613887e+01  
1009      1.51052333539e+05   0.000000e+00   8.159121e+01   1.615056e+01  
1010      1.50538958542e+05   0.000000e+00   8.165871e+01   1.613903e+01  
1011      1.51213259978e+05   0.000000e+00   8.148509e+01   1.614946e+01  
1012      1.50401742337e+05   0.000000e+00   8.178065e+01   1.612632e+01  
1013      1.51263653031e+05   0.000000e+00   8.135315e+01   1.615667e+01  
1014      1.50520397063e+05   0.000000e+00   8.171336e+01   1.612865e+01  
1015      1.51002037170e+05   0.000000e+00   8.168507e+01   1.615850e+01  
1016      1.50378075257e+05   0.000000e+00   8.203631e+01   1.612559e+01  
1017      1.50972090529e+05   0.000000e+00   8.171380e+01   1.615224e+01  
1018      1.50455759597e+05   0.000000e+00   8.199991e+01   1.613008e+01  
1019      1.50955563910e+05   0.000000e+00   8.172270e+01   1.615869e+01  
1020      1.50466021263e+05   0.000000e+00   8.199840e+01   1.612992e+01  
1021      1.50984568149e+05   0.000000e+00   8.179295e+01   1.615633e+01  
1022      1.50535216557e+05   0.000000e+00   8.199141e+01   1.614049e+01  
1023      1.50855131642e+05   0.000000e+00   8.197818e+01   1.616061e+01  
1024      1.50666469081e+05   0.000000e+00   8.204927e+01   1.613815e+01  
1025      1.50777682216e+05   0.000000e+00   8.189208e+01   1.615694e+01  
1026      1.50824458995e+05   0.000000e+00   8.192932e+01   1.614629e+01  
1027      1.50782999842e+05   0.000000e+00   8.191400e+01   1.615632e+01  
1028      1.50972846063e+05   0.000000e+00   8.181190e+01   1.613870e+01  
1029      1.50790035260e+05   0.000000e+00   8.191379e+01   1.615584e+01  
1030      1.51017583430e+05   0.000000e+00   8.183128e+01   1.614448e+01  
1031      1.50924585243e+05   0.000000e+00   8.194540e+01   1.615612e+01  
1032      1.50743007698e+05   0.000000e+00   8.214265e+01   1.614765e+01  
1033      1.50973127670e+05   0.000000e+00   8.199893e+01   1.616800e+01  
1034      1.50599127899e+05   0.000000e+00   8.238284e+01   1.615340e+01  
1035      1.50998490079e+05   0.000000e+00   8.215128e+01   1.616793e+01  
1036      1.50569318373e+05   0.000000e+00   8.238221e+01   1.616558e+01  
1037      1.51366886257e+05   0.000000e+00   8.186976e+01   1.615991e+01  
1038      1.50748757982e+05   0.000000e+00   8.224795e+01   1.616236e+01  
1039      1.51028742867e+05   0.000000e+00   8.222360e+01   1.616814e+01  
1040      1.50860640720e+05   0.000000e+00   8.221186e+01   1.616107e+01  
1041      1.51174538177e+05   0.000000e+00   8.218094e+01   1.616288e+01  
1042      1.50730123931e+05   0.000000e+00   8.231440e+01   1.617361e+01  
1043      1.51106191545e+05   0.000000e+00   8.235282e+01   1.616356e+01  
1044      1.50847391642e+05   0.000000e+00   8.221736e+01   1.615865e+01  
1045      1.51294484356e+05   0.000000e+00   8.206443e+01   1.616428e+01  
1046      1.50851772158e+05   0.000000e+00   8.224500e+01   1.618205e+01  
1047      1.51250104161e+05   0.000000e+00   8.220533e+01   1.616245e+01  
1048      1.51088722183e+05   0.000000e+00   8.204968e+01   1.618573e+01  
1049      1.51246309055e+05   0.000000e+00   8.208951e+01   1.615894e+01  
1050      1.51211285202e+05   0.000000e+00   8.194953e+01   1.618631e+01  
1051      1.51171928728e+05   0.000000e+00   8.220007e+01   1.616252e+01  
1052      1.51112646256e+05   0.000000e+00   8.213017e+01   1.618738e+01  
1053      1.51439670059e+05   0.000000e+00   8.192339e+01   1.616471e+01  
1054      1.50990943194e+05   0.000000e+00   8.218833e+01   1.619950e+01  
1055      1.51294650183e+05   0.000000e+00   8.200802e+01   1.616879e+01  
1056      1.51205937015e+05   0.000000e+00   8.206956e+01   1.619053e+01  
1057      1.51109047287e+05   0.000000e+00   8.219065e+01   1.618073e+01  
1058      1.51252979687e+05   0.000000e+00   8.206531e+01   1.618787e+01  
1059      1.51248117816e+05   0.000000e+00   8.211177e+01   1.617951e+01  
1060      1.51379635802e+05   0.000000e+00   8.211941e+01   1.618654e+01  
1061      1.50922479556e+05   0.000000e+00   8.243915e+01   1.617605e+01  
1062      1.51387176329e+05   0.000000e+00   8.216230e+01   1.619175e+01  
1063      1.51087874987e+05   0.000000e+00   8.233412e+01   1.617600e+01  
1064      1.51259448923e+05   0.000000e+00   8.219260e+01   1.619479e+01  
1065      1.50884691885e+05   0.000000e+00   8.266950e+01   1.617735e+01  
1066      1.51129972729e+05   0.000000e+00   8.233442e+01   1.619860e+01  
1067      1.51034669723e+05   0.000000e+00   8.263229e+01   1.617722e+01  
1068      1.51182294359e+05   0.000000e+00   8.226711e+01   1.620144e+01  
1069      1.51019299163e+05   0.000000e+00   8.267735e+01   1.617727e+01  
1070      1.50825740377e+05   0.000000e+00   8.274517e+01   1.620222e+01  
1071      1.50834496330e+05   0.000000e+00   8.298597e+01   1.618731e+01  
1072      1.51130981221e+05   0.000000e+00   8.251336e+01   1.619596e+01  
1073      1.50923501266e+05   0.000000e+00   8.279980e+01   1.618061e+01  
1074      1.51188005916e+05   0.000000e+00   8.247102e+01   1.619716e+01  
1075      1.50794410090e+05   0.000000e+00   8.293111e+01   1.617397e+01  
1076      1.51254002995e+05   0.000000e+00   8.244853e+01   1.619008e+01  
1077      1.50970868321e+05   0.000000e+00   8.279760e+01   1.617159e+01  
1078      1.51172179944e+05   0.000000e+00   8.246295e+01   1.619201e+01  
1079      1.51022915456e+05   0.000000e+00   8.284661e+01   1.616724e+01  
1080      1.51118696352e+05   0.000000e+00   8.258914e+01   1.619119e+01  
1081      1.50991389633e+05   0.000000e+00   8.284984e+01   1.617775e+01  
1082      1.51117788154e+05   0.000000e+00   8.270212e+01   1.619757e+01  
1083      1.50579677211e+05   0.000000e+00   8.323717e+01   1.617869e+01  
1084      1.51109070974e+05   0.000000e+00   8.282234e+01   1.618835e+01  
1085      1.50721159543e+05   0.000000e+00   8.305589e+01   1.617993e+01  
1086      1.51220195961e+05   0.000000e+00   8.277510e+01   1.619033e+01  
1087      1.50562783239e+05   0.000000e+00   8.339866e+01   1.617987e+01  
1088      1.51138654993e+05   0.000000e+00   8.280375e+01   1.619017e+01  
1089      1.50816356268e+05   0.000000e+00   8.312635e+01   1.617239e+01  
1090      1.51313339181e+05   0.000000e+00   8.270536e+01   1.619105e+01  
1091      1.50791018104e+05   0.000000e+00   8.307341e+01   1.618454e+01  
1092      1.51195214641e+05   0.000000e+00   8.295218e+01   1.618519e+01  
1093      1.50793754613e+05   0.000000e+00   8.313959e+01   1.617442e+01  
1094      1.51079147102e+05   0.000000e+00   8.296275e+01   1.619334e+01  
1095      1.50844571840e+05   0.000000e+00   8.320372e+01   1.617545e+01  
1096      1.51019429397e+05   0.000000e+00   8.306843e+01   1.618423e+01  
1097      1.50912240397e+05   0.000000e+00   8.314279e+01   1.617625e+01  
1098      1.51155107564e+05   0.000000e+00   8.292552e+01   1.618668e+01  
1099      1.50844804578e+05   0.000000e+00   8.328749e+01   1.618288e+01  
1100      1.51098465212e+05   0.000000e+00   8.311545e+01   1.618193e+01  
1101      1.50714886270e+05   0.000000e+00   8.342227e+01   1.618440e+01  
1102      1.51148103507e+05   0.000000e+00   8.313228e+01   1.617633e+01  
1103      1.50519522118e+05   0.000000e+00   8.360742e+01   1.619258e+01  
1104      1.51326543879e+05   0.000000e+00   8.307747e+01   1.617391e+01  
1105      1.50328256465e+05   0.000000e+00   8.376879e+01   1.618990e+01  
1106      1.51351190296e+05   0.000000e+00   8.315141e+01   1.617109e+01  
1107      1.50206131828e+05   0.000000e+00   8.385923e+01   1.619371e+01  
1108      1.51493371901e+05   0.000000e+00   8.300955e+01   1.616862e+01  
1109      1.50047757514e+05   0.000000e+00   8.411068e+01   1.619560e+01  
1110      1.51317973040e+05   0.000000e+00   8.323354e+01   1.616242e+01  
1111      1.50266695544e+05   0.000000e+00   8.388920e+01   1.619152e+01  
1112      1.51412515186e+05   0.000000e+00   8.319413e+01   1.616790e+01  
1113      1.50231291877e+05   0.000000e+00   8.390001e+01   1.618263e+01  
1114      1.51561079752e+05   0.000000e+00   8.311884e+01   1.616411e+01  
1115      1.50227140195e+05   0.000000e+00   8.389660e+01   1.618145e+01  
1116      1.51588657250e+05   0.000000e+00   8.317492e+01   1.617241e+01  
1117      1.50182764062e+05   0.000000e+00   8.396100e+01   1.618964e+01  
1118      1.51722975003e+05   0.000000e+00   8.311883e+01   1.616883e+01  
1119      1.50118890898e+05   0.000000e+00   8.405543e+01   1.619486e+01  
1120      1.51454837403e+05   0.000000e+00   8.341906e+01   1.617667e+01  
1121      1.50224925569e+05   0.000000e+00   8.408142e+01   1.619432e+01  
1122      1.51358467786e+05   0.000000e+00   8.339679e+01   1.617570e+01  
1123      1.50339525470e+05   0.000000e+00   8.412382e+01   1.620183e+01  
1124      1.51250749693e+05   0.000000e+00   8.341676e+01   1.617945e+01  
1125      1.50501929888e+05   0.000000e+00   8.407982e+01   1.619747e+01  
1126      1.50992814963e+05   0.000000e+00   8.360818e+01   1.618783e+01  
1127      1.50900950461e+05   0.000000e+00   8.378763e+01   1.619078e+01  
1128      1.50867046636e+05   0.000000e+00   8.363677e+01   1.618483e+01  
1129      1.51113427453e+05   0.000000e+00   8.367482e+01   1.618992e+01  
1130      1.50733927383e+05   0.000000e+00   8.366658e+01   1.619453e+01  
1131      1.51345611444e+05   0.000000e+00   8.367303e+01   1.619867e+01  
1132      1.50598661935e+05   0.000000e+00   8.379275e+01   1.620096e+01  
1133      1.51302231043e+05   0.000000e+00   8.365976e+01   1.618809e+01  
1134      1.50671551321e+05   0.000000e+00   8.373165e+01   1.620319e+01  
1135      1.51253780804e+05   0.000000e+00   8.378315e+01   1.619297e+01  
1136      1.50481611747e+05   0.000000e+00   8.407251e+01   1.620960e+01  
1137      1.51211913771e+05   0.000000e+00   8.386289e+01   1.619390e+01  
1138      1.50766358208e+05   0.000000e+00   8.394930e+01   1.620471e+01  
1139      1.50984170908e+05   0.000000e+00   8.399304e+01   1.619724e+01  
1140      1.50703313543e+05   0.000000e+00   8.420506e+01   1.620767e+01  
1141      1.50976137545e+05   0.000000e+00   8.411379e+01   1.618958e+01  
1142      1.50913867499e+05   0.000000e+00   8.398869e+01   1.620161e+01  
1143      1.51102808029e+05   0.000000e+00   8.402021e+01   1.619235e+01  
1144      1.50834939974e+05   0.000000e+00   8.410484e+01   1.620313e+01  
1145      1.51134104628e+05   0.000000e+00   8.411065e+01   1.618567e+01  
1146      1.50692327362e+05   0.000000e+00   8.417001e+01   1.620945e+01  
1147      1.51218961218e+05   0.000000e+00   8.401035e+01   1.618815e+01  
1148      1.50801034899e+05   0.000000e+00   8.421737e+01   1.620679e+01  
1149      1.51256827588e+05   0.000000e+00   8.389066e+01   1.618963e+01  
1150      1.50884050411e+05   0.000000e+00   8.423608e+01   1.620279e+01  
1151      1.51197676852e+05   0.000000e+00   8.401501e+01   1.619036e+01  
1152      1.50814039487e+05   0.000000e+00   8.421968e+01   1.620253e+01  
1153      1.51433004784e+05   0.000000e+00   8.381758e+01   1.619260e+01  
1154      1.50661884743e+05   0.000000e+00   8.437379e+01   1.619805e+01  
1155      1.51165554720e+05   0.000000e+00   8.406987e+01   1.620178e+01  
1156      1.50821400286e+05   0.000000e+00   8.429341e+01   1.619792e+01  
1157      1.51458816444e+05   0.000000e+00   8.381113e+01   1.620413e+01  
1158      1.50613711802e+05   0.000000e+00   8.450617e+01   1.620350e+01  
1159      1.51305221794e+05   0.000000e+00   8.400423e+01   1.620661e+01  
1160      1.50648879073e+05   0.000000e+00   8.453844e+01   1.620497e+01  
1161      1.51397546860e+05   0.000000e+00   8.397290e+01   1.620918e+01  
1162      1.50697208714e+05   0.000000e+00   8.437275e+01   1.620581e+01  
1163      1.51747040018e+05   0.000000e+00   8.383964e+01   1.620151e+01  
1164      1.50574304961e+05   0.000000e+00   8.452402e+01   1.620894e+01  
1165      1.51680044176e+05   0.000000e+00   8.395975e+01   1.620448e+01  
1166      1.50569653931e+05   0.000000e+00   8.453119e+01   1.621005e+01  
1167      1.51737465016e+05   0.000000e+00   8.407514e+01   1.620617e+01  
1168      1.50273281332e+05   0.000000e+00   8.485824e+01   1.621309e+01  
1169      1.51873611670e+05   0.000000e+00   8.397573e+01   1.620579e+01  
1170      1.50274051823e+05   0.000000e+00   8.492219e+01   1.622073e+01  
1171      1.51780171760e+05   0.000000e+00   8.403704e+01   1.620694e+01  
1172      1.50267410201e+05   0.000000e+00   8.500423e+01   1.621485e+01  
1173      1.51553437862e+05   0.000000e+00   8.423306e+01   1.619974e+01  
1174      1.50474704755e+05   0.000000e+00   8.484285e+01   1.620753e+01  
1175      1.51617595925e+05   0.000000e+00   8.421908e+01   1.622077e+01  
1176      1.50319684300e+05   0.000000e+00   8.506566e+01   1.620147e+01  
1177      1.51395901208e+05   0.000000e+00   8.456984e+01   1.621612e+01  
1178      1.50242881001e+05   0.000000e+00   8.507504e+01   1.620611e+01  
1179      1.51603151424e+05   0.000000e+00   8.431096e+01   1.621807e+01  
1180      1.50310006138e+05   0.000000e+00   8.509036e+01   1.621079e+01  
1181      1.51440885189e+05   0.000000e+00   8.448358e+01   1.621889e+01  
1182      1.50636644538e+05   0.000000e+00   8.484371e+01   1.621320e+01  
1183      1.51456887013e+05   0.000000e+00   8.442045e+01   1.622370e+01  
1184      1.50766396559e+05   0.000000e+00   8.478809e+01   1.621693e+01  
1185      1.51358779823e+05   0.000000e+00   8.451831e+01   1.622628e+01  
1186      1.50704348211e+05   0.000000e+00   8.486710e+01   1.620809e+01  
1187      1.51451738479e+05   0.000000e+00   8.450284e+01   1.622529e+01  
1188      1.50607230298e+05   0.000000e+00   8.487502e+01   1.621367e+01  
1189      1.51605912466e+05   0.000000e+00   8.437923e+01   1.622060e+01  
1190      1.50457387321e+05   0.000000e+00   8.508468e+01   1.620826e+01  
1191      1.51534951288e+05   0.000000e+00   8.451394e+01   1.621769e+01  
1192      1.50591637765e+05   0.000000e+00   8.504105e+01   1.621476e+01  
1193      1.51351198941e+05   0.000000e+00   8.470997e+01   1.622222e+01  
1194      1.50794252915e+05   0.000000e+00   8.488668e+01   1.620710e+01  
1195      1.51302841615e+05   0.000000e+00   8.468067e+01   1.622689e+01  
1196      1.50822233659e+05   0.000000e+00   8.503340e+01   1.620599e+01  
1197      1.51190704614e+05   0.000000e+00   8.480352e+01   1.622323e+01  
1198      1.50816780043e+05   0.000000e+00   8.505837e+01   1.620554e+01  
1199      1.51164049062e+05   0.000000e+00   8.478853e+01   1.622212e+01  
1200      1.50798914768e+05   0.000000e+00   8.507610e+01   1.620077e+01  
1201      1.51272424478e+05   0.000000e+00   8.464068e+01   1.622852e+01  
1202      1.50895640122e+05   0.000000e+00   8.500576e+01   1.620206e+01  
1203      1.51188355100e+05   0.000000e+00   8.477046e+01   1.622164e+01  
1204      1.51101353500e+05   0.000000e+00   8.485362e+01   1.619960e+01  
1205      1.51069904749e+05   0.000000e+00   8.478049e+01   1.622733e+01  
1206      1.51243435358e+05   0.000000e+00   8.476360e+01   1.619678e+01  
1207      1.50949026970e+05   0.000000e+00   8.485825e+01   1.623549e+01  
1208      1.51418054779e+05   0.000000e+00   8.468596e+01   1.619968e+01  
1209      1.50848991671e+05   0.000000e+00   8.495089e+01   1.623727e+01  
1210      1.51226920349e+05   0.000000e+00   8.482447e+01   1.620368e+01  
1211      1.51038218010e+05   0.000000e+00   8.482564e+01   1.622090e+01  
1212      1.51196200205e+05   0.000000e+00   8.483175e+01   1.620376e+01  
1213      1.50929906941e+05   0.000000e+00   8.501140e+01   1.622318e+01  
1214      1.51163943584e+05   0.000000e+00   8.492812e+01   1.620710e+01  
1215      1.51094271434e+05   0.000000e+00   8.477333e+01   1.621265e+01  
1216      1.51135843004e+05   0.000000e+00   8.505132e+01   1.622040e+01  
1217      1.50997015127e+05   0.000000e+00   8.493901e+01   1.620710e+01  
1218      1.51166903448e+05   0.000000e+00   8.497187e+01   1.621912e+01  
1219      1.51159611956e+05   0.000000e+00   8.489567e+01   1.620368e+01  
1220      1.51033915935e+05   0.000000e+00   8.504788e+01   1.623416e+01  
1221      1.51250652757e+05   0.000000e+00   8.490711e+01   1.620724e+01  
1222      1.51016405682e+05   0.000000e+00   8.507222e+01   1.623741e+01  
1223      1.51163190877e+05   0.000000e+00   8.503227e+01   1.620791e+01  
1224      1.51005310888e+05   0.000000e+00   8.507187e+01   1.624148e+01  
1225      1.51016484560e+05   0.000000e+00   8.523087e+01   1.620169e+01  
1226      1.50950001905e+05   0.000000e+00   8.525852e+01   1.623671e+01  
1227      1.51086278218e+05   0.000000e+00   8.513655e+01   1.619604e+01  
1228      1.51092698364e+05   0.000000e+00   8.514267e+01   1.623661e+01  
1229      1.50837419539e+05   0.000000e+00   8.546466e+01   1.619519e+01  
1230      1.50746026038e+05   0.000000e+00   8.545899e+01   1.623757e+01  
1231      1.50862339194e+05   0.000000e+00   8.552348e+01   1.619096e+01  
1232      1.50767636120e+05   0.000000e+00   8.538820e+01   1.623422e+01  
1233      1.50793596085e+05   0.000000e+00   8.563292e+01   1.619225e+01  
1234      1.50728502626e+05   0.000000e+00   8.544724e+01   1.622826e+01  
1235      1.50930693557e+05   0.000000e+00   8.549369e+01   1.618178e+01  
1236      1.50686047634e+05   0.000000e+00   8.549866e+01   1.623343e+01  
1237      1.50797697032e+05   0.000000e+00   8.560075e+01   1.618497e+01  
1238      1.50794826868e+05   0.000000e+00   8.546044e+01   1.623303e+01  
1239      1.50794612366e+05   0.000000e+00   8.566485e+01   1.618190e+01  
1240      1.50636166677e+05   0.000000e+00   8.562735e+01   1.623375e+01  
1241      1.50936252602e+05   0.000000e+00   8.560122e+01   1.618589e+01  
1242      1.50825022974e+05   0.000000e+00   8.546421e+01   1.622974e+01  
1243      1.50876963963e+05   0.000000e+00   8.569096e+01   1.618933e+01  
1244      1.50569057003e+05   0.000000e+00   8.582392e+01   1.623103e+01  
1245      1.50877790777e+05   0.000000e+00   8.575698e+01   1.618845e+01  
1246      1.50756422047e+05   0.000000e+00   8.565346e+01   1.622619e+01  
1247      1.51122019956e+05   0.000000e+00   8.545547e+01   1.618817e+01  
1248      1.50718060199e+05   0.000000e+00   8.567541e+01   1.621981e+01  
1249      1.51078656773e+05   0.000000e+00   8.557816e+01   1.618523e+01  
1250      1.50801389467e+05   0.000000e+00   8.565424e+01   1.622312e+01  
-------------------------------------------------------------------

Initialization/allocation wall-clock time: 2.786 seconds
Calculation (iterations) wall-clock time : 252.221 seconds

