-------------------------------------------------------------------------------------------------------------------------------------------------------------
Snap      mu             Kin            Pot            Contact        DDI            Dmu(Contact)   Dmu(DDI)       Dmu(grad)      Rot            Lx  
-------------------------------------------------------------------------------------------------------------------------------------------------------------
0         -8.601986e-01  5.880769e-01   0.000000e+00   3.538701e+01   -5.026361e+01  1.342832e+01   0.000000e+00   0.000000e+00   -0.000000e+00  0.000000e+00  
1         -2.471002e+00  6.633194e-01   0.000000e+00   3.047475e+01   -4.337815e+01  9.769081e+00   0.000000e+00   0.000000e+00   -0.000000e+00  0.000000e+00  
2         -2.462925e+00  6.639430e-01   0.000000e+00   3.061886e+01   -4.357224e+01  9.826517e+00   0.000000e+00   0.000000e+00   -0.000000e+00  0.000000e+00  
3         -2.459185e+00  6.624733e-01   0.000000e+00   3.065001e+01   -4.361084e+01  9.839169e+00   0.000000e+00   0.000000e+00   -0.000000e+00  0.000000e+00  
4         -2.457400e+00  6.616707e-01   0.000000e+00   3.066135e+01   -4.362431e+01  9.843881e+00   0.000000e+00   0.000000e+00   -0.000000e+00  0.000000e+00  
5         -2.456571e+00  6.612912e-01   0.000000e+00   3.066603e+01   -4.362974e+01  9.845853e+00   0.000000e+00   0.000000e+00   -0.000000e+00  0.000000e+00  
6         -2.456195e+00  6.611178e-01   0.000000e+00   3.066804e+01   -4.363206e+01  9.846708e+00   0.000000e+00   0.000000e+00   -0.000000e+00  0.000000e+00  
7         -2.456026e+00  6.610396e-01   0.000000e+00   3.066892e+01   -4.363307e+01  9.847083e+00   0.000000e+00   0.000000e+00   -0.000000e+00  0.000000e+00  
8         -2.455950e+00  6.610048e-01   0.000000e+00   3.066930e+01   -4.363350e+01  9.847247e+00   0.000000e+00   0.000000e+00   -0.000000e+00  0.000000e+00  
9         -2.455917e+00  6.609893e-01   0.000000e+00   3.066947e+01   -4.363369e+01  9.847318e+00   0.000000e+00   0.000000e+00   -0.000000e+00  0.000000e+00  
10        -2.455903e+00  6.609825e-01   0.000000e+00   3.066954e+01   -4.363378e+01  9.847349e+00   0.000000e+00   0.000000e+00   -0.000000e+00  0.000000e+00  
11        -2.455896e+00  6.609796e-01   0.000000e+00   3.066957e+01   -4.363381e+01  9.847363e+00   0.000000e+00   0.000000e+00   -0.000000e+00  0.000000e+00  
12        -2.455894e+00  6.609783e-01   0.000000e+00   3.066959e+01   -4.363383e+01  9.847369e+00   0.000000e+00   0.000000e+00   -0.000000e+00  0.000000e+00  
13        -2.455893e+00  6.609777e-01   0.000000e+00   3.066959e+01   -4.363383e+01  9.847371e+00   0.000000e+00   0.000000e+00   -0.000000e+00  0.000000e+00  
-------------------------------------------------------------------------------------------------------------------------------------------------------------

