-------------------------------------------------------------------------------------------------------------------------------------------------------------
Snap      mu             Kin            Pot            Contact        DDI            Dmu(Contact)   Dmu(DDI)       Dmu(grad)      Rot            Lx  
-------------------------------------------------------------------------------------------------------------------------------------------------------------
0         -1.436644e+00  7.212714e-01   0.000000e+00   4.028109e+01   -5.897932e+01  1.654031e+01   0.000000e+00   0.000000e+00   -0.000000e+00  0.000000e+00  
1         -3.247672e+00  8.080495e-01   0.000000e+00   3.608085e+01   -5.286345e+01  1.272688e+01   0.000000e+00   0.000000e+00   -0.000000e+00  0.000000e+00  
2         -3.226341e+00  8.004195e-01   0.000000e+00   3.633699e+01   -5.320570e+01  1.284195e+01   0.000000e+00   0.000000e+00   -0.000000e+00  0.000000e+00  
3         -3.213549e+00  7.945902e-01   0.000000e+00   3.644811e+01   -5.334840e+01  1.289216e+01   0.000000e+00   0.000000e+00   -0.000000e+00  0.000000e+00  
4         -3.204446e+00  7.909283e-01   0.000000e+00   3.652747e+01   -5.345028e+01  1.292743e+01   0.000000e+00   0.000000e+00   -0.000000e+00  0.000000e+00  
5         -3.197558e+00  7.884033e-01   0.000000e+00   3.658931e+01   -5.352977e+01  1.295450e+01   0.000000e+00   0.000000e+00   -0.000000e+00  0.000000e+00  
6         -3.192236e+00  7.865626e-01   0.000000e+00   3.663807e+01   -5.359243e+01  1.297556e+01   0.000000e+00   0.000000e+00   -0.000000e+00  0.000000e+00  
7         -3.188132e+00  7.851926e-01   0.000000e+00   3.667611e+01   -5.364127e+01  1.299184e+01   0.000000e+00   0.000000e+00   -0.000000e+00  0.000000e+00  
8         -3.185009e+00  7.841719e-01   0.000000e+00   3.670521e+01   -5.367859e+01  1.300420e+01   0.000000e+00   0.000000e+00   -0.000000e+00  0.000000e+00  
9         -3.182671e+00  7.834178e-01   0.000000e+00   3.672701e+01   -5.370651e+01  1.301342e+01   0.000000e+00   0.000000e+00   -0.000000e+00  0.000000e+00  
10        -3.180949e+00  7.828669e-01   0.000000e+00   3.674305e+01   -5.372704e+01  1.302017e+01   0.000000e+00   0.000000e+00   -0.000000e+00  0.000000e+00  
11        -3.179695e+00  7.824685e-01   0.000000e+00   3.675471e+01   -5.374194e+01  1.302506e+01   0.000000e+00   0.000000e+00   -0.000000e+00  0.000000e+00  
12        -3.178789e+00  7.821823e-01   0.000000e+00   3.676312e+01   -5.375268e+01  1.302859e+01   0.000000e+00   0.000000e+00   -0.000000e+00  0.000000e+00  
13        -3.178134e+00  7.819772e-01   0.000000e+00   3.676918e+01   -5.376042e+01  1.303113e+01   0.000000e+00   0.000000e+00   -0.000000e+00  0.000000e+00  
14        -3.177662e+00  7.818301e-01   0.000000e+00   3.677356e+01   -5.376601e+01  1.303296e+01   0.000000e+00   0.000000e+00   -0.000000e+00  0.000000e+00  
15        -3.177319e+00  7.817241e-01   0.000000e+00   3.677673e+01   -5.377005e+01  1.303428e+01   0.000000e+00   0.000000e+00   -0.000000e+00  0.000000e+00  
16        -3.177069e+00  7.816474e-01   0.000000e+00   3.677904e+01   -5.377300e+01  1.303525e+01   0.000000e+00   0.000000e+00   -0.000000e+00  0.000000e+00  
17        -3.176886e+00  7.815916e-01   0.000000e+00   3.678073e+01   -5.377517e+01  1.303596e+01   0.000000e+00   0.000000e+00   -0.000000e+00  0.000000e+00  
18        -3.176751e+00  7.815507e-01   0.000000e+00   3.678198e+01   -5.377676e+01  1.303648e+01   0.000000e+00   0.000000e+00   -0.000000e+00  0.000000e+00  
19        -3.176651e+00  7.815205e-01   0.000000e+00   3.678290e+01   -5.377794e+01  1.303687e+01   0.000000e+00   0.000000e+00   -0.000000e+00  0.000000e+00  
20        -3.176577e+00  7.814982e-01   0.000000e+00   3.678359e+01   -5.377882e+01  1.303716e+01   0.000000e+00   0.000000e+00   -0.000000e+00  0.000000e+00  
21        -3.176521e+00  7.814816e-01   0.000000e+00   3.678410e+01   -5.377947e+01  1.303737e+01   0.000000e+00   0.000000e+00   -0.000000e+00  0.000000e+00  
22        -3.176480e+00  7.814692e-01   0.000000e+00   3.678448e+01   -5.377996e+01  1.303753e+01   0.000000e+00   0.000000e+00   -0.000000e+00  0.000000e+00  
23        -3.176449e+00  7.814600e-01   0.000000e+00   3.678477e+01   -5.378033e+01  1.303765e+01   0.000000e+00   0.000000e+00   -0.000000e+00  0.000000e+00  
24        -3.176425e+00  7.814530e-01   0.000000e+00   3.678498e+01   -5.378060e+01  1.303774e+01   0.000000e+00   0.000000e+00   -0.000000e+00  0.000000e+00  
25        -3.176408e+00  7.814478e-01   0.000000e+00   3.678515e+01   -5.378081e+01  1.303781e+01   0.000000e+00   0.000000e+00   -0.000000e+00  0.000000e+00  
26        -3.176395e+00  7.814439e-01   0.000000e+00   3.678527e+01   -5.378097e+01  1.303786e+01   0.000000e+00   0.000000e+00   -0.000000e+00  0.000000e+00  
27        -3.176385e+00  7.814409e-01   0.000000e+00   3.678536e+01   -5.378109e+01  1.303790e+01   0.000000e+00   0.000000e+00   -0.000000e+00  0.000000e+00  
28        -3.176377e+00  7.814387e-01   0.000000e+00   3.678543e+01   -5.378117e+01  1.303793e+01   0.000000e+00   0.000000e+00   -0.000000e+00  0.000000e+00  
29        -3.176372e+00  7.814370e-01   0.000000e+00   3.678548e+01   -5.378124e+01  1.303795e+01   0.000000e+00   0.000000e+00   -0.000000e+00  0.000000e+00  
30        -3.176367e+00  7.814358e-01   0.000000e+00   3.678552e+01   -5.378129e+01  1.303797e+01   0.000000e+00   0.000000e+00   -0.000000e+00  0.000000e+00  
31        -3.176364e+00  7.814348e-01   0.000000e+00   3.678555e+01   -5.378133e+01  1.303798e+01   0.000000e+00   0.000000e+00   -0.000000e+00  0.000000e+00  
32        -3.176362e+00  7.814341e-01   0.000000e+00   3.678557e+01   -5.378136e+01  1.303799e+01   0.000000e+00   0.000000e+00   -0.000000e+00  0.000000e+00  
-------------------------------------------------------------------------------------------------------------------------------------------------------------

