
**********************************************
Real-time propagation in 3D, OPTION = 2
MPI nodes = 8, OMP threads = 16, cores = 128
**********************************************

Interactions
Contact: Natoms = 1.50000000000e+05, as = 7.600000e+01 * a0, G = 1.365327e+04, G * par = 2.730654e+04
Three-body: K3 =  0.000000e+00, g3 = 0.000000e+00
Regular DDI: add = 1.101000e+02 * a0, GD = 4.721954e+03, GD * par =  9.443909e+03, edd = 1.448684e+00
     Dipolar cutoffs Rcut = 6.070809e+00, Lcut = 1.950215e+02

QF = 1, QDEPL = 0: h2 = 1.717839e+05, h4 = 0.000000e+00
        q3 = 0.000000e+00, q5 = 4.378376e+00

GRAD = 0

Trap parameters
GAMMA = 0.000000e+00, NU = 0.000000e+00, LAMBDA = 0.000000e+00
Parameters of rotation: OMEGA = 0.000000e+00, OMEGA * par = 0.000000e+00

Space discretization: NX = 128, NY = 128, NZ = 128
                      DX = 3.047211e+00, DY = 9.485639e-02, DZ = 9.485639e-02
      Unit of length: aho = 5.552380e-07 m

Time discretization: NITER = 2500 (NSNAP = 1250)
                     DT = 4.498867e-03

Initial state: file ./imag3d-finalpsi.bin
ADD_VORTICES = 0, ADD_RANDOM_PHASE = 0


MUREL = 1.000000e-12, MUEND=1.000000e+05

-------------------------------------------------------------------
Snap      Na             QD             mu             <r>
-------------------------------------------------------------------
0         1.41692304261e+05   0.000000e+00   -2.970854e+00  1.735368e+01  
1         1.41692293762e+05   0.000000e+00   -2.972613e+00  1.735367e+01  
2         1.41692270231e+05   0.000000e+00   -2.974886e+00  1.735367e+01  
3         1.41692233986e+05   0.000000e+00   -2.977363e+00  1.735366e+01  
4         1.41692184994e+05   0.000000e+00   -2.979781e+00  1.735366e+01  
5         1.41692123871e+05   0.000000e+00   -2.981954e+00  1.735366e+01  
6         1.41692050707e+05   0.000000e+00   -2.983760e+00  1.735366e+01  
7         1.41691966171e+05   0.000000e+00   -2.985131e+00  1.735365e+01  
8         1.41691870457e+05   0.000000e+00   -2.986028e+00  1.735365e+01  
9         1.41691764235e+05   0.000000e+00   -2.986443e+00  1.735366e+01  
10        1.41691647779e+05   0.000000e+00   -2.986399e+00  1.735366e+01  
11        1.41691521847e+05   0.000000e+00   -2.985932e+00  1.735366e+01  
12        1.41691386799e+05   0.000000e+00   -2.985078e+00  1.735366e+01  
13        1.41691243214e+05   0.000000e+00   -2.983857e+00  1.735367e+01  
14        1.41691091630e+05   0.000000e+00   -2.982274e+00  1.735368e+01  
15        1.41690932728e+05   0.000000e+00   -2.980315e+00  1.735369e+01  
16        1.41690766546e+05   0.000000e+00   -2.977950e+00  1.735370e+01  
17        1.41690593692e+05   0.000000e+00   -2.975151e+00  1.735371e+01  
18        1.41690414675e+05   0.000000e+00   -2.971914e+00  1.735373e+01  
19        1.41690229764e+05   0.000000e+00   -2.968269e+00  1.735375e+01  
20        1.41690039349e+05   0.000000e+00   -2.964287e+00  1.735377e+01  
21        1.41689843817e+05   0.000000e+00   -2.960075e+00  1.735380e+01  
22        1.41689643449e+05   0.000000e+00   -2.955760e+00  1.735383e+01  
23        1.41689438642e+05   0.000000e+00   -2.951475e+00  1.735386e+01  
24        1.41689229756e+05   0.000000e+00   -2.947349e+00  1.735390e+01  
25        1.41689017086e+05   0.000000e+00   -2.943493e+00  1.735395e+01  
26        1.41688801108e+05   0.000000e+00   -2.939992e+00  1.735399e+01  
27        1.41688582044e+05   0.000000e+00   -2.936912e+00  1.735405e+01  
28        1.41688360431e+05   0.000000e+00   -2.934291e+00  1.735411e+01  
29        1.41688136459e+05   0.000000e+00   -2.932146e+00  1.735417e+01  
30        1.41687910685e+05   0.000000e+00   -2.930478e+00  1.735424e+01  
31        1.41687683289e+05   0.000000e+00   -2.929273e+00  1.735432e+01  
32        1.41687454811e+05   0.000000e+00   -2.928508e+00  1.735440e+01  
33        1.41687225407e+05   0.000000e+00   -2.928154e+00  1.735449e+01  
34        1.41686995579e+05   0.000000e+00   -2.928176e+00  1.735459e+01  
35        1.41686765480e+05   0.000000e+00   -2.928541e+00  1.735469e+01  
36        1.41686535602e+05   0.000000e+00   -2.929215e+00  1.735480e+01  
37        1.41686306085e+05   0.000000e+00   -2.930165e+00  1.735491e+01  
38        1.41686077373e+05   0.000000e+00   -2.931360e+00  1.735504e+01  
39        1.41685849588e+05   0.000000e+00   -2.932771e+00  1.735516e+01  
40        1.41685623161e+05   0.000000e+00   -2.934370e+00  1.735530e+01  
41        1.41685398198e+05   0.000000e+00   -2.936132e+00  1.735544e+01  
42        1.41685175083e+05   0.000000e+00   -2.938032e+00  1.735559e+01  
43        1.41684953892e+05   0.000000e+00   -2.940048e+00  1.735575e+01  
44        1.41684734949e+05   0.000000e+00   -2.942159e+00  1.735591e+01  
45        1.41684518314e+05   0.000000e+00   -2.944346e+00  1.735608e+01  
46        1.41684304354e+05   0.000000e+00   -2.946590e+00  1.735625e+01  
47        1.41684093196e+05   0.000000e+00   -2.948875e+00  1.735643e+01  
48        1.41683885141e+05   0.000000e+00   -2.951184e+00  1.735662e+01  
49        1.41683680204e+05   0.000000e+00   -2.953505e+00  1.735681e+01  
50        1.41683478586e+05   0.000000e+00   -2.955822e+00  1.735700e+01  
51        1.41683280304e+05   0.000000e+00   -2.958123e+00  1.735721e+01  
52        1.41683085536e+05   0.000000e+00   -2.960397e+00  1.735742e+01  
53        1.41682894281e+05   0.000000e+00   -2.962631e+00  1.735763e+01  
54        1.41682706700e+05   0.000000e+00   -2.964817e+00  1.735785e+01  
55        1.41682522812e+05   0.000000e+00   -2.966944e+00  1.735807e+01  
56        1.41682342731e+05   0.000000e+00   -2.969003e+00  1.735830e+01  
57        1.41682166472e+05   0.000000e+00   -2.970987e+00  1.735853e+01  
58        1.41681994135e+05   0.000000e+00   -2.972887e+00  1.735877e+01  
59        1.41681825710e+05   0.000000e+00   -2.974698e+00  1.735901e+01  
60        1.41681661250e+05   0.000000e+00   -2.976413e+00  1.735926e+01  
61        1.41681500759e+05   0.000000e+00   -2.978026e+00  1.735951e+01  
62        1.41681344260e+05   0.000000e+00   -2.979533e+00  1.735976e+01  
63        1.41681191703e+05   0.000000e+00   -2.980929e+00  1.736002e+01  
64        1.41681043065e+05   0.000000e+00   -2.982211e+00  1.736028e+01  
65        1.41680898312e+05   0.000000e+00   -2.983378e+00  1.736055e+01  
66        1.41680757403e+05   0.000000e+00   -2.984427e+00  1.736082e+01  
67        1.41680620284e+05   0.000000e+00   -2.985354e+00  1.736109e+01  
68        1.41680486879e+05   0.000000e+00   -2.986157e+00  1.736136e+01  
69        1.41680357121e+05   0.000000e+00   -2.986835e+00  1.736164e+01  
70        1.41680230917e+05   0.000000e+00   -2.987388e+00  1.736193e+01  
71        1.41680108200e+05   0.000000e+00   -2.987818e+00  1.736221e+01  
72        1.41679988847e+05   0.000000e+00   -2.988129e+00  1.736250e+01  
73        1.41679872807e+05   0.000000e+00   -2.988323e+00  1.736279e+01  
74        1.41679759951e+05   0.000000e+00   -2.988402e+00  1.736309e+01  
75        1.41679650205e+05   0.000000e+00   -2.988366e+00  1.736339e+01  
76        1.41679543457e+05   0.000000e+00   -2.988215e+00  1.736369e+01  
77        1.41679439624e+05   0.000000e+00   -2.987946e+00  1.736399e+01  
78        1.41679338563e+05   0.000000e+00   -2.987562e+00  1.736430e+01  
79        1.41679240222e+05   0.000000e+00   -2.987067e+00  1.736461e+01  
80        1.41679144423e+05   0.000000e+00   -2.986471e+00  1.736492e+01  
81        1.41679051133e+05   0.000000e+00   -2.985783e+00  1.736524e+01  
82        1.41678960203e+05   0.000000e+00   -2.985010e+00  1.736556e+01  
83        1.41678871579e+05   0.000000e+00   -2.984157e+00  1.736588e+01  
84        1.41678785130e+05   0.000000e+00   -2.983226e+00  1.736621e+01  
85        1.41678700815e+05   0.000000e+00   -2.982224e+00  1.736654e+01  
86        1.41678618487e+05   0.000000e+00   -2.981157e+00  1.736687e+01  
87        1.41678538121e+05   0.000000e+00   -2.980034e+00  1.736720e+01  
88        1.41678459539e+05   0.000000e+00   -2.978860e+00  1.736754e+01  
89        1.41678382745e+05   0.000000e+00   -2.977639e+00  1.736789e+01  
90        1.41678307562e+05   0.000000e+00   -2.976375e+00  1.736823e+01  
91        1.41678233998e+05   0.000000e+00   -2.975063e+00  1.736858e+01  
92        1.41678161913e+05   0.000000e+00   -2.973704e+00  1.736894e+01  
93        1.41678091305e+05   0.000000e+00   -2.972299e+00  1.736930e+01  
94        1.41678022084e+05   0.000000e+00   -2.970857e+00  1.736966e+01  
95        1.41677954271e+05   0.000000e+00   -2.969397e+00  1.737003e+01  
96        1.41677887787e+05   0.000000e+00   -2.967937e+00  1.737040e+01  
97        1.41677822638e+05   0.000000e+00   -2.966498e+00  1.737077e+01  
98        1.41677758725e+05   0.000000e+00   -2.965100e+00  1.737115e+01  
99        1.41677696102e+05   0.000000e+00   -2.963760e+00  1.737153e+01  
100       1.41677634658e+05   0.000000e+00   -2.962490e+00  1.737192e+01  
101       1.41677574417e+05   0.000000e+00   -2.961292e+00  1.737232e+01  
102       1.41677515189e+05   0.000000e+00   -2.960156e+00  1.737271e+01  
103       1.41677457090e+05   0.000000e+00   -2.959065e+00  1.737312e+01  
104       1.41677400158e+05   0.000000e+00   -2.958003e+00  1.737353e+01  
105       1.41677344593e+05   0.000000e+00   -2.956959e+00  1.737394e+01  
106       1.41677290118e+05   0.000000e+00   -2.955934e+00  1.737436e+01  
107       1.41677236571e+05   0.000000e+00   -2.954937e+00  1.737478e+01  
108       1.41677183980e+05   0.000000e+00   -2.953983e+00  1.737521e+01  
109       1.41677132861e+05   0.000000e+00   -2.953093e+00  1.737564e+01  
110       1.41677083440e+05   0.000000e+00   -2.952283e+00  1.737608e+01  
111       1.41677035634e+05   0.000000e+00   -2.951569e+00  1.737653e+01  
112       1.41676989146e+05   0.000000e+00   -2.950964e+00  1.737698e+01  
113       1.41676943988e+05   0.000000e+00   -2.950477e+00  1.737743e+01  
114       1.41676900134e+05   0.000000e+00   -2.950114e+00  1.737790e+01  
115       1.41676857791e+05   0.000000e+00   -2.949874e+00  1.737836e+01  
116       1.41676817142e+05   0.000000e+00   -2.949748e+00  1.737884e+01  
117       1.41676778391e+05   0.000000e+00   -2.949722e+00  1.737932e+01  
118       1.41676741367e+05   0.000000e+00   -2.949778e+00  1.737980e+01  
119       1.41676706090e+05   0.000000e+00   -2.949902e+00  1.738029e+01  
120       1.41676672644e+05   0.000000e+00   -2.950086e+00  1.738079e+01  
121       1.41676641230e+05   0.000000e+00   -2.950333e+00  1.738129e+01  
122       1.41676611698e+05   0.000000e+00   -2.950653e+00  1.738179e+01  
123       1.41676583942e+05   0.000000e+00   -2.951063e+00  1.738231e+01  
124       1.41676557977e+05   0.000000e+00   -2.951578e+00  1.738283e+01  
125       1.41676534258e+05   0.000000e+00   -2.952210e+00  1.738335e+01  
126       1.41676513140e+05   0.000000e+00   -2.952961e+00  1.738388e+01  
127       1.41676494839e+05   0.000000e+00   -2.953823e+00  1.738442e+01  
128       1.41676479299e+05   0.000000e+00   -2.954780e+00  1.738496e+01  
129       1.41676466560e+05   0.000000e+00   -2.955813e+00  1.738550e+01  
130       1.41676456383e+05   0.000000e+00   -2.956903e+00  1.738606e+01  
131       1.41676448813e+05   0.000000e+00   -2.958032e+00  1.738661e+01  
132       1.41676443807e+05   0.000000e+00   -2.959191e+00  1.738717e+01  
133       1.41676441594e+05   0.000000e+00   -2.960373e+00  1.738774e+01  
134       1.41676442142e+05   0.000000e+00   -2.961575e+00  1.738831e+01  
135       1.41676445721e+05   0.000000e+00   -2.962796e+00  1.738889e+01  
136       1.41676452175e+05   0.000000e+00   -2.964035e+00  1.738947e+01  
137       1.41676461575e+05   0.000000e+00   -2.965289e+00  1.739006e+01  
138       1.41676473800e+05   0.000000e+00   -2.966546e+00  1.739065e+01  
139       1.41676488960e+05   0.000000e+00   -2.967789e+00  1.739125e+01  
140       1.41676506721e+05   0.000000e+00   -2.969000e+00  1.739185e+01  
141       1.41676527113e+05   0.000000e+00   -2.970157e+00  1.739246e+01  
142       1.41676550096e+05   0.000000e+00   -2.971245e+00  1.739307e+01  
143       1.41676575647e+05   0.000000e+00   -2.972256e+00  1.739368e+01  
144       1.41676603464e+05   0.000000e+00   -2.973188e+00  1.739430e+01  
145       1.41676633586e+05   0.000000e+00   -2.974048e+00  1.739492e+01  
146       1.41676665750e+05   0.000000e+00   -2.974851e+00  1.739555e+01  
147       1.41676699707e+05   0.000000e+00   -2.975616e+00  1.739618e+01  
148       1.41676735189e+05   0.000000e+00   -2.976365e+00  1.739681e+01  
149       1.41676771969e+05   0.000000e+00   -2.977122e+00  1.739745e+01  
150       1.41676809552e+05   0.000000e+00   -2.977906e+00  1.739810e+01  
151       1.41676847572e+05   0.000000e+00   -2.978729e+00  1.739874e+01  
152       1.41676885376e+05   0.000000e+00   -2.979592e+00  1.739939e+01  
153       1.41676922331e+05   0.000000e+00   -2.980486e+00  1.740005e+01  
154       1.41676957549e+05   0.000000e+00   -2.981396e+00  1.740071e+01  
155       1.41676989878e+05   0.000000e+00   -2.982306e+00  1.740137e+01  
156       1.41677017874e+05   0.000000e+00   -2.983197e+00  1.740203e+01  
157       1.41677040030e+05   0.000000e+00   -2.984053e+00  1.740270e+01  
158       1.41677054298e+05   0.000000e+00   -2.984853e+00  1.740338e+01  
159       1.41677058756e+05   0.000000e+00   -2.985578e+00  1.740406e+01  
160       1.41677051145e+05   0.000000e+00   -2.986208e+00  1.740474e+01  
161       1.41677029293e+05   0.000000e+00   -2.986724e+00  1.740542e+01  
162       1.41676990501e+05   0.000000e+00   -2.987105e+00  1.740611e+01  
163       1.41676931766e+05   0.000000e+00   -2.987335e+00  1.740681e+01  
164       1.41676849256e+05   0.000000e+00   -2.987396e+00  1.740751e+01  
165       1.41676738579e+05   0.000000e+00   -2.987270e+00  1.740821e+01  
166       1.41676594596e+05   0.000000e+00   -2.986925e+00  1.740892e+01  
167       1.41676412065e+05   0.000000e+00   -2.986318e+00  1.740964e+01  
168       1.41676184820e+05   0.000000e+00   -2.985389e+00  1.741036e+01  
169       1.41675905768e+05   0.000000e+00   -2.984070e+00  1.741108e+01  
170       1.41675564854e+05   0.000000e+00   -2.982291e+00  1.741182e+01  
171       1.41675148505e+05   0.000000e+00   -2.979977e+00  1.741256e+01  
172       1.41674637826e+05   0.000000e+00   -2.977038e+00  1.741331e+01  
173       1.41674008494e+05   0.000000e+00   -2.973359e+00  1.741407e+01  
174       1.41673230743e+05   0.000000e+00   -2.968774e+00  1.741484e+01  
175       1.41672269807e+05   0.000000e+00   -2.963065e+00  1.741563e+01  
176       1.41671083044e+05   0.000000e+00   -2.955944e+00  1.741643e+01  
177       1.41669616509e+05   0.000000e+00   -2.947060e+00  1.741726e+01  
178       1.41667795203e+05   0.000000e+00   -2.935989e+00  1.741811e+01  
179       1.41665515030e+05   0.000000e+00   -2.922245e+00  1.741899e+01  
180       1.41662634565e+05   0.000000e+00   -2.905294e+00  1.741991e+01  
181       1.41658973754e+05   0.000000e+00   -2.884574e+00  1.742088e+01  
182       1.41654318067e+05   0.000000e+00   -2.859528e+00  1.742192e+01  
183       1.41648431695e+05   0.000000e+00   -2.829633e+00  1.742304e+01  
184       1.41641074032e+05   0.000000e+00   -2.794440e+00  1.742425e+01  
185       1.41632020164e+05   0.000000e+00   -2.753605e+00  1.742557e+01  
186       1.41621079431e+05   0.000000e+00   -2.706905e+00  1.742701e+01  
187       1.41608115187e+05   0.000000e+00   -2.654268e+00  1.742858e+01  
188       1.41593059219e+05   0.000000e+00   -2.595792e+00  1.743029e+01  
189       1.41575923881e+05   0.000000e+00   -2.531765e+00  1.743213e+01  
190       1.41556803018e+05   0.000000e+00   -2.462656e+00  1.743410e+01  
191       1.41535867430e+05   0.000000e+00   -2.389087e+00  1.743619e+01  
192       1.41513353475e+05   0.000000e+00   -2.311806e+00  1.743840e+01  
193       1.41489550640e+05   0.000000e+00   -2.231658e+00  1.744070e+01  
194       1.41464792588e+05   0.000000e+00   -2.149579e+00  1.744309e+01  
195       1.41439454597e+05   0.000000e+00   -2.066571e+00  1.744554e+01  
196       1.41413953296e+05   0.000000e+00   -1.983663e+00  1.744803e+01  
197       1.41388747043e+05   0.000000e+00   -1.901854e+00  1.745055e+01  
198       1.41364321874e+05   0.000000e+00   -1.822041e+00  1.745306e+01  
199       1.41341176613e+05   0.000000e+00   -1.744962e+00  1.745554e+01  
200       1.41319796437e+05   0.000000e+00   -1.671167e+00  1.745797e+01  
201       1.41300630892e+05   0.000000e+00   -1.601051e+00  1.746032e+01  
202       1.41284067916e+05   0.000000e+00   -1.534927e+00  1.746257e+01  
203       1.41270417662e+05   0.000000e+00   -1.473101e+00  1.746471e+01  
204       1.41259904840e+05   0.000000e+00   -1.415908e+00  1.746672e+01  
205       1.41252671204e+05   0.000000e+00   -1.363668e+00  1.746860e+01  
206       1.41248778830e+05   0.000000e+00   -1.316627e+00  1.747033e+01  
207       1.41248213830e+05   0.000000e+00   -1.274907e+00  1.747192e+01  
208       1.41250892763e+05   0.000000e+00   -1.238518e+00  1.747336e+01  
209       1.41256680404e+05   0.000000e+00   -1.207405e+00  1.747465e+01  
210       1.41265413556e+05   0.000000e+00   -1.181488e+00  1.747580e+01  
211       1.41276920866e+05   0.000000e+00   -1.160665e+00  1.747679e+01  
212       1.41291026410e+05   0.000000e+00   -1.144776e+00  1.747764e+01  
213       1.41307541452e+05   0.000000e+00   -1.133565e+00  1.747834e+01  
214       1.41326252385e+05   0.000000e+00   -1.126671e+00  1.747891e+01  
215       1.41346914319e+05   0.000000e+00   -1.123647e+00  1.747933e+01  
216       1.41369241402e+05   0.000000e+00   -1.123966e+00  1.747962e+01  
217       1.41392859819e+05   0.000000e+00   -1.126921e+00  1.747979e+01  
218       1.41417081160e+05   0.000000e+00   -1.131272e+00  1.747984e+01  
219       1.41439752104e+05   0.000000e+00   -1.133666e+00  1.747985e+01  
220       1.41448705272e+05   0.000000e+00   -1.112744e+00  1.748018e+01  
221       1.41327329516e+05   0.000000e+00   9.975691e-02   1.748454e+01  
222       1.41454741468e+05   0.000000e+00   -1.049487e+00  1.748086e+01  
223       1.41533370424e+05   0.000000e+00   -1.097095e+00  1.747859e+01  
224       1.41521535127e+05   0.000000e+00   -7.688106e-01  1.747908e+01  
225       1.41581311838e+05   0.000000e+00   -7.998706e-01  1.747714e+01  
226       1.41733628617e+05   0.000000e+00   -1.064639e+00  1.747214e+01  
227       1.41694143893e+05   0.000000e+00   -1.131375e+00  1.747306e+01  
228       1.41798246950e+05   0.000000e+00   -1.130468e+00  1.746930e+01  
229       1.41766518530e+05   0.000000e+00   -1.154637e+00  1.746963e+01  
230       1.41858915442e+05   0.000000e+00   -1.152099e+00  1.746592e+01  
231       1.41819906872e+05   0.000000e+00   -1.176310e+00  1.746612e+01  
232       1.41911197557e+05   0.000000e+00   -1.175457e+00  1.746210e+01  
233       1.41867744881e+05   0.000000e+00   -1.192238e+00  1.746208e+01  
234       1.41960966151e+05   0.000000e+00   -1.191104e+00  1.745765e+01  
235       1.41914684860e+05   0.000000e+00   -1.198552e+00  1.745738e+01  
236       1.42006675770e+05   0.000000e+00   -1.196832e+00  1.745270e+01  
237       1.41957844558e+05   0.000000e+00   -1.199084e+00  1.745221e+01  
238       1.42044833418e+05   0.000000e+00   -1.194589e+00  1.744745e+01  
239       1.41990615053e+05   0.000000e+00   -1.192002e+00  1.744688e+01  
240       1.42071790360e+05   0.000000e+00   -1.182957e+00  1.744211e+01  
241       1.42006657410e+05   0.000000e+00   -1.174860e+00  1.744167e+01  
242       1.42082625519e+05   0.000000e+00   -1.160381e+00  1.743691e+01  
243       1.42001198352e+05   0.000000e+00   -1.145417e+00  1.743681e+01  
244       1.42073802916e+05   0.000000e+00   -1.124606e+00  1.743202e+01  
245       1.41971740152e+05   0.000000e+00   -1.100496e+00  1.743243e+01  
246       1.42043569375e+05   0.000000e+00   -1.071920e+00  1.742758e+01  
247       1.41918098299e+05   0.000000e+00   -1.035613e+00  1.742863e+01  
248       1.41992126976e+05   0.000000e+00   -9.966630e-01  1.742365e+01  
249       1.41842039807e+05   0.000000e+00   -9.441737e-01  1.742545e+01  
250       1.41921145112e+05   0.000000e+00   -8.906174e-01  1.742031e+01  
251       1.41747135604e+05   0.000000e+00   -8.166208e-01  1.742288e+01  
252       1.41834410583e+05   0.000000e+00   -7.422775e-01  1.741753e+01  
253       1.41639445407e+05   0.000000e+00   -6.400922e-01  1.742081e+01  
254       1.41738315402e+05   0.000000e+00   -5.376151e-01  1.741515e+01  
255       1.41527029082e+05   0.000000e+00   -4.007203e-01  1.741900e+01  
256       1.41639959947e+05   0.000000e+00   -2.644391e-01  1.741298e+01  
257       1.41416446125e+05   0.000000e+00   -9.052081e-02  1.741733e+01  
258       1.41541926177e+05   0.000000e+00   7.830418e-02   1.741113e+01  
259       1.41306313346e+05   0.000000e+00   2.818651e-01   1.741615e+01  
260       1.41435662655e+05   0.000000e+00   4.707875e-01   1.741030e+01  
261       1.41184192687e+05   0.000000e+00   6.851298e-01   1.741637e+01  
262       1.41307390846e+05   0.000000e+00   8.723750e-01   1.741144e+01  
263       1.41040084213e+05   0.000000e+00   1.075768e+00   1.741882e+01  
264       1.41135831482e+05   0.000000e+00   1.266622e+00   1.741608e+01  
265       1.40844578595e+05   0.000000e+00   1.556309e+00   1.742525e+01  
266       1.41003921158e+05   0.000000e+00   1.610774e+00   1.741878e+01  
267       1.40667021044e+05   0.000000e+00   1.727135e+00   1.743209e+01  
268       1.40798185370e+05   0.000000e+00   1.817172e+00   1.742812e+01  
269       1.40502911727e+05   0.000000e+00   1.955345e+00   1.743915e+01  
270       1.40542768585e+05   0.000000e+00   2.101839e+00   1.744038e+01  
271       1.40284353398e+05   0.000000e+00   2.362190e+00   1.745163e+01  
272       1.40341977054e+05   0.000000e+00   2.457399e+00   1.745307e+01  
273       1.40153489594e+05   0.000000e+00   2.569383e+00   1.746061e+01  
274       1.40111913760e+05   0.000000e+00   3.377528e+00   1.746821e+01  
275       1.39990446843e+05   0.000000e+00   3.580371e+00   1.747487e+01  
276       1.40168393828e+05   0.000000e+00   3.921791e+00   1.746996e+01  
277       1.40188660504e+05   0.000000e+00   4.201355e+00   1.747137e+01  
278       1.40156568307e+05   0.000000e+00   6.682333e+00   1.747986e+01  
279       1.39891592737e+05   0.000000e+00   5.814934e+00   1.749750e+01  
280       1.39984276339e+05   0.000000e+00   5.859789e+00   1.748364e+01  
281       1.40054068269e+05   0.000000e+00   8.475630e+00   1.749599e+01  
282       1.39654031358e+05   0.000000e+00   1.115861e+01   1.748891e+01  
283       1.39965334837e+05   0.000000e+00   8.340390e+00   1.750350e+01  
284       1.40179604766e+05   0.000000e+00   8.249200e+00   1.749024e+01  
285       1.40157866655e+05   0.000000e+00   8.240151e+00   1.750213e+01  
286       1.39954693260e+05   0.000000e+00   1.595372e+01   1.750772e+01  
287       1.39512446612e+05   0.000000e+00   2.198644e+01   1.751891e+01  
288       1.40145873257e+05   0.000000e+00   1.720605e+01   1.752111e+01  
289       1.39781505543e+05   0.000000e+00   1.213312e+01   1.752501e+01  
290       1.40819422097e+05   0.000000e+00   9.922051e+00   1.751838e+01  
291       1.40209902465e+05   0.000000e+00   1.128196e+01   1.754649e+01  
292       1.40268322251e+05   0.000000e+00   1.171779e+01   1.753931e+01  
293       1.40599242023e+05   0.000000e+00   1.149921e+01   1.753975e+01  
294       1.39964544718e+05   0.000000e+00   1.206923e+01   1.755133e+01  
295       1.40438890724e+05   0.000000e+00   1.237383e+01   1.755290e+01  
296       1.40581383680e+05   0.000000e+00   1.195076e+01   1.754378e+01  
297       1.40165655180e+05   0.000000e+00   1.310116e+01   1.756675e+01  
298       1.40806085349e+05   0.000000e+00   1.174766e+01   1.754952e+01  
299       1.40524499832e+05   0.000000e+00   1.125163e+01   1.756367e+01  
300       1.40712452024e+05   0.000000e+00   1.144755e+01   1.755834e+01  
301       1.40574576636e+05   0.000000e+00   1.144814e+01   1.757269e+01  
302       1.40712637782e+05   0.000000e+00   1.173062e+01   1.757018e+01  
303       1.40587800758e+05   0.000000e+00   1.180466e+01   1.758298e+01  
304       1.40749392583e+05   0.000000e+00   1.205242e+01   1.758693e+01  
305       1.40554202290e+05   0.000000e+00   1.266546e+01   1.759769e+01  
306       1.40753978980e+05   0.000000e+00   1.437965e+01   1.759710e+01  
307       1.40428657848e+05   0.000000e+00   1.485959e+01   1.761041e+01  
308       1.40808289363e+05   0.000000e+00   1.493593e+01   1.759852e+01  
309       1.40437813922e+05   0.000000e+00   1.587172e+01   1.762119e+01  
310       1.40762846639e+05   0.000000e+00   1.640128e+01   1.763303e+01  
311       1.40676370005e+05   0.000000e+00   1.645468e+01   1.762230e+01  
312       1.41325520682e+05   0.000000e+00   1.610106e+01   1.763107e+01  
313       1.41054259147e+05   0.000000e+00   1.510284e+01   1.762583e+01  
314       1.41391231103e+05   0.000000e+00   1.553025e+01   1.763550e+01  
315       1.41206789629e+05   0.000000e+00   1.511107e+01   1.763567e+01  
316       1.41533391876e+05   0.000000e+00   1.514999e+01   1.763744e+01  
317       1.41381425438e+05   0.000000e+00   1.500030e+01   1.764307e+01  
318       1.41509917800e+05   0.000000e+00   1.545946e+01   1.764541e+01  
319       1.41551953844e+05   0.000000e+00   1.510665e+01   1.764877e+01  
320       1.41582106935e+05   0.000000e+00   1.517023e+01   1.764878e+01  
321       1.41680756443e+05   0.000000e+00   1.513118e+01   1.765610e+01  
322       1.41604254444e+05   0.000000e+00   1.529824e+01   1.765524e+01  
323       1.41747909492e+05   0.000000e+00   1.535870e+01   1.766587e+01  
324       1.41618335764e+05   0.000000e+00   1.560963e+01   1.766340e+01  
325       1.41803721115e+05   0.000000e+00   1.544486e+01   1.767067e+01  
326       1.41682726668e+05   0.000000e+00   1.553969e+01   1.766892e+01  
327       1.41795152590e+05   0.000000e+00   1.548243e+01   1.768327e+01  
328       1.41803689883e+05   0.000000e+00   1.574678e+01   1.766906e+01  
329       1.41750026154e+05   0.000000e+00   1.571989e+01   1.768968e+01  
330       1.41677022263e+05   0.000000e+00   1.594717e+01   1.768193e+01  
331       1.41672911301e+05   0.000000e+00   1.622304e+01   1.770078e+01  
332       1.41833462461e+05   0.000000e+00   1.642440e+01   1.767980e+01  
333       1.41865325940e+05   0.000000e+00   1.632519e+01   1.769469e+01  
334       1.41545107848e+05   0.000000e+00   1.644632e+01   1.769907e+01  
335       1.41917996597e+05   0.000000e+00   1.652446e+01   1.769425e+01  
336       1.41587132354e+05   0.000000e+00   1.668641e+01   1.769795e+01  
337       1.41609870658e+05   0.000000e+00   1.683975e+01   1.771177e+01  
338       1.41521419988e+05   0.000000e+00   1.685793e+01   1.770336e+01  
339       1.41601336778e+05   0.000000e+00   1.694145e+01   1.771486e+01  
340       1.41381408158e+05   0.000000e+00   1.713912e+01   1.770905e+01  
341       1.41564258226e+05   0.000000e+00   1.732147e+01   1.771981e+01  
342       1.41434333514e+05   0.000000e+00   1.735051e+01   1.771079e+01  
343       1.41350253198e+05   0.000000e+00   1.724340e+01   1.772393e+01  
344       1.41630216460e+05   0.000000e+00   1.723190e+01   1.771219e+01  
345       1.41402241707e+05   0.000000e+00   1.719742e+01   1.772756e+01  
346       1.41489108754e+05   0.000000e+00   1.724318e+01   1.771517e+01  
347       1.41279111141e+05   0.000000e+00   1.723810e+01   1.774138e+01  
348       1.41603377022e+05   0.000000e+00   1.723851e+01   1.771334e+01  
349       1.41373214287e+05   0.000000e+00   1.722994e+01   1.774315e+01  
350       1.41503521240e+05   0.000000e+00   1.734523e+01   1.772254e+01  
351       1.41412449439e+05   0.000000e+00   1.735744e+01   1.774649e+01  
352       1.41659759637e+05   0.000000e+00   1.778791e+01   1.772395e+01  
353       1.41303465333e+05   0.000000e+00   1.770376e+01   1.774547e+01  
354       1.41759437792e+05   0.000000e+00   1.787252e+01   1.772619e+01  
355       1.41296064769e+05   0.000000e+00   1.785247e+01   1.775152e+01  
356       1.41658710823e+05   0.000000e+00   1.789868e+01   1.773281e+01  
357       1.41491762062e+05   0.000000e+00   1.793254e+01   1.775363e+01  
358       1.41440455380e+05   0.000000e+00   1.797715e+01   1.774083e+01  
359       1.41570019825e+05   0.000000e+00   1.791756e+01   1.776438e+01  
360       1.41503225524e+05   0.000000e+00   1.803289e+01   1.775201e+01  
361       1.41634862943e+05   0.000000e+00   1.798910e+01   1.776596e+01  
362       1.41741004213e+05   0.000000e+00   1.807937e+01   1.776122e+01  
363       1.41460807345e+05   0.000000e+00   1.811617e+01   1.777998e+01  
364       1.41673414936e+05   0.000000e+00   1.826048e+01   1.776504e+01  
365       1.41331572926e+05   0.000000e+00   1.831147e+01   1.778927e+01  
366       1.41504886549e+05   0.000000e+00   1.840302e+01   1.777367e+01  
367       1.41256696570e+05   0.000000e+00   1.845438e+01   1.779515e+01  
368       1.41550242405e+05   0.000000e+00   1.851292e+01   1.778112e+01  
369       1.41504222810e+05   0.000000e+00   1.840987e+01   1.779510e+01  
370       1.41781089954e+05   0.000000e+00   1.847604e+01   1.777621e+01  
371       1.41458090464e+05   0.000000e+00   1.910335e+01   1.780495e+01  
372       1.41759942586e+05   0.000000e+00   1.926037e+01   1.778552e+01  
373       1.41420025355e+05   0.000000e+00   1.915484e+01   1.780402e+01  
374       1.41851727132e+05   0.000000e+00   1.969593e+01   1.779506e+01  
375       1.41422213825e+05   0.000000e+00   1.900711e+01   1.780814e+01  
376       1.42027839030e+05   0.000000e+00   1.942086e+01   1.780102e+01  
377       1.41499035302e+05   0.000000e+00   1.994710e+01   1.780524e+01  
378       1.41937052239e+05   0.000000e+00   1.917212e+01   1.780153e+01  
379       1.41529875187e+05   0.000000e+00   1.899326e+01   1.781415e+01  
380       1.41802431732e+05   0.000000e+00   1.900003e+01   1.780230e+01  
381       1.41556078270e+05   0.000000e+00   1.897481e+01   1.781593e+01  
382       1.42077446989e+05   0.000000e+00   1.901323e+01   1.780098e+01  
383       1.41568159961e+05   0.000000e+00   1.906322e+01   1.782536e+01  
384       1.42149945883e+05   0.000000e+00   1.906626e+01   1.780782e+01  
385       1.41559834792e+05   0.000000e+00   1.913663e+01   1.782511e+01  
386       1.42261484239e+05   0.000000e+00   1.914941e+01   1.780939e+01  
387       1.41558603518e+05   0.000000e+00   1.916880e+01   1.782613e+01  
388       1.42747513282e+05   0.000000e+00   1.901076e+01   1.780505e+01  
389       1.41810448837e+05   0.000000e+00   1.907250e+01   1.783154e+01  
390       1.42682020205e+05   0.000000e+00   1.913647e+01   1.781492e+01  
391       1.41936642509e+05   0.000000e+00   1.911389e+01   1.782475e+01  
392       1.42588745536e+05   0.000000e+00   1.909509e+01   1.782258e+01  
393       1.42032898427e+05   0.000000e+00   1.910160e+01   1.782353e+01  
394       1.42510972232e+05   0.000000e+00   1.923769e+01   1.782751e+01  
395       1.41875941867e+05   0.000000e+00   1.920942e+01   1.783920e+01  
396       1.42861552225e+05   0.000000e+00   1.906940e+01   1.783158e+01  
397       1.42157941180e+05   0.000000e+00   1.924588e+01   1.783125e+01  
398       1.42589034942e+05   0.000000e+00   1.917244e+01   1.784114e+01  
399       1.42136119281e+05   0.000000e+00   1.926697e+01   1.783971e+01  
400       1.42931891953e+05   0.000000e+00   1.913973e+01   1.784294e+01  
401       1.42038386123e+05   0.000000e+00   1.931657e+01   1.784452e+01  
402       1.42733934819e+05   0.000000e+00   1.924726e+01   1.785632e+01  
403       1.42224730092e+05   0.000000e+00   1.926858e+01   1.784949e+01  
404       1.42829597124e+05   0.000000e+00   1.916652e+01   1.785416e+01  
405       1.42389631724e+05   0.000000e+00   1.922281e+01   1.785133e+01  
406       1.43027448760e+05   0.000000e+00   1.911950e+01   1.784868e+01  
407       1.42499144871e+05   0.000000e+00   1.926778e+01   1.785349e+01  
408       1.42960369096e+05   0.000000e+00   1.918634e+01   1.785863e+01  
409       1.42865256030e+05   0.000000e+00   1.912412e+01   1.784492e+01  
410       1.43125682621e+05   0.000000e+00   1.912017e+01   1.785298e+01  
411       1.42972378995e+05   0.000000e+00   1.912707e+01   1.784759e+01  
412       1.42943508323e+05   0.000000e+00   1.936809e+01   1.786327e+01  
413       1.42830750939e+05   0.000000e+00   1.954920e+01   1.785040e+01  
414       1.42891680992e+05   0.000000e+00   1.959587e+01   1.786979e+01  
415       1.42889913473e+05   0.000000e+00   1.998945e+01   1.785559e+01  
416       1.42928829513e+05   0.000000e+00   1.984372e+01   1.787125e+01  
417       1.43135461632e+05   0.000000e+00   2.145444e+01   1.785407e+01  
418       1.43180224849e+05   0.000000e+00   1.960386e+01   1.786745e+01  
419       1.42948612448e+05   0.000000e+00   1.960454e+01   1.785323e+01  
420       1.43331317670e+05   0.000000e+00   1.970744e+01   1.787186e+01  
421       1.42876191086e+05   0.000000e+00   1.975587e+01   1.784907e+01  
422       1.43692250479e+05   0.000000e+00   2.121824e+01   1.786705e+01  
423       1.42787236986e+05   0.000000e+00   1.986476e+01   1.785529e+01  
424       1.43383409613e+05   0.000000e+00   1.998470e+01   1.788013e+01  
425       1.42801297096e+05   0.000000e+00   2.098142e+01   1.785847e+01  
426       1.43162249899e+05   0.000000e+00   2.002035e+01   1.788736e+01  
427       1.42760847079e+05   0.000000e+00   2.007526e+01   1.785855e+01  
428       1.43162355591e+05   0.000000e+00   2.014351e+01   1.789053e+01  
429       1.42678096898e+05   0.000000e+00   2.016291e+01   1.786102e+01  
430       1.43240555843e+05   0.000000e+00   2.025027e+01   1.788868e+01  
431       1.42523168872e+05   0.000000e+00   2.032574e+01   1.786536e+01  
432       1.43034517333e+05   0.000000e+00   2.067294e+01   1.790123e+01  
433       1.42649015633e+05   0.000000e+00   2.054418e+01   1.786218e+01  
434       1.43027131009e+05   0.000000e+00   2.047066e+01   1.790655e+01  
435       1.42476630082e+05   0.000000e+00   2.070989e+01   1.787199e+01  
436       1.42692110079e+05   0.000000e+00   2.132642e+01   1.791211e+01  
437       1.42360524075e+05   0.000000e+00   2.152902e+01   1.788361e+01  
438       1.42539307868e+05   0.000000e+00   2.116403e+01   1.791221e+01  
439       1.42218462533e+05   0.000000e+00   2.117715e+01   1.788399e+01  
440       1.42503570580e+05   0.000000e+00   2.125581e+01   1.791425e+01  
441       1.42100760074e+05   0.000000e+00   2.124764e+01   1.788462e+01  
442       1.42546717188e+05   0.000000e+00   2.126920e+01   1.791586e+01  
443       1.42010112976e+05   0.000000e+00   2.131504e+01   1.788027e+01  
444       1.42547761191e+05   0.000000e+00   2.129353e+01   1.792413e+01  
445       1.42259007267e+05   0.000000e+00   2.140139e+01   1.788408e+01  
446       1.42475464034e+05   0.000000e+00   2.150057e+01   1.792411e+01  
447       1.42270712647e+05   0.000000e+00   2.147195e+01   1.789287e+01  
448       1.42414335692e+05   0.000000e+00   2.151719e+01   1.792618e+01  
449       1.42256273676e+05   0.000000e+00   2.183230e+01   1.789756e+01  
450       1.42063518757e+05   0.000000e+00   2.187572e+01   1.794205e+01  
451       1.42321323786e+05   0.000000e+00   2.198532e+01   1.788929e+01  
452       1.42076950917e+05   0.000000e+00   2.259193e+01   1.794983e+01  
453       1.42336696026e+05   0.000000e+00   2.245353e+01   1.788923e+01  
454       1.42283009006e+05   0.000000e+00   2.312468e+01   1.794421e+01  
455       1.42382606483e+05   0.000000e+00   2.276991e+01   1.789070e+01  
456       1.42151757618e+05   0.000000e+00   2.229967e+01   1.794924e+01  
457       1.42480485952e+05   0.000000e+00   2.222938e+01   1.788978e+01  
458       1.42306089497e+05   0.000000e+00   2.222333e+01   1.794851e+01  
459       1.42542036072e+05   0.000000e+00   2.222035e+01   1.789667e+01  
460       1.42394958691e+05   0.000000e+00   2.224691e+01   1.795373e+01  
461       1.42593599703e+05   0.000000e+00   2.225103e+01   1.790477e+01  
462       1.42349064095e+05   0.000000e+00   2.234184e+01   1.795677e+01  
463       1.42439209381e+05   0.000000e+00   2.236967e+01   1.791298e+01  
464       1.42467096827e+05   0.000000e+00   2.245166e+01   1.796240e+01  
465       1.42353262475e+05   0.000000e+00   2.312989e+01   1.791587e+01  
466       1.42580673694e+05   0.000000e+00   2.437864e+01   1.796425e+01  
467       1.42173620445e+05   0.000000e+00   2.351523e+01   1.792205e+01  
468       1.42155571194e+05   0.000000e+00   2.306733e+01   1.798281e+01  
469       1.42276345182e+05   0.000000e+00   2.296493e+01   1.792810e+01  
470       1.42313258183e+05   0.000000e+00   2.301052e+01   1.797738e+01  
471       1.42402988719e+05   0.000000e+00   2.293850e+01   1.792381e+01  
472       1.42192561101e+05   0.000000e+00   2.302334e+01   1.798641e+01  
473       1.42615999386e+05   0.000000e+00   2.294673e+01   1.793489e+01  
474       1.42285407012e+05   0.000000e+00   2.297857e+01   1.798755e+01  
475       1.42692306899e+05   0.000000e+00   2.298322e+01   1.792733e+01  
476       1.41896611947e+05   0.000000e+00   2.315035e+01   1.799604e+01  
477       1.42668790681e+05   0.000000e+00   2.301594e+01   1.793067e+01  
478       1.41999198023e+05   0.000000e+00   2.313772e+01   1.800116e+01  
479       1.42650651724e+05   0.000000e+00   2.308072e+01   1.793409e+01  
480       1.41907656497e+05   0.000000e+00   2.316913e+01   1.800730e+01  
481       1.42492977159e+05   0.000000e+00   2.321081e+01   1.794037e+01  
482       1.41758614070e+05   0.000000e+00   2.319406e+01   1.801104e+01  
483       1.42438515125e+05   0.000000e+00   2.324029e+01   1.794256e+01  
484       1.41700072129e+05   0.000000e+00   2.332961e+01   1.801096e+01  
485       1.42237322150e+05   0.000000e+00   2.333075e+01   1.794923e+01  
486       1.41730394371e+05   0.000000e+00   2.336831e+01   1.801256e+01  
487       1.42120403990e+05   0.000000e+00   2.338233e+01   1.794594e+01  
488       1.41566490539e+05   0.000000e+00   2.377859e+01   1.801091e+01  
489       1.42073106959e+05   0.000000e+00   2.353946e+01   1.794829e+01  
490       1.41662073079e+05   0.000000e+00   2.368543e+01   1.800720e+01  
491       1.41863515341e+05   0.000000e+00   2.374440e+01   1.794663e+01  
492       1.41359000792e+05   0.000000e+00   2.404450e+01   1.801138e+01  
493       1.41900193128e+05   0.000000e+00   2.367248e+01   1.795099e+01  
494       1.41567355303e+05   0.000000e+00   2.381118e+01   1.799634e+01  
495       1.41669773284e+05   0.000000e+00   2.376634e+01   1.794378e+01  
496       1.41402168366e+05   0.000000e+00   2.382134e+01   1.799689e+01  
497       1.41743362911e+05   0.000000e+00   2.377743e+01   1.793753e+01  
498       1.41380076145e+05   0.000000e+00   2.384724e+01   1.798850e+01  
499       1.41583090977e+05   0.000000e+00   2.388320e+01   1.793273e+01  
500       1.41519767155e+05   0.000000e+00   2.380844e+01   1.797477e+01  
501       1.41784468421e+05   0.000000e+00   2.393275e+01   1.792035e+01  
502       1.40982996686e+05   0.000000e+00   2.403146e+01   1.798078e+01  
503       1.41974009814e+05   0.000000e+00   2.391717e+01   1.790541e+01  
504       1.41294461502e+05   0.000000e+00   2.399987e+01   1.795816e+01  
505       1.41758078058e+05   0.000000e+00   2.397070e+01   1.790608e+01  
506       1.41308619758e+05   0.000000e+00   2.398762e+01   1.794872e+01  
507       1.41968972824e+05   0.000000e+00   2.400663e+01   1.789114e+01  
508       1.41186066794e+05   0.000000e+00   2.410423e+01   1.795024e+01  
509       1.41996249935e+05   0.000000e+00   2.402766e+01   1.788272e+01  
510       1.41367388520e+05   0.000000e+00   2.410107e+01   1.794155e+01  
511       1.41988468268e+05   0.000000e+00   2.412864e+01   1.787761e+01  
512       1.41465191484e+05   0.000000e+00   2.410848e+01   1.793080e+01  
513       1.42056460910e+05   0.000000e+00   2.411483e+01   1.787702e+01  
514       1.41539949125e+05   0.000000e+00   2.413810e+01   1.792240e+01  
515       1.42197705635e+05   0.000000e+00   2.405788e+01   1.787206e+01  
516       1.41637309325e+05   0.000000e+00   2.412627e+01   1.791723e+01  
517       1.42060373264e+05   0.000000e+00   2.407047e+01   1.786784e+01  
518       1.41830719450e+05   0.000000e+00   2.410457e+01   1.791870e+01  
519       1.42203615965e+05   0.000000e+00   2.411178e+01   1.786306e+01  
520       1.41579614806e+05   0.000000e+00   2.412685e+01   1.792356e+01  
521       1.42194423378e+05   0.000000e+00   2.409226e+01   1.787132e+01  
522       1.41549517630e+05   0.000000e+00   2.414958e+01   1.792764e+01  
523       1.42181957796e+05   0.000000e+00   2.414723e+01   1.787110e+01  
524       1.41295531995e+05   0.000000e+00   2.424854e+01   1.793878e+01  
525       1.42138180040e+05   0.000000e+00   2.420829e+01   1.787376e+01  
526       1.41208795665e+05   0.000000e+00   2.430407e+01   1.793274e+01  
527       1.42217345325e+05   0.000000e+00   2.421232e+01   1.787334e+01  
528       1.40919456556e+05   0.000000e+00   2.436929e+01   1.793892e+01  
529       1.41999075803e+05   0.000000e+00   2.436163e+01   1.787991e+01  
530       1.40996307116e+05   0.000000e+00   2.441712e+01   1.794018e+01  
531       1.41907797155e+05   0.000000e+00   2.434423e+01   1.788278e+01  
532       1.41077788125e+05   0.000000e+00   2.444808e+01   1.793737e+01  
533       1.41935267451e+05   0.000000e+00   2.438045e+01   1.788279e+01  
534       1.41026745672e+05   0.000000e+00   2.455715e+01   1.793739e+01  
535       1.41909920090e+05   0.000000e+00   2.442089e+01   1.788847e+01  
536       1.41024023409e+05   0.000000e+00   2.464141e+01   1.793317e+01  
537       1.41818038763e+05   0.000000e+00   2.447132e+01   1.789120e+01  
538       1.41071784846e+05   0.000000e+00   2.465793e+01   1.793303e+01  
539       1.41727748878e+05   0.000000e+00   2.454945e+01   1.788885e+01  
540       1.41168116573e+05   0.000000e+00   2.468602e+01   1.792313e+01  
541       1.41618841843e+05   0.000000e+00   2.457257e+01   1.789268e+01  
542       1.41287842260e+05   0.000000e+00   2.469398e+01   1.792496e+01  
543       1.41802021848e+05   0.000000e+00   2.453862e+01   1.788087e+01  
544       1.41371187715e+05   0.000000e+00   2.469108e+01   1.792568e+01  
545       1.41886341729e+05   0.000000e+00   2.451460e+01   1.788028e+01  
546       1.41375429820e+05   0.000000e+00   2.477279e+01   1.792416e+01  
547       1.41860707850e+05   0.000000e+00   2.461142e+01   1.788136e+01  
548       1.41446668468e+05   0.000000e+00   2.472353e+01   1.792059e+01  
549       1.42212645756e+05   0.000000e+00   2.455327e+01   1.787636e+01  
550       1.41291175999e+05   0.000000e+00   2.478800e+01   1.792110e+01  
551       1.41993541925e+05   0.000000e+00   2.468064e+01   1.788910e+01  
552       1.41143556956e+05   0.000000e+00   2.499011e+01   1.792290e+01  
553       1.41915953281e+05   0.000000e+00   2.476899e+01   1.789244e+01  
554       1.40971322741e+05   0.000000e+00   2.505193e+01   1.793169e+01  
555       1.42000693610e+05   0.000000e+00   2.475275e+01   1.788825e+01  
556       1.41029559193e+05   0.000000e+00   2.500123e+01   1.793348e+01  
557       1.41900588227e+05   0.000000e+00   2.480120e+01   1.790182e+01  
558       1.41031635492e+05   0.000000e+00   2.500413e+01   1.794034e+01  
559       1.41850461005e+05   0.000000e+00   2.489970e+01   1.790403e+01  
560       1.40887295436e+05   0.000000e+00   2.508240e+01   1.793880e+01  
561       1.41691218839e+05   0.000000e+00   2.491591e+01   1.791382e+01  
562       1.40871208402e+05   0.000000e+00   2.520147e+01   1.794264e+01  
563       1.41488960971e+05   0.000000e+00   2.501702e+01   1.792770e+01  
564       1.41076156660e+05   0.000000e+00   2.515335e+01   1.793472e+01  
565       1.41434565241e+05   0.000000e+00   2.509793e+01   1.792616e+01  
566       1.40872234522e+05   0.000000e+00   2.519289e+01   1.793577e+01  
567       1.41775093674e+05   0.000000e+00   2.498532e+01   1.792255e+01  
568       1.40800726046e+05   0.000000e+00   2.520681e+01   1.793145e+01  
569       1.41725227208e+05   0.000000e+00   2.506860e+01   1.793057e+01  
570       1.40695546576e+05   0.000000e+00   2.521656e+01   1.793197e+01  
571       1.41948681603e+05   0.000000e+00   2.503275e+01   1.792691e+01  
572       1.40576185578e+05   0.000000e+00   2.528241e+01   1.793314e+01  
573       1.41909410245e+05   0.000000e+00   2.511257e+01   1.793106e+01  
574       1.40552595304e+05   0.000000e+00   2.534410e+01   1.794062e+01  
575       1.41746418163e+05   0.000000e+00   2.521754e+01   1.793184e+01  
576       1.40647183600e+05   0.000000e+00   2.530467e+01   1.794353e+01  
577       1.41745446520e+05   0.000000e+00   2.524962e+01   1.793574e+01  
578       1.40636090489e+05   0.000000e+00   2.540752e+01   1.793567e+01  
579       1.41840823501e+05   0.000000e+00   2.524147e+01   1.794373e+01  
580       1.40642683888e+05   0.000000e+00   2.541415e+01   1.792791e+01  
581       1.41808173972e+05   0.000000e+00   2.525883e+01   1.794427e+01  
582       1.40785744138e+05   0.000000e+00   2.540826e+01   1.792484e+01  
583       1.41623617157e+05   0.000000e+00   2.528975e+01   1.795569e+01  
584       1.40911312820e+05   0.000000e+00   2.548815e+01   1.791903e+01  
585       1.41493129718e+05   0.000000e+00   2.538988e+01   1.795731e+01  
586       1.40810791451e+05   0.000000e+00   2.556079e+01   1.792864e+01  
587       1.41478877758e+05   0.000000e+00   2.546005e+01   1.796542e+01  
588       1.40913789911e+05   0.000000e+00   2.560303e+01   1.791987e+01  
589       1.41413273297e+05   0.000000e+00   2.555905e+01   1.796856e+01  
590       1.40665878610e+05   0.000000e+00   2.567353e+01   1.793599e+01  
591       1.41648754262e+05   0.000000e+00   2.558627e+01   1.796827e+01  
592       1.40693722906e+05   0.000000e+00   2.569384e+01   1.792996e+01  
593       1.41667054432e+05   0.000000e+00   2.560316e+01   1.797750e+01  
594       1.40650671563e+05   0.000000e+00   2.582397e+01   1.793958e+01  
595       1.41599579309e+05   0.000000e+00   2.573096e+01   1.798103e+01  
596       1.40649023346e+05   0.000000e+00   2.581170e+01   1.794673e+01  
597       1.41611642282e+05   0.000000e+00   2.578320e+01   1.798287e+01  
598       1.40646481105e+05   0.000000e+00   2.587571e+01   1.795207e+01  
599       1.41320581919e+05   0.000000e+00   2.594481e+01   1.799363e+01  
600       1.40507026557e+05   0.000000e+00   2.600742e+01   1.796042e+01  
601       1.41391995344e+05   0.000000e+00   2.600946e+01   1.799581e+01  
602       1.40395822884e+05   0.000000e+00   2.614418e+01   1.796443e+01  
603       1.41328279179e+05   0.000000e+00   2.600349e+01   1.800955e+01  
604       1.40747696784e+05   0.000000e+00   2.607669e+01   1.795327e+01  
605       1.41364638877e+05   0.000000e+00   2.598973e+01   1.801657e+01  
606       1.40654805335e+05   0.000000e+00   2.610961e+01   1.796766e+01  
607       1.41423010992e+05   0.000000e+00   2.605691e+01   1.802670e+01  
608       1.40913289340e+05   0.000000e+00   2.606078e+01   1.796964e+01  
609       1.41157359016e+05   0.000000e+00   2.615993e+01   1.803838e+01  
610       1.40978650091e+05   0.000000e+00   2.616014e+01   1.796876e+01  
611       1.41062545185e+05   0.000000e+00   2.619282e+01   1.803970e+01  
612       1.40855473988e+05   0.000000e+00   2.629450e+01   1.797375e+01  
613       1.40797623071e+05   0.000000e+00   2.634333e+01   1.805202e+01  
614       1.40863461832e+05   0.000000e+00   2.631614e+01   1.797120e+01  
615       1.40814107197e+05   0.000000e+00   2.638239e+01   1.806252e+01  
616       1.41036042125e+05   0.000000e+00   2.625605e+01   1.796689e+01  
617       1.40957233611e+05   0.000000e+00   2.640959e+01   1.806612e+01  
618       1.40955937394e+05   0.000000e+00   2.631771e+01   1.797631e+01  
619       1.41067012367e+05   0.000000e+00   2.637738e+01   1.807262e+01  
620       1.41082294602e+05   0.000000e+00   2.636833e+01   1.798184e+01  
621       1.41121933765e+05   0.000000e+00   2.637240e+01   1.807181e+01  
622       1.41120243404e+05   0.000000e+00   2.636677e+01   1.799267e+01  
623       1.41164866942e+05   0.000000e+00   2.642354e+01   1.807325e+01  
624       1.41104900494e+05   0.000000e+00   2.638096e+01   1.799623e+01  
625       1.41250064772e+05   0.000000e+00   2.645922e+01   1.807981e+01  
626       1.40986283038e+05   0.000000e+00   2.649141e+01   1.800211e+01  
627       1.41124193470e+05   0.000000e+00   2.652306e+01   1.809264e+01  
628       1.41167233528e+05   0.000000e+00   2.644494e+01   1.799922e+01  
629       1.41087854272e+05   0.000000e+00   2.646739e+01   1.810027e+01  
630       1.41255680228e+05   0.000000e+00   2.649149e+01   1.800014e+01  
631       1.41250260482e+05   0.000000e+00   2.635376e+01   1.810458e+01  
632       1.41572986691e+05   0.000000e+00   2.629653e+01   1.800114e+01  
633       1.41413984807e+05   0.000000e+00   2.634229e+01   1.809517e+01  
634       1.41829712328e+05   0.000000e+00   2.625714e+01   1.800206e+01  
635       1.41512019588e+05   0.000000e+00   2.633107e+01   1.809324e+01  
636       1.41809076624e+05   0.000000e+00   2.631466e+01   1.800980e+01  
637       1.41660196136e+05   0.000000e+00   2.639391e+01   1.808453e+01  
638       1.41785813457e+05   0.000000e+00   2.634871e+01   1.801768e+01  
639       1.41571234112e+05   0.000000e+00   2.643903e+01   1.808969e+01  
640       1.41821067129e+05   0.000000e+00   2.641852e+01   1.802408e+01  
641       1.41406814386e+05   0.000000e+00   2.652050e+01   1.809468e+01  
642       1.42083243578e+05   0.000000e+00   2.630427e+01   1.802508e+01  
643       1.41455069853e+05   0.000000e+00   2.650188e+01   1.809649e+01  
644       1.41841652382e+05   0.000000e+00   2.637527e+01   1.802474e+01  
645       1.41545761186e+05   0.000000e+00   2.646748e+01   1.809730e+01  
646       1.41846811504e+05   0.000000e+00   2.638878e+01   1.802468e+01  
647       1.41620988611e+05   0.000000e+00   2.649498e+01   1.810032e+01  
648       1.41836971339e+05   0.000000e+00   2.640603e+01   1.802881e+01  
649       1.41617198410e+05   0.000000e+00   2.651530e+01   1.809226e+01  
650       1.41960763192e+05   0.000000e+00   2.640505e+01   1.801668e+01  
651       1.41545815956e+05   0.000000e+00   2.644378e+01   1.809225e+01  
652       1.42071783726e+05   0.000000e+00   2.640831e+01   1.802058e+01  
653       1.41552193060e+05   0.000000e+00   2.651504e+01   1.808388e+01  
654       1.41941901644e+05   0.000000e+00   2.646166e+01   1.801936e+01  
655       1.41489788693e+05   0.000000e+00   2.652352e+01   1.807885e+01  
656       1.42199056633e+05   0.000000e+00   2.637401e+01   1.800880e+01  
657       1.41287406846e+05   0.000000e+00   2.666917e+01   1.808452e+01  
658       1.41882269315e+05   0.000000e+00   2.656333e+01   1.801389e+01  
659       1.41158353557e+05   0.000000e+00   2.675795e+01   1.809022e+01  
660       1.41732033914e+05   0.000000e+00   2.669634e+01   1.801459e+01  
661       1.41161049713e+05   0.000000e+00   2.673543e+01   1.809047e+01  
662       1.41729719695e+05   0.000000e+00   2.673742e+01   1.801035e+01  
663       1.41014902238e+05   0.000000e+00   2.679936e+01   1.809107e+01  
664       1.41815164617e+05   0.000000e+00   2.665858e+01   1.800824e+01  
665       1.41134937495e+05   0.000000e+00   2.678853e+01   1.808272e+01  
666       1.41788469996e+05   0.000000e+00   2.661134e+01   1.800724e+01  
667       1.41172246824e+05   0.000000e+00   2.672963e+01   1.807812e+01  
668       1.41752071790e+05   0.000000e+00   2.663228e+01   1.800749e+01  
669       1.41356805511e+05   0.000000e+00   2.665043e+01   1.806704e+01  
670       1.41547270087e+05   0.000000e+00   2.672473e+01   1.801029e+01  
671       1.41339353110e+05   0.000000e+00   2.672926e+01   1.806288e+01  
672       1.41610248341e+05   0.000000e+00   2.672855e+01   1.800648e+01  
673       1.41314160428e+05   0.000000e+00   2.678090e+01   1.805610e+01  
674       1.41559227087e+05   0.000000e+00   2.674371e+01   1.799998e+01  
675       1.41274892991e+05   0.000000e+00   2.680281e+01   1.804886e+01  
676       1.41582364665e+05   0.000000e+00   2.673797e+01   1.800294e+01  
677       1.41211945916e+05   0.000000e+00   2.676147e+01   1.804962e+01  
678       1.41552885993e+05   0.000000e+00   2.681320e+01   1.799774e+01  
679       1.40958753601e+05   0.000000e+00   2.681307e+01   1.805609e+01  
680       1.41523656952e+05   0.000000e+00   2.678837e+01   1.800414e+01  
681       1.40847257717e+05   0.000000e+00   2.687679e+01   1.806243e+01  
682       1.41483609662e+05   0.000000e+00   2.679099e+01   1.799431e+01  
683       1.40815710268e+05   0.000000e+00   2.693071e+01   1.806430e+01  
684       1.41176459259e+05   0.000000e+00   2.689282e+01   1.800704e+01  
685       1.40765986512e+05   0.000000e+00   2.699563e+01   1.805673e+01  
686       1.41269166983e+05   0.000000e+00   2.692374e+01   1.799701e+01  
687       1.40816925623e+05   0.000000e+00   2.697993e+01   1.804885e+01  
688       1.41242869348e+05   0.000000e+00   2.695666e+01   1.799858e+01  
689       1.40732432470e+05   0.000000e+00   2.703538e+01   1.803831e+01  
690       1.41230111248e+05   0.000000e+00   2.689539e+01   1.800108e+01  
691       1.40900226532e+05   0.000000e+00   2.706225e+01   1.803509e+01  
692       1.41043870071e+05   0.000000e+00   2.698826e+01   1.801149e+01  
693       1.40908800816e+05   0.000000e+00   2.712319e+01   1.803654e+01  
694       1.40895751299e+05   0.000000e+00   2.709692e+01   1.801455e+01  
695       1.40945336680e+05   0.000000e+00   2.710272e+01   1.803225e+01  
696       1.40748535828e+05   0.000000e+00   2.712969e+01   1.801945e+01  
697       1.40848526775e+05   0.000000e+00   2.714001e+01   1.803718e+01  
698       1.40773398449e+05   0.000000e+00   2.723811e+01   1.802133e+01  
699       1.40597585793e+05   0.000000e+00   2.725120e+01   1.803925e+01  
700       1.40799189334e+05   0.000000e+00   2.720404e+01   1.802436e+01  
701       1.40849282583e+05   0.000000e+00   2.720811e+01   1.803308e+01  
702       1.40683767871e+05   0.000000e+00   2.727035e+01   1.802628e+01  
703       1.40787501747e+05   0.000000e+00   2.724684e+01   1.804003e+01  
704       1.40641006965e+05   0.000000e+00   2.732103e+01   1.802976e+01  
705       1.41023603684e+05   0.000000e+00   2.717630e+01   1.803551e+01  
706       1.40786689045e+05   0.000000e+00   2.727355e+01   1.802794e+01  
707       1.40743825209e+05   0.000000e+00   2.729141e+01   1.804573e+01  
708       1.40894472273e+05   0.000000e+00   2.733409e+01   1.802433e+01  
709       1.40647167320e+05   0.000000e+00   2.731151e+01   1.804921e+01  
710       1.40981656700e+05   0.000000e+00   2.734200e+01   1.802835e+01  
711       1.40562629642e+05   0.000000e+00   2.740646e+01   1.804980e+01  
712       1.40686541192e+05   0.000000e+00   2.744471e+01   1.804301e+01  
713       1.40502601522e+05   0.000000e+00   2.751917e+01   1.805029e+01  
714       1.40484159029e+05   0.000000e+00   2.759336e+01   1.805386e+01  
715       1.40347158960e+05   0.000000e+00   2.768976e+01   1.805175e+01  
716       1.40461460704e+05   0.000000e+00   2.758523e+01   1.806639e+01  
717       1.40542325316e+05   0.000000e+00   2.757673e+01   1.804330e+01  
718       1.40628831284e+05   0.000000e+00   2.750438e+01   1.806643e+01  
719       1.40477354486e+05   0.000000e+00   2.752179e+01   1.804675e+01  
720       1.40725569215e+05   0.000000e+00   2.752451e+01   1.806837e+01  
721       1.40484331888e+05   0.000000e+00   2.757250e+01   1.805413e+01  
722       1.40716493534e+05   0.000000e+00   2.757461e+01   1.807213e+01  
723       1.40526407529e+05   0.000000e+00   2.756479e+01   1.805854e+01  
724       1.40770208901e+05   0.000000e+00   2.758987e+01   1.807309e+01  
725       1.40671868455e+05   0.000000e+00   2.756113e+01   1.806662e+01  
726       1.40972134009e+05   0.000000e+00   2.754216e+01   1.806937e+01  
727       1.40827837002e+05   0.000000e+00   2.747409e+01   1.806176e+01  
728       1.41046294099e+05   0.000000e+00   2.753719e+01   1.806926e+01  
729       1.40635602197e+05   0.000000e+00   2.753464e+01   1.807065e+01  
730       1.41181182340e+05   0.000000e+00   2.755127e+01   1.807097e+01  
731       1.40682196630e+05   0.000000e+00   2.762016e+01   1.807485e+01  
732       1.41234693618e+05   0.000000e+00   2.754749e+01   1.807919e+01  
733       1.40576583670e+05   0.000000e+00   2.772419e+01   1.808318e+01  
734       1.41116797980e+05   0.000000e+00   2.764459e+01   1.807379e+01  
735       1.40728011051e+05   0.000000e+00   2.764956e+01   1.808862e+01  
736       1.41194338644e+05   0.000000e+00   2.764649e+01   1.807746e+01  
737       1.40760881466e+05   0.000000e+00   2.765593e+01   1.809482e+01  
738       1.41217368238e+05   0.000000e+00   2.766439e+01   1.807238e+01  
739       1.40818661724e+05   0.000000e+00   2.765614e+01   1.809392e+01  
740       1.41486374113e+05   0.000000e+00   2.748017e+01   1.806365e+01  
741       1.40972814302e+05   0.000000e+00   2.761642e+01   1.809058e+01  
742       1.41329699994e+05   0.000000e+00   2.757239e+01   1.807545e+01  
743       1.41046246906e+05   0.000000e+00   2.763715e+01   1.808613e+01  
744       1.41150161264e+05   0.000000e+00   2.772566e+01   1.808094e+01  
745       1.40965980943e+05   0.000000e+00   2.766284e+01   1.809141e+01  
746       1.41208065005e+05   0.000000e+00   2.773179e+01   1.807974e+01  
747       1.41034618562e+05   0.000000e+00   2.766718e+01   1.808515e+01  
748       1.40850648104e+05   0.000000e+00   2.786747e+01   1.808806e+01  
749       1.41028177307e+05   0.000000e+00   2.767191e+01   1.808878e+01  
750       1.40905475711e+05   0.000000e+00   2.785115e+01   1.808422e+01  
751       1.40997744139e+05   0.000000e+00   2.776723e+01   1.808961e+01  
752       1.40755542072e+05   0.000000e+00   2.791523e+01   1.808597e+01  
753       1.41015065133e+05   0.000000e+00   2.773089e+01   1.809211e+01  
754       1.40804201011e+05   0.000000e+00   2.791215e+01   1.808385e+01  
755       1.40963528627e+05   0.000000e+00   2.781652e+01   1.809288e+01  
756       1.40793455746e+05   0.000000e+00   2.797683e+01   1.808553e+01  
757       1.40877862470e+05   0.000000e+00   2.786171e+01   1.809250e+01  
758       1.40894430889e+05   0.000000e+00   2.790593e+01   1.807859e+01  
759       1.40997855320e+05   0.000000e+00   2.784099e+01   1.809000e+01  
760       1.40751645218e+05   0.000000e+00   2.799546e+01   1.807677e+01  
761       1.41033914937e+05   0.000000e+00   2.787323e+01   1.809298e+01  
762       1.40708442774e+05   0.000000e+00   2.803100e+01   1.807282e+01  
763       1.41341221564e+05   0.000000e+00   2.777823e+01   1.807709e+01  
764       1.40683750829e+05   0.000000e+00   2.797013e+01   1.807804e+01  
765       1.41385226609e+05   0.000000e+00   2.769670e+01   1.807363e+01  
766       1.40974587985e+05   0.000000e+00   2.785032e+01   1.807298e+01  
767       1.41329458551e+05   0.000000e+00   2.772938e+01   1.806883e+01  
768       1.40705778451e+05   0.000000e+00   2.797454e+01   1.807630e+01  
769       1.41453987911e+05   0.000000e+00   2.771156e+01   1.806566e+01  
770       1.40638845291e+05   0.000000e+00   2.800238e+01   1.807318e+01  
771       1.41453780351e+05   0.000000e+00   2.778324e+01   1.805846e+01  
772       1.40649932042e+05   0.000000e+00   2.806572e+01   1.806301e+01  
773       1.41135939658e+05   0.000000e+00   2.788629e+01   1.806365e+01  
774       1.40814204571e+05   0.000000e+00   2.801890e+01   1.805857e+01  
775       1.40956917473e+05   0.000000e+00   2.791777e+01   1.806221e+01  
776       1.41085725703e+05   0.000000e+00   2.798309e+01   1.804989e+01  
777       1.40843595124e+05   0.000000e+00   2.795126e+01   1.806874e+01  
778       1.41266883698e+05   0.000000e+00   2.792527e+01   1.804340e+01  
779       1.40873844917e+05   0.000000e+00   2.794227e+01   1.805821e+01  
780       1.41401159600e+05   0.000000e+00   2.782016e+01   1.804237e+01  
781       1.40917763378e+05   0.000000e+00   2.788463e+01   1.806133e+01  
782       1.41353504413e+05   0.000000e+00   2.789561e+01   1.804488e+01  
783       1.40681515315e+05   0.000000e+00   2.810658e+01   1.805706e+01  
784       1.41289998564e+05   0.000000e+00   2.795576e+01   1.805005e+01  
785       1.40599947170e+05   0.000000e+00   2.814261e+01   1.805856e+01  
786       1.41114791505e+05   0.000000e+00   2.807267e+01   1.805340e+01  
787       1.40556712653e+05   0.000000e+00   2.814968e+01   1.805933e+01  
788       1.41047432856e+05   0.000000e+00   2.810666e+01   1.805981e+01  
789       1.40532037020e+05   0.000000e+00   2.824365e+01   1.805560e+01  
790       1.41062088250e+05   0.000000e+00   2.808611e+01   1.805342e+01  
791       1.40656405862e+05   0.000000e+00   2.820778e+01   1.805638e+01  
792       1.40988795966e+05   0.000000e+00   2.820798e+01   1.804916e+01  
793       1.40560750663e+05   0.000000e+00   2.823111e+01   1.805852e+01  
794       1.41104609078e+05   0.000000e+00   2.814046e+01   1.804789e+01  
795       1.40692114830e+05   0.000000e+00   2.815731e+01   1.805339e+01  
796       1.41106600588e+05   0.000000e+00   2.817458e+01   1.804253e+01  
797       1.40279054373e+05   0.000000e+00   2.828602e+01   1.806476e+01  
798       1.41367106781e+05   0.000000e+00   2.804211e+01   1.803220e+01  
799       1.40362532356e+05   0.000000e+00   2.829449e+01   1.805990e+01  
800       1.41309567799e+05   0.000000e+00   2.811273e+01   1.803080e+01  
801       1.40486440973e+05   0.000000e+00   2.823710e+01   1.805780e+01  
802       1.41561454775e+05   0.000000e+00   2.805741e+01   1.801584e+01  
803       1.40472349969e+05   0.000000e+00   2.823307e+01   1.805425e+01  
804       1.41705198759e+05   0.000000e+00   2.805244e+01   1.801376e+01  
805       1.40372929406e+05   0.000000e+00   2.832804e+01   1.804761e+01  
806       1.41677682842e+05   0.000000e+00   2.807193e+01   1.801244e+01  
807       1.40380282851e+05   0.000000e+00   2.839008e+01   1.803621e+01  
808       1.41851828609e+05   0.000000e+00   2.801153e+01   1.801025e+01  
809       1.40288017989e+05   0.000000e+00   2.848237e+01   1.802826e+01  
810       1.41934403854e+05   0.000000e+00   2.797220e+01   1.801019e+01  
811       1.40553243791e+05   0.000000e+00   2.837597e+01   1.801459e+01  
812       1.41915380325e+05   0.000000e+00   2.798875e+01   1.800178e+01  
813       1.40572750919e+05   0.000000e+00   2.832918e+01   1.801123e+01  
814       1.42031816479e+05   0.000000e+00   2.796547e+01   1.800388e+01  
815       1.40827203272e+05   0.000000e+00   2.831005e+01   1.800534e+01  
816       1.42161280451e+05   0.000000e+00   2.789611e+01   1.799924e+01  
817       1.40780436842e+05   0.000000e+00   2.830174e+01   1.801058e+01  
818       1.42237130795e+05   0.000000e+00   2.797583e+01   1.799849e+01  
819       1.40588664228e+05   0.000000e+00   2.841956e+01   1.802290e+01  
820       1.42347433991e+05   0.000000e+00   2.800643e+01   1.800076e+01  
821       1.40699535528e+05   0.000000e+00   2.837747e+01   1.802411e+01  
822       1.42277809326e+05   0.000000e+00   2.808700e+01   1.800956e+01  
823       1.40716889483e+05   0.000000e+00   2.836329e+01   1.802170e+01  
824       1.42607943763e+05   0.000000e+00   2.793659e+01   1.800106e+01  
825       1.40837579838e+05   0.000000e+00   2.835129e+01   1.802783e+01  
826       1.42452735553e+05   0.000000e+00   2.802177e+01   1.801324e+01  
827       1.40945936291e+05   0.000000e+00   2.842139e+01   1.802955e+01  
828       1.42277218197e+05   0.000000e+00   2.807816e+01   1.801394e+01  
829       1.41228144115e+05   0.000000e+00   2.826751e+01   1.802888e+01  
830       1.42361498535e+05   0.000000e+00   2.802338e+01   1.801700e+01  
831       1.41061647350e+05   0.000000e+00   2.839022e+01   1.803426e+01  
832       1.42329169574e+05   0.000000e+00   2.805060e+01   1.802436e+01  
833       1.41064215910e+05   0.000000e+00   2.837230e+01   1.804003e+01  
834       1.42158008478e+05   0.000000e+00   2.807002e+01   1.803414e+01  
835       1.41120924975e+05   0.000000e+00   2.843295e+01   1.804664e+01  
836       1.41911209038e+05   0.000000e+00   2.809632e+01   1.804660e+01  
837       1.41092317402e+05   0.000000e+00   2.845036e+01   1.805356e+01  
838       1.41747682027e+05   0.000000e+00   2.811643e+01   1.805859e+01  
839       1.41271136510e+05   0.000000e+00   2.830967e+01   1.805821e+01  
840       1.41739397904e+05   0.000000e+00   2.814689e+01   1.806468e+01  
841       1.41080951488e+05   0.000000e+00   2.843113e+01   1.806293e+01  
842       1.41618727463e+05   0.000000e+00   2.816922e+01   1.807833e+01  
843       1.40969749290e+05   0.000000e+00   2.847096e+01   1.806971e+01  
844       1.41690284485e+05   0.000000e+00   2.820081e+01   1.807940e+01  
845       1.40903729467e+05   0.000000e+00   2.847981e+01   1.807009e+01  
846       1.41398474280e+05   0.000000e+00   2.832589e+01   1.809750e+01  
847       1.41011000929e+05   0.000000e+00   2.847292e+01   1.806913e+01  
848       1.41625346206e+05   0.000000e+00   2.818461e+01   1.809045e+01  
849       1.40917032274e+05   0.000000e+00   2.849171e+01   1.808106e+01  
850       1.41614764042e+05   0.000000e+00   2.827502e+01   1.809217e+01  
851       1.40909543724e+05   0.000000e+00   2.850154e+01   1.808764e+01  
852       1.41826573681e+05   0.000000e+00   2.825174e+01   1.808775e+01  
853       1.40797168932e+05   0.000000e+00   2.852438e+01   1.809626e+01  
854       1.41820457240e+05   0.000000e+00   2.829984e+01   1.809015e+01  
855       1.40853250908e+05   0.000000e+00   2.851490e+01   1.809808e+01  
856       1.41931635006e+05   0.000000e+00   2.824236e+01   1.808304e+01  
857       1.40729610306e+05   0.000000e+00   2.862927e+01   1.810296e+01  
858       1.41692617008e+05   0.000000e+00   2.833981e+01   1.809001e+01  
859       1.40905139982e+05   0.000000e+00   2.855948e+01   1.810412e+01  
860       1.41832668382e+05   0.000000e+00   2.829932e+01   1.808651e+01  
861       1.41028866223e+05   0.000000e+00   2.851057e+01   1.809846e+01  
862       1.41782842659e+05   0.000000e+00   2.835701e+01   1.809203e+01  
863       1.41236325168e+05   0.000000e+00   2.846141e+01   1.809506e+01  
864       1.41913459116e+05   0.000000e+00   2.830985e+01   1.809028e+01  
865       1.41242517001e+05   0.000000e+00   2.849234e+01   1.809156e+01  
866       1.41995610214e+05   0.000000e+00   2.832977e+01   1.808860e+01  
867       1.41338713017e+05   0.000000e+00   2.848366e+01   1.808841e+01  
868       1.41958648667e+05   0.000000e+00   2.837994e+01   1.808171e+01  
869       1.41299653044e+05   0.000000e+00   2.846439e+01   1.808398e+01  
870       1.42146030710e+05   0.000000e+00   2.833846e+01   1.807677e+01  
871       1.41241770592e+05   0.000000e+00   2.843745e+01   1.808692e+01  
872       1.42179087521e+05   0.000000e+00   2.830731e+01   1.807108e+01  
873       1.41224592776e+05   0.000000e+00   2.849447e+01   1.808008e+01  
874       1.42043918964e+05   0.000000e+00   2.835420e+01   1.808091e+01  
875       1.41145363996e+05   0.000000e+00   2.853820e+01   1.807630e+01  
876       1.42033108415e+05   0.000000e+00   2.841424e+01   1.808085e+01  
877       1.41126663976e+05   0.000000e+00   2.856118e+01   1.807702e+01  
878       1.42266835797e+05   0.000000e+00   2.831302e+01   1.807462e+01  
879       1.41316690206e+05   0.000000e+00   2.853909e+01   1.806945e+01  
880       1.42233091581e+05   0.000000e+00   2.836133e+01   1.806760e+01  
881       1.41574643852e+05   0.000000e+00   2.847608e+01   1.806432e+01  
882       1.42289120715e+05   0.000000e+00   2.837096e+01   1.806437e+01  
883       1.41620337631e+05   0.000000e+00   2.850846e+01   1.805592e+01  
884       1.42324610985e+05   0.000000e+00   2.834189e+01   1.806436e+01  
885       1.41958212918e+05   0.000000e+00   2.839687e+01   1.804741e+01  
886       1.42151979233e+05   0.000000e+00   2.836195e+01   1.806906e+01  
887       1.42079078967e+05   0.000000e+00   2.838630e+01   1.803853e+01  
888       1.42299802412e+05   0.000000e+00   2.836493e+01   1.807106e+01  
889       1.42024018408e+05   0.000000e+00   2.846850e+01   1.803687e+01  
890       1.42103453868e+05   0.000000e+00   2.853508e+01   1.807548e+01  
891       1.41923848213e+05   0.000000e+00   2.852167e+01   1.804331e+01  
892       1.42301698444e+05   0.000000e+00   2.853084e+01   1.806813e+01  
893       1.41958815767e+05   0.000000e+00   2.858775e+01   1.804211e+01  
894       1.42159609396e+05   0.000000e+00   2.865032e+01   1.807086e+01  
895       1.41725485767e+05   0.000000e+00   2.871017e+01   1.804784e+01  
896       1.42424426390e+05   0.000000e+00   2.860401e+01   1.805953e+01  
897       1.41579485195e+05   0.000000e+00   2.867367e+01   1.804421e+01  
898       1.42599233227e+05   0.000000e+00   2.854156e+01   1.806338e+01  
899       1.41331825483e+05   0.000000e+00   2.880795e+01   1.804768e+01  
900       1.42723204083e+05   0.000000e+00   2.848672e+01   1.806668e+01  
901       1.41317968223e+05   0.000000e+00   2.879632e+01   1.804598e+01  
902       1.42731682277e+05   0.000000e+00   2.848732e+01   1.806973e+01  
903       1.41225808467e+05   0.000000e+00   2.883467e+01   1.804637e+01  
904       1.42623522187e+05   0.000000e+00   2.855837e+01   1.808340e+01  
905       1.41284686021e+05   0.000000e+00   2.885809e+01   1.804566e+01  
906       1.42421167493e+05   0.000000e+00   2.863215e+01   1.808868e+01  
907       1.41143118126e+05   0.000000e+00   2.892982e+01   1.805930e+01  
908       1.42501139869e+05   0.000000e+00   2.865058e+01   1.808885e+01  
909       1.41419784047e+05   0.000000e+00   2.881812e+01   1.806061e+01  
910       1.42381154942e+05   0.000000e+00   2.874722e+01   1.808954e+01  
911       1.41608951917e+05   0.000000e+00   2.879660e+01   1.806428e+01  
912       1.42249986344e+05   0.000000e+00   2.885318e+01   1.809330e+01  
913       1.41903586964e+05   0.000000e+00   2.870605e+01   1.805973e+01  
914       1.42257643145e+05   0.000000e+00   2.877315e+01   1.809074e+01  
915       1.42135330512e+05   0.000000e+00   2.871589e+01   1.806342e+01  
916       1.42042046935e+05   0.000000e+00   2.892948e+01   1.809647e+01  
917       1.42057318097e+05   0.000000e+00   2.876559e+01   1.806200e+01  
918       1.42116665539e+05   0.000000e+00   2.893788e+01   1.809799e+01  
919       1.41966455945e+05   0.000000e+00   2.882853e+01   1.806887e+01  
920       1.41960494403e+05   0.000000e+00   2.898913e+01   1.810701e+01  
921       1.41746258627e+05   0.000000e+00   2.891780e+01   1.807764e+01  
922       1.41985620605e+05   0.000000e+00   2.895686e+01   1.811416e+01  
923       1.41740602506e+05   0.000000e+00   2.893680e+01   1.808536e+01  
924       1.42063660791e+05   0.000000e+00   2.886601e+01   1.811749e+01  
925       1.41931011803e+05   0.000000e+00   2.890805e+01   1.808420e+01  
926       1.42245505772e+05   0.000000e+00   2.879743e+01   1.812192e+01  
927       1.42142557507e+05   0.000000e+00   2.880530e+01   1.808517e+01  
928       1.42561639939e+05   0.000000e+00   2.870232e+01   1.811576e+01  
929       1.42230664754e+05   0.000000e+00   2.878894e+01   1.808748e+01  
930       1.42596052669e+05   0.000000e+00   2.867854e+01   1.812032e+01  
931       1.42270984238e+05   0.000000e+00   2.885262e+01   1.808834e+01  
932       1.42470504856e+05   0.000000e+00   2.871939e+01   1.812807e+01  
933       1.42462022089e+05   0.000000e+00   2.882315e+01   1.808800e+01  
934       1.42369123475e+05   0.000000e+00   2.875361e+01   1.813457e+01  
935       1.42357137790e+05   0.000000e+00   2.886488e+01   1.809267e+01  
936       1.42348156305e+05   0.000000e+00   2.882612e+01   1.814056e+01  
937       1.42637266313e+05   0.000000e+00   2.876570e+01   1.809327e+01  
938       1.42316471965e+05   0.000000e+00   2.886005e+01   1.814435e+01  
939       1.42599153241e+05   0.000000e+00   2.879526e+01   1.809747e+01  
940       1.42411125268e+05   0.000000e+00   2.880503e+01   1.814630e+01  
941       1.42637669695e+05   0.000000e+00   2.878397e+01   1.809354e+01  
942       1.42337506251e+05   0.000000e+00   2.890442e+01   1.814244e+01  
943       1.42468812922e+05   0.000000e+00   2.884767e+01   1.810490e+01  
944       1.42313504337e+05   0.000000e+00   2.894796e+01   1.813623e+01  
945       1.42574414058e+05   0.000000e+00   2.882644e+01   1.810060e+01  
946       1.42287465489e+05   0.000000e+00   2.894467e+01   1.812967e+01  
947       1.42421221541e+05   0.000000e+00   2.884999e+01   1.810583e+01  
948       1.42499718168e+05   0.000000e+00   2.885934e+01   1.811904e+01  
949       1.42442676522e+05   0.000000e+00   2.881874e+01   1.810866e+01  
950       1.42490767627e+05   0.000000e+00   2.887438e+01   1.811735e+01  
951       1.42212965979e+05   0.000000e+00   2.898061e+01   1.811056e+01  
952       1.42486252058e+05   0.000000e+00   2.887493e+01   1.811701e+01  
953       1.42269430148e+05   0.000000e+00   2.899469e+01   1.810467e+01  
954       1.42521408161e+05   0.000000e+00   2.889721e+01   1.811472e+01  
955       1.42172485601e+05   0.000000e+00   2.904930e+01   1.810212e+01  
956       1.42505757493e+05   0.000000e+00   2.892891e+01   1.811852e+01  
957       1.42174460869e+05   0.000000e+00   2.903320e+01   1.809190e+01  
958       1.42352393582e+05   0.000000e+00   2.898401e+01   1.811585e+01  
959       1.42032480210e+05   0.000000e+00   2.914400e+01   1.808836e+01  
960       1.42091996350e+05   0.000000e+00   2.911021e+01   1.812322e+01  
961       1.41932512498e+05   0.000000e+00   2.916127e+01   1.808509e+01  
962       1.42098787299e+05   0.000000e+00   2.910276e+01   1.811732e+01  
963       1.41896518543e+05   0.000000e+00   2.910671e+01   1.808045e+01  
964       1.42264044524e+05   0.000000e+00   2.903621e+01   1.811387e+01  
965       1.41660470809e+05   0.000000e+00   2.920050e+01   1.807895e+01  
966       1.42289814095e+05   0.000000e+00   2.906410e+01   1.810601e+01  
967       1.41645169877e+05   0.000000e+00   2.925560e+01   1.807846e+01  
968       1.42251973837e+05   0.000000e+00   2.914658e+01   1.810132e+01  
969       1.41550400951e+05   0.000000e+00   2.927798e+01   1.807588e+01  
970       1.42493066915e+05   0.000000e+00   2.904391e+01   1.808823e+01  
971       1.41567556875e+05   0.000000e+00   2.926989e+01   1.807741e+01  
972       1.42525608508e+05   0.000000e+00   2.903821e+01   1.807957e+01  
973       1.41412464654e+05   0.000000e+00   2.935496e+01   1.807483e+01  
974       1.42663819070e+05   0.000000e+00   2.902131e+01   1.806737e+01  
975       1.41302500674e+05   0.000000e+00   2.931528e+01   1.808075e+01  
976       1.42892831321e+05   0.000000e+00   2.894251e+01   1.805561e+01  
977       1.41323224386e+05   0.000000e+00   2.930485e+01   1.807595e+01  
978       1.42894888022e+05   0.000000e+00   2.902675e+01   1.805555e+01  
979       1.41203565623e+05   0.000000e+00   2.936146e+01   1.808196e+01  
980       1.42657324746e+05   0.000000e+00   2.912940e+01   1.805217e+01  
981       1.41379353111e+05   0.000000e+00   2.931642e+01   1.807959e+01  
982       1.42670549491e+05   0.000000e+00   2.907521e+01   1.804772e+01  
983       1.41447064841e+05   0.000000e+00   2.932965e+01   1.808044e+01  
984       1.42397374591e+05   0.000000e+00   2.919377e+01   1.805131e+01  
985       1.41654349797e+05   0.000000e+00   2.920023e+01   1.807944e+01  
986       1.42590502268e+05   0.000000e+00   2.918636e+01   1.803857e+01  
987       1.41646071572e+05   0.000000e+00   2.916715e+01   1.807604e+01  
988       1.42659710682e+05   0.000000e+00   2.913144e+01   1.803735e+01  
989       1.41730218545e+05   0.000000e+00   2.919861e+01   1.808167e+01  
990       1.42651336489e+05   0.000000e+00   2.912600e+01   1.803339e+01  
991       1.41709582543e+05   0.000000e+00   2.918900e+01   1.807827e+01  
992       1.42890366592e+05   0.000000e+00   2.899577e+01   1.803175e+01  
993       1.41808074808e+05   0.000000e+00   2.909858e+01   1.807434e+01  
994       1.43113913655e+05   0.000000e+00   2.888666e+01   1.802396e+01  
995       1.41725636579e+05   0.000000e+00   2.910696e+01   1.807731e+01  
996       1.43086642447e+05   0.000000e+00   2.890245e+01   1.802621e+01  
997       1.41688940186e+05   0.000000e+00   2.914829e+01   1.807255e+01  
998       1.43164583767e+05   0.000000e+00   2.882372e+01   1.803335e+01  
999       1.41657130960e+05   0.000000e+00   2.919387e+01   1.807730e+01  
1000      1.43068947950e+05   0.000000e+00   2.886413e+01   1.804160e+01  
1001      1.41699458715e+05   0.000000e+00   2.918914e+01   1.808474e+01  
1002      1.43016370445e+05   0.000000e+00   2.887500e+01   1.804335e+01  
1003      1.41973249305e+05   0.000000e+00   2.908328e+01   1.808237e+01  
1004      1.42801388345e+05   0.000000e+00   2.892432e+01   1.804620e+01  
1005      1.42101946291e+05   0.000000e+00   2.909802e+01   1.808593e+01  
1006      1.42649598823e+05   0.000000e+00   2.904596e+01   1.804524e+01  
1007      1.42155686864e+05   0.000000e+00   2.906804e+01   1.808256e+01  
1008      1.42604914128e+05   0.000000e+00   2.904428e+01   1.804927e+01  
1009      1.42293334094e+05   0.000000e+00   2.902518e+01   1.808267e+01  
1010      1.42382151434e+05   0.000000e+00   2.907818e+01   1.805311e+01  
1011      1.42341822957e+05   0.000000e+00   2.897993e+01   1.808118e+01  
1012      1.42365920863e+05   0.000000e+00   2.912276e+01   1.805686e+01  
1013      1.42177873358e+05   0.000000e+00   2.911585e+01   1.808404e+01  
1014      1.42165053131e+05   0.000000e+00   2.927890e+01   1.805974e+01  
1015      1.42049995787e+05   0.000000e+00   2.923320e+01   1.807929e+01  
1016      1.42275374329e+05   0.000000e+00   2.923346e+01   1.805560e+01  
1017      1.42065717555e+05   0.000000e+00   2.923369e+01   1.806866e+01  
1018      1.42213043573e+05   0.000000e+00   2.922098e+01   1.805334e+01  
1019      1.41992762269e+05   0.000000e+00   2.929207e+01   1.806280e+01  
1020      1.42263542019e+05   0.000000e+00   2.917600e+01   1.804951e+01  
1021      1.42079144440e+05   0.000000e+00   2.919962e+01   1.805788e+01  
1022      1.42493269328e+05   0.000000e+00   2.910270e+01   1.804058e+01  
1023      1.42153831963e+05   0.000000e+00   2.922017e+01   1.805750e+01  
1024      1.42362793133e+05   0.000000e+00   2.907721e+01   1.803947e+01  
1025      1.42331584240e+05   0.000000e+00   2.915145e+01   1.805471e+01  
1026      1.42266786677e+05   0.000000e+00   2.916260e+01   1.803390e+01  
1027      1.42321584560e+05   0.000000e+00   2.913234e+01   1.805407e+01  
1028      1.42028545664e+05   0.000000e+00   2.930862e+01   1.803827e+01  
1029      1.42201888641e+05   0.000000e+00   2.920506e+01   1.805163e+01  
1030      1.42117674625e+05   0.000000e+00   2.929413e+01   1.803476e+01  
1031      1.42103864189e+05   0.000000e+00   2.922303e+01   1.804805e+01  
1032      1.42005148326e+05   0.000000e+00   2.936217e+01   1.803716e+01  
1033      1.41941244615e+05   0.000000e+00   2.932035e+01   1.805136e+01  
1034      1.41938725016e+05   0.000000e+00   2.938768e+01   1.804238e+01  
1035      1.41880131288e+05   0.000000e+00   2.937406e+01   1.804449e+01  
1036      1.41570861942e+05   0.000000e+00   2.955635e+01   1.804964e+01  
1037      1.41854879892e+05   0.000000e+00   2.941704e+01   1.804860e+01  
1038      1.41537008010e+05   0.000000e+00   2.962720e+01   1.804821e+01  
1039      1.41920638859e+05   0.000000e+00   2.941531e+01   1.804164e+01  
1040      1.41398601118e+05   0.000000e+00   2.966836e+01   1.805369e+01  
1041      1.41883816323e+05   0.000000e+00   2.947341e+01   1.804262e+01  
1042      1.41451562869e+05   0.000000e+00   2.964697e+01   1.805457e+01  
1043      1.41924360825e+05   0.000000e+00   2.940774e+01   1.803330e+01  
1044      1.41485096459e+05   0.000000e+00   2.966696e+01   1.805971e+01  
1045      1.41707114959e+05   0.000000e+00   2.960877e+01   1.803761e+01  
1046      1.41665006134e+05   0.000000e+00   2.955445e+01   1.805518e+01  
1047      1.41896116710e+05   0.000000e+00   2.946876e+01   1.803317e+01  
1048      1.41681577612e+05   0.000000e+00   2.958172e+01   1.805456e+01  
1049      1.41760137825e+05   0.000000e+00   2.963751e+01   1.803822e+01  
1050      1.41719043923e+05   0.000000e+00   2.967425e+01   1.805998e+01  
1051      1.41605779595e+05   0.000000e+00   2.973957e+01   1.803620e+01  
1052      1.41722859058e+05   0.000000e+00   2.979105e+01   1.806115e+01  
1053      1.41506629536e+05   0.000000e+00   2.972839e+01   1.804572e+01  
1054      1.41702380596e+05   0.000000e+00   2.982235e+01   1.806497e+01  
1055      1.41475535169e+05   0.000000e+00   2.978901e+01   1.804799e+01  
1056      1.41686977463e+05   0.000000e+00   2.980601e+01   1.806504e+01  
1057      1.41595386936e+05   0.000000e+00   2.977246e+01   1.804880e+01  
1058      1.41687247003e+05   0.000000e+00   2.977543e+01   1.806282e+01  
1059      1.41685451145e+05   0.000000e+00   2.974296e+01   1.804478e+01  
1060      1.41857179811e+05   0.000000e+00   2.973897e+01   1.805552e+01  
1061      1.41822901437e+05   0.000000e+00   2.971075e+01   1.804954e+01  
1062      1.41741700565e+05   0.000000e+00   2.981305e+01   1.805609e+01  
1063      1.41723582204e+05   0.000000e+00   2.983873e+01   1.805592e+01  
1064      1.41744968643e+05   0.000000e+00   2.982446e+01   1.805668e+01  
1065      1.41764874070e+05   0.000000e+00   2.983199e+01   1.806241e+01  
1066      1.41579493385e+05   0.000000e+00   2.990884e+01   1.806054e+01  
1067      1.41785710772e+05   0.000000e+00   2.987172e+01   1.807065e+01  
1068      1.41563644564e+05   0.000000e+00   2.993337e+01   1.806829e+01  
1069      1.41741596499e+05   0.000000e+00   2.992083e+01   1.807838e+01  
1070      1.41677484225e+05   0.000000e+00   2.990262e+01   1.806231e+01  
1071      1.42025129241e+05   0.000000e+00   2.978843e+01   1.807511e+01  
1072      1.41671551640e+05   0.000000e+00   2.986710e+01   1.806758e+01  
1073      1.41857878603e+05   0.000000e+00   2.990147e+01   1.808900e+01  
1074      1.41581351974e+05   0.000000e+00   2.998591e+01   1.808055e+01  
1075      1.41954272487e+05   0.000000e+00   2.993855e+01   1.808974e+01  
1076      1.41636044653e+05   0.000000e+00   2.990793e+01   1.808521e+01  
1077      1.42059182180e+05   0.000000e+00   2.994415e+01   1.809112e+01  
1078      1.41542417686e+05   0.000000e+00   2.999182e+01   1.809214e+01  
1079      1.42256601562e+05   0.000000e+00   2.992350e+01   1.809220e+01  
1080      1.41420456952e+05   0.000000e+00   3.009438e+01   1.809155e+01  
1081      1.42283607246e+05   0.000000e+00   2.993208e+01   1.809045e+01  
1082      1.41364609215e+05   0.000000e+00   3.004969e+01   1.809809e+01  
1083      1.42538286389e+05   0.000000e+00   2.982039e+01   1.808661e+01  
1084      1.41309808265e+05   0.000000e+00   3.009261e+01   1.809699e+01  
1085      1.42506282383e+05   0.000000e+00   2.980147e+01   1.808968e+01  
1086      1.41497410024e+05   0.000000e+00   3.004999e+01   1.810188e+01  
1087      1.42567304464e+05   0.000000e+00   2.981059e+01   1.808090e+01  
1088      1.41693633794e+05   0.000000e+00   2.996032e+01   1.810208e+01  
1089      1.42471576660e+05   0.000000e+00   2.987402e+01   1.808500e+01  
1090      1.41645804455e+05   0.000000e+00   3.001580e+01   1.810384e+01  
1091      1.42528926032e+05   0.000000e+00   2.994006e+01   1.807954e+01  
1092      1.41554856828e+05   0.000000e+00   3.003488e+01   1.810478e+01  
1093      1.42515497884e+05   0.000000e+00   2.996439e+01   1.808399e+01  
1094      1.41542094346e+05   0.000000e+00   3.004824e+01   1.810345e+01  
1095      1.42470673227e+05   0.000000e+00   2.998681e+01   1.808755e+01  
1096      1.41721587764e+05   0.000000e+00   2.998259e+01   1.810037e+01  
1097      1.42439633711e+05   0.000000e+00   3.002882e+01   1.809322e+01  
1098      1.41807918536e+05   0.000000e+00   2.994813e+01   1.809971e+01  
1099      1.42527066478e+05   0.000000e+00   3.005373e+01   1.809698e+01  
1100      1.41686448724e+05   0.000000e+00   3.008009e+01   1.809297e+01  
1101      1.42698302780e+05   0.000000e+00   2.996043e+01   1.809634e+01  
1102      1.41688111259e+05   0.000000e+00   3.008224e+01   1.809131e+01  
1103      1.42765439814e+05   0.000000e+00   2.995788e+01   1.809710e+01  
1104      1.41424249834e+05   0.000000e+00   3.028973e+01   1.808979e+01  
1105      1.42832301988e+05   0.000000e+00   2.997428e+01   1.810455e+01  
1106      1.41546464780e+05   0.000000e+00   3.026754e+01   1.809040e+01  
1107      1.42646718045e+05   0.000000e+00   3.007519e+01   1.811104e+01  
1108      1.41665798310e+05   0.000000e+00   3.019427e+01   1.809424e+01  
1109      1.42582064907e+05   0.000000e+00   3.007810e+01   1.811114e+01  
1110      1.41818055274e+05   0.000000e+00   3.021808e+01   1.809664e+01  
1111      1.42390389454e+05   0.000000e+00   3.013331e+01   1.811302e+01  
1112      1.41888475689e+05   0.000000e+00   3.020012e+01   1.809915e+01  
1113      1.42415203078e+05   0.000000e+00   3.017879e+01   1.811791e+01  
1114      1.41980310173e+05   0.000000e+00   3.011538e+01   1.809929e+01  
1115      1.42615609591e+05   0.000000e+00   3.011128e+01   1.811106e+01  
1116      1.42132124442e+05   0.000000e+00   3.001974e+01   1.809838e+01  
1117      1.42613381280e+05   0.000000e+00   3.006895e+01   1.811117e+01  
1118      1.41985341627e+05   0.000000e+00   3.006320e+01   1.811028e+01  
1119      1.42492481480e+05   0.000000e+00   3.012344e+01   1.811914e+01  
1120      1.42094999015e+05   0.000000e+00   3.007177e+01   1.811418e+01  
1121      1.42431579568e+05   0.000000e+00   3.016343e+01   1.812162e+01  
1122      1.42136444413e+05   0.000000e+00   3.004480e+01   1.812533e+01  
1123      1.42509668568e+05   0.000000e+00   3.019776e+01   1.812540e+01  
1124      1.42118470283e+05   0.000000e+00   3.006982e+01   1.813044e+01  
1125      1.42510952149e+05   0.000000e+00   3.020881e+01   1.812531e+01  
1126      1.41933170567e+05   0.000000e+00   3.021044e+01   1.813982e+01  
1127      1.42497360648e+05   0.000000e+00   3.023784e+01   1.812301e+01  
1128      1.42017168725e+05   0.000000e+00   3.020916e+01   1.813808e+01  
1129      1.42429380181e+05   0.000000e+00   3.021104e+01   1.812448e+01  
1130      1.42084315417e+05   0.000000e+00   3.022547e+01   1.814074e+01  
1131      1.42539871670e+05   0.000000e+00   3.007069e+01   1.812398e+01  
1132      1.42386782341e+05   0.000000e+00   3.010421e+01   1.813222e+01  
1133      1.42394910033e+05   0.000000e+00   3.010367e+01   1.812612e+01  
1134      1.42530874358e+05   0.000000e+00   3.005212e+01   1.813577e+01  
1135      1.42436411014e+05   0.000000e+00   3.008390e+01   1.812774e+01  
1136      1.42719158348e+05   0.000000e+00   2.999272e+01   1.812946e+01  
1137      1.42468069813e+05   0.000000e+00   3.002162e+01   1.812653e+01  
1138      1.42778120203e+05   0.000000e+00   3.001655e+01   1.813741e+01  
1139      1.42396373769e+05   0.000000e+00   3.012078e+01   1.813022e+01  
1140      1.42884616626e+05   0.000000e+00   2.995865e+01   1.813701e+01  
1141      1.42312329019e+05   0.000000e+00   3.015534e+01   1.813570e+01  
1142      1.42724746515e+05   0.000000e+00   3.003455e+01   1.814270e+01  
1143      1.42338412787e+05   0.000000e+00   3.014362e+01   1.814082e+01  
1144      1.42808797789e+05   0.000000e+00   2.996098e+01   1.814228e+01  
1145      1.42222456324e+05   0.000000e+00   3.018034e+01   1.814426e+01  
1146      1.42692401764e+05   0.000000e+00   3.006580e+01   1.814832e+01  
1147      1.42154456163e+05   0.000000e+00   3.014312e+01   1.814771e+01  
1148      1.42584884670e+05   0.000000e+00   3.009403e+01   1.814814e+01  
1149      1.42208349088e+05   0.000000e+00   3.016340e+01   1.814363e+01  
1150      1.42489820198e+05   0.000000e+00   3.012425e+01   1.815483e+01  
1151      1.42072542101e+05   0.000000e+00   3.023495e+01   1.815233e+01  
1152      1.42442784996e+05   0.000000e+00   3.019847e+01   1.815660e+01  
1153      1.42040932451e+05   0.000000e+00   3.023539e+01   1.815363e+01  
1154      1.42741052728e+05   0.000000e+00   3.007711e+01   1.815489e+01  
1155      1.41950075773e+05   0.000000e+00   3.021195e+01   1.815693e+01  
1156      1.42804668882e+05   0.000000e+00   3.006960e+01   1.815525e+01  
1157      1.41920587791e+05   0.000000e+00   3.020114e+01   1.816864e+01  
1158      1.42805821975e+05   0.000000e+00   3.009541e+01   1.816234e+01  
1159      1.41921537256e+05   0.000000e+00   3.021510e+01   1.817595e+01  
1160      1.43008498305e+05   0.000000e+00   3.001411e+01   1.815921e+01  
1161      1.41969113702e+05   0.000000e+00   3.017031e+01   1.817765e+01  
1162      1.42974123597e+05   0.000000e+00   3.009394e+01   1.817043e+01  
1163      1.41826812469e+05   0.000000e+00   3.025686e+01   1.818506e+01  
1164      1.43077520130e+05   0.000000e+00   3.008118e+01   1.816834e+01  
1165      1.41806653043e+05   0.000000e+00   3.029336e+01   1.818595e+01  
1166      1.42985528708e+05   0.000000e+00   3.011961e+01   1.817542e+01  
1167      1.41641666099e+05   0.000000e+00   3.034485e+01   1.818619e+01  
1168      1.42948626378e+05   0.000000e+00   3.015488e+01   1.817787e+01  
1169      1.41643784708e+05   0.000000e+00   3.035255e+01   1.818695e+01  
1170      1.42731821135e+05   0.000000e+00   3.025612e+01   1.818254e+01  
1171      1.41529595654e+05   0.000000e+00   3.044697e+01   1.819317e+01  
1172      1.42807570471e+05   0.000000e+00   3.018232e+01   1.818011e+01  
1173      1.41613257329e+05   0.000000e+00   3.040592e+01   1.818834e+01  
1174      1.42735901507e+05   0.000000e+00   3.023454e+01   1.818017e+01  
1175      1.41602182786e+05   0.000000e+00   3.046949e+01   1.818145e+01  
1176      1.42838186522e+05   0.000000e+00   3.019147e+01   1.817151e+01  
1177      1.41659933183e+05   0.000000e+00   3.046535e+01   1.817354e+01  
1178      1.42566152473e+05   0.000000e+00   3.030892e+01   1.817179e+01  
1179      1.41677957676e+05   0.000000e+00   3.055080e+01   1.817399e+01  
1180      1.42374721896e+05   0.000000e+00   3.037350e+01   1.817461e+01  
1181      1.41944968585e+05   0.000000e+00   3.045476e+01   1.817271e+01  
1182      1.42084446583e+05   0.000000e+00   3.045550e+01   1.817970e+01  
1183      1.42111154490e+05   0.000000e+00   3.041290e+01   1.818351e+01  
1184      1.42179650765e+05   0.000000e+00   3.045645e+01   1.817453e+01  
1185      1.42098488512e+05   0.000000e+00   3.043224e+01   1.818539e+01  
1186      1.42314689537e+05   0.000000e+00   3.035854e+01   1.817566e+01  
1187      1.42109382437e+05   0.000000e+00   3.045043e+01   1.819056e+01  
1188      1.42383269437e+05   0.000000e+00   3.037688e+01   1.817067e+01  
1189      1.42089148983e+05   0.000000e+00   3.051733e+01   1.819637e+01  
1190      1.42333844089e+05   0.000000e+00   3.040025e+01   1.817183e+01  
1191      1.42145195888e+05   0.000000e+00   3.056010e+01   1.820108e+01  
1192      1.42344793429e+05   0.000000e+00   3.039518e+01   1.817051e+01  
1193      1.42259994083e+05   0.000000e+00   3.051815e+01   1.820610e+01  
1194      1.42280728568e+05   0.000000e+00   3.047040e+01   1.816339e+01  
1195      1.42408083524e+05   0.000000e+00   3.046618e+01   1.821349e+01  
1196      1.42186905900e+05   0.000000e+00   3.056135e+01   1.816498e+01  
1197      1.42423385939e+05   0.000000e+00   3.047643e+01   1.822093e+01  
1198      1.42260325510e+05   0.000000e+00   3.053669e+01   1.816265e+01  
1199      1.42681277737e+05   0.000000e+00   3.034949e+01   1.821711e+01  
1200      1.42271952157e+05   0.000000e+00   3.052449e+01   1.816153e+01  
1201      1.42549918561e+05   0.000000e+00   3.040682e+01   1.821387e+01  
1202      1.42198020883e+05   0.000000e+00   3.054496e+01   1.816781e+01  
1203      1.42427447830e+05   0.000000e+00   3.043124e+01   1.821746e+01  
1204      1.42146703702e+05   0.000000e+00   3.060688e+01   1.816976e+01  
1205      1.42419154325e+05   0.000000e+00   3.041289e+01   1.821036e+01  
1206      1.42321645092e+05   0.000000e+00   3.053667e+01   1.817299e+01  
1207      1.42318198319e+05   0.000000e+00   3.044368e+01   1.821196e+01  
1208      1.42332329457e+05   0.000000e+00   3.049830e+01   1.817593e+01  
1209      1.42266309051e+05   0.000000e+00   3.048447e+01   1.821403e+01  
1210      1.42344643624e+05   0.000000e+00   3.053820e+01   1.817669e+01  
1211      1.41931978730e+05   0.000000e+00   3.066655e+01   1.822291e+01  
1212      1.42296020863e+05   0.000000e+00   3.062519e+01   1.818564e+01  
1213      1.41855700144e+05   0.000000e+00   3.073951e+01   1.822399e+01  
1214      1.42215832622e+05   0.000000e+00   3.067256e+01   1.818935e+01  
1215      1.41793140229e+05   0.000000e+00   3.075791e+01   1.823162e+01  
1216      1.42114741241e+05   0.000000e+00   3.067930e+01   1.819145e+01  
1217      1.41948618814e+05   0.000000e+00   3.072112e+01   1.822689e+01  
1218      1.41987817216e+05   0.000000e+00   3.071749e+01   1.819093e+01  
1219      1.41944619250e+05   0.000000e+00   3.073070e+01   1.822631e+01  
1220      1.42032433155e+05   0.000000e+00   3.069613e+01   1.818771e+01  
1221      1.42158480678e+05   0.000000e+00   3.060982e+01   1.821871e+01  
1222      1.41956611073e+05   0.000000e+00   3.071287e+01   1.818164e+01  
1223      1.42169568492e+05   0.000000e+00   3.062101e+01   1.822098e+01  
1224      1.41923778584e+05   0.000000e+00   3.077066e+01   1.817953e+01  
1225      1.42153205517e+05   0.000000e+00   3.065323e+01   1.821906e+01  
1226      1.41849351940e+05   0.000000e+00   3.077455e+01   1.817503e+01  
1227      1.42160140730e+05   0.000000e+00   3.058327e+01   1.821705e+01  
1228      1.41820532430e+05   0.000000e+00   3.079941e+01   1.817964e+01  
1229      1.42237269380e+05   0.000000e+00   3.057698e+01   1.821114e+01  
1230      1.41846211525e+05   0.000000e+00   3.078283e+01   1.817549e+01  
1231      1.42270191109e+05   0.000000e+00   3.059120e+01   1.820668e+01  
1232      1.41905044237e+05   0.000000e+00   3.071616e+01   1.817726e+01  
1233      1.42328141674e+05   0.000000e+00   3.059847e+01   1.819948e+01  
1234      1.41830955574e+05   0.000000e+00   3.075728e+01   1.817808e+01  
1235      1.42332158419e+05   0.000000e+00   3.063051e+01   1.820106e+01  
1236      1.41594246739e+05   0.000000e+00   3.091759e+01   1.818133e+01  
1237      1.42370110060e+05   0.000000e+00   3.068042e+01   1.819388e+01  
1238      1.41667298601e+05   0.000000e+00   3.083457e+01   1.817380e+01  
1239      1.42329030995e+05   0.000000e+00   3.069988e+01   1.819114e+01  
1240      1.41620455658e+05   0.000000e+00   3.084850e+01   1.816997e+01  
1241      1.42311856943e+05   0.000000e+00   3.070476e+01   1.818419e+01  
1242      1.41540317720e+05   0.000000e+00   3.094294e+01   1.817471e+01  
1243      1.42134245447e+05   0.000000e+00   3.080183e+01   1.818169e+01  
1244      1.41787553990e+05   0.000000e+00   3.080095e+01   1.817278e+01  
1245      1.42135392928e+05   0.000000e+00   3.071835e+01   1.818131e+01  
1246      1.41744365128e+05   0.000000e+00   3.082134e+01   1.816956e+01  
1247      1.42179842214e+05   0.000000e+00   3.071373e+01   1.818660e+01  
1248      1.41700484745e+05   0.000000e+00   3.082829e+01   1.816565e+01  
1249      1.42078549230e+05   0.000000e+00   3.076787e+01   1.818656e+01  
1250      1.41739409606e+05   0.000000e+00   3.086379e+01   1.815691e+01  
-------------------------------------------------------------------

Initialization/allocation wall-clock time: 2.895 seconds
Calculation (iterations) wall-clock time : 251.788 seconds

