
**********************************************
Real-time propagation in 3D, OPTION = 2
MPI nodes = 8, OMP threads = 16, cores = 128
**********************************************

Interactions
Contact: Natoms = 1.50000000000e+05, as = 7.600000e+01 * a0, G = 1.365327e+04, G * par = 2.730654e+04
Three-body: K3 =  0.000000e+00, g3 = 0.000000e+00
Regular DDI: add = 1.101000e+02 * a0, GD = 4.721954e+03, GD * par = 9.443909e+03, edd = 1.448684e+00
     Dipolar cutoff Rcut = 6.070809e+00, Lcut = 1.950215e+02

QF = 1: h2 = 1.717839e+05, h4 = 0.000000e+00
        q3 = 0.000000e+00, q5 = 4.378376e+00

GRAD = 0

Trap parameters:
GAMMA = 0.000000e+00, NU = 0.000000e+00, LAMBDA = 0.000000e+00
Parameters of rotation: OMEGA = 0.000000e+00, OMEGA * par = 0.000000e+00

Space discretization: NX = 128, NY = 128, NZ = 128
                      DX = 3.047211e+00, DY = 9.485639e-02, DZ = 9.485639e-02
      Unit of length: aho = 5.552380e-07 m

Time discretization: NITER = 2500 (NSNAP = 1250)
                     DT = 4.498867e-03

Initial state: file ./imag3d-finalpsi.bin
ADD_VORTICES = 0, ADD_RANDOM_PHASE = 0


MUREL = 1.000000e-12, MUEND=1.000000e+05

-------------------------------------------------------------------
Snap      <r>            <x>            <y>            <z>
-------------------------------------------------------------------
0         1.735368e+01   1.733109e+01   6.258963e-01   6.258963e-01  
1         1.735367e+01   1.733109e+01   6.257892e-01   6.257892e-01  
2         1.735367e+01   1.733110e+01   6.256650e-01   6.256650e-01  
3         1.735366e+01   1.733110e+01   6.255236e-01   6.255236e-01  
4         1.735366e+01   1.733111e+01   6.253649e-01   6.253649e-01  
5         1.735366e+01   1.733112e+01   6.251890e-01   6.251890e-01  
6         1.735366e+01   1.733113e+01   6.249962e-01   6.249962e-01  
7         1.735365e+01   1.733115e+01   6.247868e-01   6.247868e-01  
8         1.735365e+01   1.733116e+01   6.245612e-01   6.245612e-01  
9         1.735366e+01   1.733118e+01   6.243202e-01   6.243202e-01  
10        1.735366e+01   1.733120e+01   6.240646e-01   6.240646e-01  
11        1.735366e+01   1.733122e+01   6.237953e-01   6.237953e-01  
12        1.735366e+01   1.733125e+01   6.235135e-01   6.235135e-01  
13        1.735367e+01   1.733127e+01   6.232204e-01   6.232204e-01  
14        1.735368e+01   1.733130e+01   6.229174e-01   6.229174e-01  
15        1.735369e+01   1.733134e+01   6.226060e-01   6.226060e-01  
16        1.735370e+01   1.733137e+01   6.222878e-01   6.222878e-01  
17        1.735371e+01   1.733141e+01   6.219646e-01   6.219646e-01  
18        1.735373e+01   1.733145e+01   6.216382e-01   6.216382e-01  
19        1.735375e+01   1.733149e+01   6.213106e-01   6.213106e-01  
20        1.735377e+01   1.733154e+01   6.209842e-01   6.209842e-01  
21        1.735380e+01   1.733159e+01   6.206611e-01   6.206611e-01  
22        1.735383e+01   1.733164e+01   6.203439e-01   6.203439e-01  
23        1.735386e+01   1.733170e+01   6.200349e-01   6.200349e-01  
24        1.735390e+01   1.733176e+01   6.197367e-01   6.197367e-01  
25        1.735395e+01   1.733182e+01   6.194517e-01   6.194517e-01  
26        1.735399e+01   1.733189e+01   6.191822e-01   6.191822e-01  
27        1.735405e+01   1.733196e+01   6.189305e-01   6.189305e-01  
28        1.735411e+01   1.733203e+01   6.186985e-01   6.186985e-01  
29        1.735417e+01   1.733211e+01   6.184882e-01   6.184882e-01  
30        1.735424e+01   1.733220e+01   6.183011e-01   6.183011e-01  
31        1.735432e+01   1.733229e+01   6.181387e-01   6.181387e-01  
32        1.735440e+01   1.733238e+01   6.180020e-01   6.180020e-01  
33        1.735449e+01   1.733248e+01   6.178920e-01   6.178920e-01  
34        1.735459e+01   1.733258e+01   6.178093e-01   6.178093e-01  
35        1.735469e+01   1.733269e+01   6.177542e-01   6.177542e-01  
36        1.735480e+01   1.733280e+01   6.177270e-01   6.177270e-01  
37        1.735491e+01   1.733291e+01   6.177276e-01   6.177276e-01  
38        1.735504e+01   1.733303e+01   6.177555e-01   6.177555e-01  
39        1.735516e+01   1.733316e+01   6.178105e-01   6.178105e-01  
40        1.735530e+01   1.733329e+01   6.178916e-01   6.178916e-01  
41        1.735544e+01   1.733342e+01   6.179982e-01   6.179982e-01  
42        1.735559e+01   1.733356e+01   6.181290e-01   6.181290e-01  
43        1.735575e+01   1.733371e+01   6.182831e-01   6.182831e-01  
44        1.735591e+01   1.733386e+01   6.184590e-01   6.184590e-01  
45        1.735608e+01   1.733401e+01   6.186553e-01   6.186553e-01  
46        1.735625e+01   1.733417e+01   6.188705e-01   6.188705e-01  
47        1.735643e+01   1.733433e+01   6.191030e-01   6.191030e-01  
48        1.735662e+01   1.733450e+01   6.193511e-01   6.193511e-01  
49        1.735681e+01   1.733467e+01   6.196132e-01   6.196132e-01  
50        1.735700e+01   1.733485e+01   6.198873e-01   6.198873e-01  
51        1.735721e+01   1.733503e+01   6.201717e-01   6.201717e-01  
52        1.735742e+01   1.733522e+01   6.204645e-01   6.204645e-01  
53        1.735763e+01   1.733541e+01   6.207638e-01   6.207638e-01  
54        1.735785e+01   1.733561e+01   6.210679e-01   6.210679e-01  
55        1.735807e+01   1.733581e+01   6.213749e-01   6.213749e-01  
56        1.735830e+01   1.733602e+01   6.216831e-01   6.216831e-01  
57        1.735853e+01   1.733623e+01   6.219906e-01   6.219906e-01  
58        1.735877e+01   1.733645e+01   6.222957e-01   6.222957e-01  
59        1.735901e+01   1.733667e+01   6.225969e-01   6.225969e-01  
60        1.735926e+01   1.733689e+01   6.228925e-01   6.228925e-01  
61        1.735951e+01   1.733712e+01   6.231811e-01   6.231811e-01  
62        1.735976e+01   1.733736e+01   6.234611e-01   6.234611e-01  
63        1.736002e+01   1.733760e+01   6.237312e-01   6.237312e-01  
64        1.736028e+01   1.733784e+01   6.239901e-01   6.239901e-01  
65        1.736055e+01   1.733809e+01   6.242366e-01   6.242366e-01  
66        1.736082e+01   1.733834e+01   6.244695e-01   6.244695e-01  
67        1.736109e+01   1.733860e+01   6.246879e-01   6.246879e-01  
68        1.736136e+01   1.733886e+01   6.248908e-01   6.248908e-01  
69        1.736164e+01   1.733912e+01   6.250774e-01   6.250774e-01  
70        1.736193e+01   1.733939e+01   6.252468e-01   6.252468e-01  
71        1.736221e+01   1.733967e+01   6.253986e-01   6.253986e-01  
72        1.736250e+01   1.733995e+01   6.255320e-01   6.255320e-01  
73        1.736279e+01   1.734023e+01   6.256467e-01   6.256467e-01  
74        1.736309e+01   1.734052e+01   6.257423e-01   6.257423e-01  
75        1.736339e+01   1.734081e+01   6.258187e-01   6.258187e-01  
76        1.736369e+01   1.734111e+01   6.258756e-01   6.258756e-01  
77        1.736399e+01   1.734141e+01   6.259130e-01   6.259130e-01  
78        1.736430e+01   1.734172e+01   6.259311e-01   6.259311e-01  
79        1.736461e+01   1.734203e+01   6.259299e-01   6.259299e-01  
80        1.736492e+01   1.734235e+01   6.259098e-01   6.259098e-01  
81        1.736524e+01   1.734267e+01   6.258711e-01   6.258711e-01  
82        1.736556e+01   1.734299e+01   6.258142e-01   6.258142e-01  
83        1.736588e+01   1.734332e+01   6.257398e-01   6.257398e-01  
84        1.736621e+01   1.734365e+01   6.256484e-01   6.256484e-01  
85        1.736654e+01   1.734399e+01   6.255407e-01   6.255407e-01  
86        1.736687e+01   1.734433e+01   6.254175e-01   6.254175e-01  
87        1.736720e+01   1.734468e+01   6.252796e-01   6.252796e-01  
88        1.736754e+01   1.734503e+01   6.251280e-01   6.251280e-01  
89        1.736789e+01   1.734538e+01   6.249637e-01   6.249637e-01  
90        1.736823e+01   1.734574e+01   6.247876e-01   6.247876e-01  
91        1.736858e+01   1.734611e+01   6.246008e-01   6.246008e-01  
92        1.736894e+01   1.734648e+01   6.244044e-01   6.244044e-01  
93        1.736930e+01   1.734685e+01   6.241996e-01   6.241996e-01  
94        1.736966e+01   1.734723e+01   6.239876e-01   6.239876e-01  
95        1.737003e+01   1.734761e+01   6.237696e-01   6.237696e-01  
96        1.737040e+01   1.734800e+01   6.235468e-01   6.235468e-01  
97        1.737077e+01   1.734839e+01   6.233204e-01   6.233204e-01  
98        1.737115e+01   1.734879e+01   6.230919e-01   6.230919e-01  
99        1.737153e+01   1.734919e+01   6.228622e-01   6.228622e-01  
100       1.737192e+01   1.734959e+01   6.226328e-01   6.226328e-01  
101       1.737232e+01   1.735000e+01   6.224048e-01   6.224048e-01  
102       1.737271e+01   1.735042e+01   6.221794e-01   6.221794e-01  
103       1.737312e+01   1.735084e+01   6.219576e-01   6.219576e-01  
104       1.737353e+01   1.735126e+01   6.217407e-01   6.217407e-01  
105       1.737394e+01   1.735169e+01   6.215296e-01   6.215296e-01  
106       1.737436e+01   1.735212e+01   6.213255e-01   6.213255e-01  
107       1.737478e+01   1.735256e+01   6.211292e-01   6.211292e-01  
108       1.737521e+01   1.735300e+01   6.209418e-01   6.209418e-01  
109       1.737564e+01   1.735345e+01   6.207642e-01   6.207642e-01  
110       1.737608e+01   1.735390e+01   6.205974e-01   6.205974e-01  
111       1.737653e+01   1.735436e+01   6.204421e-01   6.204421e-01  
112       1.737698e+01   1.735482e+01   6.202989e-01   6.202989e-01  
113       1.737743e+01   1.735529e+01   6.201686e-01   6.201686e-01  
114       1.737790e+01   1.735576e+01   6.200516e-01   6.200516e-01  
115       1.737836e+01   1.735623e+01   6.199486e-01   6.199486e-01  
116       1.737884e+01   1.735671e+01   6.198599e-01   6.198599e-01  
117       1.737932e+01   1.735720e+01   6.197858e-01   6.197858e-01  
118       1.737980e+01   1.735769e+01   6.197266e-01   6.197266e-01  
119       1.738029e+01   1.735818e+01   6.196822e-01   6.196822e-01  
120       1.738079e+01   1.735868e+01   6.196529e-01   6.196529e-01  
121       1.738129e+01   1.735918e+01   6.196385e-01   6.196385e-01  
122       1.738179e+01   1.735969e+01   6.196388e-01   6.196388e-01  
123       1.738231e+01   1.736020e+01   6.196538e-01   6.196538e-01  
124       1.738283e+01   1.736072e+01   6.196831e-01   6.196831e-01  
125       1.738335e+01   1.736124e+01   6.197265e-01   6.197265e-01  
126       1.738388e+01   1.736177e+01   6.197837e-01   6.197837e-01  
127       1.738442e+01   1.736230e+01   6.198542e-01   6.198542e-01  
128       1.738496e+01   1.736284e+01   6.199374e-01   6.199374e-01  
129       1.738550e+01   1.736338e+01   6.200325e-01   6.200325e-01  
130       1.738606e+01   1.736392e+01   6.201390e-01   6.201390e-01  
131       1.738661e+01   1.736447e+01   6.202560e-01   6.202560e-01  
132       1.738717e+01   1.736502e+01   6.203827e-01   6.203827e-01  
133       1.738774e+01   1.736558e+01   6.205185e-01   6.205185e-01  
134       1.738831e+01   1.736615e+01   6.206624e-01   6.206624e-01  
135       1.738889e+01   1.736671e+01   6.208137e-01   6.208137e-01  
136       1.738947e+01   1.736729e+01   6.209714e-01   6.209714e-01  
137       1.739006e+01   1.736786e+01   6.211348e-01   6.211348e-01  
138       1.739065e+01   1.736844e+01   6.213028e-01   6.213028e-01  
139       1.739125e+01   1.736903e+01   6.214744e-01   6.214744e-01  
140       1.739185e+01   1.736962e+01   6.216486e-01   6.216486e-01  
141       1.739246e+01   1.737021e+01   6.218246e-01   6.218246e-01  
142       1.739307e+01   1.737081e+01   6.220013e-01   6.220013e-01  
143       1.739368e+01   1.737141e+01   6.221777e-01   6.221777e-01  
144       1.739430e+01   1.737202e+01   6.223529e-01   6.223529e-01  
145       1.739492e+01   1.737263e+01   6.225260e-01   6.225260e-01  
146       1.739555e+01   1.737324e+01   6.226962e-01   6.226962e-01  
147       1.739618e+01   1.737386e+01   6.228624e-01   6.228624e-01  
148       1.739681e+01   1.737449e+01   6.230239e-01   6.230239e-01  
149       1.739745e+01   1.737512e+01   6.231800e-01   6.231800e-01  
150       1.739810e+01   1.737575e+01   6.233297e-01   6.233297e-01  
151       1.739874e+01   1.737639e+01   6.234723e-01   6.234723e-01  
152       1.739939e+01   1.737703e+01   6.236072e-01   6.236072e-01  
153       1.740005e+01   1.737767e+01   6.237337e-01   6.237337e-01  
154       1.740071e+01   1.737833e+01   6.238510e-01   6.238510e-01  
155       1.740137e+01   1.737898e+01   6.239586e-01   6.239586e-01  
156       1.740203e+01   1.737964e+01   6.240558e-01   6.240558e-01  
157       1.740270e+01   1.738031e+01   6.241422e-01   6.241422e-01  
158       1.740338e+01   1.738097e+01   6.242171e-01   6.242171e-01  
159       1.740406e+01   1.738165e+01   6.242802e-01   6.242802e-01  
160       1.740474e+01   1.738233e+01   6.243311e-01   6.243311e-01  
161       1.740542e+01   1.738301e+01   6.243693e-01   6.243693e-01  
162       1.740611e+01   1.738370e+01   6.243947e-01   6.243947e-01  
163       1.740681e+01   1.738440e+01   6.244071e-01   6.244071e-01  
164       1.740751e+01   1.738510e+01   6.244063e-01   6.244063e-01  
165       1.740821e+01   1.738580e+01   6.243924e-01   6.243924e-01  
166       1.740892e+01   1.738652e+01   6.243656e-01   6.243656e-01  
167       1.740964e+01   1.738723e+01   6.243259e-01   6.243259e-01  
168       1.741036e+01   1.738796e+01   6.242737e-01   6.242737e-01  
169       1.741108e+01   1.738869e+01   6.242095e-01   6.242095e-01  
170       1.741182e+01   1.738943e+01   6.241337e-01   6.241337e-01  
171       1.741256e+01   1.739018e+01   6.240472e-01   6.240472e-01  
172       1.741331e+01   1.739094e+01   6.239508e-01   6.239508e-01  
173       1.741407e+01   1.739171e+01   6.238454e-01   6.238454e-01  
174       1.741484e+01   1.739249e+01   6.237323e-01   6.237323e-01  
175       1.741563e+01   1.739328e+01   6.236129e-01   6.236129e-01  
176       1.741643e+01   1.739410e+01   6.234889e-01   6.234889e-01  
177       1.741726e+01   1.739493e+01   6.233622e-01   6.233622e-01  
178       1.741811e+01   1.739579e+01   6.232351e-01   6.232351e-01  
179       1.741899e+01   1.739668e+01   6.231105e-01   6.231105e-01  
180       1.741991e+01   1.739762e+01   6.229918e-01   6.229918e-01  
181       1.742088e+01   1.739860e+01   6.228829e-01   6.228829e-01  
182       1.742192e+01   1.739964e+01   6.227887e-01   6.227887e-01  
183       1.742304e+01   1.740077e+01   6.227146e-01   6.227146e-01  
184       1.742425e+01   1.740199e+01   6.226669e-01   6.226669e-01  
185       1.742557e+01   1.740331e+01   6.226525e-01   6.226525e-01  
186       1.742701e+01   1.740475e+01   6.226794e-01   6.226794e-01  
187       1.742858e+01   1.740631e+01   6.227558e-01   6.227558e-01  
188       1.743029e+01   1.740801e+01   6.228906e-01   6.228906e-01  
189       1.743213e+01   1.740984e+01   6.230933e-01   6.230933e-01  
190       1.743410e+01   1.741179e+01   6.233733e-01   6.233733e-01  
191       1.743619e+01   1.741386e+01   6.237405e-01   6.237405e-01  
192       1.743840e+01   1.741604e+01   6.242045e-01   6.242045e-01  
193       1.744070e+01   1.741831e+01   6.247748e-01   6.247748e-01  
194       1.744309e+01   1.742065e+01   6.254605e-01   6.254605e-01  
195       1.744554e+01   1.742304e+01   6.262702e-01   6.262702e-01  
196       1.744803e+01   1.742547e+01   6.272121e-01   6.272121e-01  
197       1.745055e+01   1.742791e+01   6.282933e-01   6.282933e-01  
198       1.745306e+01   1.743034e+01   6.295203e-01   6.295203e-01  
199       1.745554e+01   1.743272e+01   6.308985e-01   6.308985e-01  
200       1.745797e+01   1.743504e+01   6.324325e-01   6.324325e-01  
201       1.746032e+01   1.743727e+01   6.341256e-01   6.341256e-01  
202       1.746257e+01   1.743939e+01   6.359805e-01   6.359805e-01  
203       1.746471e+01   1.744139e+01   6.379985e-01   6.379985e-01  
204       1.746672e+01   1.744324e+01   6.401799e-01   6.401799e-01  
205       1.746860e+01   1.744495e+01   6.425237e-01   6.425237e-01  
206       1.747033e+01   1.744650e+01   6.450276e-01   6.450276e-01  
207       1.747192e+01   1.744789e+01   6.476880e-01   6.476880e-01  
208       1.747336e+01   1.744913e+01   6.505001e-01   6.505001e-01  
209       1.747465e+01   1.745020e+01   6.534576e-01   6.534576e-01  
210       1.747580e+01   1.745111e+01   6.565531e-01   6.565531e-01  
211       1.747679e+01   1.745187e+01   6.597778e-01   6.597778e-01  
212       1.747764e+01   1.745246e+01   6.631217e-01   6.631216e-01  
213       1.747834e+01   1.745290e+01   6.665733e-01   6.665733e-01  
214       1.747891e+01   1.745320e+01   6.701203e-01   6.701203e-01  
215       1.747933e+01   1.745334e+01   6.737494e-01   6.737494e-01  
216       1.747962e+01   1.745335e+01   6.774470e-01   6.774470e-01  
217       1.747979e+01   1.745322e+01   6.811995e-01   6.811995e-01  
218       1.747984e+01   1.745298e+01   6.849942e-01   6.849942e-01  
219       1.747985e+01   1.745268e+01   6.888221e-01   6.888220e-01  
220       1.748018e+01   1.745271e+01   6.926980e-01   6.926980e-01  
221       1.748454e+01   1.745674e+01   6.968911e-01   6.968910e-01  
222       1.748086e+01   1.745277e+01   7.004876e-01   7.004875e-01  
223       1.747859e+01   1.745019e+01   7.041970e-01   7.041970e-01  
224       1.747908e+01   1.745036e+01   7.081245e-01   7.081244e-01  
225       1.747714e+01   1.744812e+01   7.118517e-01   7.118516e-01  
226       1.747214e+01   1.744283e+01   7.153384e-01   7.153384e-01  
227       1.747306e+01   1.744343e+01   7.192459e-01   7.192458e-01  
228       1.746930e+01   1.743937e+01   7.227828e-01   7.227827e-01  
229       1.746963e+01   1.743939e+01   7.265655e-01   7.265654e-01  
230       1.746592e+01   1.743538e+01   7.300459e-01   7.300458e-01  
231       1.746612e+01   1.743527e+01   7.337513e-01   7.337512e-01  
232       1.746210e+01   1.743095e+01   7.371731e-01   7.371730e-01  
233       1.746208e+01   1.743062e+01   7.408182e-01   7.408181e-01  
234       1.745765e+01   1.742591e+01   7.441555e-01   7.441554e-01  
235       1.745738e+01   1.742532e+01   7.477126e-01   7.477125e-01  
236       1.745270e+01   1.742036e+01   7.509376e-01   7.509375e-01  
237       1.745221e+01   1.741957e+01   7.543790e-01   7.543789e-01  
238       1.744745e+01   1.741453e+01   7.574701e-01   7.574700e-01  
239       1.744688e+01   1.741367e+01   7.607827e-01   7.607825e-01  
240       1.744211e+01   1.740864e+01   7.637242e-01   7.637240e-01  
241       1.744167e+01   1.740792e+01   7.668972e-01   7.668970e-01  
242       1.743691e+01   1.740290e+01   7.696799e-01   7.696797e-01  
243       1.743681e+01   1.740253e+01   7.727133e-01   7.727131e-01  
244       1.743202e+01   1.739750e+01   7.753380e-01   7.753377e-01  
245       1.743243e+01   1.739765e+01   7.782438e-01   7.782435e-01  
246       1.742758e+01   1.739257e+01   7.807189e-01   7.807186e-01  
247       1.742863e+01   1.739337e+01   7.835140e-01   7.835137e-01  
248       1.742365e+01   1.738817e+01   7.858535e-01   7.858532e-01  
249       1.742545e+01   1.738973e+01   7.885556e-01   7.885552e-01  
250       1.742031e+01   1.738438e+01   7.907791e-01   7.907787e-01  
251       1.742288e+01   1.738671e+01   7.934167e-01   7.934163e-01  
252       1.741753e+01   1.738115e+01   7.955627e-01   7.955623e-01  
253       1.742081e+01   1.738420e+01   7.981885e-01   7.981881e-01  
254       1.741515e+01   1.737833e+01   8.003185e-01   8.003180e-01  
255       1.741900e+01   1.738194e+01   8.030084e-01   8.030079e-01  
256       1.741298e+01   1.737571e+01   8.052130e-01   8.052124e-01  
257       1.741733e+01   1.737980e+01   8.080810e-01   8.080804e-01  
258       1.741113e+01   1.737337e+01   8.104880e-01   8.104874e-01  
259       1.741615e+01   1.737810e+01   8.136155e-01   8.136149e-01  
260       1.741030e+01   1.737200e+01   8.161613e-01   8.161606e-01  
261       1.741637e+01   1.737778e+01   8.193743e-01   8.193736e-01  
262       1.741144e+01   1.737259e+01   8.220017e-01   8.220010e-01  
263       1.741882e+01   1.737966e+01   8.254548e-01   8.254539e-01  
264       1.741608e+01   1.737664e+01   8.283385e-01   8.283375e-01  
265       1.742525e+01   1.738553e+01   8.314536e-01   8.314527e-01  
266       1.741878e+01   1.737882e+01   8.338295e-01   8.338287e-01  
267       1.743209e+01   1.739174e+01   8.381834e-01   8.381824e-01  
268       1.742812e+01   1.738740e+01   8.419214e-01   8.419201e-01  
269       1.743915e+01   1.739815e+01   8.451035e-01   8.451022e-01  
270       1.744038e+01   1.739909e+01   8.481301e-01   8.481289e-01  
271       1.745163e+01   1.740978e+01   8.540833e-01   8.540821e-01  
272       1.745307e+01   1.741072e+01   8.591807e-01   8.591792e-01  
273       1.746061e+01   1.741788e+01   8.632019e-01   8.632005e-01  
274       1.746821e+01   1.742498e+01   8.685076e-01   8.685063e-01  
275       1.747487e+01   1.743099e+01   8.751144e-01   8.751128e-01  
276       1.746996e+01   1.742558e+01   8.799742e-01   8.799727e-01  
277       1.747137e+01   1.742641e+01   8.856452e-01   8.856436e-01  
278       1.747986e+01   1.743419e+01   8.929301e-01   8.929284e-01  
279       1.749750e+01   1.745110e+01   9.004440e-01   9.004423e-01  
280       1.748364e+01   1.743647e+01   9.074775e-01   9.074757e-01  
281       1.749599e+01   1.744802e+01   9.154289e-01   9.154271e-01  
282       1.748891e+01   1.743993e+01   9.249270e-01   9.249251e-01  
283       1.750350e+01   1.745369e+01   9.330329e-01   9.330312e-01  
284       1.749024e+01   1.743947e+01   9.416107e-01   9.416089e-01  
285       1.750213e+01   1.745030e+01   9.517284e-01   9.517266e-01  
286       1.750772e+01   1.745467e+01   9.630311e-01   9.630292e-01  
287       1.751891e+01   1.746448e+01   9.757336e-01   9.757318e-01  
288       1.752111e+01   1.746565e+01   9.849897e-01   9.849880e-01  
289       1.752501e+01   1.746799e+01   9.988371e-01   9.988356e-01  
290       1.751838e+01   1.746035e+01   1.007430e+00   1.007428e+00  
291       1.754649e+01   1.748667e+01   1.023641e+00   1.023640e+00  
292       1.753931e+01   1.747794e+01   1.036543e+00   1.036542e+00  
293       1.753975e+01   1.747667e+01   1.050899e+00   1.050899e+00  
294       1.755133e+01   1.748628e+01   1.067563e+00   1.067562e+00  
295       1.755290e+01   1.748598e+01   1.082829e+00   1.082829e+00  
296       1.754378e+01   1.747493e+01   1.097970e+00   1.097970e+00  
297       1.756675e+01   1.749548e+01   1.117758e+00   1.117759e+00  
298       1.754952e+01   1.747625e+01   1.132761e+00   1.132763e+00  
299       1.756367e+01   1.748782e+01   1.152916e+00   1.152919e+00  
300       1.755834e+01   1.747999e+01   1.171542e+00   1.171548e+00  
301       1.757269e+01   1.749159e+01   1.192410e+00   1.192417e+00  
302       1.757018e+01   1.748629e+01   1.212573e+00   1.212585e+00  
303       1.758298e+01   1.749604e+01   1.234789e+00   1.234801e+00  
304       1.758693e+01   1.749701e+01   1.255929e+00   1.255947e+00  
305       1.759769e+01   1.750444e+01   1.279308e+00   1.279327e+00  
306       1.759710e+01   1.750057e+01   1.301549e+00   1.301574e+00  
307       1.761041e+01   1.751016e+01   1.326781e+00   1.326806e+00  
308       1.759852e+01   1.749476e+01   1.349277e+00   1.349313e+00  
309       1.762119e+01   1.751350e+01   1.375430e+00   1.375458e+00  
310       1.763303e+01   1.752172e+01   1.398701e+00   1.398741e+00  
311       1.762230e+01   1.750653e+01   1.425973e+00   1.426009e+00  
312       1.763107e+01   1.751168e+01   1.448365e+00   1.448398e+00  
313       1.762583e+01   1.750191e+01   1.475254e+00   1.475287e+00  
314       1.763550e+01   1.750756e+01   1.499334e+00   1.499357e+00  
315       1.763567e+01   1.750331e+01   1.524976e+00   1.524998e+00  
316       1.763744e+01   1.750057e+01   1.550697e+00   1.550705e+00  
317       1.764307e+01   1.750178e+01   1.575683e+00   1.575690e+00  
318       1.764541e+01   1.749939e+01   1.601888e+00   1.601871e+00  
319       1.764877e+01   1.749895e+01   1.622654e+00   1.622637e+00  
320       1.764878e+01   1.749411e+01   1.648580e+00   1.648536e+00  
321       1.765610e+01   1.749715e+01   1.671490e+00   1.671438e+00  
322       1.765524e+01   1.749161e+01   1.695754e+00   1.695674e+00  
323       1.766587e+01   1.749889e+01   1.713481e+00   1.713382e+00  
324       1.766340e+01   1.749196e+01   1.736022e+00   1.735870e+00  
325       1.767067e+01   1.749509e+01   1.757099e+00   1.756906e+00  
326       1.766892e+01   1.748939e+01   1.776650e+00   1.776377e+00  
327       1.768327e+01   1.750022e+01   1.794655e+00   1.794376e+00  
328       1.766906e+01   1.748134e+01   1.816555e+00   1.816254e+00  
329       1.768968e+01   1.749923e+01   1.830664e+00   1.830422e+00  
330       1.768193e+01   1.748706e+01   1.851232e+00   1.851018e+00  
331       1.770078e+01   1.750380e+01   1.862176e+00   1.862006e+00  
332       1.767980e+01   1.747908e+01   1.878530e+00   1.878377e+00  
333       1.769469e+01   1.749107e+01   1.892769e+00   1.892598e+00  
334       1.769907e+01   1.749307e+01   1.904065e+00   1.903736e+00  
335       1.769425e+01   1.748672e+01   1.910795e+00   1.910460e+00  
336       1.769795e+01   1.748737e+01   1.924960e+00   1.924476e+00  
337       1.771177e+01   1.750017e+01   1.930341e+00   1.929965e+00  
338       1.770336e+01   1.748871e+01   1.943723e+00   1.943166e+00  
339       1.771486e+01   1.749914e+01   1.949155e+00   1.948587e+00  
340       1.770905e+01   1.749165e+01   1.956395e+00   1.955792e+00  
341       1.771981e+01   1.750087e+01   1.963800e+00   1.963330e+00  
342       1.771079e+01   1.748906e+01   1.975739e+00   1.975196e+00  
343       1.772393e+01   1.750207e+01   1.977157e+00   1.976404e+00  
344       1.771219e+01   1.748777e+01   1.987961e+00   1.986906e+00  
345       1.772756e+01   1.750162e+01   1.995318e+00   1.994587e+00  
346       1.771517e+01   1.748820e+01   1.999239e+00   1.998274e+00  
347       1.774138e+01   1.751311e+01   2.006485e+00   2.005366e+00  
348       1.771334e+01   1.748366e+01   2.011188e+00   2.009800e+00  
349       1.774315e+01   1.751194e+01   2.019294e+00   2.018392e+00  
350       1.772254e+01   1.749151e+01   2.017513e+00   2.016202e+00  
351       1.774649e+01   1.751405e+01   2.024903e+00   2.023724e+00  
352       1.772395e+01   1.749087e+01   2.026392e+00   2.025237e+00  
353       1.774547e+01   1.751252e+01   2.027244e+00   2.025737e+00  
354       1.772619e+01   1.749231e+01   2.030140e+00   2.028622e+00  
355       1.775152e+01   1.751783e+01   2.030729e+00   2.029316e+00  
356       1.773281e+01   1.749872e+01   2.031331e+00   2.030051e+00  
357       1.775363e+01   1.751838e+01   2.037693e+00   2.036035e+00  
358       1.774083e+01   1.750643e+01   2.033146e+00   2.031743e+00  
359       1.776438e+01   1.752875e+01   2.039861e+00   2.038403e+00  
360       1.775201e+01   1.751675e+01   2.037696e+00   2.035987e+00  
361       1.776596e+01   1.752955e+01   2.043290e+00   2.041822e+00  
362       1.776122e+01   1.752460e+01   2.044180e+00   2.042233e+00  
363       1.777998e+01   1.754297e+01   2.046638e+00   2.045247e+00  
364       1.776504e+01   1.752731e+01   2.048920e+00   2.047417e+00  
365       1.778927e+01   1.755019e+01   2.056126e+00   2.054530e+00  
366       1.777367e+01   1.753466e+01   2.054833e+00   2.053385e+00  
367       1.779515e+01   1.755480e+01   2.061877e+00   2.060269e+00  
368       1.778112e+01   1.754006e+01   2.064060e+00   2.062624e+00  
369       1.779510e+01   1.755281e+01   2.070194e+00   2.068522e+00  
370       1.777621e+01   1.753335e+01   2.071324e+00   2.069970e+00  
371       1.780495e+01   1.756055e+01   2.079701e+00   2.078000e+00  
372       1.778552e+01   1.754110e+01   2.078460e+00   2.077148e+00  
373       1.780402e+01   1.755818e+01   2.085524e+00   2.084204e+00  
374       1.779506e+01   1.754871e+01   2.087041e+00   2.085984e+00  
375       1.780814e+01   1.756016e+01   2.094700e+00   2.093554e+00  
376       1.780102e+01   1.755309e+01   2.094004e+00   2.092890e+00  
377       1.780524e+01   1.755538e+01   2.102365e+00   2.101289e+00  
378       1.780153e+01   1.755147e+01   2.102806e+00   2.102084e+00  
379       1.781415e+01   1.756101e+01   2.116427e+00   2.115545e+00  
380       1.780230e+01   1.754999e+01   2.112190e+00   2.111512e+00  
381       1.781593e+01   1.755956e+01   2.129928e+00   2.129008e+00  
382       1.780098e+01   1.754513e+01   2.126692e+00   2.126168e+00  
383       1.782536e+01   1.756727e+01   2.137411e+00   2.136729e+00  
384       1.780782e+01   1.754941e+01   2.137574e+00   2.137166e+00  
385       1.782511e+01   1.756411e+01   2.149172e+00   2.148893e+00  
386       1.780939e+01   1.754804e+01   2.149804e+00   2.149168e+00  
387       1.782613e+01   1.756273e+01   2.158796e+00   2.158883e+00  
388       1.780505e+01   1.753980e+01   2.165374e+00   2.164841e+00  
389       1.783154e+01   1.756463e+01   2.173465e+00   2.173396e+00  
390       1.781492e+01   1.754623e+01   2.179946e+00   2.179234e+00  
391       1.782475e+01   1.755368e+01   2.189714e+00   2.189730e+00  
392       1.782258e+01   1.755101e+01   2.191756e+00   2.191506e+00  
393       1.782353e+01   1.754826e+01   2.206467e+00   2.206439e+00  
394       1.782751e+01   1.755178e+01   2.208487e+00   2.208593e+00  
395       1.783920e+01   1.756103e+01   2.218916e+00   2.218934e+00  
396       1.783158e+01   1.755187e+01   2.224575e+00   2.224438e+00  
397       1.783125e+01   1.754894e+01   2.234683e+00   2.234777e+00  
398       1.784114e+01   1.755936e+01   2.233105e+00   2.233478e+00  
399       1.783971e+01   1.755458e+01   2.246275e+00   2.246372e+00  
400       1.784294e+01   1.755704e+01   2.249421e+00   2.249659e+00  
401       1.784452e+01   1.755665e+01   2.257121e+00   2.257474e+00  
402       1.785632e+01   1.756773e+01   2.260601e+00   2.261109e+00  
403       1.784949e+01   1.755811e+01   2.271060e+00   2.271480e+00  
404       1.785416e+01   1.756248e+01   2.272433e+00   2.272965e+00  
405       1.785133e+01   1.755698e+01   2.282285e+00   2.283308e+00  
406       1.784868e+01   1.755361e+01   2.285139e+00   2.285695e+00  
407       1.785349e+01   1.755649e+01   2.292480e+00   2.293729e+00  
408       1.785863e+01   1.756226e+01   2.290757e+00   2.291319e+00  
409       1.784492e+01   1.754514e+01   2.302489e+00   2.303879e+00  
410       1.785298e+01   1.755408e+01   2.300085e+00   2.300583e+00  
411       1.784759e+01   1.754663e+01   2.307155e+00   2.308554e+00  
412       1.786327e+01   1.756379e+01   2.303142e+00   2.303315e+00  
413       1.785040e+01   1.754849e+01   2.310785e+00   2.312501e+00  
414       1.786979e+01   1.756925e+01   2.307111e+00   2.308260e+00  
415       1.785559e+01   1.755379e+01   2.310129e+00   2.312925e+00  
416       1.787125e+01   1.757084e+01   2.306565e+00   2.308003e+00  
417       1.785407e+01   1.755205e+01   2.311170e+00   2.313429e+00  
418       1.786745e+01   1.756525e+01   2.313210e+00   2.314482e+00  
419       1.785323e+01   1.755034e+01   2.314196e+00   2.316898e+00  
420       1.787186e+01   1.757020e+01   2.311264e+00   2.312907e+00  
421       1.784907e+01   1.754624e+01   2.314028e+00   2.316072e+00  
422       1.786705e+01   1.756427e+01   2.315468e+00   2.316527e+00  
423       1.785529e+01   1.755267e+01   2.313393e+00   2.315888e+00  
424       1.788013e+01   1.757799e+01   2.313665e+00   2.315203e+00  
425       1.785847e+01   1.755695e+01   2.309772e+00   2.311559e+00  
426       1.788736e+01   1.758628e+01   2.310239e+00   2.311592e+00  
427       1.785855e+01   1.755748e+01   2.307891e+00   2.310010e+00  
428       1.789053e+01   1.759027e+01   2.307333e+00   2.308592e+00  
429       1.786102e+01   1.756139e+01   2.302812e+00   2.304507e+00  
430       1.788868e+01   1.758929e+01   2.303957e+00   2.305127e+00  
431       1.786536e+01   1.756706e+01   2.298099e+00   2.299652e+00  
432       1.790123e+01   1.760269e+01   2.301561e+00   2.302636e+00  
433       1.786218e+01   1.756372e+01   2.298588e+00   2.299943e+00  
434       1.790655e+01   1.760898e+01   2.298331e+00   2.299204e+00  
435       1.787199e+01   1.757400e+01   2.297346e+00   2.298860e+00  
436       1.791211e+01   1.761578e+01   2.294130e+00   2.294517e+00  
437       1.788361e+01   1.758639e+01   2.295234e+00   2.296601e+00  
438       1.791221e+01   1.761622e+01   2.292972e+00   2.293076e+00  
439       1.788399e+01   1.758715e+01   2.293867e+00   2.295037e+00  
440       1.791425e+01   1.761861e+01   2.291736e+00   2.291920e+00  
441       1.788462e+01   1.758846e+01   2.291496e+00   2.292334e+00  
442       1.791586e+01   1.761969e+01   2.293922e+00   2.293988e+00  
443       1.788027e+01   1.758386e+01   2.292258e+00   2.292938e+00  
444       1.792413e+01   1.762774e+01   2.295548e+00   2.295132e+00  
445       1.788408e+01   1.758582e+01   2.299736e+00   2.300145e+00  
446       1.792411e+01   1.762697e+01   2.298503e+00   2.297984e+00  
447       1.789287e+01   1.759339e+01   2.305042e+00   2.305278e+00  
448       1.792618e+01   1.762822e+01   2.301552e+00   2.301399e+00  
449       1.789756e+01   1.759676e+01   2.310690e+00   2.310291e+00  
450       1.794205e+01   1.764344e+01   2.305112e+00   2.304895e+00  
451       1.788929e+01   1.758749e+01   2.313930e+00   2.313563e+00  
452       1.794983e+01   1.764928e+01   2.313139e+00   2.312713e+00  
453       1.788923e+01   1.758639e+01   2.317797e+00   2.317616e+00  
454       1.794421e+01   1.764183e+01   2.319753e+00   2.319359e+00  
455       1.789070e+01   1.758599e+01   2.324922e+00   2.324838e+00  
456       1.794924e+01   1.764567e+01   2.324769e+00   2.323960e+00  
457       1.788978e+01   1.758319e+01   2.332016e+00   2.331777e+00  
458       1.794851e+01   1.764256e+01   2.334125e+00   2.332546e+00  
459       1.789667e+01   1.758732e+01   2.343104e+00   2.342431e+00  
460       1.795373e+01   1.764443e+01   2.346997e+00   2.345680e+00  
461       1.790477e+01   1.759337e+01   2.351122e+00   2.350752e+00  
462       1.795677e+01   1.764469e+01   2.357545e+00   2.356398e+00  
463       1.791298e+01   1.759898e+01   2.361756e+00   2.360668e+00  
464       1.796240e+01   1.764701e+01   2.370340e+00   2.369015e+00  
465       1.791587e+01   1.759931e+01   2.371459e+00   2.370433e+00  
466       1.796425e+01   1.764644e+01   2.379378e+00   2.378268e+00  
467       1.792205e+01   1.760298e+01   2.381297e+00   2.380019e+00  
468       1.798281e+01   1.766181e+01   2.392734e+00   2.390964e+00  
469       1.792810e+01   1.760623e+01   2.391747e+00   2.391030e+00  
470       1.797738e+01   1.765290e+01   2.404900e+00   2.403651e+00  
471       1.792381e+01   1.759874e+01   2.403161e+00   2.402518e+00  
472       1.798641e+01   1.765968e+01   2.413823e+00   2.412456e+00  
473       1.793489e+01   1.760622e+01   2.416965e+00   2.416514e+00  
474       1.798755e+01   1.765704e+01   2.427801e+00   2.426298e+00  
475       1.792733e+01   1.759557e+01   2.428115e+00   2.426773e+00  
476       1.799604e+01   1.766382e+01   2.434473e+00   2.433228e+00  
477       1.793067e+01   1.759511e+01   2.442009e+00   2.440802e+00  
478       1.800116e+01   1.766511e+01   2.448649e+00   2.447377e+00  
479       1.793409e+01   1.759561e+01   2.452614e+00   2.451723e+00  
480       1.800730e+01   1.766890e+01   2.457343e+00   2.456514e+00  
481       1.794037e+01   1.759917e+01   2.462884e+00   2.461790e+00  
482       1.801104e+01   1.767082e+01   2.464617e+00   2.462761e+00  
483       1.794256e+01   1.759904e+01   2.471338e+00   2.470221e+00  
484       1.801096e+01   1.766907e+01   2.470318e+00   2.469042e+00  
485       1.794923e+01   1.760527e+01   2.473146e+00   2.472409e+00  
486       1.801256e+01   1.766804e+01   2.479779e+00   2.478528e+00  
487       1.794594e+01   1.760089e+01   2.477199e+00   2.475632e+00  
488       1.801091e+01   1.766587e+01   2.481336e+00   2.480534e+00  
489       1.794829e+01   1.760220e+01   2.480607e+00   2.479929e+00  
490       1.800720e+01   1.766067e+01   2.486258e+00   2.485627e+00  
491       1.794663e+01   1.759996e+01   2.482808e+00   2.481641e+00  
492       1.801138e+01   1.766502e+01   2.485466e+00   2.485809e+00  
493       1.795099e+01   1.760285e+01   2.487651e+00   2.487815e+00  
494       1.799634e+01   1.764760e+01   2.492961e+00   2.493160e+00  
495       1.794378e+01   1.759585e+01   2.486975e+00   2.486007e+00  
496       1.799689e+01   1.764790e+01   2.493834e+00   2.494096e+00  
497       1.793753e+01   1.758772e+01   2.492620e+00   2.492762e+00  
498       1.798850e+01   1.763848e+01   2.496900e+00   2.497095e+00  
499       1.793273e+01   1.758358e+01   2.490397e+00   2.489640e+00  
500       1.797477e+01   1.762370e+01   2.499335e+00   2.500207e+00  
501       1.792035e+01   1.756941e+01   2.495147e+00   2.495828e+00  
502       1.798078e+01   1.763153e+01   2.492974e+00   2.494519e+00  
503       1.790541e+01   1.755449e+01   2.493841e+00   2.494840e+00  
504       1.795816e+01   1.760731e+01   2.496700e+00   2.498930e+00  
505       1.790608e+01   1.755702e+01   2.487108e+00   2.488562e+00  
506       1.794872e+01   1.759779e+01   2.496640e+00   2.498229e+00  
507       1.789114e+01   1.754110e+01   2.489245e+00   2.491258e+00  
508       1.795024e+01   1.760003e+01   2.494171e+00   2.495888e+00  
509       1.788272e+01   1.753290e+01   2.487981e+00   2.489773e+00  
510       1.794155e+01   1.759058e+01   2.495795e+00   2.498328e+00  
511       1.787761e+01   1.752851e+01   2.485084e+00   2.486852e+00  
512       1.793080e+01   1.757908e+01   2.498313e+00   2.499644e+00  
513       1.787702e+01   1.752785e+01   2.485618e+00   2.486761e+00  
514       1.792240e+01   1.757081e+01   2.497303e+00   2.498540e+00  
515       1.787206e+01   1.752119e+01   2.490979e+00   2.492706e+00  
516       1.791723e+01   1.756490e+01   2.500075e+00   2.500217e+00  
517       1.786784e+01   1.751731e+01   2.489398e+00   2.491258e+00  
518       1.791870e+01   1.756476e+01   2.505743e+00   2.506076e+00  
519       1.786306e+01   1.751172e+01   2.491902e+00   2.493777e+00  
520       1.792356e+01   1.756952e+01   2.506281e+00   2.506877e+00  
521       1.787132e+01   1.751845e+01   2.498130e+00   2.499464e+00  
522       1.792764e+01   1.757210e+01   2.512032e+00   2.512193e+00  
523       1.787110e+01   1.751751e+01   2.500581e+00   2.502036e+00  
524       1.793878e+01   1.758183e+01   2.517716e+00   2.517975e+00  
525       1.787376e+01   1.751850e+01   2.506877e+00   2.507778e+00  
526       1.793274e+01   1.757446e+01   2.521883e+00   2.522204e+00  
527       1.787334e+01   1.751526e+01   2.516994e+00   2.517281e+00  
528       1.793892e+01   1.757939e+01   2.526605e+00   2.527077e+00  
529       1.787991e+01   1.752053e+01   2.521831e+00   2.522368e+00  
530       1.794018e+01   1.757788e+01   2.537017e+00   2.536030e+00  
531       1.788278e+01   1.752181e+01   2.527663e+00   2.528026e+00  
532       1.793737e+01   1.757231e+01   2.546311e+00   2.545481e+00  
533       1.788279e+01   1.751950e+01   2.535653e+00   2.536095e+00  
534       1.793739e+01   1.757086e+01   2.551669e+00   2.550259e+00  
535       1.788847e+01   1.752349e+01   2.541550e+00   2.542642e+00  
536       1.793317e+01   1.756440e+01   2.558660e+00   2.558062e+00  
537       1.789120e+01   1.752366e+01   2.550622e+00   2.551632e+00  
538       1.793303e+01   1.756192e+01   2.566822e+00   2.565923e+00  
539       1.788885e+01   1.751940e+01   2.557424e+00   2.557556e+00  
540       1.792313e+01   1.754894e+01   2.576260e+00   2.576101e+00  
541       1.789268e+01   1.752135e+01   2.564500e+00   2.563868e+00  
542       1.792496e+01   1.754863e+01   2.583900e+00   2.583235e+00  
543       1.788087e+01   1.750628e+01   2.574726e+00   2.574232e+00  
544       1.792568e+01   1.754618e+01   2.594700e+00   2.594066e+00  
545       1.788028e+01   1.750271e+01   2.585208e+00   2.583870e+00  
546       1.792416e+01   1.754322e+01   2.599510e+00   2.598783e+00  
547       1.788136e+01   1.750172e+01   2.592213e+00   2.590955e+00  
548       1.792059e+01   1.753687e+01   2.608933e+00   2.607531e+00  
549       1.787636e+01   1.749375e+01   2.601966e+00   2.600518e+00  
550       1.792110e+01   1.753532e+01   2.615995e+00   2.614435e+00  
551       1.788910e+01   1.750517e+01   2.606859e+00   2.606438e+00  
552       1.792290e+01   1.753544e+01   2.621413e+00   2.620529e+00  
553       1.789244e+01   1.750686e+01   2.612614e+00   2.612223e+00  
554       1.793169e+01   1.754265e+01   2.627655e+00   2.626072e+00  
555       1.788825e+01   1.750023e+01   2.620673e+00   2.619836e+00  
556       1.793348e+01   1.754300e+01   2.632931e+00   2.630684e+00  
557       1.790182e+01   1.751226e+01   2.626365e+00   2.626419e+00  
558       1.794034e+01   1.754799e+01   2.639409e+00   2.637659e+00  
559       1.790403e+01   1.751299e+01   2.631503e+00   2.631481e+00  
560       1.793880e+01   1.754550e+01   2.642697e+00   2.640464e+00  
561       1.791382e+01   1.752213e+01   2.634639e+00   2.634126e+00  
562       1.794264e+01   1.754822e+01   2.646458e+00   2.644676e+00  
563       1.792770e+01   1.753617e+01   2.635315e+00   2.634452e+00  
564       1.793472e+01   1.753890e+01   2.650706e+00   2.648604e+00  
565       1.792616e+01   1.753447e+01   2.635284e+00   2.635302e+00  
566       1.793577e+01   1.754030e+01   2.649767e+00   2.647323e+00  
567       1.792255e+01   1.752986e+01   2.638834e+00   2.637872e+00  
568       1.793145e+01   1.753587e+01   2.649946e+00   2.647263e+00  
569       1.793057e+01   1.753764e+01   2.639481e+00   2.640037e+00  
570       1.793197e+01   1.753674e+01   2.648920e+00   2.646067e+00  
571       1.792691e+01   1.753349e+01   2.640628e+00   2.641557e+00  
572       1.793314e+01   1.753769e+01   2.649645e+00   2.646899e+00  
573       1.793106e+01   1.753807e+01   2.639627e+00   2.640368e+00  
574       1.794062e+01   1.754507e+01   2.650581e+00   2.647808e+00  
575       1.793184e+01   1.753928e+01   2.637769e+00   2.639420e+00  
576       1.794353e+01   1.754800e+01   2.651113e+00   2.647586e+00  
577       1.793574e+01   1.754315e+01   2.638115e+00   2.639886e+00  
578       1.793567e+01   1.754102e+01   2.646847e+00   2.644827e+00  
579       1.794373e+01   1.755087e+01   2.639331e+00   2.641639e+00  
580       1.792791e+01   1.753414e+01   2.643398e+00   2.641255e+00  
581       1.794427e+01   1.755175e+01   2.638988e+00   2.639785e+00  
582       1.792484e+01   1.753144e+01   2.641514e+00   2.640272e+00  
583       1.795569e+01   1.756357e+01   2.638505e+00   2.639355e+00  
584       1.791903e+01   1.752575e+01   2.641158e+00   2.638901e+00  
585       1.795731e+01   1.756619e+01   2.635209e+00   2.636255e+00  
586       1.792864e+01   1.753600e+01   2.639546e+00   2.637688e+00  
587       1.796542e+01   1.757517e+01   2.632885e+00   2.633909e+00  
588       1.791987e+01   1.752768e+01   2.637514e+00   2.635453e+00  
589       1.796856e+01   1.757937e+01   2.629430e+00   2.630736e+00  
590       1.793599e+01   1.754426e+01   2.637154e+00   2.635206e+00  
591       1.796827e+01   1.757882e+01   2.630618e+00   2.631269e+00  
592       1.792996e+01   1.753828e+01   2.636433e+00   2.634637e+00  
593       1.797750e+01   1.758750e+01   2.633530e+00   2.633380e+00  
594       1.793958e+01   1.754803e+01   2.636027e+00   2.635568e+00  
595       1.798103e+01   1.759085e+01   2.634398e+00   2.634323e+00  
596       1.794673e+01   1.755508e+01   2.637456e+00   2.635938e+00  
597       1.798287e+01   1.759187e+01   2.637072e+00   2.637362e+00  
598       1.795207e+01   1.756000e+01   2.639518e+00   2.637491e+00  
599       1.799363e+01   1.760335e+01   2.635096e+00   2.636121e+00  
600       1.796042e+01   1.756778e+01   2.641583e+00   2.640409e+00  
601       1.799581e+01   1.760461e+01   2.638832e+00   2.638886e+00  
602       1.796443e+01   1.757168e+01   2.642259e+00   2.641075e+00  
603       1.800955e+01   1.761807e+01   2.640974e+00   2.640560e+00  
604       1.795327e+01   1.755831e+01   2.649027e+00   2.647320e+00  
605       1.801657e+01   1.762429e+01   2.643642e+00   2.644369e+00  
606       1.796766e+01   1.757228e+01   2.651838e+00   2.649446e+00  
607       1.802670e+01   1.763316e+01   2.648506e+00   2.649320e+00  
608       1.796964e+01   1.757259e+01   2.656744e+00   2.655865e+00  
609       1.803838e+01   1.764381e+01   2.653133e+00   2.653283e+00  
610       1.796876e+01   1.757109e+01   2.658569e+00   2.658020e+00  
611       1.803970e+01   1.764323e+01   2.659693e+00   2.659529e+00  
612       1.797375e+01   1.757494e+01   2.662432e+00   2.662490e+00  
613       1.805202e+01   1.765487e+01   2.662840e+00   2.662716e+00  
614       1.797120e+01   1.757115e+01   2.666396e+00   2.666294e+00  
615       1.806252e+01   1.766334e+01   2.670473e+00   2.670120e+00  
616       1.796689e+01   1.756404e+01   2.675426e+00   2.675020e+00  
617       1.806612e+01   1.766486e+01   2.677358e+00   2.677521e+00  
618       1.797631e+01   1.757305e+01   2.677786e+00   2.676794e+00  
619       1.807262e+01   1.766923e+01   2.684386e+00   2.685515e+00  
620       1.798184e+01   1.757736e+01   2.681838e+00   2.681569e+00  
621       1.807181e+01   1.766686e+01   2.689697e+00   2.690326e+00  
622       1.799267e+01   1.758639e+01   2.687973e+00   2.688814e+00  
623       1.807325e+01   1.766657e+01   2.695643e+00   2.695967e+00  
624       1.799623e+01   1.758910e+01   2.691141e+00   2.691740e+00  
625       1.807981e+01   1.767084e+01   2.703776e+00   2.703821e+00  
626       1.800211e+01   1.759426e+01   2.693450e+00   2.695037e+00  
627       1.809264e+01   1.768246e+01   2.708699e+00   2.708757e+00  
628       1.799922e+01   1.758973e+01   2.699020e+00   2.699768e+00  
629       1.810027e+01   1.768948e+01   2.711052e+00   2.711512e+00  
630       1.800014e+01   1.758909e+01   2.703942e+00   2.705155e+00  
631       1.810458e+01   1.769206e+01   2.716733e+00   2.717699e+00  
632       1.800114e+01   1.758831e+01   2.709413e+00   2.711338e+00  
633       1.809517e+01   1.768098e+01   2.721763e+00   2.722178e+00  
634       1.800206e+01   1.758844e+01   2.712429e+00   2.713573e+00  
635       1.809324e+01   1.767781e+01   2.725004e+00   2.726644e+00  
636       1.800980e+01   1.759600e+01   2.713678e+00   2.714701e+00  
637       1.808453e+01   1.766840e+01   2.726626e+00   2.728251e+00  
638       1.801768e+01   1.760398e+01   2.713774e+00   2.715134e+00  
639       1.808969e+01   1.767374e+01   2.726950e+00   2.727575e+00  
640       1.802408e+01   1.761072e+01   2.713445e+00   2.714274e+00  
641       1.809468e+01   1.767864e+01   2.727538e+00   2.728318e+00  
642       1.802508e+01   1.761112e+01   2.715159e+00   2.716599e+00  
643       1.809649e+01   1.768027e+01   2.727776e+00   2.729509e+00  
644       1.802474e+01   1.761130e+01   2.713684e+00   2.714636e+00  
645       1.809730e+01   1.768106e+01   2.727885e+00   2.729660e+00  
646       1.802468e+01   1.761131e+01   2.712962e+00   2.714885e+00  
647       1.810032e+01   1.768404e+01   2.728200e+00   2.730100e+00  
648       1.802881e+01   1.761588e+01   2.711614e+00   2.713992e+00  
649       1.809226e+01   1.767558e+01   2.728974e+00   2.730678e+00  
650       1.801668e+01   1.760359e+01   2.711013e+00   2.713771e+00  
651       1.809225e+01   1.767613e+01   2.726908e+00   2.729055e+00  
652       1.802058e+01   1.760814e+01   2.709184e+00   2.711980e+00  
653       1.808388e+01   1.766787e+01   2.725644e+00   2.728369e+00  
654       1.801936e+01   1.760769e+01   2.706594e+00   2.709390e+00  
655       1.807885e+01   1.766351e+01   2.723218e+00   2.725676e+00  
656       1.800880e+01   1.759662e+01   2.707516e+00   2.710246e+00  
657       1.808452e+01   1.767007e+01   2.721111e+00   2.722889e+00  
658       1.801389e+01   1.760238e+01   2.705800e+00   2.708329e+00  
659       1.809022e+01   1.767634e+01   2.719501e+00   2.721656e+00  
660       1.801459e+01   1.760364e+01   2.704338e+00   2.706296e+00  
661       1.809047e+01   1.767695e+01   2.718605e+00   2.720204e+00  
662       1.801035e+01   1.759858e+01   2.706736e+00   2.708517e+00  
663       1.809107e+01   1.767800e+01   2.717139e+00   2.718835e+00  
664       1.800824e+01   1.759639e+01   2.707097e+00   2.708403e+00  
665       1.808272e+01   1.766861e+01   2.720334e+00   2.721164e+00  
666       1.800724e+01   1.759543e+01   2.707166e+00   2.707953e+00  
667       1.807812e+01   1.766394e+01   2.719793e+00   2.721450e+00  
668       1.800749e+01   1.759469e+01   2.710825e+00   2.710763e+00  
669       1.806704e+01   1.765142e+01   2.723690e+00   2.725245e+00  
670       1.801029e+01   1.759779e+01   2.709917e+00   2.710115e+00  
671       1.806288e+01   1.764690e+01   2.724759e+00   2.725877e+00  
672       1.800648e+01   1.759242e+01   2.714599e+00   2.714911e+00  
673       1.805610e+01   1.763944e+01   2.726769e+00   2.727189e+00  
674       1.799998e+01   1.758477e+01   2.717591e+00   2.718401e+00  
675       1.804886e+01   1.763126e+01   2.729581e+00   2.729362e+00  
676       1.800294e+01   1.758679e+01   2.721402e+00   2.721145e+00  
677       1.804962e+01   1.763127e+01   2.732189e+00   2.731687e+00  
678       1.799774e+01   1.757967e+01   2.727589e+00   2.726556e+00  
679       1.805609e+01   1.763716e+01   2.734317e+00   2.734329e+00  
680       1.800414e+01   1.758438e+01   2.733991e+00   2.732054e+00  
681       1.806243e+01   1.764234e+01   2.738552e+00   2.738536e+00  
682       1.799431e+01   1.757256e+01   2.739750e+00   2.737538e+00  
683       1.806430e+01   1.764264e+01   2.744047e+00   2.743423e+00  
684       1.800704e+01   1.758408e+01   2.744232e+00   2.742764e+00  
685       1.805673e+01   1.763335e+01   2.748916e+00   2.748434e+00  
686       1.799701e+01   1.757191e+01   2.750375e+00   2.748789e+00  
687       1.804885e+01   1.762318e+01   2.755696e+00   2.755089e+00  
688       1.799858e+01   1.757179e+01   2.756125e+00   2.754029e+00  
689       1.803831e+01   1.761054e+01   2.761302e+00   2.761281e+00  
690       1.800108e+01   1.757257e+01   2.761887e+00   2.759672e+00  
691       1.803509e+01   1.760493e+01   2.769049e+00   2.768242e+00  
692       1.801149e+01   1.758173e+01   2.766601e+00   2.764488e+00  
693       1.803654e+01   1.760423e+01   2.776234e+00   2.774949e+00  
694       1.801455e+01   1.758347e+01   2.771208e+00   2.768718e+00  
695       1.803225e+01   1.759808e+01   2.782308e+00   2.779978e+00  
696       1.801945e+01   1.758681e+01   2.776566e+00   2.774040e+00  
697       1.803718e+01   1.760084e+01   2.789649e+00   2.787130e+00  
698       1.802133e+01   1.758726e+01   2.781269e+00   2.778713e+00  
699       1.803925e+01   1.760145e+01   2.794499e+00   2.791850e+00  
700       1.802436e+01   1.758769e+01   2.790037e+00   2.786835e+00  
701       1.803308e+01   1.759277e+01   2.802131e+00   2.799022e+00  
702       1.802628e+01   1.758789e+01   2.795266e+00   2.792737e+00  
703       1.804003e+01   1.759823e+01   2.807202e+00   2.804386e+00  
704       1.802976e+01   1.758948e+01   2.802027e+00   2.798423e+00  
705       1.803551e+01   1.759164e+01   2.813386e+00   2.810485e+00  
706       1.802794e+01   1.758569e+01   2.807905e+00   2.804605e+00  
707       1.804573e+01   1.760139e+01   2.815741e+00   2.812647e+00  
708       1.802433e+01   1.758093e+01   2.811612e+00   2.807548e+00  
709       1.804921e+01   1.760351e+01   2.820300e+00   2.817140e+00  
710       1.802835e+01   1.758360e+01   2.815738e+00   2.812524e+00  
711       1.804980e+01   1.760387e+01   2.821086e+00   2.817870e+00  
712       1.804301e+01   1.759837e+01   2.816468e+00   2.813370e+00  
713       1.805029e+01   1.760423e+01   2.821857e+00   2.818055e+00  
714       1.805386e+01   1.760961e+01   2.816378e+00   2.812711e+00  
715       1.805175e+01   1.760549e+01   2.822688e+00   2.818698e+00  
716       1.806639e+01   1.762185e+01   2.818232e+00   2.814669e+00  
717       1.804330e+01   1.759647e+01   2.823591e+00   2.820010e+00  
718       1.806643e+01   1.762143e+01   2.820213e+00   2.815568e+00  
719       1.804675e+01   1.759967e+01   2.824852e+00   2.820806e+00  
720       1.806837e+01   1.762316e+01   2.820849e+00   2.816587e+00  
721       1.805413e+01   1.760720e+01   2.824691e+00   2.821162e+00  
722       1.807213e+01   1.762679e+01   2.821301e+00   2.817504e+00  
723       1.805854e+01   1.761184e+01   2.824615e+00   2.820503e+00  
724       1.807309e+01   1.762794e+01   2.820917e+00   2.816825e+00  
725       1.806662e+01   1.761996e+01   2.825421e+00   2.820797e+00  
726       1.806937e+01   1.762445e+01   2.819546e+00   2.816235e+00  
727       1.806176e+01   1.761573e+01   2.823466e+00   2.818030e+00  
728       1.806926e+01   1.762450e+01   2.818750e+00   2.816013e+00  
729       1.807065e+01   1.762535e+01   2.821487e+00   2.816834e+00  
730       1.807097e+01   1.762683e+01   2.817145e+00   2.814003e+00  
731       1.807485e+01   1.763042e+01   2.819503e+00   2.814059e+00  
732       1.807919e+01   1.763628e+01   2.813679e+00   2.811057e+00  
733       1.808318e+01   1.763966e+01   2.816671e+00   2.812488e+00  
734       1.807379e+01   1.763127e+01   2.812762e+00   2.808667e+00  
735       1.808862e+01   1.764586e+01   2.814655e+00   2.810609e+00  
736       1.807746e+01   1.763508e+01   2.812862e+00   2.808281e+00  
737       1.809482e+01   1.765220e+01   2.814518e+00   2.810835e+00  
738       1.807238e+01   1.762961e+01   2.813281e+00   2.809464e+00  
739       1.809392e+01   1.765161e+01   2.813938e+00   2.809345e+00  
740       1.806365e+01   1.761945e+01   2.817114e+00   2.813233e+00  
741       1.809058e+01   1.764863e+01   2.812325e+00   2.808171e+00  
742       1.807545e+01   1.763133e+01   2.817715e+00   2.813995e+00  
743       1.808613e+01   1.764372e+01   2.813652e+00   2.809008e+00  
744       1.808094e+01   1.763663e+01   2.818313e+00   2.815421e+00  
745       1.809141e+01   1.764938e+01   2.813318e+00   2.807773e+00  
746       1.807974e+01   1.763434e+01   2.821611e+00   2.818786e+00  
747       1.808515e+01   1.764273e+01   2.813959e+00   2.808646e+00  
748       1.808806e+01   1.764201e+01   2.824821e+00   2.820926e+00  
749       1.808878e+01   1.764606e+01   2.815110e+00   2.809964e+00  
750       1.808422e+01   1.763711e+01   2.827808e+00   2.823976e+00  
751       1.808961e+01   1.764646e+01   2.816477e+00   2.811338e+00  
752       1.808597e+01   1.763858e+01   2.828837e+00   2.824943e+00  
753       1.809211e+01   1.764800e+01   2.819500e+00   2.814790e+00  
754       1.808385e+01   1.763572e+01   2.831160e+00   2.826933e+00  
755       1.809288e+01   1.764857e+01   2.820483e+00   2.815128e+00  
756       1.808553e+01   1.763639e+01   2.834350e+00   2.830313e+00  
757       1.809250e+01   1.764722e+01   2.823427e+00   2.818261e+00  
758       1.807859e+01   1.762846e+01   2.836992e+00   2.832705e+00  
759       1.809000e+01   1.764326e+01   2.827349e+00   2.823010e+00  
760       1.807677e+01   1.762627e+01   2.838203e+00   2.833500e+00  
761       1.809298e+01   1.764490e+01   2.831375e+00   2.827876e+00  
762       1.807282e+01   1.762143e+01   2.841256e+00   2.835323e+00  
763       1.807709e+01   1.762727e+01   2.835288e+00   2.832247e+00  
764       1.807804e+01   1.762530e+01   2.845488e+00   2.840338e+00  
765       1.807363e+01   1.762277e+01   2.838700e+00   2.834717e+00  
766       1.807298e+01   1.761852e+01   2.850375e+00   2.845318e+00  
767       1.806883e+01   1.761684e+01   2.841864e+00   2.837828e+00  
768       1.807630e+01   1.762151e+01   2.851358e+00   2.846907e+00  
769       1.806566e+01   1.761192e+01   2.847360e+00   2.842712e+00  
770       1.807318e+01   1.761800e+01   2.852335e+00   2.847805e+00  
771       1.805846e+01   1.760306e+01   2.851921e+00   2.847254e+00  
772       1.806301e+01   1.760669e+01   2.854943e+00   2.850607e+00  
773       1.806365e+01   1.760748e+01   2.854982e+00   2.849781e+00  
774       1.805857e+01   1.760091e+01   2.858965e+00   2.854161e+00  
775       1.806221e+01   1.760530e+01   2.857117e+00   2.851958e+00  
776       1.804989e+01   1.759039e+01   2.863716e+00   2.859330e+00  
777       1.806874e+01   1.761052e+01   2.862047e+00   2.856150e+00  
778       1.804340e+01   1.758291e+01   2.866138e+00   2.861998e+00  
779       1.805821e+01   1.759885e+01   2.864301e+00   2.859187e+00  
780       1.804237e+01   1.758100e+01   2.868754e+00   2.864547e+00  
781       1.806133e+01   1.760080e+01   2.868236e+00   2.862980e+00  
782       1.804488e+01   1.758322e+01   2.869663e+00   2.865853e+00  
783       1.805706e+01   1.759658e+01   2.867759e+00   2.862498e+00  
784       1.805005e+01   1.758847e+01   2.869909e+00   2.865906e+00  
785       1.805856e+01   1.759752e+01   2.869588e+00   2.864351e+00  
786       1.805340e+01   1.759199e+01   2.869469e+00   2.865844e+00  
787       1.805933e+01   1.759839e+01   2.869224e+00   2.864180e+00  
788       1.805981e+01   1.759909e+01   2.867883e+00   2.864255e+00  
789       1.805560e+01   1.759485e+01   2.868282e+00   2.863392e+00  
790       1.805342e+01   1.759346e+01   2.865175e+00   2.861227e+00  
791       1.805638e+01   1.759566e+01   2.868674e+00   2.862944e+00  
792       1.804916e+01   1.759014e+01   2.861453e+00   2.858592e+00  
793       1.805852e+01   1.759796e+01   2.868019e+00   2.862929e+00  
794       1.804789e+01   1.758913e+01   2.860542e+00   2.857632e+00  
795       1.805339e+01   1.759300e+01   2.866774e+00   2.862317e+00  
796       1.804253e+01   1.758373e+01   2.860550e+00   2.857070e+00  
797       1.806476e+01   1.760557e+01   2.863576e+00   2.859976e+00  
798       1.803220e+01   1.757394e+01   2.858280e+00   2.854331e+00  
799       1.805990e+01   1.760053e+01   2.863441e+00   2.860400e+00  
800       1.803080e+01   1.757415e+01   2.853056e+00   2.849403e+00  
801       1.805780e+01   1.759945e+01   2.859718e+00   2.857561e+00  
802       1.801584e+01   1.755985e+01   2.849739e+00   2.846248e+00  
803       1.805425e+01   1.759669e+01   2.857367e+00   2.854498e+00  
804       1.801376e+01   1.755881e+01   2.845793e+00   2.843500e+00  
805       1.804761e+01   1.759123e+01   2.853492e+00   2.849958e+00  
806       1.801244e+01   1.755855e+01   2.841835e+00   2.840661e+00  
807       1.803621e+01   1.758014e+01   2.851558e+00   2.848133e+00  
808       1.801025e+01   1.755709e+01   2.839489e+00   2.838071e+00  
809       1.802826e+01   1.757368e+01   2.846415e+00   2.842891e+00  
810       1.801019e+01   1.755815e+01   2.835630e+00   2.835106e+00  
811       1.801459e+01   1.756057e+01   2.843275e+00   2.840363e+00  
812       1.800178e+01   1.754991e+01   2.834365e+00   2.833878e+00  
813       1.801123e+01   1.755805e+01   2.840686e+00   2.837231e+00  
814       1.800388e+01   1.755243e+01   2.833094e+00   2.832877e+00  
815       1.800534e+01   1.755259e+01   2.838536e+00   2.835746e+00  
816       1.799924e+01   1.754819e+01   2.831952e+00   2.830813e+00  
817       1.801058e+01   1.755817e+01   2.837539e+00   2.835465e+00  
818       1.799849e+01   1.754746e+01   2.832189e+00   2.830349e+00  
819       1.802290e+01   1.757217e+01   2.833268e+00   2.831310e+00  
820       1.800076e+01   1.755097e+01   2.828595e+00   2.826610e+00  
821       1.802411e+01   1.757376e+01   2.832458e+00   2.829974e+00  
822       1.800956e+01   1.755972e+01   2.829313e+00   2.827649e+00  
823       1.802170e+01   1.757164e+01   2.831023e+00   2.829181e+00  
824       1.800106e+01   1.755040e+01   2.831179e+00   2.829504e+00  
825       1.802783e+01   1.757771e+01   2.832004e+00   2.829574e+00  
826       1.801324e+01   1.756274e+01   2.831477e+00   2.830124e+00  
827       1.802955e+01   1.758006e+01   2.830002e+00   2.827939e+00  
828       1.801394e+01   1.756299e+01   2.833123e+00   2.831383e+00  
829       1.802888e+01   1.757910e+01   2.830850e+00   2.828761e+00  
830       1.801700e+01   1.756611e+01   2.833260e+00   2.831372e+00  
831       1.803426e+01   1.758480e+01   2.830427e+00   2.828062e+00  
832       1.802436e+01   1.757311e+01   2.835208e+00   2.832859e+00  
833       1.804003e+01   1.759075e+01   2.830435e+00   2.827870e+00  
834       1.803414e+01   1.758283e+01   2.836094e+00   2.833903e+00  
835       1.804664e+01   1.759737e+01   2.830796e+00   2.828499e+00  
836       1.804660e+01   1.759541e+01   2.836804e+00   2.834404e+00  
837       1.805356e+01   1.760413e+01   2.832125e+00   2.829274e+00  
838       1.805859e+01   1.760698e+01   2.838775e+00   2.836971e+00  
839       1.805821e+01   1.760772e+01   2.835552e+00   2.833165e+00  
840       1.806468e+01   1.761303e+01   2.839047e+00   2.837896e+00  
841       1.806293e+01   1.761213e+01   2.837039e+00   2.834338e+00  
842       1.807833e+01   1.762710e+01   2.838546e+00   2.838007e+00  
843       1.806971e+01   1.761829e+01   2.839375e+00   2.836944e+00  
844       1.807940e+01   1.762781e+01   2.839519e+00   2.839394e+00  
845       1.807009e+01   1.761870e+01   2.839500e+00   2.836716e+00  
846       1.809750e+01   1.764596e+01   2.840736e+00   2.840728e+00  
847       1.806913e+01   1.761724e+01   2.840662e+00   2.838437e+00  
848       1.809045e+01   1.763767e+01   2.843928e+00   2.844076e+00  
849       1.808106e+01   1.762896e+01   2.842111e+00   2.840266e+00  
850       1.809217e+01   1.763875e+01   2.845869e+00   2.846432e+00  
851       1.808764e+01   1.763617e+01   2.840470e+00   2.839011e+00  
852       1.808775e+01   1.763317e+01   2.849213e+00   2.849516e+00  
853       1.809626e+01   1.764459e+01   2.841451e+00   2.840589e+00  
854       1.809015e+01   1.763563e+01   2.849598e+00   2.849206e+00  
855       1.809808e+01   1.764594e+01   2.842688e+00   2.842606e+00  
856       1.808304e+01   1.762814e+01   2.850214e+00   2.849783e+00  
857       1.810296e+01   1.765058e+01   2.843859e+00   2.843708e+00  
858       1.809001e+01   1.763568e+01   2.848709e+00   2.848886e+00  
859       1.810412e+01   1.765154e+01   2.844810e+00   2.844201e+00  
860       1.808651e+01   1.763211e+01   2.848715e+00   2.848744e+00  
861       1.809846e+01   1.764560e+01   2.845171e+00   2.844593e+00  
862       1.809203e+01   1.763831e+01   2.846889e+00   2.847249e+00  
863       1.809506e+01   1.764237e+01   2.844631e+00   2.843595e+00  
864       1.809028e+01   1.763705e+01   2.845219e+00   2.845567e+00  
865       1.809156e+01   1.763907e+01   2.843348e+00   2.843069e+00  
866       1.808860e+01   1.763669e+01   2.841150e+00   2.841209e+00  
867       1.808841e+01   1.763689e+01   2.839761e+00   2.840158e+00  
868       1.808171e+01   1.763052e+01   2.838481e+00   2.838308e+00  
869       1.808398e+01   1.763264e+01   2.838419e+00   2.839716e+00  
870       1.807677e+01   1.762614e+01   2.836433e+00   2.836118e+00  
871       1.808692e+01   1.763665e+01   2.834985e+00   2.836904e+00  
872       1.807108e+01   1.762182e+01   2.831490e+00   2.831651e+00  
873       1.808008e+01   1.763070e+01   2.831725e+00   2.833588e+00  
874       1.808091e+01   1.763292e+01   2.828212e+00   2.828540e+00  
875       1.807630e+01   1.762822e+01   2.827632e+00   2.828967e+00  
876       1.808085e+01   1.763336e+01   2.826198e+00   2.827461e+00  
877       1.807702e+01   1.763012e+01   2.823900e+00   2.825456e+00  
878       1.807462e+01   1.762823e+01   2.821950e+00   2.823804e+00  
879       1.806945e+01   1.762348e+01   2.820301e+00   2.822060e+00  
880       1.806760e+01   1.762303e+01   2.815679e+00   2.817597e+00  
881       1.806432e+01   1.761929e+01   2.817054e+00   2.818584e+00  
882       1.806437e+01   1.762131e+01   2.810578e+00   2.812757e+00  
883       1.805592e+01   1.761239e+01   2.811437e+00   2.813520e+00  
884       1.806436e+01   1.762271e+01   2.806208e+00   2.808252e+00  
885       1.804741e+01   1.760500e+01   2.807456e+00   2.809118e+00  
886       1.806906e+01   1.762915e+01   2.800861e+00   2.803418e+00  
887       1.803853e+01   1.759703e+01   2.803938e+00   2.805537e+00  
888       1.807106e+01   1.763235e+01   2.797545e+00   2.799441e+00  
889       1.803687e+01   1.759637e+01   2.800673e+00   2.802279e+00  
890       1.807548e+01   1.763797e+01   2.794098e+00   2.796086e+00  
891       1.804331e+01   1.760372e+01   2.798105e+00   2.800080e+00  
892       1.806813e+01   1.763020e+01   2.794890e+00   2.796778e+00  
893       1.804211e+01   1.760344e+01   2.795501e+00   2.796757e+00  
894       1.807086e+01   1.763391e+01   2.791956e+00   2.793981e+00  
895       1.804784e+01   1.761048e+01   2.791433e+00   2.793438e+00  
896       1.805953e+01   1.762197e+01   2.793127e+00   2.794856e+00  
897       1.804421e+01   1.760744e+01   2.789456e+00   2.791170e+00  
898       1.806338e+01   1.762573e+01   2.793728e+00   2.795420e+00  
899       1.804768e+01   1.761129e+01   2.788204e+00   2.790511e+00  
900       1.806668e+01   1.762873e+01   2.795592e+00   2.795944e+00  
901       1.804598e+01   1.760893e+01   2.789781e+00   2.792864e+00  
902       1.806973e+01   1.763155e+01   2.796361e+00   2.797165e+00  
903       1.804637e+01   1.760989e+01   2.788005e+00   2.791139e+00  
904       1.808340e+01   1.764505e+01   2.797742e+00   2.798933e+00  
905       1.804566e+01   1.760863e+01   2.789600e+00   2.792887e+00  
906       1.808868e+01   1.765035e+01   2.797795e+00   2.799597e+00  
907       1.805930e+01   1.762157e+01   2.792929e+00   2.796033e+00  
908       1.808885e+01   1.764934e+01   2.801481e+00   2.803374e+00  
909       1.806061e+01   1.762185e+01   2.795890e+00   2.799863e+00  
910       1.808954e+01   1.764964e+01   2.802712e+00   2.804671e+00  
911       1.806428e+01   1.762469e+01   2.799149e+00   2.802318e+00  
912       1.809330e+01   1.765283e+01   2.804379e+00   2.807188e+00  
913       1.805973e+01   1.761867e+01   2.803570e+00   2.806517e+00  
914       1.809074e+01   1.764954e+01   2.806363e+00   2.809468e+00  
915       1.806342e+01   1.762111e+01   2.807986e+00   2.810456e+00  
916       1.809647e+01   1.765450e+01   2.809230e+00   2.812284e+00  
917       1.806200e+01   1.761907e+01   2.809757e+00   2.812378e+00  
918       1.809799e+01   1.765440e+01   2.814467e+00   2.817450e+00  
919       1.806887e+01   1.762500e+01   2.813160e+00   2.815956e+00  
920       1.810701e+01   1.766365e+01   2.814590e+00   2.817339e+00  
921       1.807764e+01   1.763274e+01   2.817213e+00   2.819737e+00  
922       1.811416e+01   1.766970e+01   2.818686e+00   2.821249e+00  
923       1.808536e+01   1.763953e+01   2.820762e+00   2.823248e+00  
924       1.811749e+01   1.767210e+01   2.821841e+00   2.824464e+00  
925       1.808420e+01   1.763670e+01   2.825465e+00   2.828735e+00  
926       1.812192e+01   1.767566e+01   2.825388e+00   2.827077e+00  
927       1.808517e+01   1.763671e+01   2.828364e+00   2.832009e+00  
928       1.811576e+01   1.766758e+01   2.830921e+00   2.832516e+00  
929       1.808748e+01   1.763810e+01   2.831591e+00   2.834849e+00  
930       1.812032e+01   1.767077e+01   2.835591e+00   2.837142e+00  
931       1.808834e+01   1.763813e+01   2.833994e+00   2.837757e+00  
932       1.812807e+01   1.767701e+01   2.841208e+00   2.842116e+00  
933       1.808800e+01   1.763677e+01   2.837340e+00   2.840721e+00  
934       1.813457e+01   1.768335e+01   2.842148e+00   2.843243e+00  
935       1.809267e+01   1.764079e+01   2.840055e+00   2.842757e+00  
936       1.814056e+01   1.768939e+01   2.842303e+00   2.843690e+00  
937       1.809327e+01   1.764018e+01   2.844070e+00   2.846356e+00  
938       1.814435e+01   1.769294e+01   2.843215e+00   2.844916e+00  
939       1.809747e+01   1.764468e+01   2.843395e+00   2.845845e+00  
940       1.814630e+01   1.769457e+01   2.844557e+00   2.845848e+00  
941       1.809354e+01   1.764021e+01   2.845104e+00   2.846808e+00  
942       1.814244e+01   1.769089e+01   2.843716e+00   2.844967e+00  
943       1.810490e+01   1.765171e+01   2.845674e+00   2.847258e+00  
944       1.813623e+01   1.768445e+01   2.843942e+00   2.845145e+00  
945       1.810060e+01   1.764723e+01   2.846174e+00   2.847205e+00  
946       1.812967e+01   1.767767e+01   2.843924e+00   2.845529e+00  
947       1.810583e+01   1.765319e+01   2.844654e+00   2.844987e+00  
948       1.811904e+01   1.766646e+01   2.845141e+00   2.846253e+00  
949       1.810866e+01   1.765590e+01   2.845238e+00   2.845585e+00  
950       1.811735e+01   1.766558e+01   2.842458e+00   2.843594e+00  
951       1.811056e+01   1.765875e+01   2.842667e+00   2.842602e+00  
952       1.811701e+01   1.766567e+01   2.841018e+00   2.842325e+00  
953       1.810467e+01   1.765233e+01   2.843360e+00   2.844256e+00  
954       1.811472e+01   1.766352e+01   2.840654e+00   2.841431e+00  
955       1.810212e+01   1.765044e+01   2.841232e+00   2.841864e+00  
956       1.811852e+01   1.766776e+01   2.839492e+00   2.840515e+00  
957       1.809190e+01   1.763982e+01   2.841710e+00   2.842199e+00  
958       1.811585e+01   1.766565e+01   2.837740e+00   2.838308e+00  
959       1.808836e+01   1.763647e+01   2.840399e+00   2.841786e+00  
960       1.812322e+01   1.767392e+01   2.835318e+00   2.836326e+00  
961       1.808509e+01   1.763276e+01   2.841842e+00   2.842582e+00  
962       1.811732e+01   1.766810e+01   2.834538e+00   2.835703e+00  
963       1.808045e+01   1.762818e+01   2.841192e+00   2.842094e+00  
964       1.811387e+01   1.766427e+01   2.835522e+00   2.836487e+00  
965       1.807895e+01   1.762698e+01   2.840454e+00   2.840780e+00  
966       1.810601e+01   1.765548e+01   2.837385e+00   2.839151e+00  
967       1.807846e+01   1.762624e+01   2.840948e+00   2.841745e+00  
968       1.810132e+01   1.765073e+01   2.837680e+00   2.838508e+00  
969       1.807588e+01   1.762314e+01   2.842762e+00   2.842755e+00  
970       1.808823e+01   1.763658e+01   2.840041e+00   2.840645e+00  
971       1.807741e+01   1.762378e+01   2.845468e+00   2.845781e+00  
972       1.807957e+01   1.762677e+01   2.843138e+00   2.843298e+00  
973       1.807483e+01   1.762069e+01   2.847337e+00   2.846681e+00  
974       1.806737e+01   1.761359e+01   2.845355e+00   2.845228e+00  
975       1.808075e+01   1.762533e+01   2.851635e+00   2.851216e+00  
976       1.805561e+01   1.760045e+01   2.848645e+00   2.848606e+00  
977       1.807595e+01   1.761997e+01   2.853015e+00   2.852515e+00  
978       1.805555e+01   1.759937e+01   2.851728e+00   2.851747e+00  
979       1.808196e+01   1.762536e+01   2.855607e+00   2.854719e+00  
980       1.805217e+01   1.759548e+01   2.852567e+00   2.853541e+00  
981       1.807959e+01   1.762183e+01   2.859375e+00   2.857743e+00  
982       1.804772e+01   1.758977e+01   2.856080e+00   2.857107e+00  
983       1.808044e+01   1.762149e+01   2.863361e+00   2.861211e+00  
984       1.805131e+01   1.759261e+01   2.858776e+00   2.859607e+00  
985       1.807944e+01   1.761923e+01   2.867318e+00   2.864880e+00  
986       1.803857e+01   1.757839e+01   2.862425e+00   2.862994e+00  
987       1.807604e+01   1.761468e+01   2.870307e+00   2.868340e+00  
988       1.803735e+01   1.757533e+01   2.867968e+00   2.868522e+00  
989       1.808167e+01   1.761897e+01   2.875155e+00   2.872694e+00  
990       1.803339e+01   1.756983e+01   2.872162e+00   2.873121e+00  
991       1.807827e+01   1.761410e+01   2.879604e+00   2.876619e+00  
992       1.803175e+01   1.756617e+01   2.877978e+00   2.879404e+00  
993       1.807434e+01   1.760821e+01   2.885282e+00   2.882344e+00  
994       1.802396e+01   1.755623e+01   2.884557e+00   2.884688e+00  
995       1.807731e+01   1.761046e+01   2.888021e+00   2.884514e+00  
996       1.802621e+01   1.755665e+01   2.890620e+00   2.890094e+00  
997       1.807255e+01   1.760441e+01   2.891839e+00   2.887707e+00  
998       1.803335e+01   1.756255e+01   2.895223e+00   2.894178e+00  
999       1.807730e+01   1.760729e+01   2.897822e+00   2.893941e+00  
1000      1.804160e+01   1.756995e+01   2.898945e+00   2.896949e+00  
1001      1.808474e+01   1.761388e+01   2.900916e+00   2.897219e+00  
1002      1.804335e+01   1.757011e+01   2.904116e+00   2.901702e+00  
1003      1.808237e+01   1.760986e+01   2.905313e+00   2.902381e+00  
1004      1.804620e+01   1.757213e+01   2.906986e+00   2.904316e+00  
1005      1.808593e+01   1.761223e+01   2.909646e+00   2.905894e+00  
1006      1.804524e+01   1.757053e+01   2.908726e+00   2.906320e+00  
1007      1.808256e+01   1.760740e+01   2.913607e+00   2.910232e+00  
1008      1.804927e+01   1.757271e+01   2.915125e+00   2.911720e+00  
1009      1.808267e+01   1.760626e+01   2.917407e+00   2.913993e+00  
1010      1.805311e+01   1.757554e+01   2.918499e+00   2.915039e+00  
1011      1.808118e+01   1.760435e+01   2.918742e+00   2.914923e+00  
1012      1.805686e+01   1.757834e+01   2.921995e+00   2.917854e+00  
1013      1.808404e+01   1.760761e+01   2.918030e+00   2.913728e+00  
1014      1.805974e+01   1.758100e+01   2.922915e+00   2.918803e+00  
1015      1.807929e+01   1.760349e+01   2.915935e+00   2.911255e+00  
1016      1.805560e+01   1.757641e+01   2.923684e+00   2.920049e+00  
1017      1.806866e+01   1.759250e+01   2.916933e+00   2.910629e+00  
1018      1.805334e+01   1.757396e+01   2.924270e+00   2.920215e+00  
1019      1.806280e+01   1.758688e+01   2.915416e+00   2.909780e+00  
1020      1.804951e+01   1.757027e+01   2.923584e+00   2.919421e+00  
1021      1.805788e+01   1.758115e+01   2.917609e+00   2.911635e+00  
1022      1.804058e+01   1.756088e+01   2.924387e+00   2.919899e+00  
1023      1.805750e+01   1.758110e+01   2.916755e+00   2.910507e+00  
1024      1.803947e+01   1.756019e+01   2.922778e+00   2.918834e+00  
1025      1.805471e+01   1.757826e+01   2.916681e+00   2.910402e+00  
1026      1.803390e+01   1.755470e+01   2.921948e+00   2.918246e+00  
1027      1.805407e+01   1.757817e+01   2.914813e+00   2.908792e+00  
1028      1.803827e+01   1.755997e+01   2.919824e+00   2.915705e+00  
1029      1.805163e+01   1.757627e+01   2.913020e+00   2.906918e+00  
1030      1.803476e+01   1.755718e+01   2.917808e+00   2.912801e+00  
1031      1.804805e+01   1.757268e+01   2.912861e+00   2.906552e+00  
1032      1.803716e+01   1.756058e+01   2.915132e+00   2.909831e+00  
1033      1.805136e+01   1.757672e+01   2.910945e+00   2.904626e+00  
1034      1.804238e+01   1.756657e+01   2.913547e+00   2.907611e+00  
1035      1.804449e+01   1.757025e+01   2.909222e+00   2.902781e+00  
1036      1.804964e+01   1.757524e+01   2.909788e+00   2.904025e+00  
1037      1.804860e+01   1.757477e+01   2.908462e+00   2.901733e+00  
1038      1.804821e+01   1.757428e+01   2.908087e+00   2.902705e+00  
1039      1.804164e+01   1.756803e+01   2.907228e+00   2.900519e+00  
1040      1.805369e+01   1.758074e+01   2.905919e+00   2.899781e+00  
1041      1.804262e+01   1.757009e+01   2.904216e+00   2.897153e+00  
1042      1.805457e+01   1.758145e+01   2.905882e+00   2.901031e+00  
1043      1.803330e+01   1.756068e+01   2.904097e+00   2.896356e+00  
1044      1.805971e+01   1.758725e+01   2.904045e+00   2.899736e+00  
1045      1.803761e+01   1.756629e+01   2.900464e+00   2.892780e+00  
1046      1.805518e+01   1.758228e+01   2.904987e+00   2.900690e+00  
1047      1.803317e+01   1.756150e+01   2.901148e+00   2.893546e+00  
1048      1.805456e+01   1.758230e+01   2.902998e+00   2.898732e+00  
1049      1.803822e+01   1.756747e+01   2.898411e+00   2.891468e+00  
1050      1.805998e+01   1.758743e+01   2.904213e+00   2.900087e+00  
1051      1.803620e+01   1.756576e+01   2.897450e+00   2.890213e+00  
1052      1.806115e+01   1.758888e+01   2.903372e+00   2.899504e+00  
1053      1.804572e+01   1.757632e+01   2.894889e+00   2.888002e+00  
1054      1.806497e+01   1.759318e+01   2.902623e+00   2.897939e+00  
1055      1.804799e+01   1.757850e+01   2.894872e+00   2.888923e+00  
1056      1.806504e+01   1.759287e+01   2.903684e+00   2.899125e+00  
1057      1.804880e+01   1.757910e+01   2.895494e+00   2.889700e+00  
1058      1.806282e+01   1.759026e+01   2.904710e+00   2.900152e+00  
1059      1.804478e+01   1.757448e+01   2.896957e+00   2.891240e+00  
1060      1.805552e+01   1.758233e+01   2.905540e+00   2.901926e+00  
1061      1.804954e+01   1.757865e+01   2.898756e+00   2.893860e+00  
1062      1.805609e+01   1.758231e+01   2.907116e+00   2.904018e+00  
1063      1.805592e+01   1.758445e+01   2.900542e+00   2.896588e+00  
1064      1.805668e+01   1.758286e+01   2.906970e+00   2.904516e+00  
1065      1.806241e+01   1.759045e+01   2.902241e+00   2.898921e+00  
1066      1.806054e+01   1.758635e+01   2.908237e+00   2.906135e+00  
1067      1.807065e+01   1.759767e+01   2.906212e+00   2.902458e+00  
1068      1.806829e+01   1.759321e+01   2.911498e+00   2.909540e+00  
1069      1.807838e+01   1.760524e+01   2.907346e+00   2.903595e+00  
1070      1.806231e+01   1.758678e+01   2.912368e+00   2.910364e+00  
1071      1.807511e+01   1.760061e+01   2.911377e+00   2.907256e+00  
1072      1.806758e+01   1.759128e+01   2.914762e+00   2.913452e+00  
1073      1.808900e+01   1.761498e+01   2.910951e+00   2.907024e+00  
1074      1.808055e+01   1.760435e+01   2.915622e+00   2.914131e+00  
1075      1.808974e+01   1.761491e+01   2.913462e+00   2.909508e+00  
1076      1.808521e+01   1.760798e+01   2.918902e+00   2.917860e+00  
1077      1.809112e+01   1.761531e+01   2.916389e+00   2.912745e+00  
1078      1.809214e+01   1.761456e+01   2.920405e+00   2.919626e+00  
1079      1.809220e+01   1.761576e+01   2.917837e+00   2.915308e+00  
1080      1.809155e+01   1.761371e+01   2.921356e+00   2.920075e+00  
1081      1.809045e+01   1.761338e+01   2.919431e+00   2.917192e+00  
1082      1.809809e+01   1.762003e+01   2.923089e+00   2.920814e+00  
1083      1.808661e+01   1.760842e+01   2.921933e+00   2.920848e+00  
1084      1.809699e+01   1.761872e+01   2.924040e+00   2.920941e+00  
1085      1.808968e+01   1.761143e+01   2.922544e+00   2.921086e+00  
1086      1.810188e+01   1.762383e+01   2.923009e+00   2.921421e+00  
1087      1.808090e+01   1.760241e+01   2.923026e+00   2.920619e+00  
1088      1.810208e+01   1.762366e+01   2.923598e+00   2.923092e+00  
1089      1.808500e+01   1.760727e+01   2.920933e+00   2.918845e+00  
1090      1.810384e+01   1.762545e+01   2.923990e+00   2.922808e+00  
1091      1.807954e+01   1.760203e+01   2.919414e+00   2.918091e+00  
1092      1.810478e+01   1.762721e+01   2.921892e+00   2.920108e+00  
1093      1.808399e+01   1.760691e+01   2.917944e+00   2.917716e+00  
1094      1.810345e+01   1.762608e+01   2.921248e+00   2.919333e+00  
1095      1.808755e+01   1.761165e+01   2.914427e+00   2.914648e+00  
1096      1.810037e+01   1.762261e+01   2.921961e+00   2.920463e+00  
1097      1.809322e+01   1.761822e+01   2.912180e+00   2.912442e+00  
1098      1.809971e+01   1.762229e+01   2.920684e+00   2.919597e+00  
1099      1.809698e+01   1.762239e+01   2.911161e+00   2.911585e+00  
1100      1.809297e+01   1.761601e+01   2.918867e+00   2.917555e+00  
1101      1.809634e+01   1.762200e+01   2.910231e+00   2.910865e+00  
1102      1.809131e+01   1.761552e+01   2.915306e+00   2.913762e+00  
1103      1.809710e+01   1.762304e+01   2.908848e+00   2.910743e+00  
1104      1.808979e+01   1.761551e+01   2.910306e+00   2.909360e+00  
1105      1.810455e+01   1.763180e+01   2.905432e+00   2.907342e+00  
1106      1.809040e+01   1.761730e+01   2.906742e+00   2.905826e+00  
1107      1.811104e+01   1.763962e+01   2.902138e+00   2.903622e+00  
1108      1.809424e+01   1.762218e+01   2.903656e+00   2.903321e+00  
1109      1.811114e+01   1.764032e+01   2.900140e+00   2.901979e+00  
1110      1.809664e+01   1.762522e+01   2.901918e+00   2.901536e+00  
1111      1.811302e+01   1.764296e+01   2.897888e+00   2.899934e+00  
1112      1.809915e+01   1.762862e+01   2.899228e+00   2.899224e+00  
1113      1.811791e+01   1.764814e+01   2.897227e+00   2.899607e+00  
1114      1.809929e+01   1.762904e+01   2.898017e+00   2.898745e+00  
1115      1.811106e+01   1.764125e+01   2.897018e+00   2.898961e+00  
1116      1.809838e+01   1.762805e+01   2.898178e+00   2.898939e+00  
1117      1.811117e+01   1.764145e+01   2.897274e+00   2.898189e+00  
1118      1.811028e+01   1.764072e+01   2.895949e+00   2.898371e+00  
1119      1.811914e+01   1.764953e+01   2.897245e+00   2.898793e+00  
1120      1.811418e+01   1.764480e+01   2.895670e+00   2.898197e+00  
1121      1.812162e+01   1.765246e+01   2.896123e+00   2.897615e+00  
1122      1.812533e+01   1.765667e+01   2.894219e+00   2.897070e+00  
1123      1.812540e+01   1.765578e+01   2.897848e+00   2.899301e+00  
1124      1.813044e+01   1.766212e+01   2.894173e+00   2.895886e+00  
1125      1.812531e+01   1.765548e+01   2.898604e+00   2.899836e+00  
1126      1.813982e+01   1.767191e+01   2.893588e+00   2.895464e+00  
1127      1.812301e+01   1.765290e+01   2.899031e+00   2.900708e+00  
1128      1.813808e+01   1.766888e+01   2.897084e+00   2.899529e+00  
1129      1.812448e+01   1.765386e+01   2.900744e+00   2.902342e+00  
1130      1.814074e+01   1.767112e+01   2.898951e+00   2.900642e+00  
1131      1.812398e+01   1.765259e+01   2.902840e+00   2.904872e+00  
1132      1.813222e+01   1.766164e+01   2.901261e+00   2.902849e+00  
1133      1.812612e+01   1.765372e+01   2.905968e+00   2.908243e+00  
1134      1.813577e+01   1.766465e+01   2.902935e+00   2.905078e+00  
1135      1.812774e+01   1.765424e+01   2.909160e+00   2.912009e+00  
1136      1.812946e+01   1.765792e+01   2.903801e+00   2.905655e+00  
1137      1.812653e+01   1.765230e+01   2.911248e+00   2.914110e+00  
1138      1.813741e+01   1.766516e+01   2.906204e+00   2.908935e+00  
1139      1.813022e+01   1.765508e+01   2.914421e+00   2.917104e+00  
1140      1.813701e+01   1.766409e+01   2.908339e+00   2.910795e+00  
1141      1.813570e+01   1.765975e+01   2.917328e+00   2.919933e+00  
1142      1.814270e+01   1.766945e+01   2.909843e+00   2.912210e+00  
1143      1.814082e+01   1.766429e+01   2.919971e+00   2.921641e+00  
1144      1.814228e+01   1.766886e+01   2.909847e+00   2.913181e+00  
1145      1.814426e+01   1.766724e+01   2.921749e+00   2.923377e+00  
1146      1.814832e+01   1.767409e+01   2.912771e+00   2.916170e+00  
1147      1.814771e+01   1.767034e+01   2.923338e+00   2.924496e+00  
1148      1.814814e+01   1.767350e+01   2.913871e+00   2.917519e+00  
1149      1.814363e+01   1.766576e+01   2.924120e+00   2.926045e+00  
1150      1.815483e+01   1.767972e+01   2.915874e+00   2.919427e+00  
1151      1.815233e+01   1.767378e+01   2.926780e+00   2.928868e+00  
1152      1.815660e+01   1.768058e+01   2.918549e+00   2.922533e+00  
1153      1.815363e+01   1.767403e+01   2.929987e+00   2.932214e+00  
1154      1.815489e+01   1.767760e+01   2.922510e+00   2.926028e+00  
1155      1.815693e+01   1.767696e+01   2.931307e+00   2.933749e+00  
1156      1.815525e+01   1.767712e+01   2.925127e+00   2.928497e+00  
1157      1.816864e+01   1.768856e+01   2.932195e+00   2.935416e+00  
1158      1.816234e+01   1.768350e+01   2.927586e+00   2.931487e+00  
1159      1.817595e+01   1.769592e+01   2.933056e+00   2.935442e+00  
1160      1.815921e+01   1.767928e+01   2.930896e+00   2.934282e+00  
1161      1.817765e+01   1.769710e+01   2.934617e+00   2.937276e+00  
1162      1.817043e+01   1.769066e+01   2.931405e+00   2.934657e+00  
1163      1.818506e+01   1.770458e+01   2.934496e+00   2.938199e+00  
1164      1.816834e+01   1.768852e+01   2.931692e+00   2.934302e+00  
1165      1.818595e+01   1.770521e+01   2.935216e+00   2.939229e+00  
1166      1.817542e+01   1.769596e+01   2.931004e+00   2.933959e+00  
1167      1.818619e+01   1.770536e+01   2.935523e+00   2.939459e+00  
1168      1.817787e+01   1.769828e+01   2.931385e+00   2.934729e+00  
1169      1.818695e+01   1.770683e+01   2.933177e+00   2.937634e+00  
1170      1.818254e+01   1.770340e+01   2.930284e+00   2.933931e+00  
1171      1.819317e+01   1.771336e+01   2.933199e+00   2.936758e+00  
1172      1.818011e+01   1.770164e+01   2.928191e+00   2.931596e+00  
1173      1.818834e+01   1.770892e+01   2.931676e+00   2.935214e+00  
1174      1.818017e+01   1.770266e+01   2.925392e+00   2.928604e+00  
1175      1.818145e+01   1.770325e+01   2.927060e+00   2.931294e+00  
1176      1.817151e+01   1.769447e+01   2.923342e+00   2.926323e+00  
1177      1.817354e+01   1.769613e+01   2.924254e+00   2.928021e+00  
1178      1.817179e+01   1.769567e+01   2.920636e+00   2.923526e+00  
1179      1.817399e+01   1.769775e+01   2.920776e+00   2.924532e+00  
1180      1.817461e+01   1.769959e+01   2.917046e+00   2.920923e+00  
1181      1.817271e+01   1.769671e+01   2.920131e+00   2.923453e+00  
1182      1.817970e+01   1.770617e+01   2.912757e+00   2.917015e+00  
1183      1.818351e+01   1.770841e+01   2.917979e+00   2.921930e+00  
1184      1.817453e+01   1.770147e+01   2.910902e+00   2.915136e+00  
1185      1.818539e+01   1.771064e+01   2.917028e+00   2.921085e+00  
1186      1.817566e+01   1.770304e+01   2.910217e+00   2.913386e+00  
1187      1.819056e+01   1.771722e+01   2.912765e+00   2.917562e+00  
1188      1.817067e+01   1.769830e+01   2.909132e+00   2.912083e+00  
1189      1.819637e+01   1.772356e+01   2.911753e+00   2.916342e+00  
1190      1.817183e+01   1.770034e+01   2.906748e+00   2.909330e+00  
1191      1.820108e+01   1.772981e+01   2.907460e+00   2.912002e+00  
1192      1.817051e+01   1.769873e+01   2.907602e+00   2.910001e+00  
1193      1.820610e+01   1.773549e+01   2.906278e+00   2.909959e+00  
1194      1.816339e+01   1.769148e+01   2.907547e+00   2.909692e+00  
1195      1.821349e+01   1.774374e+01   2.904426e+00   2.907787e+00  
1196      1.816498e+01   1.769308e+01   2.907353e+00   2.910112e+00  
1197      1.822093e+01   1.775135e+01   2.904735e+00   2.907639e+00  
1198      1.816265e+01   1.769076e+01   2.906901e+00   2.910107e+00  
1199      1.821711e+01   1.774713e+01   2.905630e+00   2.908592e+00  
1200      1.816153e+01   1.768968e+01   2.906767e+00   2.909825e+00  
1201      1.821387e+01   1.774408e+01   2.904983e+00   2.907526e+00  
1202      1.816781e+01   1.769512e+01   2.909441e+00   2.913276e+00  
1203      1.821746e+01   1.774840e+01   2.902943e+00   2.905687e+00  
1204      1.816976e+01   1.769668e+01   2.910914e+00   2.914474e+00  
1205      1.821036e+01   1.774077e+01   2.903779e+00   2.906937e+00  
1206      1.817299e+01   1.769938e+01   2.912810e+00   2.916348e+00  
1207      1.821196e+01   1.774236e+01   2.904229e+00   2.906790e+00  
1208      1.817593e+01   1.770157e+01   2.915013e+00   2.919193e+00  
1209      1.821403e+01   1.774412e+01   2.905397e+00   2.907902e+00  
1210      1.817669e+01   1.770176e+01   2.916669e+00   2.921101e+00  
1211      1.822291e+01   1.775313e+01   2.905479e+00   2.908454e+00  
1212      1.818564e+01   1.771059e+01   2.917534e+00   2.922413e+00  
1213      1.822399e+01   1.775353e+01   2.907465e+00   2.910731e+00  
1214      1.818935e+01   1.771385e+01   2.919206e+00   2.924100e+00  
1215      1.823162e+01   1.776100e+01   2.908285e+00   2.912156e+00  
1216      1.819145e+01   1.771535e+01   2.920812e+00   2.926419e+00  
1217      1.822689e+01   1.775490e+01   2.911941e+00   2.916091e+00  
1218      1.819093e+01   1.771374e+01   2.924209e+00   2.929560e+00  
1219      1.822631e+01   1.775322e+01   2.915121e+00   2.919522e+00  
1220      1.818771e+01   1.770958e+01   2.926886e+00   2.932024e+00  
1221      1.821871e+01   1.774432e+01   2.918337e+00   2.923018e+00  
1222      1.818164e+01   1.770272e+01   2.928847e+00   2.933837e+00  
1223      1.822098e+01   1.774551e+01   2.921381e+00   2.926834e+00  
1224      1.817953e+01   1.769936e+01   2.932879e+00   2.937064e+00  
1225      1.821906e+01   1.774264e+01   2.924162e+00   2.929517e+00  
1226      1.817503e+01   1.769445e+01   2.933728e+00   2.937934e+00  
1227      1.821705e+01   1.773922e+01   2.928642e+00   2.933230e+00  
1228      1.817964e+01   1.769879e+01   2.934877e+00   2.939170e+00  
1229      1.821114e+01   1.773203e+01   2.932353e+00   2.936324e+00  
1230      1.817549e+01   1.769381e+01   2.936950e+00   2.941414e+00  
1231      1.820668e+01   1.772634e+01   2.935269e+00   2.940105e+00  
1232      1.817726e+01   1.769422e+01   2.941159e+00   2.945628e+00  
1233      1.819948e+01   1.771911e+01   2.934867e+00   2.939500e+00  
1234      1.817808e+01   1.769449e+01   2.943140e+00   2.947136e+00  
1235      1.820106e+01   1.772023e+01   2.936168e+00   2.941238e+00  
1236      1.818133e+01   1.769799e+01   2.942665e+00   2.946578e+00  
1237      1.819388e+01   1.771269e+01   2.936409e+00   2.942057e+00  
1238      1.817380e+01   1.769046e+01   2.942212e+00   2.945861e+00  
1239      1.819114e+01   1.770936e+01   2.937908e+00   2.943624e+00  
1240      1.816997e+01   1.768630e+01   2.943295e+00   2.946141e+00  
1241      1.818419e+01   1.770256e+01   2.936407e+00   2.943035e+00  
1242      1.817471e+01   1.769124e+01   2.942665e+00   2.946345e+00  
1243      1.818169e+01   1.770041e+01   2.935270e+00   2.941722e+00  
1244      1.817278e+01   1.768925e+01   2.943291e+00   2.945726e+00  
1245      1.818131e+01   1.769960e+01   2.936491e+00   2.942956e+00  
1246      1.816956e+01   1.768663e+01   2.941255e+00   2.943630e+00  
1247      1.818660e+01   1.770509e+01   2.936457e+00   2.942705e+00  
1248      1.816565e+01   1.768331e+01   2.939486e+00   2.941208e+00  
1249      1.818656e+01   1.770562e+01   2.934981e+00   2.940758e+00  
1250      1.815691e+01   1.767546e+01   2.936265e+00   2.937673e+00  
-------------------------------------------------------------------

