
**********************************************
Real-time propagation in 3D, OPTION = 2
MPI nodes = 8, OMP threads = 16, cores = 128
**********************************************

Interactions
Contact: Natoms = 1.50000000000e+05, as = 7.700000e+01 * a0, G = 1.383292e+04, G * par = 2.766584e+04
Three-body: K3 =  0.000000e+00, g3 = 0.000000e+00
Regular DDI: add = 1.101000e+02 * a0, GD = 4.721954e+03, GD * par = 9.443909e+03, edd = 1.429870e+00
     Dipolar cutoff Rcut = 6.281637e+00, Lcut = 2.038374e+02

QF = 1: h2 = 1.739320e+05, h4 = 0.000000e+00
        q3 = 0.000000e+00, q5 = 4.290593e+00

GRAD = 0

Trap parameters:
GAMMA = 0.000000e+00, NU = 0.000000e+00, LAMBDA = 0.000000e+00
Parameters of rotation: OMEGA = 0.000000e+00, OMEGA * par = 0.000000e+00

Space discretization: NX = 128, NY = 128, NZ = 128
                      DX = 3.184959e+00, DY = 9.815058e-02, DZ = 9.815058e-02
      Unit of length: aho = 5.552380e-07 m

Time discretization: NITER = 2500 (NSNAP = 1250)
                     DT = 4.816768e-03

Initial state: file ./imag3d-finalpsi.bin
ADD_VORTICES = 0, ADD_RANDOM_PHASE = 0


MUREL = 1.000000e-12, MUEND=1.000000e+05

-------------------------------------------------------------------
Snap      <r>            <x>            <y>            <z>
-------------------------------------------------------------------
0         2.045265e+01   2.043337e+01   6.278205e-01   6.278205e-01  
1         2.045264e+01   2.043337e+01   6.277020e-01   6.277020e-01  
2         2.045263e+01   2.043337e+01   6.275663e-01   6.275663e-01  
3         2.045262e+01   2.043337e+01   6.274135e-01   6.274135e-01  
4         2.045261e+01   2.043337e+01   6.272441e-01   6.272441e-01  
5         2.045260e+01   2.043336e+01   6.270586e-01   6.270586e-01  
6         2.045258e+01   2.043336e+01   6.268579e-01   6.268579e-01  
7         2.045257e+01   2.043336e+01   6.266427e-01   6.266427e-01  
8         2.045255e+01   2.043336e+01   6.264143e-01   6.264143e-01  
9         2.045253e+01   2.043335e+01   6.261740e-01   6.261740e-01  
10        2.045251e+01   2.043335e+01   6.259231e-01   6.259231e-01  
11        2.045249e+01   2.043334e+01   6.256632e-01   6.256632e-01  
12        2.045247e+01   2.043334e+01   6.253961e-01   6.253961e-01  
13        2.045245e+01   2.043333e+01   6.251235e-01   6.251235e-01  
14        2.045243e+01   2.043333e+01   6.248472e-01   6.248472e-01  
15        2.045240e+01   2.043332e+01   6.245691e-01   6.245691e-01  
16        2.045238e+01   2.043332e+01   6.242912e-01   6.242912e-01  
17        2.045236e+01   2.043331e+01   6.240155e-01   6.240155e-01  
18        2.045234e+01   2.043331e+01   6.237441e-01   6.237441e-01  
19        2.045232e+01   2.043330e+01   6.234791e-01   6.234791e-01  
20        2.045230e+01   2.043330e+01   6.232225e-01   6.232225e-01  
21        2.045228e+01   2.043329e+01   6.229764e-01   6.229764e-01  
22        2.045226e+01   2.043329e+01   6.227427e-01   6.227427e-01  
23        2.045224e+01   2.043328e+01   6.225233e-01   6.225233e-01  
24        2.045222e+01   2.043328e+01   6.223200e-01   6.223200e-01  
25        2.045221e+01   2.043327e+01   6.221342e-01   6.221342e-01  
26        2.045219e+01   2.043327e+01   6.219673e-01   6.219673e-01  
27        2.045218e+01   2.043327e+01   6.218205e-01   6.218205e-01  
28        2.045217e+01   2.043326e+01   6.216946e-01   6.216946e-01  
29        2.045216e+01   2.043326e+01   6.215903e-01   6.215903e-01  
30        2.045215e+01   2.043326e+01   6.215081e-01   6.215081e-01  
31        2.045215e+01   2.043326e+01   6.214483e-01   6.214483e-01  
32        2.045215e+01   2.043326e+01   6.214109e-01   6.214109e-01  
33        2.045214e+01   2.043326e+01   6.213958e-01   6.213958e-01  
34        2.045214e+01   2.043326e+01   6.214027e-01   6.214027e-01  
35        2.045215e+01   2.043326e+01   6.214311e-01   6.214311e-01  
36        2.045215e+01   2.043326e+01   6.214804e-01   6.214804e-01  
37        2.045215e+01   2.043326e+01   6.215499e-01   6.215499e-01  
38        2.045216e+01   2.043326e+01   6.216386e-01   6.216386e-01  
39        2.045217e+01   2.043326e+01   6.217455e-01   6.217455e-01  
40        2.045218e+01   2.043326e+01   6.218697e-01   6.218697e-01  
41        2.045219e+01   2.043326e+01   6.220100e-01   6.220100e-01  
42        2.045220e+01   2.043326e+01   6.221651e-01   6.221651e-01  
43        2.045221e+01   2.043326e+01   6.223338e-01   6.223338e-01  
44        2.045222e+01   2.043327e+01   6.225147e-01   6.225147e-01  
45        2.045224e+01   2.043327e+01   6.227066e-01   6.227066e-01  
46        2.045225e+01   2.043327e+01   6.229080e-01   6.229080e-01  
47        2.045226e+01   2.043327e+01   6.231176e-01   6.231176e-01  
48        2.045228e+01   2.043327e+01   6.233340e-01   6.233340e-01  
49        2.045230e+01   2.043328e+01   6.235557e-01   6.235557e-01  
50        2.045231e+01   2.043328e+01   6.237815e-01   6.237815e-01  
51        2.045233e+01   2.043328e+01   6.240099e-01   6.240099e-01  
52        2.045234e+01   2.043328e+01   6.242395e-01   6.242395e-01  
53        2.045236e+01   2.043328e+01   6.244692e-01   6.244692e-01  
54        2.045237e+01   2.043328e+01   6.246976e-01   6.246976e-01  
55        2.045239e+01   2.043329e+01   6.249235e-01   6.249235e-01  
56        2.045240e+01   2.043329e+01   6.251458e-01   6.251458e-01  
57        2.045242e+01   2.043329e+01   6.253633e-01   6.253633e-01  
58        2.045243e+01   2.043329e+01   6.255749e-01   6.255749e-01  
59        2.045244e+01   2.043329e+01   6.257797e-01   6.257797e-01  
60        2.045246e+01   2.043329e+01   6.259767e-01   6.259767e-01  
61        2.045247e+01   2.043329e+01   6.261650e-01   6.261650e-01  
62        2.045248e+01   2.043329e+01   6.263438e-01   6.263438e-01  
63        2.045249e+01   2.043329e+01   6.265125e-01   6.265125e-01  
64        2.045250e+01   2.043329e+01   6.266702e-01   6.266702e-01  
65        2.045250e+01   2.043329e+01   6.268164e-01   6.268164e-01  
66        2.045251e+01   2.043328e+01   6.269506e-01   6.269506e-01  
67        2.045252e+01   2.043328e+01   6.270722e-01   6.270722e-01  
68        2.045252e+01   2.043328e+01   6.271809e-01   6.271809e-01  
69        2.045252e+01   2.043328e+01   6.272763e-01   6.272763e-01  
70        2.045253e+01   2.043327e+01   6.273582e-01   6.273582e-01  
71        2.045253e+01   2.043327e+01   6.274264e-01   6.274264e-01  
72        2.045253e+01   2.043327e+01   6.274807e-01   6.274807e-01  
73        2.045253e+01   2.043326e+01   6.275212e-01   6.275212e-01  
74        2.045253e+01   2.043326e+01   6.275479e-01   6.275479e-01  
75        2.045252e+01   2.043326e+01   6.275607e-01   6.275607e-01  
76        2.045252e+01   2.043325e+01   6.275600e-01   6.275600e-01  
77        2.045251e+01   2.043325e+01   6.275459e-01   6.275459e-01  
78        2.045251e+01   2.043324e+01   6.275187e-01   6.275187e-01  
79        2.045250e+01   2.043324e+01   6.274787e-01   6.274787e-01  
80        2.045249e+01   2.043323e+01   6.274263e-01   6.274263e-01  
81        2.045248e+01   2.043323e+01   6.273620e-01   6.273620e-01  
82        2.045247e+01   2.043322e+01   6.272863e-01   6.272863e-01  
83        2.045246e+01   2.043322e+01   6.271997e-01   6.271997e-01  
84        2.045245e+01   2.043321e+01   6.271029e-01   6.271029e-01  
85        2.045243e+01   2.043320e+01   6.269964e-01   6.269964e-01  
86        2.045242e+01   2.043320e+01   6.268810e-01   6.268810e-01  
87        2.045241e+01   2.043319e+01   6.267573e-01   6.267573e-01  
88        2.045239e+01   2.043319e+01   6.266261e-01   6.266261e-01  
89        2.045238e+01   2.043318e+01   6.264882e-01   6.264882e-01  
90        2.045236e+01   2.043317e+01   6.263443e-01   6.263443e-01  
91        2.045235e+01   2.043317e+01   6.261953e-01   6.261953e-01  
92        2.045233e+01   2.043316e+01   6.260419e-01   6.260419e-01  
93        2.045232e+01   2.043315e+01   6.258849e-01   6.258849e-01  
94        2.045230e+01   2.043315e+01   6.257253e-01   6.257253e-01  
95        2.045228e+01   2.043314e+01   6.255639e-01   6.255639e-01  
96        2.045227e+01   2.043313e+01   6.254015e-01   6.254015e-01  
97        2.045225e+01   2.043313e+01   6.252390e-01   6.252390e-01  
98        2.045223e+01   2.043312e+01   6.250773e-01   6.250773e-01  
99        2.045222e+01   2.043311e+01   6.249170e-01   6.249170e-01  
100       2.045220e+01   2.043311e+01   6.247592e-01   6.247592e-01  
101       2.045219e+01   2.043310e+01   6.246044e-01   6.246044e-01  
102       2.045217e+01   2.043310e+01   6.244535e-01   6.244535e-01  
103       2.045216e+01   2.043309e+01   6.243072e-01   6.243072e-01  
104       2.045214e+01   2.043308e+01   6.241661e-01   6.241661e-01  
105       2.045213e+01   2.043308e+01   6.240309e-01   6.240309e-01  
106       2.045212e+01   2.043307e+01   6.239022e-01   6.239022e-01  
107       2.045210e+01   2.043307e+01   6.237806e-01   6.237806e-01  
108       2.045209e+01   2.043306e+01   6.236667e-01   6.236667e-01  
109       2.045208e+01   2.043306e+01   6.235609e-01   6.235609e-01  
110       2.045207e+01   2.043305e+01   6.234637e-01   6.234637e-01  
111       2.045206e+01   2.043305e+01   6.233757e-01   6.233757e-01  
112       2.045205e+01   2.043305e+01   6.232971e-01   6.232971e-01  
113       2.045204e+01   2.043304e+01   6.232283e-01   6.232283e-01  
114       2.045203e+01   2.043304e+01   6.231696e-01   6.231696e-01  
115       2.045203e+01   2.043303e+01   6.231211e-01   6.231211e-01  
116       2.045202e+01   2.043303e+01   6.230831e-01   6.230831e-01  
117       2.045202e+01   2.043303e+01   6.230556e-01   6.230556e-01  
118       2.045201e+01   2.043302e+01   6.230387e-01   6.230387e-01  
119       2.045201e+01   2.043302e+01   6.230323e-01   6.230323e-01  
120       2.045201e+01   2.043302e+01   6.230365e-01   6.230365e-01  
121       2.045200e+01   2.043301e+01   6.230511e-01   6.230511e-01  
122       2.045200e+01   2.043301e+01   6.230759e-01   6.230759e-01  
123       2.045200e+01   2.043301e+01   6.231107e-01   6.231107e-01  
124       2.045200e+01   2.043301e+01   6.231553e-01   6.231553e-01  
125       2.045200e+01   2.043301e+01   6.232093e-01   6.232093e-01  
126       2.045201e+01   2.043300e+01   6.232726e-01   6.232726e-01  
127       2.045201e+01   2.043300e+01   6.233446e-01   6.233446e-01  
128       2.045201e+01   2.043300e+01   6.234249e-01   6.234249e-01  
129       2.045201e+01   2.043300e+01   6.235131e-01   6.235131e-01  
130       2.045202e+01   2.043299e+01   6.236086e-01   6.236086e-01  
131       2.045202e+01   2.043299e+01   6.237108e-01   6.237108e-01  
132       2.045203e+01   2.043299e+01   6.238192e-01   6.238192e-01  
133       2.045203e+01   2.043299e+01   6.239331e-01   6.239331e-01  
134       2.045204e+01   2.043299e+01   6.240520e-01   6.240520e-01  
135       2.045204e+01   2.043298e+01   6.241753e-01   6.241753e-01  
136       2.045205e+01   2.043298e+01   6.243023e-01   6.243023e-01  
137       2.045205e+01   2.043298e+01   6.244324e-01   6.244324e-01  
138       2.045206e+01   2.043298e+01   6.245649e-01   6.245649e-01  
139       2.045206e+01   2.043297e+01   6.246991e-01   6.246991e-01  
140       2.045207e+01   2.043297e+01   6.248343e-01   6.248343e-01  
141       2.045208e+01   2.043297e+01   6.249698e-01   6.249698e-01  
142       2.045208e+01   2.043297e+01   6.251050e-01   6.251050e-01  
143       2.045209e+01   2.043296e+01   6.252393e-01   6.252393e-01  
144       2.045209e+01   2.043296e+01   6.253719e-01   6.253719e-01  
145       2.045209e+01   2.043296e+01   6.255023e-01   6.255023e-01  
146       2.045210e+01   2.043295e+01   6.256299e-01   6.256299e-01  
147       2.045210e+01   2.043295e+01   6.257542e-01   6.257542e-01  
148       2.045210e+01   2.043294e+01   6.258745e-01   6.258745e-01  
149       2.045211e+01   2.043294e+01   6.259904e-01   6.259904e-01  
150       2.045211e+01   2.043293e+01   6.261013e-01   6.261013e-01  
151       2.045211e+01   2.043293e+01   6.262068e-01   6.262068e-01  
152       2.045211e+01   2.043292e+01   6.263063e-01   6.263063e-01  
153       2.045211e+01   2.043291e+01   6.263995e-01   6.263995e-01  
154       2.045211e+01   2.043291e+01   6.264859e-01   6.264859e-01  
155       2.045210e+01   2.043290e+01   6.265650e-01   6.265650e-01  
156       2.045210e+01   2.043289e+01   6.266366e-01   6.266366e-01  
157       2.045210e+01   2.043288e+01   6.267003e-01   6.267003e-01  
158       2.045209e+01   2.043288e+01   6.267557e-01   6.267557e-01  
159       2.045209e+01   2.043287e+01   6.268026e-01   6.268026e-01  
160       2.045208e+01   2.043286e+01   6.268408e-01   6.268408e-01  
161       2.045207e+01   2.043285e+01   6.268701e-01   6.268701e-01  
162       2.045206e+01   2.043284e+01   6.268902e-01   6.268902e-01  
163       2.045205e+01   2.043283e+01   6.269012e-01   6.269012e-01  
164       2.045204e+01   2.043282e+01   6.269028e-01   6.269028e-01  
165       2.045203e+01   2.043280e+01   6.268952e-01   6.268952e-01  
166       2.045201e+01   2.043279e+01   6.268783e-01   6.268783e-01  
167       2.045200e+01   2.043278e+01   6.268524e-01   6.268524e-01  
168       2.045198e+01   2.043276e+01   6.268174e-01   6.268174e-01  
169       2.045197e+01   2.043275e+01   6.267738e-01   6.267738e-01  
170       2.045195e+01   2.043273e+01   6.267218e-01   6.267218e-01  
171       2.045193e+01   2.043272e+01   6.266617e-01   6.266617e-01  
172       2.045191e+01   2.043270e+01   6.265940e-01   6.265940e-01  
173       2.045188e+01   2.043268e+01   6.265193e-01   6.265193e-01  
174       2.045186e+01   2.043266e+01   6.264379e-01   6.264379e-01  
175       2.045183e+01   2.043264e+01   6.263506e-01   6.263506e-01  
176       2.045181e+01   2.043262e+01   6.262579e-01   6.262579e-01  
177       2.045178e+01   2.043260e+01   6.261605e-01   6.261605e-01  
178       2.045175e+01   2.043257e+01   6.260589e-01   6.260589e-01  
179       2.045172e+01   2.043255e+01   6.259540e-01   6.259540e-01  
180       2.045168e+01   2.043252e+01   6.258464e-01   6.258464e-01  
181       2.045165e+01   2.043249e+01   6.257369e-01   6.257369e-01  
182       2.045161e+01   2.043246e+01   6.256261e-01   6.256261e-01  
183       2.045156e+01   2.043242e+01   6.255148e-01   6.255148e-01  
184       2.045152e+01   2.043238e+01   6.254037e-01   6.254037e-01  
185       2.045147e+01   2.043234e+01   6.252936e-01   6.252936e-01  
186       2.045141e+01   2.043229e+01   6.251853e-01   6.251853e-01  
187       2.045135e+01   2.043224e+01   6.250797e-01   6.250797e-01  
188       2.045128e+01   2.043218e+01   6.249778e-01   6.249778e-01  
189       2.045121e+01   2.043211e+01   6.248804e-01   6.248804e-01  
190       2.045112e+01   2.043203e+01   6.247888e-01   6.247888e-01  
191       2.045102e+01   2.043193e+01   6.247043e-01   6.247043e-01  
192       2.045091e+01   2.043182e+01   6.246283e-01   6.246283e-01  
193       2.045078e+01   2.043170e+01   6.245625e-01   6.245625e-01  
194       2.045062e+01   2.043155e+01   6.245089e-01   6.245089e-01  
195       2.045044e+01   2.043136e+01   6.244701e-01   6.244701e-01  
196       2.045022e+01   2.043114e+01   6.244487e-01   6.244487e-01  
197       2.044994e+01   2.043087e+01   6.244482e-01   6.244482e-01  
198       2.044961e+01   2.043053e+01   6.244725e-01   6.244725e-01  
199       2.044920e+01   2.043012e+01   6.245263e-01   6.245263e-01  
200       2.044869e+01   2.042960e+01   6.246151e-01   6.246151e-01  
201       2.044807e+01   2.042897e+01   6.247451e-01   6.247451e-01  
202       2.044732e+01   2.042821e+01   6.249234e-01   6.249233e-01  
203       2.044642e+01   2.042730e+01   6.251575e-01   6.251575e-01  
204       2.044536e+01   2.042622e+01   6.254560e-01   6.254560e-01  
205       2.044412e+01   2.042496e+01   6.258279e-01   6.258279e-01  
206       2.044271e+01   2.042352e+01   6.262824e-01   6.262824e-01  
207       2.044113e+01   2.042190e+01   6.268290e-01   6.268290e-01  
208       2.043938e+01   2.042011e+01   6.274771e-01   6.274771e-01  
209       2.043748e+01   2.041816e+01   6.282359e-01   6.282359e-01  
210       2.043545e+01   2.041607e+01   6.291140e-01   6.291140e-01  
211       2.043330e+01   2.041386e+01   6.301191e-01   6.301191e-01  
212       2.043106e+01   2.041155e+01   6.312582e-01   6.312582e-01  
213       2.042877e+01   2.040917e+01   6.325373e-01   6.325372e-01  
214       2.042645e+01   2.040677e+01   6.339611e-01   6.339611e-01  
215       2.042416e+01   2.040437e+01   6.355334e-01   6.355334e-01  
216       2.042193e+01   2.040204e+01   6.372565e-01   6.372565e-01  
217       2.041982e+01   2.039981e+01   6.391314e-01   6.391314e-01  
218       2.041787e+01   2.039773e+01   6.411576e-01   6.411576e-01  
219       2.041612e+01   2.039583e+01   6.433333e-01   6.433333e-01  
220       2.041460e+01   2.039417e+01   6.456553e-01   6.456553e-01  
221       2.041335e+01   2.039276e+01   6.481189e-01   6.481189e-01  
222       2.041239e+01   2.039164e+01   6.507177e-01   6.507177e-01  
223       2.041175e+01   2.039082e+01   6.534444e-01   6.534444e-01  
224       2.041144e+01   2.039033e+01   6.562899e-01   6.562899e-01  
225       2.041148e+01   2.039018e+01   6.592442e-01   6.592442e-01  
226       2.041190e+01   2.039040e+01   6.622960e-01   6.622960e-01  
227       2.041269e+01   2.039098e+01   6.654333e-01   6.654333e-01  
228       2.041387e+01   2.039196e+01   6.686433e-01   6.686432e-01  
229       2.041544e+01   2.039332e+01   6.719124e-01   6.719124e-01  
230       2.041741e+01   2.039506e+01   6.752268e-01   6.752268e-01  
231       2.041976e+01   2.039719e+01   6.785716e-01   6.785716e-01  
232       2.042248e+01   2.039970e+01   6.819322e-01   6.819323e-01  
233       2.042557e+01   2.040257e+01   6.852938e-01   6.852938e-01  
234       2.042901e+01   2.040579e+01   6.886420e-01   6.886420e-01  
235       2.043279e+01   2.040935e+01   6.919630e-01   6.919630e-01  
236       2.043691e+01   2.041324e+01   6.952437e-01   6.952437e-01  
237       2.044134e+01   2.041745e+01   6.984724e-01   6.984724e-01  
238       2.044607e+01   2.042198e+01   7.016382e-01   7.016383e-01  
239       2.045111e+01   2.042681e+01   7.047319e-01   7.047319e-01  
240       2.045643e+01   2.043193e+01   7.077447e-01   7.077447e-01  
241       2.046202e+01   2.043733e+01   7.106689e-01   7.106689e-01  
242       2.046788e+01   2.044300e+01   7.134980e-01   7.134980e-01  
243       2.047400e+01   2.044893e+01   7.162267e-01   7.162268e-01  
244       2.048034e+01   2.045510e+01   7.188511e-01   7.188511e-01  
245       2.048690e+01   2.046148e+01   7.213679e-01   7.213680e-01  
246       2.049365e+01   2.046807e+01   7.237748e-01   7.237748e-01  
247       2.050055e+01   2.047482e+01   7.260697e-01   7.260697e-01  
248       2.050759e+01   2.048171e+01   7.282511e-01   7.282512e-01  
249       2.051471e+01   2.048870e+01   7.303183e-01   7.303183e-01  
250       2.052189e+01   2.049575e+01   7.322705e-01   7.322705e-01  
251       2.052909e+01   2.050282e+01   7.341078e-01   7.341078e-01  
252       2.053626e+01   2.050988e+01   7.358308e-01   7.358308e-01  
253       2.054337e+01   2.051688e+01   7.374409e-01   7.374408e-01  
254       2.055037e+01   2.052379e+01   7.389395e-01   7.389394e-01  
255       2.055724e+01   2.053056e+01   7.403281e-01   7.403281e-01  
256       2.056393e+01   2.053717e+01   7.416082e-01   7.416081e-01  
257       2.057043e+01   2.054360e+01   7.427810e-01   7.427810e-01  
258       2.057673e+01   2.054982e+01   7.438486e-01   7.438486e-01  
259       2.058281e+01   2.055584e+01   7.448136e-01   7.448135e-01  
260       2.058865e+01   2.056163e+01   7.456793e-01   7.456792e-01  
261       2.059426e+01   2.056719e+01   7.464504e-01   7.464503e-01  
262       2.059963e+01   2.057252e+01   7.471331e-01   7.471329e-01  
263       2.060476e+01   2.057760e+01   7.477353e-01   7.477352e-01  
264       2.060962e+01   2.058244e+01   7.482676e-01   7.482675e-01  
265       2.061421e+01   2.058700e+01   7.487426e-01   7.487424e-01  
266       2.061852e+01   2.059128e+01   7.491748e-01   7.491746e-01  
267       2.062250e+01   2.059524e+01   7.495807e-01   7.495804e-01  
268       2.062612e+01   2.059884e+01   7.499774e-01   7.499771e-01  
269       2.062934e+01   2.060203e+01   7.503831e-01   7.503829e-01  
270       2.063208e+01   2.060474e+01   7.508173e-01   7.508170e-01  
271       2.063425e+01   2.060688e+01   7.513011e-01   7.513008e-01  
272       2.063574e+01   2.060833e+01   7.518582e-01   7.518579e-01  
273       2.063639e+01   2.060893e+01   7.525144e-01   7.525141e-01  
274       2.063600e+01   2.060848e+01   7.532972e-01   7.532968e-01  
275       2.063431e+01   2.060672e+01   7.542339e-01   7.542336e-01  
276       2.063098e+01   2.060331e+01   7.553494e-01   7.553490e-01  
277       2.062565e+01   2.059787e+01   7.566632e-01   7.566628e-01  
278       2.061799e+01   2.059009e+01   7.581900e-01   7.581896e-01  
279       2.060801e+01   2.057997e+01   7.599449e-01   7.599445e-01  
280       2.059652e+01   2.056831e+01   7.619583e-01   7.619578e-01  
281       2.058812e+01   2.055972e+01   7.643863e-01   7.643858e-01  
282       2.061158e+01   2.058292e+01   7.682727e-01   7.682722e-01  
283       2.058645e+01   2.055758e+01   7.706438e-01   7.706432e-01  
284       2.057937e+01   2.055022e+01   7.741773e-01   7.741768e-01  
285       2.056889e+01   2.053945e+01   7.778371e-01   7.778366e-01  
286       2.056377e+01   2.053400e+01   7.821858e-01   7.821852e-01  
287       2.052283e+01   2.049271e+01   7.860175e-01   7.860170e-01  
288       2.055058e+01   2.051994e+01   7.931983e-01   7.931978e-01  
289       2.052195e+01   2.049078e+01   7.995069e-01   7.995068e-01  
290       2.051847e+01   2.048670e+01   8.069588e-01   8.069603e-01  
291       2.053995e+01   2.050738e+01   8.176371e-01   8.176380e-01  
292       2.052415e+01   2.049087e+01   8.260715e-01   8.260786e-01  
293       2.053811e+01   2.050388e+01   8.381289e-01   8.381359e-01  
294       2.052299e+01   2.048792e+01   8.480607e-01   8.480797e-01  
295       2.052367e+01   2.048747e+01   8.615745e-01   8.615895e-01  
296       2.051671e+01   2.047946e+01   8.738327e-01   8.738705e-01  
297       2.052463e+01   2.048604e+01   8.895699e-01   8.896045e-01  
298       2.052895e+01   2.048943e+01   9.002335e-01   9.002955e-01  
299       2.053696e+01   2.049574e+01   9.196165e-01   9.196831e-01  
300       2.053218e+01   2.048981e+01   9.321507e-01   9.322378e-01  
301       2.055863e+01   2.051433e+01   9.537986e-01   9.539077e-01  
302       2.053083e+01   2.048524e+01   9.669429e-01   9.670572e-01  
303       2.055351e+01   2.050592e+01   9.883013e-01   9.884598e-01  
304       2.052134e+01   2.047215e+01   1.004069e+00   1.004214e+00  
305       2.056529e+01   2.051375e+01   1.028838e+00   1.029048e+00  
306       2.054046e+01   2.048700e+01   1.047164e+00   1.047343e+00  
307       2.054992e+01   2.049380e+01   1.073037e+00   1.073300e+00  
308       2.054570e+01   2.048738e+01   1.093724e+00   1.093937e+00  
309       2.055144e+01   2.049005e+01   1.122274e+00   1.122590e+00  
310       2.054815e+01   2.048433e+01   1.144146e+00   1.144397e+00  
311       2.055285e+01   2.048562e+01   1.174363e+00   1.174729e+00  
312       2.055961e+01   2.048966e+01   1.198074e+00   1.198365e+00  
313       2.055592e+01   2.048219e+01   1.229754e+00   1.230173e+00  
314       2.055202e+01   2.047534e+01   1.254075e+00   1.254402e+00  
315       2.056491e+01   2.048400e+01   1.288437e+00   1.288909e+00  
316       2.056657e+01   2.048235e+01   1.314561e+00   1.314928e+00  
317       2.057565e+01   2.048691e+01   1.349582e+00   1.350101e+00  
318       2.055111e+01   2.045893e+01   1.374630e+00   1.375043e+00  
319       2.058119e+01   2.048387e+01   1.413344e+00   1.413909e+00  
320       2.057109e+01   2.046988e+01   1.440969e+00   1.441424e+00  
321       2.058392e+01   2.047734e+01   1.478959e+00   1.479583e+00  
322       2.058290e+01   2.047205e+01   1.508256e+00   1.508740e+00  
323       2.057728e+01   2.046128e+01   1.542438e+00   1.543132e+00  
324       2.057462e+01   2.045464e+01   1.568610e+00   1.569144e+00  
325       2.059680e+01   2.047190e+01   1.601095e+00   1.601856e+00  
326       2.058658e+01   2.045832e+01   1.622096e+00   1.622699e+00  
327       2.059668e+01   2.046389e+01   1.650745e+00   1.651513e+00  
328       2.059749e+01   2.046217e+01   1.666444e+00   1.667063e+00  
329       2.060893e+01   2.046999e+01   1.688980e+00   1.689660e+00  
330       2.060487e+01   2.046267e+01   1.708596e+00   1.708961e+00  
331       2.060960e+01   2.046298e+01   1.734932e+00   1.735551e+00  
332       2.060518e+01   2.045553e+01   1.752700e+00   1.752999e+00  
333       2.062502e+01   2.047230e+01   1.771199e+00   1.771693e+00  
334       2.061515e+01   2.045881e+01   1.791772e+00   1.791858e+00  
335       2.062895e+01   2.046914e+01   1.811976e+00   1.812332e+00  
336       2.061925e+01   2.045609e+01   1.830461e+00   1.830560e+00  
337       2.063311e+01   2.046640e+01   1.850697e+00   1.851054e+00  
338       2.062112e+01   2.045153e+01   1.866231e+00   1.866295e+00  
339       2.063076e+01   2.045795e+01   1.884131e+00   1.884291e+00  
340       2.062208e+01   2.044695e+01   1.896316e+00   1.896421e+00  
341       2.062982e+01   2.045195e+01   1.911326e+00   1.911587e+00  
342       2.061769e+01   2.043841e+01   1.918478e+00   1.918375e+00  
343       2.062343e+01   2.044228e+01   1.928509e+00   1.928742e+00  
344       2.061321e+01   2.043210e+01   1.927970e+00   1.927917e+00  
345       2.062327e+01   2.044135e+01   1.932584e+00   1.932772e+00  
346       2.060103e+01   2.041809e+01   1.937031e+00   1.936948e+00  
347       2.062587e+01   2.044435e+01   1.930548e+00   1.930843e+00  
348       2.060155e+01   2.041908e+01   1.934617e+00   1.934480e+00  
349       2.059964e+01   2.041705e+01   1.935014e+00   1.935161e+00  
350       2.060485e+01   2.042280e+01   1.932545e+00   1.932493e+00  
351       2.058971e+01   2.040748e+01   1.932739e+00   1.932783e+00  
352       2.060344e+01   2.042270e+01   1.925497e+00   1.925521e+00  
353       2.058717e+01   2.040527e+01   1.930869e+00   1.930937e+00  
354       2.058031e+01   2.039921e+01   1.926426e+00   1.926306e+00  
355       2.058617e+01   2.040568e+01   1.923231e+00   1.923457e+00  
356       2.057064e+01   2.038956e+01   1.925839e+00   1.925590e+00  
357       2.057683e+01   2.039700e+01   1.919317e+00   1.919545e+00  
358       2.056979e+01   2.038922e+01   1.923174e+00   1.922921e+00  
359       2.056670e+01   2.038725e+01   1.916815e+00   1.917002e+00  
360       2.056334e+01   2.038394e+01   1.916456e+00   1.916441e+00  
361       2.055697e+01   2.037747e+01   1.916689e+00   1.916771e+00  
362       2.055490e+01   2.037699e+01   1.908064e+00   1.908209e+00  
363       2.053453e+01   2.035518e+01   1.914820e+00   1.914944e+00  
364       2.053779e+01   2.035963e+01   1.908625e+00   1.908705e+00  
365       2.051171e+01   2.033327e+01   1.908803e+00   1.909068e+00  
366       2.052984e+01   2.035190e+01   1.907194e+00   1.907043e+00  
367       2.055080e+01   2.037453e+01   1.899180e+00   1.899277e+00  
368       2.054197e+01   2.036533e+01   1.901003e+00   1.900627e+00  
369       2.056611e+01   2.039083e+01   1.894563e+00   1.894585e+00  
370       2.054874e+01   2.037240e+01   1.899596e+00   1.899358e+00  
371       2.054177e+01   2.036645e+01   1.893698e+00   1.893684e+00  
372       2.055404e+01   2.037851e+01   1.895491e+00   1.895293e+00  
373       2.054031e+01   2.036456e+01   1.895955e+00   1.895867e+00  
374       2.056926e+01   2.039402e+01   1.894630e+00   1.894383e+00  
375       2.054663e+01   2.037091e+01   1.896120e+00   1.895890e+00  
376       2.056751e+01   2.039136e+01   1.899535e+00   1.899076e+00  
377       2.055907e+01   2.038254e+01   1.901026e+00   1.900853e+00  
378       2.056516e+01   2.038792e+01   1.905245e+00   1.904880e+00  
379       2.056275e+01   2.038517e+01   1.906892e+00   1.906717e+00  
380       2.055868e+01   2.037941e+01   1.915882e+00   1.915397e+00  
381       2.056186e+01   2.038200e+01   1.918963e+00   1.918745e+00  
382       2.055044e+01   2.036897e+01   1.927037e+00   1.926676e+00  
383       2.055740e+01   2.037545e+01   1.929870e+00   1.929636e+00  
384       2.057020e+01   2.038712e+01   1.936487e+00   1.936102e+00  
385       2.058290e+01   2.039881e+01   1.942355e+00   1.942127e+00  
386       2.059122e+01   2.040596e+01   1.948912e+00   1.948541e+00  
387       2.058180e+01   2.039534e+01   1.954685e+00   1.954409e+00  
388       2.059138e+01   2.040234e+01   1.968572e+00   1.968294e+00  
389       2.058590e+01   2.039536e+01   1.976042e+00   1.975824e+00  
390       2.059744e+01   2.040499e+01   1.986425e+00   1.986168e+00  
391       2.060009e+01   2.040613e+01   1.994280e+00   1.994143e+00  
392       2.062281e+01   2.042616e+01   2.009127e+00   2.008927e+00  
393       2.060673e+01   2.040814e+01   2.018113e+00   2.018008e+00  
394       2.061613e+01   2.041437e+01   2.034528e+00   2.034432e+00  
395       2.061286e+01   2.040887e+01   2.045498e+00   2.045477e+00  
396       2.063959e+01   2.043382e+01   2.055663e+00   2.055621e+00  
397       2.062003e+01   2.041025e+01   2.074519e+00   2.074576e+00  
398       2.063200e+01   2.041970e+01   2.087425e+00   2.087580e+00  
399       2.063041e+01   2.041557e+01   2.099755e+00   2.099802e+00  
400       2.065120e+01   2.043415e+01   2.111478e+00   2.111678e+00  
401       2.062879e+01   2.040801e+01   2.128354e+00   2.128385e+00  
402       2.065982e+01   2.043789e+01   2.135398e+00   2.135637e+00  
403       2.063520e+01   2.041044e+01   2.147735e+00   2.147726e+00  
404       2.066929e+01   2.044235e+01   2.159747e+00   2.160022e+00  
405       2.064687e+01   2.041756e+01   2.169831e+00   2.169872e+00  
406       2.068051e+01   2.044959e+01   2.179025e+00   2.179349e+00  
407       2.065409e+01   2.042028e+01   2.191244e+00   2.191359e+00  
408       2.068529e+01   2.044941e+01   2.202361e+00   2.202866e+00  
409       2.064509e+01   2.040664e+01   2.212274e+00   2.212409e+00  
410       2.069888e+01   2.045791e+01   2.226514e+00   2.227105e+00  
411       2.064637e+01   2.040309e+01   2.234562e+00   2.234489e+00  
412       2.070726e+01   2.046212e+01   2.246117e+00   2.246577e+00  
413       2.066827e+01   2.042201e+01   2.249396e+00   2.249214e+00  
414       2.071189e+01   2.046249e+01   2.265669e+00   2.266211e+00  
415       2.066659e+01   2.041649e+01   2.266507e+00   2.266716e+00  
416       2.072016e+01   2.046775e+01   2.279553e+00   2.280289e+00  
417       2.066091e+01   2.040802e+01   2.278745e+00   2.278902e+00  
418       2.073600e+01   2.048133e+01   2.290930e+00   2.290874e+00  
419       2.066289e+01   2.040886e+01   2.284366e+00   2.283724e+00  
420       2.073635e+01   2.048063e+01   2.295609e+00   2.295713e+00  
421       2.067610e+01   2.042251e+01   2.282853e+00   2.282658e+00  
422       2.073580e+01   2.047998e+01   2.295993e+00   2.296162e+00  
423       2.067535e+01   2.042134e+01   2.285116e+00   2.284121e+00  
424       2.074664e+01   2.049123e+01   2.294877e+00   2.294801e+00  
425       2.068333e+01   2.043043e+01   2.280448e+00   2.279808e+00  
426       2.074852e+01   2.049324e+01   2.294478e+00   2.294246e+00  
427       2.067958e+01   2.042639e+01   2.281628e+00   2.280780e+00  
428       2.076270e+01   2.050864e+01   2.289743e+00   2.289619e+00  
429       2.067230e+01   2.041936e+01   2.280158e+00   2.279172e+00  
430       2.077121e+01   2.051793e+01   2.286730e+00   2.286560e+00  
431       2.067842e+01   2.042659e+01   2.275460e+00   2.274589e+00  
432       2.076633e+01   2.051331e+01   2.285463e+00   2.284986e+00  
433       2.067419e+01   2.042307e+01   2.271902e+00   2.271305e+00  
434       2.076626e+01   2.051457e+01   2.279595e+00   2.278892e+00  
435       2.067831e+01   2.042817e+01   2.267603e+00   2.267194e+00  
436       2.076517e+01   2.051431e+01   2.275832e+00   2.275058e+00  
437       2.067733e+01   2.042836e+01   2.262197e+00   2.261986e+00  
438       2.077782e+01   2.052871e+01   2.268609e+00   2.267927e+00  
439       2.067143e+01   2.042322e+01   2.258502e+00   2.258181e+00  
440       2.078883e+01   2.054079e+01   2.264289e+00   2.263732e+00  
441       2.068406e+01   2.043748e+01   2.251831e+00   2.251438e+00  
442       2.080086e+01   2.055409e+01   2.259178e+00   2.258529e+00  
443       2.068236e+01   2.043650e+01   2.248506e+00   2.248041e+00  
444       2.081037e+01   2.056453e+01   2.255444e+00   2.254911e+00  
445       2.069257e+01   2.044851e+01   2.241017e+00   2.240227e+00  
446       2.080330e+01   2.055798e+01   2.252515e+00   2.252335e+00  
447       2.067776e+01   2.043418e+01   2.238150e+00   2.237141e+00  
448       2.079253e+01   2.054728e+01   2.251513e+00   2.251495e+00  
449       2.066045e+01   2.041608e+01   2.240697e+00   2.239830e+00  
450       2.080199e+01   2.055734e+01   2.249384e+00   2.249125e+00  
451       2.067104e+01   2.042748e+01   2.237578e+00   2.236758e+00  
452       2.083272e+01   2.058876e+01   2.248068e+00   2.247563e+00  
453       2.067399e+01   2.043093e+01   2.235438e+00   2.234634e+00  
454       2.083355e+01   2.058907e+01   2.250568e+00   2.249845e+00  
455       2.067229e+01   2.042885e+01   2.237240e+00   2.236225e+00  
456       2.082718e+01   2.058144e+01   2.256102e+00   2.255121e+00  
457       2.068596e+01   2.044230e+01   2.239045e+00   2.237820e+00  
458       2.083838e+01   2.059156e+01   2.261372e+00   2.261000e+00  
459       2.069637e+01   2.045245e+01   2.240375e+00   2.240028e+00  
460       2.084843e+01   2.060051e+01   2.266378e+00   2.267020e+00  
461       2.071155e+01   2.046640e+01   2.246801e+00   2.246538e+00  
462       2.085949e+01   2.061006e+01   2.274130e+00   2.274170e+00  
463       2.071227e+01   2.046527e+01   2.255373e+00   2.254735e+00  
464       2.086265e+01   2.061067e+01   2.285868e+00   2.285869e+00  
465       2.071030e+01   2.046071e+01   2.266754e+00   2.266619e+00  
466       2.086360e+01   2.060867e+01   2.299036e+00   2.299314e+00  
467       2.070832e+01   2.045545e+01   2.281443e+00   2.281258e+00  
468       2.086783e+01   2.060938e+01   2.315258e+00   2.314994e+00  
469       2.071970e+01   2.046379e+01   2.295387e+00   2.295759e+00  
470       2.088065e+01   2.062011e+01   2.325140e+00   2.325152e+00  
471       2.071183e+01   2.045262e+01   2.309593e+00   2.309984e+00  
472       2.088188e+01   2.061763e+01   2.341803e+00   2.341408e+00  
473       2.071216e+01   2.044943e+01   2.324951e+00   2.325722e+00  
474       2.088145e+01   2.061394e+01   2.355886e+00   2.355860e+00  
475       2.072538e+01   2.045904e+01   2.341625e+00   2.342208e+00  
476       2.089338e+01   2.062258e+01   2.370932e+00   2.370896e+00  
477       2.073700e+01   2.046733e+01   2.356733e+00   2.357455e+00  
478       2.088576e+01   2.061225e+01   2.382180e+00   2.382289e+00  
479       2.074298e+01   2.047067e+01   2.368479e+00   2.369183e+00  
480       2.090117e+01   2.062478e+01   2.395375e+00   2.395694e+00  
481       2.074648e+01   2.047058e+01   2.384299e+00   2.384775e+00  
482       2.091444e+01   2.063512e+01   2.408724e+00   2.409110e+00  
483       2.074536e+01   2.046635e+01   2.397437e+00   2.398121e+00  
484       2.092155e+01   2.063876e+01   2.424088e+00   2.424204e+00  
485       2.075185e+01   2.047044e+01   2.408042e+00   2.408712e+00  
486       2.092771e+01   2.064205e+01   2.436546e+00   2.436846e+00  
487       2.074697e+01   2.046219e+01   2.422056e+00   2.422601e+00  
488       2.093155e+01   2.064280e+01   2.449803e+00   2.450062e+00  
489       2.075597e+01   2.046885e+01   2.432656e+00   2.432859e+00  
490       2.094883e+01   2.065863e+01   2.457014e+00   2.457187e+00  
491       2.074897e+01   2.045948e+01   2.442265e+00   2.442356e+00  
492       2.093952e+01   2.064674e+01   2.467191e+00   2.467517e+00  
493       2.075359e+01   2.046363e+01   2.444853e+00   2.444199e+00  
494       2.094481e+01   2.065095e+01   2.471999e+00   2.472367e+00  
495       2.074693e+01   2.045493e+01   2.452942e+00   2.452360e+00  
496       2.095163e+01   2.065810e+01   2.471030e+00   2.471385e+00  
497       2.076014e+01   2.046872e+01   2.451205e+00   2.450805e+00  
498       2.094514e+01   2.064947e+01   2.479637e+00   2.479883e+00  
499       2.077572e+01   2.048465e+01   2.450749e+00   2.450148e+00  
500       2.093527e+01   2.064002e+01   2.477189e+00   2.477681e+00  
501       2.078425e+01   2.049323e+01   2.451129e+00   2.450415e+00  
502       2.092759e+01   2.063188e+01   2.478486e+00   2.479223e+00  
503       2.078615e+01   2.049612e+01   2.447130e+00   2.446420e+00  
504       2.092842e+01   2.063399e+01   2.473410e+00   2.473756e+00  
505       2.078804e+01   2.049748e+01   2.449252e+00   2.448868e+00  
506       2.093213e+01   2.063905e+01   2.468028e+00   2.468231e+00  
507       2.079305e+01   2.050353e+01   2.445044e+00   2.444932e+00  
508       2.093298e+01   2.064034e+01   2.466255e+00   2.466519e+00  
509       2.079630e+01   2.050747e+01   2.442302e+00   2.442394e+00  
510       2.093876e+01   2.064766e+01   2.460105e+00   2.460377e+00  
511       2.080461e+01   2.051681e+01   2.438334e+00   2.438581e+00  
512       2.092423e+01   2.063352e+01   2.457601e+00   2.457948e+00  
513       2.081114e+01   2.052428e+01   2.434676e+00   2.435099e+00  
514       2.092743e+01   2.063880e+01   2.449012e+00   2.449426e+00  
515       2.081348e+01   2.052720e+01   2.432543e+00   2.432694e+00  
516       2.091598e+01   2.062767e+01   2.446722e+00   2.447602e+00  
517       2.080617e+01   2.052080e+01   2.428204e+00   2.428421e+00  
518       2.091269e+01   2.062532e+01   2.442597e+00   2.443424e+00  
519       2.080401e+01   2.051940e+01   2.424797e+00   2.425190e+00  
520       2.089675e+01   2.060942e+01   2.441372e+00   2.442495e+00  
521       2.081196e+01   2.052777e+01   2.423388e+00   2.424015e+00  
522       2.089165e+01   2.060463e+01   2.439874e+00   2.440780e+00  
523       2.080287e+01   2.051878e+01   2.422326e+00   2.423055e+00  
524       2.088656e+01   2.059929e+01   2.440483e+00   2.441663e+00  
525       2.083059e+01   2.054633e+01   2.424820e+00   2.425349e+00  
526       2.088925e+01   2.060211e+01   2.439984e+00   2.441382e+00  
527       2.084228e+01   2.055811e+01   2.425080e+00   2.425614e+00  
528       2.090321e+01   2.061770e+01   2.433964e+00   2.435238e+00  
529       2.084269e+01   2.055796e+01   2.427496e+00   2.428001e+00  
530       2.090699e+01   2.062099e+01   2.436119e+00   2.437690e+00  
531       2.084238e+01   2.055641e+01   2.432545e+00   2.433356e+00  
532       2.090001e+01   2.061294e+01   2.440232e+00   2.441817e+00  
533       2.083542e+01   2.054747e+01   2.440123e+00   2.441681e+00  
534       2.089735e+01   2.060876e+01   2.446481e+00   2.448020e+00  
535       2.085123e+01   2.056204e+01   2.446113e+00   2.447995e+00  
536       2.089952e+01   2.060989e+01   2.450881e+00   2.452681e+00  
537       2.085755e+01   2.056678e+01   2.453385e+00   2.454784e+00  
538       2.090763e+01   2.061712e+01   2.455039e+00   2.456826e+00  
539       2.086002e+01   2.056686e+01   2.463737e+00   2.464739e+00  
540       2.089854e+01   2.060511e+01   2.466899e+00   2.468363e+00  
541       2.086625e+01   2.057076e+01   2.473839e+00   2.474724e+00  
542       2.091154e+01   2.061553e+01   2.478369e+00   2.479926e+00  
543       2.087842e+01   2.058061e+01   2.483934e+00   2.485325e+00  
544       2.091351e+01   2.061454e+01   2.490651e+00   2.492456e+00  
545       2.089539e+01   2.059452e+01   2.497262e+00   2.499335e+00  
546       2.092280e+01   2.062151e+01   2.500594e+00   2.502753e+00  
547       2.091022e+01   2.060666e+01   2.509330e+00   2.511246e+00  
548       2.093566e+01   2.063168e+01   2.512693e+00   2.514367e+00  
549       2.092031e+01   2.061393e+01   2.521335e+00   2.523475e+00  
550       2.092831e+01   2.062066e+01   2.526945e+00   2.529237e+00  
551       2.093679e+01   2.062691e+01   2.536573e+00   2.538772e+00  
552       2.093034e+01   2.062030e+01   2.536756e+00   2.539204e+00  
553       2.096021e+01   2.064858e+01   2.545035e+00   2.547429e+00  
554       2.093849e+01   2.062595e+01   2.547431e+00   2.549776e+00  
555       2.097182e+01   2.065764e+01   2.556034e+00   2.558491e+00  
556       2.093070e+01   2.061517e+01   2.558867e+00   2.561480e+00  
557       2.097566e+01   2.065831e+01   2.569040e+00   2.571444e+00  
558       2.093332e+01   2.061508e+01   2.570037e+00   2.572429e+00  
559       2.099847e+01   2.067909e+01   2.578770e+00   2.580839e+00  
560       2.093573e+01   2.061470e+01   2.581322e+00   2.583759e+00  
561       2.100340e+01   2.068111e+01   2.590536e+00   2.593069e+00  
562       2.093428e+01   2.061097e+01   2.590730e+00   2.592336e+00  
563       2.100631e+01   2.068110e+01   2.602539e+00   2.604628e+00  
564       2.093620e+01   2.061081e+01   2.598691e+00   2.601132e+00  
565       2.101568e+01   2.068861e+01   2.610343e+00   2.612656e+00  
566       2.094184e+01   2.061471e+01   2.606274e+00   2.608005e+00  
567       2.102042e+01   2.069284e+01   2.613155e+00   2.614543e+00  
568       2.093406e+01   2.060561e+01   2.610874e+00   2.612897e+00  
569       2.102689e+01   2.069963e+01   2.612251e+00   2.613716e+00  
570       2.092784e+01   2.059948e+01   2.610456e+00   2.611791e+00  
571       2.102157e+01   2.069335e+01   2.615649e+00   2.617295e+00  
572       2.093084e+01   2.060332e+01   2.607264e+00   2.608677e+00  
573       2.102267e+01   2.069347e+01   2.619716e+00   2.621112e+00  
574       2.093400e+01   2.060749e+01   2.603789e+00   2.604620e+00  
575       2.103308e+01   2.070521e+01   2.615020e+00   2.616613e+00  
576       2.092651e+01   2.059941e+01   2.605271e+00   2.606850e+00  
577       2.103230e+01   2.070418e+01   2.616456e+00   2.616977e+00  
578       2.091314e+01   2.058579e+01   2.605716e+00   2.606710e+00  
579       2.104423e+01   2.071791e+01   2.609582e+00   2.611130e+00  
580       2.091271e+01   2.058583e+01   2.603968e+00   2.604622e+00  
581       2.104690e+01   2.072046e+01   2.610121e+00   2.611796e+00  
582       2.091381e+01   2.058872e+01   2.596726e+00   2.597927e+00  
583       2.105575e+01   2.072939e+01   2.610765e+00   2.611666e+00  
584       2.092361e+01   2.059922e+01   2.594916e+00   2.595453e+00  
585       2.104864e+01   2.072279e+01   2.608346e+00   2.609157e+00  
586       2.092317e+01   2.059967e+01   2.591211e+00   2.592005e+00  
587       2.105633e+01   2.073203e+01   2.602581e+00   2.603565e+00  
588       2.092638e+01   2.060288e+01   2.590894e+00   2.592657e+00  
589       2.106016e+01   2.073686e+01   2.599083e+00   2.599518e+00  
590       2.092105e+01   2.059869e+01   2.586331e+00   2.587512e+00  
591       2.107574e+01   2.075302e+01   2.597708e+00   2.598260e+00  
592       2.091012e+01   2.058793e+01   2.584567e+00   2.586566e+00  
593       2.107919e+01   2.075735e+01   2.594297e+00   2.595087e+00  
594       2.091842e+01   2.059706e+01   2.581919e+00   2.583570e+00  
595       2.106866e+01   2.074522e+01   2.599758e+00   2.601039e+00  
596       2.091819e+01   2.059770e+01   2.578694e+00   2.579874e+00  
597       2.107103e+01   2.074863e+01   2.595501e+00   2.597348e+00  
598       2.091964e+01   2.059788e+01   2.583758e+00   2.585149e+00  
599       2.107766e+01   2.075463e+01   2.598438e+00   2.600228e+00  
600       2.092616e+01   2.060509e+01   2.581564e+00   2.582580e+00  
601       2.108009e+01   2.075739e+01   2.597016e+00   2.599315e+00  
602       2.091742e+01   2.059495e+01   2.586900e+00   2.587374e+00  
603       2.109245e+01   2.076992e+01   2.596945e+00   2.599585e+00  
604       2.092329e+01   2.060126e+01   2.585295e+00   2.586191e+00  
605       2.108304e+01   2.075841e+01   2.604959e+00   2.607186e+00  
606       2.091883e+01   2.059594e+01   2.588058e+00   2.589752e+00  
607       2.108179e+01   2.075627e+01   2.608675e+00   2.610343e+00  
608       2.091529e+01   2.059070e+01   2.594556e+00   2.596282e+00  
609       2.108005e+01   2.075288e+01   2.615010e+00   2.616899e+00  
610       2.091269e+01   2.058574e+01   2.603567e+00   2.605692e+00  
611       2.109325e+01   2.076564e+01   2.617800e+00   2.619219e+00  
612       2.092384e+01   2.059495e+01   2.611594e+00   2.614353e+00  
613       2.110286e+01   2.077290e+01   2.627882e+00   2.628991e+00  
614       2.092995e+01   2.059980e+01   2.616996e+00   2.619564e+00  
615       2.110964e+01   2.077863e+01   2.632192e+00   2.633790e+00  
616       2.092112e+01   2.058904e+01   2.624072e+00   2.626580e+00  
617       2.110229e+01   2.076803e+01   2.644325e+00   2.646352e+00  
618       2.091958e+01   2.058538e+01   2.632191e+00   2.634805e+00  
619       2.111374e+01   2.077793e+01   2.651224e+00   2.653055e+00  
620       2.092906e+01   2.059325e+01   2.638815e+00   2.642015e+00  
621       2.111486e+01   2.077828e+01   2.654003e+00   2.656404e+00  
622       2.093510e+01   2.059737e+01   2.646714e+00   2.649802e+00  
623       2.111625e+01   2.077694e+01   2.664549e+00   2.667387e+00  
624       2.091942e+01   2.057776e+01   2.660650e+00   2.664389e+00  
625       2.112305e+01   2.078147e+01   2.673840e+00   2.676664e+00  
626       2.092031e+01   2.057707e+01   2.666883e+00   2.670464e+00  
627       2.112019e+01   2.077655e+01   2.681884e+00   2.684195e+00  
628       2.092640e+01   2.058157e+01   2.673198e+00   2.677183e+00  
629       2.113048e+01   2.078490e+01   2.690088e+00   2.692373e+00  
630       2.092591e+01   2.057936e+01   2.679786e+00   2.683739e+00  
631       2.114028e+01   2.079338e+01   2.695152e+00   2.698689e+00  
632       2.093809e+01   2.059056e+01   2.684708e+00   2.687882e+00  
633       2.113829e+01   2.078901e+01   2.704320e+00   2.707561e+00  
634       2.092357e+01   2.057263e+01   2.696714e+00   2.700044e+00  
635       2.114978e+01   2.079862e+01   2.712444e+00   2.715408e+00  
636       2.094023e+01   2.058850e+01   2.700550e+00   2.704402e+00  
637       2.114894e+01   2.079648e+01   2.717121e+00   2.720554e+00  
638       2.095252e+01   2.060025e+01   2.703833e+00   2.706927e+00  
639       2.114598e+01   2.079185e+01   2.723408e+00   2.726607e+00  
640       2.095434e+01   2.060118e+01   2.707459e+00   2.710254e+00  
641       2.113422e+01   2.077849e+01   2.728697e+00   2.731961e+00  
642       2.096403e+01   2.061044e+01   2.709820e+00   2.712466e+00  
643       2.113976e+01   2.078547e+01   2.723641e+00   2.726816e+00  
644       2.096561e+01   2.061240e+01   2.708941e+00   2.710608e+00  
645       2.114170e+01   2.078790e+01   2.722105e+00   2.724931e+00  
646       2.096092e+01   2.060755e+01   2.709003e+00   2.711169e+00  
647       2.113410e+01   2.078063e+01   2.720688e+00   2.722757e+00  
648       2.096721e+01   2.061387e+01   2.709727e+00   2.711043e+00  
649       2.112976e+01   2.077742e+01   2.716422e+00   2.717804e+00  
650       2.097039e+01   2.061825e+01   2.705387e+00   2.706586e+00  
651       2.112129e+01   2.076937e+01   2.714099e+00   2.715909e+00  
652       2.098273e+01   2.063251e+01   2.699449e+00   2.699549e+00  
653       2.111328e+01   2.076231e+01   2.710014e+00   2.711640e+00  
654       2.098257e+01   2.063328e+01   2.695612e+00   2.696225e+00  
655       2.111151e+01   2.076222e+01   2.703449e+00   2.705069e+00  
656       2.099023e+01   2.064228e+01   2.691144e+00   2.691426e+00  
657       2.112131e+01   2.077280e+01   2.701409e+00   2.702380e+00  
658       2.099830e+01   2.065143e+01   2.687448e+00   2.687929e+00  
659       2.113038e+01   2.078284e+01   2.698701e+00   2.698857e+00  
660       2.100931e+01   2.066380e+01   2.683153e+00   2.683067e+00  
661       2.113271e+01   2.078578e+01   2.696540e+00   2.696573e+00  
662       2.101320e+01   2.066900e+01   2.678488e+00   2.678187e+00  
663       2.112361e+01   2.077763e+01   2.692205e+00   2.692387e+00  
664       2.103171e+01   2.068903e+01   2.673833e+00   2.673461e+00  
665       2.113379e+01   2.078899e+01   2.688414e+00   2.688405e+00  
666       2.104128e+01   2.069977e+01   2.670187e+00   2.669261e+00  
667       2.114519e+01   2.080198e+01   2.683163e+00   2.682785e+00  
668       2.104043e+01   2.069990e+01   2.666283e+00   2.665489e+00  
669       2.115775e+01   2.081585e+01   2.679137e+00   2.678249e+00  
670       2.103538e+01   2.069548e+01   2.663335e+00   2.662880e+00  
671       2.116103e+01   2.081981e+01   2.676604e+00   2.675912e+00  
672       2.104184e+01   2.070257e+01   2.661445e+00   2.660693e+00  
673       2.116452e+01   2.082375e+01   2.675457e+00   2.674050e+00  
674       2.104602e+01   2.070741e+01   2.659308e+00   2.658251e+00  
675       2.115486e+01   2.081411e+01   2.674672e+00   2.673408e+00  
676       2.104949e+01   2.071101e+01   2.659295e+00   2.657692e+00  
677       2.115590e+01   2.081509e+01   2.674999e+00   2.673684e+00  
678       2.105461e+01   2.071484e+01   2.664808e+00   2.662827e+00  
679       2.114379e+01   2.080229e+01   2.676571e+00   2.675910e+00  
680       2.105864e+01   2.071898e+01   2.665162e+00   2.662181e+00  
681       2.113089e+01   2.078902e+01   2.677116e+00   2.676636e+00  
682       2.106220e+01   2.072173e+01   2.668615e+00   2.665476e+00  
683       2.112914e+01   2.078577e+01   2.682945e+00   2.682202e+00  
684       2.107434e+01   2.073190e+01   2.677185e+00   2.673699e+00  
685       2.112084e+01   2.077682e+01   2.684849e+00   2.684216e+00  
686       2.108069e+01   2.073746e+01   2.681081e+00   2.676787e+00  
687       2.112769e+01   2.078166e+01   2.692953e+00   2.692498e+00  
688       2.109884e+01   2.075391e+01   2.688793e+00   2.684547e+00  
689       2.112511e+01   2.077845e+01   2.695252e+00   2.694772e+00  
690       2.110270e+01   2.075598e+01   2.695863e+00   2.691732e+00  
691       2.112329e+01   2.077470e+01   2.702574e+00   2.702084e+00  
692       2.110095e+01   2.075200e+01   2.703996e+00   2.700509e+00  
693       2.111021e+01   2.075881e+01   2.712576e+00   2.711949e+00  
694       2.110602e+01   2.075527e+01   2.711063e+00   2.707907e+00  
695       2.110825e+01   2.075446e+01   2.721563e+00   2.720918e+00  
696       2.111749e+01   2.076447e+01   2.720568e+00   2.717338e+00  
697       2.111778e+01   2.076304e+01   2.726028e+00   2.725039e+00  
698       2.114046e+01   2.078607e+01   2.727293e+00   2.724016e+00  
699       2.110374e+01   2.074642e+01   2.734464e+00   2.734331e+00  
700       2.114219e+01   2.078529e+01   2.737068e+00   2.733556e+00  
701       2.110045e+01   2.073999e+01   2.746158e+00   2.746027e+00  
702       2.114202e+01   2.078191e+01   2.748972e+00   2.745980e+00  
703       2.109342e+01   2.073040e+01   2.755496e+00   2.755040e+00  
704       2.116659e+01   2.080573e+01   2.753122e+00   2.750677e+00  
705       2.109675e+01   2.073338e+01   2.757169e+00   2.756445e+00  
706       2.117655e+01   2.081424e+01   2.759346e+00   2.756717e+00  
707       2.108488e+01   2.071881e+01   2.766234e+00   2.766031e+00  
708       2.118493e+01   2.082011e+01   2.769076e+00   2.766973e+00  
709       2.108241e+01   2.071411e+01   2.774279e+00   2.774339e+00  
710       2.118535e+01   2.081794e+01   2.778929e+00   2.776751e+00  
711       2.108826e+01   2.071860e+01   2.780008e+00   2.779595e+00  
712       2.118609e+01   2.081672e+01   2.786132e+00   2.784277e+00  
713       2.108516e+01   2.071315e+01   2.788781e+00   2.787867e+00  
714       2.118754e+01   2.081672e+01   2.791241e+00   2.790221e+00  
715       2.107793e+01   2.070507e+01   2.791170e+00   2.790844e+00  
716       2.120742e+01   2.083614e+01   2.794286e+00   2.793209e+00  
717       2.105737e+01   2.068306e+01   2.795190e+00   2.794766e+00  
718       2.120844e+01   2.083499e+01   2.802626e+00   2.801107e+00  
719       2.104929e+01   2.067455e+01   2.796330e+00   2.795693e+00  
720       2.122050e+01   2.084732e+01   2.802462e+00   2.800897e+00  
721       2.105620e+01   2.068209e+01   2.794316e+00   2.794064e+00  
722       2.123399e+01   2.086134e+01   2.801586e+00   2.799624e+00  
723       2.105184e+01   2.067842e+01   2.791161e+00   2.791467e+00  
724       2.121801e+01   2.084480e+01   2.802876e+00   2.800373e+00  
725       2.105062e+01   2.067705e+01   2.792060e+00   2.791558e+00  
726       2.123006e+01   2.085708e+01   2.802607e+00   2.800558e+00  
727       2.105202e+01   2.067964e+01   2.787795e+00   2.787125e+00  
728       2.123122e+01   2.085895e+01   2.799919e+00   2.798039e+00  
729       2.105028e+01   2.067838e+01   2.785757e+00   2.785417e+00  
730       2.124331e+01   2.087195e+01   2.796906e+00   2.795966e+00  
731       2.102840e+01   2.065578e+01   2.787074e+00   2.786444e+00  
732       2.125164e+01   2.088086e+01   2.795142e+00   2.794506e+00  
733       2.104898e+01   2.067798e+01   2.782605e+00   2.781651e+00  
734       2.124244e+01   2.087112e+01   2.796799e+00   2.795638e+00  
735       2.105972e+01   2.068982e+01   2.779177e+00   2.778385e+00  
736       2.123699e+01   2.086699e+01   2.791144e+00   2.790738e+00  
737       2.105841e+01   2.068917e+01   2.776720e+00   2.775683e+00  
738       2.123367e+01   2.086422e+01   2.789255e+00   2.788038e+00  
739       2.105465e+01   2.068655e+01   2.772038e+00   2.771363e+00  
740       2.123667e+01   2.086811e+01   2.785347e+00   2.785656e+00  
741       2.105358e+01   2.068593e+01   2.770447e+00   2.769528e+00  
742       2.123523e+01   2.086763e+01   2.781611e+00   2.782065e+00  
743       2.105522e+01   2.068788e+01   2.769384e+00   2.768484e+00  
744       2.122891e+01   2.086134e+01   2.781220e+00   2.781359e+00  
745       2.104917e+01   2.068186e+01   2.768840e+00   2.768033e+00  
746       2.123311e+01   2.086642e+01   2.778229e+00   2.778278e+00  
747       2.105270e+01   2.068509e+01   2.770313e+00   2.769206e+00  
748       2.122456e+01   2.085754e+01   2.778770e+00   2.779056e+00  
749       2.106076e+01   2.069322e+01   2.770370e+00   2.769741e+00  
750       2.122995e+01   2.086297e+01   2.779074e+00   2.779238e+00  
751       2.105553e+01   2.068746e+01   2.771882e+00   2.771392e+00  
752       2.123207e+01   2.086487e+01   2.780257e+00   2.779985e+00  
753       2.105676e+01   2.068953e+01   2.768493e+00   2.768740e+00  
754       2.124011e+01   2.087248e+01   2.782167e+00   2.782365e+00  
755       2.106358e+01   2.069536e+01   2.773132e+00   2.772373e+00  
756       2.123285e+01   2.086468e+01   2.783730e+00   2.783839e+00  
757       2.106914e+01   2.070111e+01   2.772488e+00   2.772387e+00  
758       2.123273e+01   2.086291e+01   2.790146e+00   2.789760e+00  
759       2.108227e+01   2.071380e+01   2.774677e+00   2.775210e+00  
760       2.123025e+01   2.085977e+01   2.792264e+00   2.792272e+00  
761       2.108770e+01   2.071793e+01   2.779962e+00   2.780332e+00  
762       2.123126e+01   2.085971e+01   2.796413e+00   2.796204e+00  
763       2.109279e+01   2.072171e+01   2.785140e+00   2.785604e+00  
764       2.122288e+01   2.085018e+01   2.799923e+00   2.800195e+00  
765       2.108859e+01   2.071638e+01   2.788941e+00   2.789618e+00  
766       2.121838e+01   2.084325e+01   2.808515e+00   2.809112e+00  
767       2.108578e+01   2.071183e+01   2.795340e+00   2.795754e+00  
768       2.121422e+01   2.083652e+01   2.817159e+00   2.818892e+00  
769       2.108712e+01   2.071083e+01   2.804136e+00   2.804456e+00  
770       2.120590e+01   2.082677e+01   2.822131e+00   2.823357e+00  
771       2.109684e+01   2.071872e+01   2.811362e+00   2.812097e+00  
772       2.121130e+01   2.083056e+01   2.828285e+00   2.829750e+00  
773       2.110832e+01   2.072739e+01   2.822139e+00   2.823472e+00  
774       2.121511e+01   2.083372e+01   2.830763e+00   2.832561e+00  
775       2.110661e+01   2.072339e+01   2.830421e+00   2.831794e+00  
776       2.120933e+01   2.082566e+01   2.838775e+00   2.840566e+00  
777       2.110377e+01   2.071810e+01   2.838987e+00   2.840728e+00  
778       2.119705e+01   2.081111e+01   2.845980e+00   2.848303e+00  
779       2.110737e+01   2.071984e+01   2.845824e+00   2.847914e+00  
780       2.119537e+01   2.080815e+01   2.850975e+00   2.852463e+00  
781       2.112004e+01   2.073175e+01   2.848695e+00   2.852321e+00  
782       2.119571e+01   2.080746e+01   2.855017e+00   2.856026e+00  
783       2.112191e+01   2.073189e+01   2.854875e+00   2.858892e+00  
784       2.118385e+01   2.079324e+01   2.862361e+00   2.864165e+00  
785       2.111894e+01   2.072649e+01   2.863181e+00   2.867852e+00  
786       2.116643e+01   2.077236e+01   2.873646e+00   2.875548e+00  
787       2.112506e+01   2.073133e+01   2.868812e+00   2.872275e+00  
788       2.116742e+01   2.077185e+01   2.878694e+00   2.881521e+00  
789       2.113448e+01   2.074077e+01   2.869709e+00   2.872609e+00  
790       2.115555e+01   2.075872e+01   2.882692e+00   2.884975e+00  
791       2.114343e+01   2.075015e+01   2.868249e+00   2.872120e+00  
792       2.113893e+01   2.074065e+01   2.886842e+00   2.888915e+00  
793       2.114249e+01   2.074845e+01   2.870662e+00   2.875088e+00  
794       2.113136e+01   2.073229e+01   2.889392e+00   2.891060e+00  
795       2.115359e+01   2.075912e+01   2.873208e+00   2.877154e+00  
796       2.112493e+01   2.072549e+01   2.890475e+00   2.891690e+00  
797       2.114746e+01   2.075300e+01   2.872739e+00   2.876754e+00  
798       2.113427e+01   2.073575e+01   2.887748e+00   2.889149e+00  
799       2.115681e+01   2.076304e+01   2.871074e+00   2.874705e+00  
800       2.112608e+01   2.072716e+01   2.888474e+00   2.890149e+00  
801       2.116114e+01   2.076760e+01   2.870625e+00   2.874085e+00  
802       2.111677e+01   2.071782e+01   2.888147e+00   2.889327e+00  
803       2.115631e+01   2.076265e+01   2.870611e+00   2.874243e+00  
804       2.111672e+01   2.071859e+01   2.885162e+00   2.886444e+00  
805       2.117152e+01   2.077903e+01   2.867285e+00   2.871218e+00  
806       2.112644e+01   2.072927e+01   2.882216e+00   2.883848e+00  
807       2.116483e+01   2.077276e+01   2.865745e+00   2.868795e+00  
808       2.112504e+01   2.072820e+01   2.880837e+00   2.882729e+00  
809       2.116020e+01   2.076871e+01   2.863383e+00   2.866319e+00  
810       2.113609e+01   2.074011e+01   2.878700e+00   2.880129e+00  
811       2.116995e+01   2.077895e+01   2.862480e+00   2.864956e+00  
812       2.113792e+01   2.074323e+01   2.873936e+00   2.875895e+00  
813       2.117465e+01   2.078497e+01   2.858082e+00   2.860463e+00  
814       2.112657e+01   2.073267e+01   2.870229e+00   2.872267e+00  
815       2.117320e+01   2.078389e+01   2.856679e+00   2.859014e+00  
816       2.112849e+01   2.073521e+01   2.867946e+00   2.870441e+00  
817       2.117598e+01   2.078681e+01   2.855975e+00   2.859036e+00  
818       2.112958e+01   2.073658e+01   2.867011e+00   2.869486e+00  
819       2.118167e+01   2.079266e+01   2.856194e+00   2.858400e+00  
820       2.113489e+01   2.074254e+01   2.864857e+00   2.867579e+00  
821       2.117823e+01   2.079012e+01   2.852842e+00   2.854777e+00  
822       2.112667e+01   2.073424e+01   2.864462e+00   2.867418e+00  
823       2.118089e+01   2.079272e+01   2.853436e+00   2.854946e+00  
824       2.112022e+01   2.072768e+01   2.864559e+00   2.867296e+00  
825       2.117874e+01   2.079050e+01   2.853514e+00   2.855103e+00  
826       2.113451e+01   2.074236e+01   2.864123e+00   2.866811e+00  
827       2.119206e+01   2.080408e+01   2.853347e+00   2.855149e+00  
828       2.112293e+01   2.073064e+01   2.863949e+00   2.866433e+00  
829       2.119050e+01   2.080238e+01   2.853989e+00   2.855351e+00  
830       2.112344e+01   2.073141e+01   2.862651e+00   2.865894e+00  
831       2.118671e+01   2.079835e+01   2.854493e+00   2.856111e+00  
832       2.112553e+01   2.073311e+01   2.864459e+00   2.867257e+00  
833       2.119121e+01   2.080256e+01   2.855910e+00   2.857382e+00  
834       2.112385e+01   2.073103e+01   2.865645e+00   2.868694e+00  
835       2.119193e+01   2.080237e+01   2.859084e+00   2.860884e+00  
836       2.112285e+01   2.072970e+01   2.867092e+00   2.869521e+00  
837       2.119974e+01   2.080890e+01   2.864400e+00   2.866005e+00  
838       2.111502e+01   2.072007e+01   2.872599e+00   2.875992e+00  
839       2.120041e+01   2.080872e+01   2.867256e+00   2.869429e+00  
840       2.112235e+01   2.072605e+01   2.878028e+00   2.881227e+00  
841       2.118039e+01   2.078644e+01   2.873920e+00   2.876352e+00  
842       2.112452e+01   2.072710e+01   2.882299e+00   2.885316e+00  
843       2.118763e+01   2.079186e+01   2.880729e+00   2.883640e+00  
844       2.112450e+01   2.072601e+01   2.885938e+00   2.889330e+00  
845       2.118683e+01   2.078891e+01   2.888352e+00   2.891482e+00  
846       2.112351e+01   2.072398e+01   2.889497e+00   2.893087e+00  
847       2.119468e+01   2.079510e+01   2.894571e+00   2.898240e+00  
848       2.112753e+01   2.072684e+01   2.894021e+00   2.897455e+00  
849       2.119054e+01   2.078969e+01   2.898684e+00   2.902666e+00  
850       2.112406e+01   2.072163e+01   2.899594e+00   2.903821e+00  
851       2.119429e+01   2.079168e+01   2.905209e+00   2.909254e+00  
852       2.111501e+01   2.071110e+01   2.904470e+00   2.908334e+00  
853       2.118500e+01   2.078034e+01   2.911821e+00   2.916025e+00  
854       2.109998e+01   2.069478e+01   2.907999e+00   2.911850e+00  
855       2.118006e+01   2.077382e+01   2.917154e+00   2.921244e+00  
856       2.110275e+01   2.069648e+01   2.912336e+00   2.915497e+00  
857       2.118415e+01   2.077728e+01   2.919809e+00   2.923613e+00  
858       2.109909e+01   2.069207e+01   2.914431e+00   2.918193e+00  
859       2.119611e+01   2.078807e+01   2.924862e+00   2.928513e+00  
860       2.108900e+01   2.068025e+01   2.919860e+00   2.923598e+00  
861       2.118014e+01   2.077104e+01   2.927661e+00   2.931047e+00  
862       2.109081e+01   2.068110e+01   2.923422e+00   2.927128e+00  
863       2.117257e+01   2.076281e+01   2.929639e+00   2.932685e+00  
864       2.110843e+01   2.069811e+01   2.926758e+00   2.930541e+00  
865       2.117549e+01   2.076553e+01   2.930514e+00   2.933605e+00  
866       2.111317e+01   2.070253e+01   2.928449e+00   2.931802e+00  
867       2.117986e+01   2.077016e+01   2.929903e+00   2.933025e+00  
868       2.110520e+01   2.069380e+01   2.930610e+00   2.933828e+00  
869       2.116740e+01   2.075692e+01   2.931612e+00   2.935044e+00  
870       2.111197e+01   2.070063e+01   2.931199e+00   2.933838e+00  
871       2.115772e+01   2.074742e+01   2.930288e+00   2.933775e+00  
872       2.112668e+01   2.071647e+01   2.928367e+00   2.930746e+00  
873       2.114908e+01   2.073972e+01   2.926434e+00   2.929788e+00  
874       2.113458e+01   2.072605e+01   2.922929e+00   2.925336e+00  
875       2.113982e+01   2.073139e+01   2.922686e+00   2.925659e+00  
876       2.112792e+01   2.072022e+01   2.919495e+00   2.922052e+00  
877       2.113838e+01   2.073085e+01   2.919377e+00   2.922358e+00  
878       2.112907e+01   2.072268e+01   2.915134e+00   2.917224e+00  
879       2.114317e+01   2.073573e+01   2.919356e+00   2.922425e+00  
880       2.111496e+01   2.070927e+01   2.911648e+00   2.913769e+00  
881       2.115227e+01   2.074635e+01   2.914485e+00   2.917756e+00  
882       2.110739e+01   2.070261e+01   2.907827e+00   2.910038e+00  
883       2.116136e+01   2.075628e+01   2.912145e+00   2.915336e+00  
884       2.110487e+01   2.070167e+01   2.901918e+00   2.904358e+00  
885       2.115675e+01   2.075214e+01   2.909902e+00   2.913614e+00  
886       2.109606e+01   2.069308e+01   2.900644e+00   2.902781e+00  
887       2.115011e+01   2.074710e+01   2.903531e+00   2.907622e+00  
888       2.110027e+01   2.069905e+01   2.894603e+00   2.896926e+00  
889       2.116069e+01   2.075871e+01   2.900574e+00   2.904689e+00  
890       2.109864e+01   2.069850e+01   2.890471e+00   2.893038e+00  
891       2.115911e+01   2.075837e+01   2.896155e+00   2.900092e+00  
892       2.110158e+01   2.070254e+01   2.886459e+00   2.889646e+00  
893       2.114535e+01   2.074519e+01   2.893648e+00   2.896550e+00  
894       2.110132e+01   2.070296e+01   2.884154e+00   2.887045e+00  
895       2.115321e+01   2.075423e+01   2.889878e+00   2.892952e+00  
896       2.110679e+01   2.070967e+01   2.879810e+00   2.883170e+00  
897       2.114369e+01   2.074492e+01   2.888419e+00   2.891597e+00  
898       2.111395e+01   2.071829e+01   2.875159e+00   2.878285e+00  
899       2.113928e+01   2.074141e+01   2.884576e+00   2.888255e+00  
900       2.111287e+01   2.071764e+01   2.873472e+00   2.876791e+00  
901       2.113321e+01   2.073530e+01   2.884006e+00   2.888315e+00  
902       2.112719e+01   2.073243e+01   2.872712e+00   2.876106e+00  
903       2.113773e+01   2.074017e+01   2.882753e+00   2.887702e+00  
904       2.112709e+01   2.073187e+01   2.874534e+00   2.877580e+00  
905       2.114397e+01   2.074712e+01   2.880543e+00   2.885683e+00  
906       2.112530e+01   2.072996e+01   2.874463e+00   2.878226e+00  
907       2.114377e+01   2.074644e+01   2.882099e+00   2.887495e+00  
908       2.113183e+01   2.073685e+01   2.873666e+00   2.877397e+00  
909       2.114786e+01   2.075076e+01   2.881561e+00   2.886998e+00  
910       2.113938e+01   2.074384e+01   2.876062e+00   2.880081e+00  
911       2.115679e+01   2.075922e+01   2.883566e+00   2.889589e+00  
912       2.113906e+01   2.074295e+01   2.878055e+00   2.882117e+00  
913       2.115526e+01   2.075687e+01   2.886409e+00   2.892345e+00  
914       2.113949e+01   2.074255e+01   2.880474e+00   2.885761e+00  
915       2.115310e+01   2.075394e+01   2.889026e+00   2.895030e+00  
916       2.114449e+01   2.074638e+01   2.884751e+00   2.890591e+00  
917       2.115624e+01   2.075589e+01   2.893237e+00   2.899775e+00  
918       2.114172e+01   2.074269e+01   2.887458e+00   2.894084e+00  
919       2.115477e+01   2.075305e+01   2.898112e+00   2.904476e+00  
920       2.115196e+01   2.075140e+01   2.892788e+00   2.901112e+00  
921       2.115501e+01   2.075172e+01   2.903774e+00   2.910113e+00  
922       2.115131e+01   2.074947e+01   2.897017e+00   2.905918e+00  
923       2.115123e+01   2.074626e+01   2.909336e+00   2.915996e+00  
924       2.115583e+01   2.075276e+01   2.901412e+00   2.911061e+00  
925       2.114538e+01   2.073876e+01   2.914675e+00   2.921583e+00  
926       2.114765e+01   2.074263e+01   2.907830e+00   2.917349e+00  
927       2.114798e+01   2.073954e+01   2.921340e+00   2.928226e+00  
928       2.114501e+01   2.073843e+01   2.912786e+00   2.923068e+00  
929       2.114881e+01   2.073898e+01   2.925968e+00   2.933493e+00  
930       2.115133e+01   2.074344e+01   2.918179e+00   2.927903e+00  
931       2.115761e+01   2.074674e+01   2.929806e+00   2.938264e+00  
932       2.116122e+01   2.075192e+01   2.923780e+00   2.933711e+00  
933       2.117416e+01   2.076288e+01   2.931937e+00   2.941380e+00  
934       2.117589e+01   2.076580e+01   2.927876e+00   2.937234e+00  
935       2.117793e+01   2.076555e+01   2.935588e+00   2.945987e+00  
936       2.118429e+01   2.077305e+01   2.932435e+00   2.942010e+00  
937       2.118591e+01   2.077276e+01   2.938571e+00   2.949575e+00  
938       2.118010e+01   2.076845e+01   2.934095e+00   2.942612e+00  
939       2.118109e+01   2.076653e+01   2.942872e+00   2.954508e+00  
940       2.119054e+01   2.077826e+01   2.937105e+00   2.945607e+00  
941       2.119271e+01   2.077747e+01   2.946176e+00   2.957656e+00  
942       2.119492e+01   2.078214e+01   2.938900e+00   2.947848e+00  
943       2.120274e+01   2.078752e+01   2.946922e+00   2.958163e+00  
944       2.118878e+01   2.077519e+01   2.941041e+00   2.950647e+00  
945       2.120130e+01   2.078652e+01   2.945082e+00   2.956734e+00  
946       2.117617e+01   2.076244e+01   2.940800e+00   2.950044e+00  
947       2.120218e+01   2.078781e+01   2.943811e+00   2.955285e+00  
948       2.117779e+01   2.076465e+01   2.938879e+00   2.948041e+00  
949       2.120962e+01   2.079585e+01   2.941931e+00   2.953902e+00  
950       2.118144e+01   2.076921e+01   2.935908e+00   2.945146e+00  
951       2.120231e+01   2.078954e+01   2.938157e+00   2.949660e+00  
952       2.118001e+01   2.076827e+01   2.933998e+00   2.943376e+00  
953       2.120417e+01   2.079188e+01   2.936562e+00   2.948053e+00  
954       2.117386e+01   2.076194e+01   2.933965e+00   2.943805e+00  
955       2.120381e+01   2.079226e+01   2.934082e+00   2.945218e+00  
956       2.117831e+01   2.076753e+01   2.930093e+00   2.940254e+00  
957       2.121159e+01   2.080087e+01   2.931614e+00   2.942964e+00  
958       2.117895e+01   2.076906e+01   2.926751e+00   2.937354e+00  
959       2.120840e+01   2.079879e+01   2.927514e+00   2.938754e+00  
960       2.118038e+01   2.077132e+01   2.923862e+00   2.934595e+00  
961       2.121220e+01   2.080381e+01   2.923432e+00   2.934700e+00  
962       2.117464e+01   2.076532e+01   2.924227e+00   2.935257e+00  
963       2.120837e+01   2.080030e+01   2.922082e+00   2.933266e+00  
964       2.117819e+01   2.077011e+01   2.919959e+00   2.931212e+00  
965       2.120297e+01   2.079520e+01   2.920742e+00   2.931696e+00  
966       2.118961e+01   2.078228e+01   2.917841e+00   2.929644e+00  
967       2.120534e+01   2.079779e+01   2.920136e+00   2.931089e+00  
968       2.119363e+01   2.078647e+01   2.917474e+00   2.929323e+00  
969       2.120976e+01   2.080202e+01   2.920948e+00   2.932252e+00  
970       2.118257e+01   2.077545e+01   2.916391e+00   2.928603e+00  
971       2.120465e+01   2.079762e+01   2.917933e+00   2.929488e+00  
972       2.117993e+01   2.077288e+01   2.915671e+00   2.928459e+00  
973       2.121221e+01   2.080588e+01   2.915935e+00   2.927574e+00  
974       2.118480e+01   2.077815e+01   2.914298e+00   2.927665e+00  
975       2.120559e+01   2.079903e+01   2.915801e+00   2.928383e+00  
976       2.117890e+01   2.077248e+01   2.913176e+00   2.926276e+00  
977       2.120454e+01   2.079847e+01   2.913828e+00   2.926724e+00  
978       2.117803e+01   2.077154e+01   2.913578e+00   2.926273e+00  
979       2.120952e+01   2.080361e+01   2.913560e+00   2.926559e+00  
980       2.117807e+01   2.077104e+01   2.915499e+00   2.928213e+00  
981       2.119982e+01   2.079346e+01   2.913893e+00   2.928028e+00  
982       2.118359e+01   2.077647e+01   2.916509e+00   2.928601e+00  
983       2.119089e+01   2.078337e+01   2.917358e+00   2.931626e+00  
984       2.119090e+01   2.078271e+01   2.920795e+00   2.932904e+00  
985       2.119279e+01   2.078476e+01   2.918793e+00   2.934076e+00  
986       2.119995e+01   2.079087e+01   2.924552e+00   2.936772e+00  
987       2.118872e+01   2.077934e+01   2.923076e+00   2.938857e+00  
988       2.121016e+01   2.079994e+01   2.929388e+00   2.941436e+00  
989       2.118705e+01   2.077761e+01   2.923214e+00   2.938872e+00  
990       2.121428e+01   2.080270e+01   2.934150e+00   2.946831e+00  
991       2.118138e+01   2.077029e+01   2.928286e+00   2.944624e+00  
992       2.122214e+01   2.081011e+01   2.936109e+00   2.949227e+00  
993       2.118720e+01   2.077527e+01   2.931613e+00   2.948118e+00  
994       2.122986e+01   2.081699e+01   2.939383e+00   2.952953e+00  
995       2.118947e+01   2.077537e+01   2.939559e+00   2.955812e+00  
996       2.124064e+01   2.082715e+01   2.942067e+00   2.956135e+00  
997       2.119208e+01   2.077582e+01   2.947051e+00   2.963846e+00  
998       2.123767e+01   2.082204e+01   2.949303e+00   2.963587e+00  
999       2.120634e+01   2.078883e+01   2.952423e+00   2.969267e+00  
1000      2.123537e+01   2.081821e+01   2.954227e+00   2.969103e+00  
1001      2.121178e+01   2.079224e+01   2.959805e+00   2.976919e+00  
1002      2.123443e+01   2.081586e+01   2.959200e+00   2.973928e+00  
1003      2.121802e+01   2.079748e+01   2.963596e+00   2.981040e+00  
1004      2.123207e+01   2.081231e+01   2.963247e+00   2.977911e+00  
1005      2.122153e+01   2.079965e+01   2.968230e+00   2.986283e+00  
1006      2.124660e+01   2.082671e+01   2.964311e+00   2.979716e+00  
1007      2.122282e+01   2.080042e+01   2.969861e+00   2.988364e+00  
1008      2.125291e+01   2.083205e+01   2.968207e+00   2.983586e+00  
1009      2.122752e+01   2.080481e+01   2.971273e+00   2.989812e+00  
1010      2.125420e+01   2.083233e+01   2.971326e+00   2.987688e+00  
1011      2.122218e+01   2.079838e+01   2.974758e+00   2.993159e+00  
1012      2.125060e+01   2.082740e+01   2.975833e+00   2.991980e+00  
1013      2.122016e+01   2.079597e+01   2.976267e+00   2.994119e+00  
1014      2.125062e+01   2.082629e+01   2.979737e+00   2.995981e+00  
1015      2.121581e+01   2.079027e+01   2.980415e+00   2.998747e+00  
1016      2.125450e+01   2.082985e+01   2.980771e+00   2.997680e+00  
1017      2.122167e+01   2.079557e+01   2.982985e+00   3.000899e+00  
1018      2.126855e+01   2.084401e+01   2.981169e+00   2.998469e+00  
1019      2.122163e+01   2.079572e+01   2.982048e+00   3.000539e+00  
1020      2.126835e+01   2.084388e+01   2.980574e+00   2.998588e+00  
1021      2.122863e+01   2.080397e+01   2.978114e+00   2.996712e+00  
1022      2.126555e+01   2.084155e+01   2.978564e+00   2.996938e+00  
1023      2.122251e+01   2.079905e+01   2.973407e+00   2.992161e+00  
1024      2.126772e+01   2.084479e+01   2.974905e+00   2.993432e+00  
1025      2.123133e+01   2.080865e+01   2.971014e+00   2.990405e+00  
1026      2.127188e+01   2.084983e+01   2.972077e+00   2.990700e+00  
1027      2.123688e+01   2.081499e+01   2.968303e+00   2.988346e+00  
1028      2.127044e+01   2.084895e+01   2.969741e+00   2.988890e+00  
1029      2.122625e+01   2.080478e+01   2.965924e+00   2.986357e+00  
1030      2.126895e+01   2.084831e+01   2.966417e+00   2.986051e+00  
1031      2.121923e+01   2.079832e+01   2.963000e+00   2.984342e+00  
1032      2.126686e+01   2.084705e+01   2.963214e+00   2.983146e+00  
1033      2.121379e+01   2.079412e+01   2.958084e+00   2.979796e+00  
1034      2.127314e+01   2.085453e+01   2.959260e+00   2.979616e+00  
1035      2.121159e+01   2.079346e+01   2.952006e+00   2.974745e+00  
1036      2.125557e+01   2.083757e+01   2.955943e+00   2.976131e+00  
1037      2.121293e+01   2.079613e+01   2.947346e+00   2.970241e+00  
1038      2.124989e+01   2.083235e+01   2.953550e+00   2.974475e+00  
1039      2.121121e+01   2.079608e+01   2.941218e+00   2.964445e+00  
1040      2.124946e+01   2.083312e+01   2.948941e+00   2.970598e+00  
1041      2.121423e+01   2.080001e+01   2.938253e+00   2.961374e+00  
1042      2.124967e+01   2.083425e+01   2.945641e+00   2.967448e+00  
1043      2.121594e+01   2.080262e+01   2.934888e+00   2.958670e+00  
1044      2.125075e+01   2.083660e+01   2.941365e+00   2.962910e+00  
1045      2.121602e+01   2.080365e+01   2.931266e+00   2.955574e+00  
1046      2.124918e+01   2.083594e+01   2.937776e+00   2.959871e+00  
1047      2.121690e+01   2.080536e+01   2.928206e+00   2.952854e+00  
1048      2.123903e+01   2.082583e+01   2.936927e+00   2.958997e+00  
1049      2.121349e+01   2.080254e+01   2.925837e+00   2.950576e+00  
1050      2.123750e+01   2.082460e+01   2.935300e+00   2.958294e+00  
1051      2.122071e+01   2.080984e+01   2.926175e+00   2.950647e+00  
1052      2.123280e+01   2.081977e+01   2.935282e+00   2.958519e+00  
1053      2.121916e+01   2.080846e+01   2.925244e+00   2.950233e+00  
1054      2.122780e+01   2.081499e+01   2.933916e+00   2.957655e+00  
1055      2.121511e+01   2.080353e+01   2.927878e+00   2.953185e+00  
1056      2.121994e+01   2.080680e+01   2.934631e+00   2.958163e+00  
1057      2.122513e+01   2.081370e+01   2.927584e+00   2.953870e+00  
1058      2.122172e+01   2.080828e+01   2.935369e+00   2.959816e+00  
1059      2.121795e+01   2.080545e+01   2.930768e+00   2.957194e+00  
1060      2.121879e+01   2.080512e+01   2.935257e+00   2.961169e+00  
1061      2.121674e+01   2.080308e+01   2.934895e+00   2.961110e+00  
1062      2.121737e+01   2.080339e+01   2.935951e+00   2.962366e+00  
1063      2.121578e+01   2.080147e+01   2.936969e+00   2.963536e+00  
1064      2.121224e+01   2.079711e+01   2.939338e+00   2.966420e+00  
1065      2.121911e+01   2.080329e+01   2.942384e+00   2.969199e+00  
1066      2.120055e+01   2.078437e+01   2.941888e+00   2.969632e+00  
1067      2.122110e+01   2.080427e+01   2.945861e+00   2.973092e+00  
1068      2.119613e+01   2.077879e+01   2.945459e+00   2.973531e+00  
1069      2.122469e+01   2.080635e+01   2.951456e+00   2.978608e+00  
1070      2.119823e+01   2.077939e+01   2.950692e+00   2.979192e+00  
1071      2.123459e+01   2.081538e+01   2.954528e+00   2.983034e+00  
1072      2.119602e+01   2.077548e+01   2.956416e+00   2.985005e+00  
1073      2.124431e+01   2.082397e+01   2.959157e+00   2.987727e+00  
1074      2.119967e+01   2.077804e+01   2.960029e+00   2.989553e+00  
1075      2.124833e+01   2.082681e+01   2.963073e+00   2.992578e+00  
1076      2.119759e+01   2.077421e+01   2.965813e+00   2.995684e+00  
1077      2.125621e+01   2.083412e+01   2.965199e+00   2.995577e+00  
1078      2.120002e+01   2.077598e+01   2.968165e+00   2.998238e+00  
1079      2.126383e+01   2.084079e+01   2.968530e+00   2.999938e+00  
1080      2.120605e+01   2.078171e+01   2.969342e+00   2.999967e+00  
1081      2.125383e+01   2.082892e+01   2.974179e+00   3.005906e+00  
1082      2.121542e+01   2.079062e+01   2.971677e+00   3.002256e+00  
1083      2.125357e+01   2.082776e+01   2.977373e+00   3.008969e+00  
1084      2.121784e+01   2.079190e+01   2.975984e+00   3.006198e+00  
1085      2.124683e+01   2.081975e+01   2.980992e+00   3.013236e+00  
1086      2.121151e+01   2.078447e+01   2.979337e+00   3.009588e+00  
1087      2.124417e+01   2.081592e+01   2.984467e+00   3.017483e+00  
1088      2.120042e+01   2.077185e+01   2.983843e+00   3.014090e+00  
1089      2.124659e+01   2.081804e+01   2.985531e+00   3.018833e+00  
1090      2.120148e+01   2.077245e+01   2.985091e+00   3.016167e+00  
1091      2.124450e+01   2.081509e+01   2.987785e+00   3.022244e+00  
1092      2.120646e+01   2.077730e+01   2.985593e+00   3.017240e+00  
1093      2.124907e+01   2.082039e+01   2.985752e+00   3.019919e+00  
1094      2.120429e+01   2.077534e+01   2.984679e+00   3.016366e+00  
1095      2.125217e+01   2.082422e+01   2.983358e+00   3.017611e+00  
1096      2.120021e+01   2.077220e+01   2.981098e+00   3.012911e+00  
1097      2.125447e+01   2.082690e+01   2.982454e+00   3.016253e+00  
1098      2.119606e+01   2.076844e+01   2.979669e+00   3.011036e+00  
1099      2.124660e+01   2.081940e+01   2.980783e+00   3.014194e+00  
1100      2.119531e+01   2.076823e+01   2.977309e+00   3.009538e+00  
1101      2.124661e+01   2.081954e+01   2.980468e+00   3.013662e+00  
1102      2.118992e+01   2.076276e+01   2.976911e+00   3.009758e+00  
1103      2.124743e+01   2.082105e+01   2.978180e+00   3.011239e+00  
1104      2.118348e+01   2.075636e+01   2.976061e+00   3.009409e+00  
1105      2.123386e+01   2.080710e+01   2.978404e+00   3.011749e+00  
1106      2.118526e+01   2.075996e+01   2.969854e+00   3.003224e+00  
1107      2.121729e+01   2.079079e+01   2.975842e+00   3.010099e+00  
1108      2.118078e+01   2.075637e+01   2.966693e+00   2.999501e+00  
1109      2.121457e+01   2.078879e+01   2.973153e+00   3.007425e+00  
1110      2.119253e+01   2.076908e+01   2.963919e+00   2.997288e+00  
1111      2.121625e+01   2.079169e+01   2.969254e+00   3.003037e+00  
1112      2.119021e+01   2.076795e+01   2.959728e+00   2.992879e+00  
1113      2.120309e+01   2.077893e+01   2.966418e+00   3.001249e+00  
1114      2.117538e+01   2.075303e+01   2.958983e+00   2.992194e+00  
1115      2.120640e+01   2.078366e+01   2.961916e+00   2.996285e+00  
1116      2.117495e+01   2.075346e+01   2.955903e+00   2.989208e+00  
1117      2.121343e+01   2.079166e+01   2.958636e+00   2.993811e+00  
1118      2.117636e+01   2.075550e+01   2.953849e+00   2.987030e+00  
1119      2.121286e+01   2.079218e+01   2.954730e+00   2.990067e+00  
1120      2.117062e+01   2.075007e+01   2.952144e+00   2.985706e+00  
1121      2.120279e+01   2.078211e+01   2.953977e+00   2.989364e+00  
1122      2.116421e+01   2.074355e+01   2.952158e+00   2.985544e+00  
1123      2.119921e+01   2.077895e+01   2.952286e+00   2.987602e+00  
1124      2.116387e+01   2.074290e+01   2.952931e+00   2.986877e+00  
1125      2.119798e+01   2.077729e+01   2.953415e+00   2.989300e+00  
1126      2.116084e+01   2.073968e+01   2.953100e+00   2.987617e+00  
1127      2.119651e+01   2.077625e+01   2.952530e+00   2.987001e+00  
1128      2.116486e+01   2.074377e+01   2.953339e+00   2.987482e+00  
1129      2.119024e+01   2.076956e+01   2.953592e+00   2.988029e+00  
1130      2.115948e+01   2.073837e+01   2.953128e+00   2.987116e+00  
1131      2.118949e+01   2.076882e+01   2.953304e+00   2.988120e+00  
1132      2.116128e+01   2.074027e+01   2.952789e+00   2.986995e+00  
1133      2.118433e+01   2.076264e+01   2.956657e+00   2.991180e+00  
1134      2.116179e+01   2.074024e+01   2.954824e+00   2.988745e+00  
1135      2.119753e+01   2.077596e+01   2.956890e+00   2.991919e+00  
1136      2.116509e+01   2.074326e+01   2.956151e+00   2.989831e+00  
1137      2.118964e+01   2.076712e+01   2.959778e+00   2.994523e+00  
1138      2.116969e+01   2.074806e+01   2.955464e+00   2.989814e+00  
1139      2.117944e+01   2.075588e+01   2.963123e+00   2.997000e+00  
1140      2.117477e+01   2.075205e+01   2.959562e+00   2.994045e+00  
1141      2.118474e+01   2.076080e+01   2.965171e+00   2.998312e+00  
1142      2.117654e+01   2.075300e+01   2.962353e+00   2.997214e+00  
1143      2.118443e+01   2.075960e+01   2.968631e+00   3.001023e+00  
1144      2.117619e+01   2.075169e+01   2.965359e+00   3.000883e+00  
1145      2.118319e+01   2.075712e+01   2.972916e+00   3.005210e+00  
1146      2.117803e+01   2.075279e+01   2.967801e+00   3.003812e+00  
1147      2.118864e+01   2.076207e+01   2.975161e+00   3.007197e+00  
1148      2.118718e+01   2.076102e+01   2.971811e+00   3.007534e+00  
1149      2.117797e+01   2.074963e+01   2.980325e+00   3.012810e+00  
1150      2.119377e+01   2.076678e+01   2.974985e+00   3.010999e+00  
1151      2.117751e+01   2.074838e+01   2.983300e+00   3.015216e+00  
1152      2.119436e+01   2.076681e+01   2.976813e+00   3.013135e+00  
1153      2.116964e+01   2.073964e+01   2.985785e+00   3.017603e+00  
1154      2.119754e+01   2.076841e+01   2.982228e+00   3.019126e+00  
1155      2.117462e+01   2.074360e+01   2.990115e+00   3.021108e+00  
1156      2.119140e+01   2.076115e+01   2.985532e+00   3.022724e+00  
1157      2.117802e+01   2.074669e+01   2.991248e+00   3.022556e+00  
1158      2.119624e+01   2.076506e+01   2.989020e+00   3.026325e+00  
1159      2.117411e+01   2.074144e+01   2.995944e+00   3.026509e+00  
1160      2.119196e+01   2.075957e+01   2.992800e+00   3.030337e+00  
1161      2.117772e+01   2.074459e+01   2.997688e+00   3.028508e+00  
1162      2.119970e+01   2.076706e+01   2.994558e+00   3.031363e+00  
1163      2.117976e+01   2.074683e+01   2.996494e+00   3.028568e+00  
1164      2.120676e+01   2.077448e+01   2.994423e+00   3.030057e+00  
1165      2.117809e+01   2.074531e+01   2.995593e+00   3.028264e+00  
1166      2.120644e+01   2.077413e+01   2.994629e+00   3.030014e+00  
1167      2.118327e+01   2.075114e+01   2.993450e+00   3.026593e+00  
1168      2.121086e+01   2.077915e+01   2.993266e+00   3.027846e+00  
1169      2.118563e+01   2.075434e+01   2.990592e+00   3.024030e+00  
1170      2.119455e+01   2.076301e+01   2.992094e+00   3.025501e+00  
1171      2.118482e+01   2.075353e+01   2.990447e+00   3.024055e+00  
1172      2.118905e+01   2.075781e+01   2.990849e+00   3.023911e+00  
1173      2.117746e+01   2.074663e+01   2.988501e+00   3.021796e+00  
1174      2.118859e+01   2.075825e+01   2.987835e+00   3.020622e+00  
1175      2.117163e+01   2.074162e+01   2.985030e+00   3.018749e+00  
1176      2.119138e+01   2.076174e+01   2.985582e+00   3.018431e+00  
1177      2.116954e+01   2.073996e+01   2.983115e+00   3.017389e+00  
1178      2.119243e+01   2.076365e+01   2.982769e+00   3.015422e+00  
1179      2.116691e+01   2.073871e+01   2.978436e+00   3.012129e+00  
1180      2.118883e+01   2.076116e+01   2.978497e+00   3.011518e+00  
1181      2.116325e+01   2.073653e+01   2.972782e+00   3.006993e+00  
1182      2.118046e+01   2.075372e+01   2.974954e+00   3.007458e+00  
1183      2.116354e+01   2.073838e+01   2.967311e+00   3.001644e+00  
1184      2.118575e+01   2.076124e+01   2.967845e+00   2.999805e+00  
1185      2.116121e+01   2.073730e+01   2.962803e+00   2.997194e+00  
1186      2.119409e+01   2.077096e+01   2.963422e+00   2.995770e+00  
1187      2.116361e+01   2.074075e+01   2.959545e+00   2.993436e+00  
1188      2.119119e+01   2.076906e+01   2.959928e+00   2.991923e+00  
1189      2.115613e+01   2.073423e+01   2.955706e+00   2.989560e+00  
1190      2.118144e+01   2.075995e+01   2.956540e+00   2.989442e+00  
1191      2.114528e+01   2.072507e+01   2.948968e+00   2.982967e+00  
1192      2.117341e+01   2.075290e+01   2.952710e+00   2.985290e+00  
1193      2.114835e+01   2.072952e+01   2.944121e+00   2.978597e+00  
1194      2.117395e+01   2.075465e+01   2.948113e+00   2.981510e+00  
1195      2.115301e+01   2.073526e+01   2.941091e+00   2.974675e+00  
1196      2.116982e+01   2.075144e+01   2.944361e+00   2.978188e+00  
1197      2.114470e+01   2.072787e+01   2.937211e+00   2.970956e+00  
1198      2.115912e+01   2.074146e+01   2.941372e+00   2.974705e+00  
1199      2.113921e+01   2.072318e+01   2.933757e+00   2.968015e+00  
1200      2.116657e+01   2.074974e+01   2.939052e+00   2.972197e+00  
1201      2.114404e+01   2.072921e+01   2.929534e+00   2.964480e+00  
1202      2.116960e+01   2.075350e+01   2.935873e+00   2.970693e+00  
1203      2.114079e+01   2.072633e+01   2.928074e+00   2.962881e+00  
1204      2.117305e+01   2.075759e+01   2.934035e+00   2.968471e+00  
1205      2.114262e+01   2.072872e+01   2.925536e+00   2.961714e+00  
1206      2.116796e+01   2.075295e+01   2.932391e+00   2.966237e+00  
1207      2.114127e+01   2.072779e+01   2.923823e+00   2.960319e+00  
1208      2.117104e+01   2.075621e+01   2.931531e+00   2.966250e+00  
1209      2.114568e+01   2.073199e+01   2.924716e+00   2.961480e+00  
1210      2.117225e+01   2.075727e+01   2.932371e+00   2.966716e+00  
1211      2.114910e+01   2.073575e+01   2.924264e+00   2.960034e+00  
1212      2.116865e+01   2.075293e+01   2.934690e+00   2.969010e+00  
1213      2.116201e+01   2.074886e+01   2.924532e+00   2.960187e+00  
1214      2.117042e+01   2.075361e+01   2.938892e+00   2.972776e+00  
1215      2.115726e+01   2.074387e+01   2.925014e+00   2.960705e+00  
1216      2.117762e+01   2.076084e+01   2.939218e+00   2.973236e+00  
1217      2.115622e+01   2.074142e+01   2.930008e+00   2.965517e+00  
1218      2.117457e+01   2.075715e+01   2.940973e+00   2.975506e+00  
1219      2.116788e+01   2.075252e+01   2.932897e+00   2.968220e+00  
1220      2.117624e+01   2.075817e+01   2.943556e+00   2.977798e+00  
1221      2.117697e+01   2.076155e+01   2.933375e+00   2.969431e+00  
1222      2.117423e+01   2.075538e+01   2.946430e+00   2.980053e+00  
1223      2.116452e+01   2.074742e+01   2.938184e+00   2.974644e+00  
1224      2.118010e+01   2.076117e+01   2.947254e+00   2.980577e+00  
1225      2.117364e+01   2.075578e+01   2.941472e+00   2.977956e+00  
1226      2.118858e+01   2.076872e+01   2.951492e+00   2.984067e+00  
1227      2.116908e+01   2.075049e+01   2.943193e+00   2.980703e+00  
1228      2.118886e+01   2.076863e+01   2.953077e+00   2.985139e+00  
1229      2.117688e+01   2.075728e+01   2.947127e+00   2.984950e+00  
1230      2.118995e+01   2.076862e+01   2.957076e+00   2.988971e+00  
1231      2.117966e+01   2.075955e+01   2.949248e+00   2.986791e+00  
1232      2.119532e+01   2.077388e+01   2.957644e+00   2.989920e+00  
1233      2.119099e+01   2.077031e+01   2.952333e+00   2.989309e+00  
1234      2.119078e+01   2.076854e+01   2.959971e+00   2.992569e+00  
1235      2.119968e+01   2.077901e+01   2.952723e+00   2.990128e+00  
1236      2.119269e+01   2.076997e+01   2.961134e+00   2.995022e+00  
1237      2.120526e+01   2.078419e+01   2.954259e+00   2.992085e+00  
1238      2.119300e+01   2.076963e+01   2.963569e+00   2.997151e+00  
1239      2.121244e+01   2.079143e+01   2.954872e+00   2.992141e+00  
1240      2.119643e+01   2.077246e+01   2.966026e+00   2.999400e+00  
1241      2.122009e+01   2.079980e+01   2.952998e+00   2.990034e+00  
1242      2.119784e+01   2.077461e+01   2.963645e+00   2.996818e+00  
1243      2.121174e+01   2.079128e+01   2.953459e+00   2.989587e+00  
1244      2.119382e+01   2.077015e+01   2.965322e+00   2.997672e+00  
1245      2.121479e+01   2.079500e+01   2.951289e+00   2.987510e+00  
1246      2.118517e+01   2.076184e+01   2.963372e+00   2.995987e+00  
1247      2.121624e+01   2.079664e+01   2.950712e+00   2.986903e+00  
1248      2.118716e+01   2.076528e+01   2.958532e+00   2.991011e+00  
1249      2.121344e+01   2.079399e+01   2.950314e+00   2.985941e+00  
1250      2.118417e+01   2.076289e+01   2.956236e+00   2.988683e+00  
-------------------------------------------------------------------

