
**********************************************
Real-time propagation in 3D, OPTION = 2
MPI nodes = 8, OMP threads = 16, cores = 128
**********************************************

Interactions
Contact: Natoms = 1.50000000000e+05, as = 8.500000e+01 * a0, G = 1.527010e+04, G * par = 3.054021e+04
Three-body: K3 =  0.000000e+00, g3 = 0.000000e+00
Regular DDI: add = 1.101000e+02 * a0, GD = 4.721954e+03, GD * par =  9.443909e+03, edd = 1.295294e+00
     Dipolar cutoffs Rcut = 8.855733e+00, Lcut = 2.585887e+02

QF = 1, QDEPL = 0: h2 = 1.918624e+05, h4 = 0.000000e+00
        q3 = 0.000000e+00, q5 = 3.696639e+00

GRAD = 0

Trap parameters
GAMMA = 0.000000e+00, NU = 0.000000e+00, LAMBDA = 0.000000e+00
Parameters of rotation: OMEGA = 0.000000e+00, OMEGA * par = 0.000000e+00

Space discretization: NX = 128, NY = 128, NZ = 128
                      DX = 4.040448e+00, DY = 1.383708e-01, DZ = 1.383708e-01
      Unit of length: aho = 5.552380e-07 m

Time discretization: NITER = 2500 (NSNAP = 1250)
                     DT = 9.573243e-03

Initial state: file ./imag3d-finalpsi.bin
ADD_VORTICES = 0, ADD_RANDOM_PHASE = 0


MUREL = 1.000000e-12, MUEND=1.000000e+05

-------------------------------------------------------------------
Snap      Na             QD             mu             <r>
-------------------------------------------------------------------
0         1.50368076063e+05   0.000000e+00   -9.052139e-01  2.587308e+01  
1         1.50368075583e+05   0.000000e+00   -9.054288e-01  2.587307e+01  
2         1.50368075066e+05   0.000000e+00   -9.056496e-01  2.587306e+01  
3         1.50368074532e+05   0.000000e+00   -9.058463e-01  2.587304e+01  
4         1.50368073988e+05   0.000000e+00   -9.059927e-01  2.587303e+01  
5         1.50368073469e+05   0.000000e+00   -9.060689e-01  2.587301e+01  
6         1.50368072979e+05   0.000000e+00   -9.060614e-01  2.587299e+01  
7         1.50368072551e+05   0.000000e+00   -9.059632e-01  2.587297e+01  
8         1.50368072187e+05   0.000000e+00   -9.057725e-01  2.587295e+01  
9         1.50368071912e+05   0.000000e+00   -9.054919e-01  2.587292e+01  
10        1.50368071721e+05   0.000000e+00   -9.051255e-01  2.587290e+01  
11        1.50368071635e+05   0.000000e+00   -9.046779e-01  2.587287e+01  
12        1.50368071651e+05   0.000000e+00   -9.041533e-01  2.587285e+01  
13        1.50368071773e+05   0.000000e+00   -9.035558e-01  2.587282e+01  
14        1.50368071994e+05   0.000000e+00   -9.028910e-01  2.587279e+01  
15        1.50368072334e+05   0.000000e+00   -9.021670e-01  2.587276e+01  
16        1.50368072779e+05   0.000000e+00   -9.013954e-01  2.587273e+01  
17        1.50368073336e+05   0.000000e+00   -9.005912e-01  2.587270e+01  
18        1.50368074001e+05   0.000000e+00   -8.997718e-01  2.587267e+01  
19        1.50368074776e+05   0.000000e+00   -8.989556e-01  2.587264e+01  
20        1.50368075658e+05   0.000000e+00   -8.981605e-01  2.587261e+01  
21        1.50368076651e+05   0.000000e+00   -8.974025e-01  2.587258e+01  
22        1.50368077747e+05   0.000000e+00   -8.966950e-01  2.587255e+01  
23        1.50368078954e+05   0.000000e+00   -8.960482e-01  2.587252e+01  
24        1.50368080262e+05   0.000000e+00   -8.954689e-01  2.587250e+01  
25        1.50368081677e+05   0.000000e+00   -8.949610e-01  2.587247e+01  
26        1.50368083188e+05   0.000000e+00   -8.945258e-01  2.587244e+01  
27        1.50368084799e+05   0.000000e+00   -8.941622e-01  2.587242e+01  
28        1.50368086500e+05   0.000000e+00   -8.938679e-01  2.587240e+01  
29        1.50368088291e+05   0.000000e+00   -8.936389e-01  2.587238e+01  
30        1.50368090162e+05   0.000000e+00   -8.934707e-01  2.587236e+01  
31        1.50368092109e+05   0.000000e+00   -8.933585e-01  2.587234e+01  
32        1.50368094124e+05   0.000000e+00   -8.932972e-01  2.587232e+01  
33        1.50368096199e+05   0.000000e+00   -8.932817e-01  2.587231e+01  
34        1.50368098324e+05   0.000000e+00   -8.933073e-01  2.587230e+01  
35        1.50368100491e+05   0.000000e+00   -8.933694e-01  2.587229e+01  
36        1.50368102686e+05   0.000000e+00   -8.934639e-01  2.587228e+01  
37        1.50368104901e+05   0.000000e+00   -8.935869e-01  2.587227e+01  
38        1.50368107124e+05   0.000000e+00   -8.937349e-01  2.587227e+01  
39        1.50368109343e+05   0.000000e+00   -8.939046e-01  2.587227e+01  
40        1.50368111545e+05   0.000000e+00   -8.940931e-01  2.587226e+01  
41        1.50368113718e+05   0.000000e+00   -8.942978e-01  2.587227e+01  
42        1.50368115850e+05   0.000000e+00   -8.945162e-01  2.587227e+01  
43        1.50368117932e+05   0.000000e+00   -8.947460e-01  2.587227e+01  
44        1.50368119957e+05   0.000000e+00   -8.949853e-01  2.587228e+01  
45        1.50368121919e+05   0.000000e+00   -8.952323e-01  2.587229e+01  
46        1.50368123801e+05   0.000000e+00   -8.954853e-01  2.587230e+01  
47        1.50368125586e+05   0.000000e+00   -8.957429e-01  2.587231e+01  
48        1.50368127252e+05   0.000000e+00   -8.960035e-01  2.587232e+01  
49        1.50368128787e+05   0.000000e+00   -8.962660e-01  2.587233e+01  
50        1.50368130177e+05   0.000000e+00   -8.965292e-01  2.587235e+01  
51        1.50368131413e+05   0.000000e+00   -8.967922e-01  2.587236e+01  
52        1.50368132485e+05   0.000000e+00   -8.970540e-01  2.587238e+01  
53        1.50368133385e+05   0.000000e+00   -8.973137e-01  2.587240e+01  
54        1.50368134106e+05   0.000000e+00   -8.975707e-01  2.587242e+01  
55        1.50368134641e+05   0.000000e+00   -8.978242e-01  2.587244e+01  
56        1.50368134981e+05   0.000000e+00   -8.980737e-01  2.587246e+01  
57        1.50368135120e+05   0.000000e+00   -8.983185e-01  2.587249e+01  
58        1.50368135050e+05   0.000000e+00   -8.985582e-01  2.587251e+01  
59        1.50368134761e+05   0.000000e+00   -8.987924e-01  2.587253e+01  
60        1.50368134246e+05   0.000000e+00   -8.990206e-01  2.587256e+01  
61        1.50368133497e+05   0.000000e+00   -8.992425e-01  2.587259e+01  
62        1.50368132506e+05   0.000000e+00   -8.994579e-01  2.587261e+01  
63        1.50368131265e+05   0.000000e+00   -8.996665e-01  2.587264e+01  
64        1.50368129765e+05   0.000000e+00   -8.998679e-01  2.587267e+01  
65        1.50368128002e+05   0.000000e+00   -9.000621e-01  2.587269e+01  
66        1.50368125969e+05   0.000000e+00   -9.002488e-01  2.587272e+01  
67        1.50368123663e+05   0.000000e+00   -9.004279e-01  2.587275e+01  
68        1.50368121077e+05   0.000000e+00   -9.005994e-01  2.587278e+01  
69        1.50368118210e+05   0.000000e+00   -9.007631e-01  2.587280e+01  
70        1.50368115058e+05   0.000000e+00   -9.009191e-01  2.587283e+01  
71        1.50368111621e+05   0.000000e+00   -9.010674e-01  2.587286e+01  
72        1.50368107897e+05   0.000000e+00   -9.012078e-01  2.587289e+01  
73        1.50368103885e+05   0.000000e+00   -9.013401e-01  2.587291e+01  
74        1.50368099590e+05   0.000000e+00   -9.014643e-01  2.587294e+01  
75        1.50368095009e+05   0.000000e+00   -9.015804e-01  2.587297e+01  
76        1.50368090148e+05   0.000000e+00   -9.016886e-01  2.587299e+01  
77        1.50368085008e+05   0.000000e+00   -9.017889e-01  2.587302e+01  
78        1.50368079593e+05   0.000000e+00   -9.018817e-01  2.587305e+01  
79        1.50368073908e+05   0.000000e+00   -9.019672e-01  2.587307e+01  
80        1.50368067958e+05   0.000000e+00   -9.020454e-01  2.587310e+01  
81        1.50368061749e+05   0.000000e+00   -9.021166e-01  2.587312e+01  
82        1.50368055288e+05   0.000000e+00   -9.021808e-01  2.587314e+01  
83        1.50368048580e+05   0.000000e+00   -9.022378e-01  2.587317e+01  
84        1.50368041636e+05   0.000000e+00   -9.022873e-01  2.587319e+01  
85        1.50368034462e+05   0.000000e+00   -9.023289e-01  2.587321e+01  
86        1.50368027067e+05   0.000000e+00   -9.023622e-01  2.587323e+01  
87        1.50368019459e+05   0.000000e+00   -9.023872e-01  2.587325e+01  
88        1.50368011650e+05   0.000000e+00   -9.024044e-01  2.587327e+01  
89        1.50368003647e+05   0.000000e+00   -9.024147e-01  2.587329e+01  
90        1.50367995461e+05   0.000000e+00   -9.024194e-01  2.587331e+01  
91        1.50367987102e+05   0.000000e+00   -9.024195e-01  2.587332e+01  
92        1.50367978582e+05   0.000000e+00   -9.024158e-01  2.587334e+01  
93        1.50367969914e+05   0.000000e+00   -9.024084e-01  2.587336e+01  
94        1.50367961110e+05   0.000000e+00   -9.023966e-01  2.587337e+01  
95        1.50367952182e+05   0.000000e+00   -9.023796e-01  2.587338e+01  
96        1.50367943144e+05   0.000000e+00   -9.023562e-01  2.587340e+01  
97        1.50367934009e+05   0.000000e+00   -9.023256e-01  2.587341e+01  
98        1.50367924789e+05   0.000000e+00   -9.022876e-01  2.587342e+01  
99        1.50367915497e+05   0.000000e+00   -9.022420e-01  2.587343e+01  
100       1.50367906146e+05   0.000000e+00   -9.021895e-01  2.587344e+01  
101       1.50367896751e+05   0.000000e+00   -9.021311e-01  2.587345e+01  
102       1.50367887325e+05   0.000000e+00   -9.020680e-01  2.587346e+01  
103       1.50367877873e+05   0.000000e+00   -9.020016e-01  2.587346e+01  
104       1.50367868406e+05   0.000000e+00   -9.019327e-01  2.587347e+01  
105       1.50367858947e+05   0.000000e+00   -9.018615e-01  2.587348e+01  
106       1.50367849528e+05   0.000000e+00   -9.017877e-01  2.587348e+01  
107       1.50367840159e+05   0.000000e+00   -9.017109e-01  2.587349e+01  
108       1.50367830834e+05   0.000000e+00   -9.016304e-01  2.587349e+01  
109       1.50367821550e+05   0.000000e+00   -9.015461e-01  2.587349e+01  
110       1.50367812341e+05   0.000000e+00   -9.014581e-01  2.587350e+01  
111       1.50367803249e+05   0.000000e+00   -9.013666e-01  2.587350e+01  
112       1.50367794295e+05   0.000000e+00   -9.012721e-01  2.587350e+01  
113       1.50367785476e+05   0.000000e+00   -9.011753e-01  2.587350e+01  
114       1.50367776791e+05   0.000000e+00   -9.010772e-01  2.587350e+01  
115       1.50367768244e+05   0.000000e+00   -9.009787e-01  2.587350e+01  
116       1.50367759847e+05   0.000000e+00   -9.008811e-01  2.587350e+01  
117       1.50367751611e+05   0.000000e+00   -9.007855e-01  2.587350e+01  
118       1.50367743558e+05   0.000000e+00   -9.006926e-01  2.587350e+01  
119       1.50367735711e+05   0.000000e+00   -9.006026e-01  2.587350e+01  
120       1.50367728094e+05   0.000000e+00   -9.005150e-01  2.587350e+01  
121       1.50367720709e+05   0.000000e+00   -9.004287e-01  2.587350e+01  
122       1.50367713542e+05   0.000000e+00   -9.003418e-01  2.587349e+01  
123       1.50367706582e+05   0.000000e+00   -9.002521e-01  2.587349e+01  
124       1.50367699844e+05   0.000000e+00   -9.001579e-01  2.587349e+01  
125       1.50367693357e+05   0.000000e+00   -9.000579e-01  2.587349e+01  
126       1.50367687151e+05   0.000000e+00   -8.999516e-01  2.587349e+01  
127       1.50367681250e+05   0.000000e+00   -8.998394e-01  2.587348e+01  
128       1.50367675665e+05   0.000000e+00   -8.997225e-01  2.587348e+01  
129       1.50367670398e+05   0.000000e+00   -8.996025e-01  2.587348e+01  
130       1.50367665443e+05   0.000000e+00   -8.994810e-01  2.587348e+01  
131       1.50367660793e+05   0.000000e+00   -8.993596e-01  2.587347e+01  
132       1.50367656454e+05   0.000000e+00   -8.992395e-01  2.587347e+01  
133       1.50367652435e+05   0.000000e+00   -8.991215e-01  2.587347e+01  
134       1.50367648752e+05   0.000000e+00   -8.990066e-01  2.587347e+01  
135       1.50367645421e+05   0.000000e+00   -8.988957e-01  2.587347e+01  
136       1.50367642458e+05   0.000000e+00   -8.987904e-01  2.587347e+01  
137       1.50367639863e+05   0.000000e+00   -8.986924e-01  2.587347e+01  
138       1.50367637634e+05   0.000000e+00   -8.986038e-01  2.587347e+01  
139       1.50367635760e+05   0.000000e+00   -8.985269e-01  2.587347e+01  
140       1.50367634233e+05   0.000000e+00   -8.984635e-01  2.587347e+01  
141       1.50367633031e+05   0.000000e+00   -8.984152e-01  2.587347e+01  
142       1.50367632146e+05   0.000000e+00   -8.983823e-01  2.587347e+01  
143       1.50367631574e+05   0.000000e+00   -8.983642e-01  2.587348e+01  
144       1.50367631318e+05   0.000000e+00   -8.983593e-01  2.587348e+01  
145       1.50367631378e+05   0.000000e+00   -8.983648e-01  2.587348e+01  
146       1.50367631760e+05   0.000000e+00   -8.983774e-01  2.587349e+01  
147       1.50367632471e+05   0.000000e+00   -8.983936e-01  2.587349e+01  
148       1.50367633514e+05   0.000000e+00   -8.984098e-01  2.587350e+01  
149       1.50367634885e+05   0.000000e+00   -8.984230e-01  2.587350e+01  
150       1.50367636584e+05   0.000000e+00   -8.984305e-01  2.587351e+01  
151       1.50367638599e+05   0.000000e+00   -8.984305e-01  2.587352e+01  
152       1.50367640925e+05   0.000000e+00   -8.984218e-01  2.587353e+01  
153       1.50367643552e+05   0.000000e+00   -8.984040e-01  2.587353e+01  
154       1.50367646472e+05   0.000000e+00   -8.983774e-01  2.587354e+01  
155       1.50367649677e+05   0.000000e+00   -8.983429e-01  2.587355e+01  
156       1.50367653169e+05   0.000000e+00   -8.983016e-01  2.587357e+01  
157       1.50367656940e+05   0.000000e+00   -8.982550e-01  2.587358e+01  
158       1.50367660992e+05   0.000000e+00   -8.982048e-01  2.587359e+01  
159       1.50367665319e+05   0.000000e+00   -8.981529e-01  2.587360e+01  
160       1.50367669921e+05   0.000000e+00   -8.981011e-01  2.587362e+01  
161       1.50367674786e+05   0.000000e+00   -8.980515e-01  2.587363e+01  
162       1.50367679907e+05   0.000000e+00   -8.980064e-01  2.587364e+01  
163       1.50367685266e+05   0.000000e+00   -8.979681e-01  2.587366e+01  
164       1.50367690849e+05   0.000000e+00   -8.979388e-01  2.587368e+01  
165       1.50367696629e+05   0.000000e+00   -8.979207e-01  2.587369e+01  
166       1.50367702589e+05   0.000000e+00   -8.979152e-01  2.587371e+01  
167       1.50367708700e+05   0.000000e+00   -8.979239e-01  2.587373e+01  
168       1.50367714944e+05   0.000000e+00   -8.979480e-01  2.587375e+01  
169       1.50367721291e+05   0.000000e+00   -8.979883e-01  2.587377e+01  
170       1.50367727725e+05   0.000000e+00   -8.980451e-01  2.587379e+01  
171       1.50367734221e+05   0.000000e+00   -8.981183e-01  2.587381e+01  
172       1.50367740759e+05   0.000000e+00   -8.982070e-01  2.587383e+01  
173       1.50367747315e+05   0.000000e+00   -8.983099e-01  2.587386e+01  
174       1.50367753873e+05   0.000000e+00   -8.984259e-01  2.587388e+01  
175       1.50367760402e+05   0.000000e+00   -8.985537e-01  2.587390e+01  
176       1.50367766892e+05   0.000000e+00   -8.986917e-01  2.587393e+01  
177       1.50367773308e+05   0.000000e+00   -8.988378e-01  2.587395e+01  
178       1.50367779625e+05   0.000000e+00   -8.989893e-01  2.587398e+01  
179       1.50367785821e+05   0.000000e+00   -8.991425e-01  2.587400e+01  
180       1.50367791890e+05   0.000000e+00   -8.992933e-01  2.587403e+01  
181       1.50367797816e+05   0.000000e+00   -8.994378e-01  2.587405e+01  
182       1.50367803573e+05   0.000000e+00   -8.995727e-01  2.587408e+01  
183       1.50367809112e+05   0.000000e+00   -8.996959e-01  2.587411e+01  
184       1.50367814416e+05   0.000000e+00   -8.998061e-01  2.587413e+01  
185       1.50367819484e+05   0.000000e+00   -8.999031e-01  2.587416e+01  
186       1.50367824325e+05   0.000000e+00   -8.999870e-01  2.587419e+01  
187       1.50367828915e+05   0.000000e+00   -9.000578e-01  2.587421e+01  
188       1.50367833231e+05   0.000000e+00   -9.001158e-01  2.587424e+01  
189       1.50367837248e+05   0.000000e+00   -9.001610e-01  2.587427e+01  
190       1.50367840949e+05   0.000000e+00   -9.001938e-01  2.587430e+01  
191       1.50367844320e+05   0.000000e+00   -9.002152e-01  2.587432e+01  
192       1.50367847376e+05   0.000000e+00   -9.002273e-01  2.587435e+01  
193       1.50367850119e+05   0.000000e+00   -9.002328e-01  2.587438e+01  
194       1.50367852550e+05   0.000000e+00   -9.002359e-01  2.587440e+01  
195       1.50367854615e+05   0.000000e+00   -9.002409e-01  2.587443e+01  
196       1.50367856295e+05   0.000000e+00   -9.002521e-01  2.587446e+01  
197       1.50367857581e+05   0.000000e+00   -9.002727e-01  2.587448e+01  
198       1.50367858493e+05   0.000000e+00   -9.003051e-01  2.587451e+01  
199       1.50367859017e+05   0.000000e+00   -9.003498e-01  2.587454e+01  
200       1.50367859121e+05   0.000000e+00   -9.004069e-01  2.587456e+01  
201       1.50367858765e+05   0.000000e+00   -9.004755e-01  2.587459e+01  
202       1.50367857934e+05   0.000000e+00   -9.005542e-01  2.587461e+01  
203       1.50367856609e+05   0.000000e+00   -9.006414e-01  2.587464e+01  
204       1.50367854790e+05   0.000000e+00   -9.007351e-01  2.587466e+01  
205       1.50367852462e+05   0.000000e+00   -9.008328e-01  2.587469e+01  
206       1.50367849614e+05   0.000000e+00   -9.009321e-01  2.587471e+01  
207       1.50367846206e+05   0.000000e+00   -9.010297e-01  2.587474e+01  
208       1.50367842222e+05   0.000000e+00   -9.011225e-01  2.587476e+01  
209       1.50367837642e+05   0.000000e+00   -9.012070e-01  2.587478e+01  
210       1.50367832461e+05   0.000000e+00   -9.012799e-01  2.587480e+01  
211       1.50367826661e+05   0.000000e+00   -9.013388e-01  2.587483e+01  
212       1.50367820242e+05   0.000000e+00   -9.013819e-01  2.587485e+01  
213       1.50367813167e+05   0.000000e+00   -9.014087e-01  2.587487e+01  
214       1.50367805413e+05   0.000000e+00   -9.014199e-01  2.587489e+01  
215       1.50367796943e+05   0.000000e+00   -9.014168e-01  2.587491e+01  
216       1.50367787745e+05   0.000000e+00   -9.014011e-01  2.587493e+01  
217       1.50367777806e+05   0.000000e+00   -9.013743e-01  2.587494e+01  
218       1.50367767144e+05   0.000000e+00   -9.013376e-01  2.587496e+01  
219       1.50367755774e+05   0.000000e+00   -9.012917e-01  2.587498e+01  
220       1.50367743712e+05   0.000000e+00   -9.012372e-01  2.587500e+01  
221       1.50367730962e+05   0.000000e+00   -9.011746e-01  2.587501e+01  
222       1.50367717521e+05   0.000000e+00   -9.011051e-01  2.587503e+01  
223       1.50367703364e+05   0.000000e+00   -9.010303e-01  2.587504e+01  
224       1.50367688473e+05   0.000000e+00   -9.009524e-01  2.587505e+01  
225       1.50367672825e+05   0.000000e+00   -9.008739e-01  2.587507e+01  
226       1.50367656414e+05   0.000000e+00   -9.007974e-01  2.587508e+01  
227       1.50367639240e+05   0.000000e+00   -9.007257e-01  2.587509e+01  
228       1.50367621317e+05   0.000000e+00   -9.006606e-01  2.587511e+01  
229       1.50367602663e+05   0.000000e+00   -9.006035e-01  2.587512e+01  
230       1.50367583302e+05   0.000000e+00   -9.005548e-01  2.587513e+01  
231       1.50367563251e+05   0.000000e+00   -9.005144e-01  2.587514e+01  
232       1.50367542526e+05   0.000000e+00   -9.004810e-01  2.587515e+01  
233       1.50367521144e+05   0.000000e+00   -9.004529e-01  2.587516e+01  
234       1.50367499126e+05   0.000000e+00   -9.004275e-01  2.587517e+01  
235       1.50367476496e+05   0.000000e+00   -9.004022e-01  2.587518e+01  
236       1.50367453292e+05   0.000000e+00   -9.003745e-01  2.587519e+01  
237       1.50367429551e+05   0.000000e+00   -9.003426e-01  2.587519e+01  
238       1.50367405320e+05   0.000000e+00   -9.003062e-01  2.587520e+01  
239       1.50367380648e+05   0.000000e+00   -9.002657e-01  2.587521e+01  
240       1.50367355580e+05   0.000000e+00   -9.002222e-01  2.587522e+01  
241       1.50367330155e+05   0.000000e+00   -9.001770e-01  2.587523e+01  
242       1.50367304410e+05   0.000000e+00   -9.001314e-01  2.587523e+01  
243       1.50367278372e+05   0.000000e+00   -9.000861e-01  2.587524e+01  
244       1.50367252069e+05   0.000000e+00   -9.000414e-01  2.587525e+01  
245       1.50367225526e+05   0.000000e+00   -8.999969e-01  2.587525e+01  
246       1.50367198773e+05   0.000000e+00   -8.999517e-01  2.587526e+01  
247       1.50367171848e+05   0.000000e+00   -8.999051e-01  2.587527e+01  
248       1.50367144794e+05   0.000000e+00   -8.998564e-01  2.587527e+01  
249       1.50367117661e+05   0.000000e+00   -8.998055e-01  2.587528e+01  
250       1.50367090500e+05   0.000000e+00   -8.997531e-01  2.587529e+01  
251       1.50367063365e+05   0.000000e+00   -8.997005e-01  2.587529e+01  
252       1.50367036320e+05   0.000000e+00   -8.996493e-01  2.587530e+01  
253       1.50367009432e+05   0.000000e+00   -8.996012e-01  2.587531e+01  
254       1.50366982758e+05   0.000000e+00   -8.995576e-01  2.587531e+01  
255       1.50366956328e+05   0.000000e+00   -8.995189e-01  2.587532e+01  
256       1.50366930180e+05   0.000000e+00   -8.994853e-01  2.587533e+01  
257       1.50366904358e+05   0.000000e+00   -8.994564e-01  2.587534e+01  
258       1.50366878923e+05   0.000000e+00   -8.994325e-01  2.587534e+01  
259       1.50366853894e+05   0.000000e+00   -8.994144e-01  2.587535e+01  
260       1.50366829263e+05   0.000000e+00   -8.994036e-01  2.587536e+01  
261       1.50366805034e+05   0.000000e+00   -8.994018e-01  2.587537e+01  
262       1.50366781249e+05   0.000000e+00   -8.994105e-01  2.587538e+01  
263       1.50366757948e+05   0.000000e+00   -8.994304e-01  2.587539e+01  
264       1.50366735151e+05   0.000000e+00   -8.994612e-01  2.587540e+01  
265       1.50366712861e+05   0.000000e+00   -8.995015e-01  2.587541e+01  
266       1.50366691094e+05   0.000000e+00   -8.995493e-01  2.587542e+01  
267       1.50366669863e+05   0.000000e+00   -8.996016e-01  2.587543e+01  
268       1.50366649174e+05   0.000000e+00   -8.996550e-01  2.587544e+01  
269       1.50366629049e+05   0.000000e+00   -8.997059e-01  2.587545e+01  
270       1.50366609533e+05   0.000000e+00   -8.997508e-01  2.587546e+01  
271       1.50366590668e+05   0.000000e+00   -8.997869e-01  2.587547e+01  
272       1.50366572473e+05   0.000000e+00   -8.998119e-01  2.587549e+01  
273       1.50366554944e+05   0.000000e+00   -8.998247e-01  2.587550e+01  
274       1.50366538092e+05   0.000000e+00   -8.998247e-01  2.587551e+01  
275       1.50366521938e+05   0.000000e+00   -8.998121e-01  2.587553e+01  
276       1.50366506520e+05   0.000000e+00   -8.997875e-01  2.587554e+01  
277       1.50366491857e+05   0.000000e+00   -8.997519e-01  2.587555e+01  
278       1.50366477972e+05   0.000000e+00   -8.997062e-01  2.587557e+01  
279       1.50366464878e+05   0.000000e+00   -8.996518e-01  2.587558e+01  
280       1.50366452596e+05   0.000000e+00   -8.995900e-01  2.587560e+01  
281       1.50366441146e+05   0.000000e+00   -8.995223e-01  2.587562e+01  
282       1.50366430555e+05   0.000000e+00   -8.994506e-01  2.587563e+01  
283       1.50366420843e+05   0.000000e+00   -8.993764e-01  2.587565e+01  
284       1.50366412027e+05   0.000000e+00   -8.993014e-01  2.587567e+01  
285       1.50366404127e+05   0.000000e+00   -8.992275e-01  2.587569e+01  
286       1.50366397170e+05   0.000000e+00   -8.991564e-01  2.587570e+01  
287       1.50366391183e+05   0.000000e+00   -8.990900e-01  2.587572e+01  
288       1.50366386199e+05   0.000000e+00   -8.990296e-01  2.587574e+01  
289       1.50366382250e+05   0.000000e+00   -8.989761e-01  2.587576e+01  
290       1.50366379367e+05   0.000000e+00   -8.989299e-01  2.587579e+01  
291       1.50366377575e+05   0.000000e+00   -8.988903e-01  2.587581e+01  
292       1.50366376907e+05   0.000000e+00   -8.988564e-01  2.587583e+01  
293       1.50366377404e+05   0.000000e+00   -8.988275e-01  2.587585e+01  
294       1.50366379121e+05   0.000000e+00   -8.988030e-01  2.587588e+01  
295       1.50366382117e+05   0.000000e+00   -8.987827e-01  2.587590e+01  
296       1.50366386450e+05   0.000000e+00   -8.987668e-01  2.587593e+01  
297       1.50366392180e+05   0.000000e+00   -8.987558e-01  2.587595e+01  
298       1.50366399365e+05   0.000000e+00   -8.987500e-01  2.587598e+01  
299       1.50366408058e+05   0.000000e+00   -8.987498e-01  2.587600e+01  
300       1.50366418326e+05   0.000000e+00   -8.987554e-01  2.587603e+01  
301       1.50366430235e+05   0.000000e+00   -8.987665e-01  2.587606e+01  
302       1.50366443869e+05   0.000000e+00   -8.987831e-01  2.587609e+01  
303       1.50366459303e+05   0.000000e+00   -8.988048e-01  2.587612e+01  
304       1.50366476625e+05   0.000000e+00   -8.988321e-01  2.587615e+01  
305       1.50366495919e+05   0.000000e+00   -8.988654e-01  2.587618e+01  
306       1.50366517271e+05   0.000000e+00   -8.989058e-01  2.587621e+01  
307       1.50366540767e+05   0.000000e+00   -8.989541e-01  2.587625e+01  
308       1.50366566508e+05   0.000000e+00   -8.990106e-01  2.587628e+01  
309       1.50366594599e+05   0.000000e+00   -8.990750e-01  2.587631e+01  
310       1.50366625155e+05   0.000000e+00   -8.991461e-01  2.587635e+01  
311       1.50366658297e+05   0.000000e+00   -8.992224e-01  2.587638e+01  
312       1.50366694156e+05   0.000000e+00   -8.993021e-01  2.587642e+01  
313       1.50366732856e+05   0.000000e+00   -8.993834e-01  2.587645e+01  
314       1.50366774528e+05   0.000000e+00   -8.994652e-01  2.587649e+01  
315       1.50366819300e+05   0.000000e+00   -8.995472e-01  2.587652e+01  
316       1.50366867303e+05   0.000000e+00   -8.996301e-01  2.587656e+01  
317       1.50366918685e+05   0.000000e+00   -8.997152e-01  2.587660e+01  
318       1.50366973616e+05   0.000000e+00   -8.998042e-01  2.587663e+01  
319       1.50367032277e+05   0.000000e+00   -8.998984e-01  2.587667e+01  
320       1.50367094885e+05   0.000000e+00   -8.999985e-01  2.587671e+01  
321       1.50367161673e+05   0.000000e+00   -9.001046e-01  2.587675e+01  
322       1.50367232882e+05   0.000000e+00   -9.002160e-01  2.587678e+01  
323       1.50367308768e+05   0.000000e+00   -9.003316e-01  2.587682e+01  
324       1.50367389603e+05   0.000000e+00   -9.004495e-01  2.587686e+01  
325       1.50367475661e+05   0.000000e+00   -9.005670e-01  2.587690e+01  
326       1.50367567251e+05   0.000000e+00   -9.006811e-01  2.587693e+01  
327       1.50367664710e+05   0.000000e+00   -9.007891e-01  2.587697e+01  
328       1.50367768408e+05   0.000000e+00   -9.008884e-01  2.587701e+01  
329       1.50367878745e+05   0.000000e+00   -9.009770e-01  2.587704e+01  
330       1.50367996167e+05   0.000000e+00   -9.010536e-01  2.587708e+01  
331       1.50368121180e+05   0.000000e+00   -9.011169e-01  2.587711e+01  
332       1.50368254386e+05   0.000000e+00   -9.011661e-01  2.587715e+01  
333       1.50368396461e+05   0.000000e+00   -9.012011e-01  2.587718e+01  
334       1.50368548137e+05   0.000000e+00   -9.012220e-01  2.587721e+01  
335       1.50368710181e+05   0.000000e+00   -9.012297e-01  2.587724e+01  
336       1.50368883433e+05   0.000000e+00   -9.012250e-01  2.587727e+01  
337       1.50369068785e+05   0.000000e+00   -9.012091e-01  2.587730e+01  
338       1.50369267179e+05   0.000000e+00   -9.011829e-01  2.587732e+01  
339       1.50369479557e+05   0.000000e+00   -9.011468e-01  2.587735e+01  
340       1.50369706900e+05   0.000000e+00   -9.011012e-01  2.587737e+01  
341       1.50369950219e+05   0.000000e+00   -9.010462e-01  2.587739e+01  
342       1.50370210618e+05   0.000000e+00   -9.009822e-01  2.587741e+01  
343       1.50370489296e+05   0.000000e+00   -9.009095e-01  2.587743e+01  
344       1.50370787649e+05   0.000000e+00   -9.008290e-01  2.587744e+01  
345       1.50371107283e+05   0.000000e+00   -9.007414e-01  2.587745e+01  
346       1.50371450047e+05   0.000000e+00   -9.006481e-01  2.587746e+01  
347       1.50371817976e+05   0.000000e+00   -9.005503e-01  2.587747e+01  
348       1.50372213285e+05   0.000000e+00   -9.004490e-01  2.587747e+01  
349       1.50372638304e+05   0.000000e+00   -9.003450e-01  2.587747e+01  
350       1.50373095515e+05   0.000000e+00   -9.002386e-01  2.587746e+01  
351       1.50373587488e+05   0.000000e+00   -9.001292e-01  2.587745e+01  
352       1.50374116958e+05   0.000000e+00   -9.000158e-01  2.587744e+01  
353       1.50374686789e+05   0.000000e+00   -8.998967e-01  2.587742e+01  
354       1.50375300015e+05   0.000000e+00   -8.997703e-01  2.587740e+01  
355       1.50375959790e+05   0.000000e+00   -8.996344e-01  2.587737e+01  
356       1.50376669422e+05   0.000000e+00   -8.994862e-01  2.587734e+01  
357       1.50377432334e+05   0.000000e+00   -8.993223e-01  2.587730e+01  
358       1.50378252172e+05   0.000000e+00   -8.991378e-01  2.587725e+01  
359       1.50379132840e+05   0.000000e+00   -8.989266e-01  2.587720e+01  
360       1.50380078660e+05   0.000000e+00   -8.986812e-01  2.587713e+01  
361       1.50381094413e+05   0.000000e+00   -8.983931e-01  2.587706e+01  
362       1.50382185416e+05   0.000000e+00   -8.980530e-01  2.587699e+01  
363       1.50383357479e+05   0.000000e+00   -8.976509e-01  2.587690e+01  
364       1.50384616846e+05   0.000000e+00   -8.971757e-01  2.587680e+01  
365       1.50385969975e+05   0.000000e+00   -8.966149e-01  2.587669e+01  
366       1.50387423284e+05   0.000000e+00   -8.959542e-01  2.587657e+01  
367       1.50388982765e+05   0.000000e+00   -8.951770e-01  2.587644e+01  
368       1.50390653668e+05   0.000000e+00   -8.942645e-01  2.587630e+01  
369       1.50392440279e+05   0.000000e+00   -8.931969e-01  2.587614e+01  
370       1.50394345956e+05   0.000000e+00   -8.919531e-01  2.587597e+01  
371       1.50396373254e+05   0.000000e+00   -8.905120e-01  2.587579e+01  
372       1.50398524062e+05   0.000000e+00   -8.888522e-01  2.587559e+01  
373       1.50400799468e+05   0.000000e+00   -8.869526e-01  2.587538e+01  
374       1.50403199297e+05   0.000000e+00   -8.847927e-01  2.587516e+01  
375       1.50405721212e+05   0.000000e+00   -8.823521e-01  2.587492e+01  
376       1.50408359666e+05   0.000000e+00   -8.796115e-01  2.587466e+01  
377       1.50411104825e+05   0.000000e+00   -8.765521e-01  2.587440e+01  
378       1.50413941877e+05   0.000000e+00   -8.731573e-01  2.587411e+01  
379       1.50416850886e+05   0.000000e+00   -8.694145e-01  2.587382e+01  
380       1.50419807496e+05   0.000000e+00   -8.653162e-01  2.587352e+01  
381       1.50422784288e+05   0.000000e+00   -8.608624e-01  2.587321e+01  
382       1.50425752725e+05   0.000000e+00   -8.560611e-01  2.587290e+01  
383       1.50428685226e+05   0.000000e+00   -8.509278e-01  2.587258e+01  
384       1.50431557223e+05   0.000000e+00   -8.454851e-01  2.587226e+01  
385       1.50434348794e+05   0.000000e+00   -8.397617e-01  2.587194e+01  
386       1.50437045997e+05   0.000000e+00   -8.337909e-01  2.587163e+01  
387       1.50439641685e+05   0.000000e+00   -8.276089e-01  2.587131e+01  
388       1.50442136046e+05   0.000000e+00   -8.212528e-01  2.587099e+01  
389       1.50444536740e+05   0.000000e+00   -8.147581e-01  2.587067e+01  
390       1.50446859034e+05   0.000000e+00   -8.081578e-01  2.587035e+01  
391       1.50449125801e+05   0.000000e+00   -8.014816e-01  2.587002e+01  
392       1.50451367454e+05   0.000000e+00   -7.947561e-01  2.586969e+01  
393       1.50453621482e+05   0.000000e+00   -7.880032e-01  2.586934e+01  
394       1.50455931740e+05   0.000000e+00   -7.812396e-01  2.586898e+01  
395       1.50458347174e+05   0.000000e+00   -7.744747e-01  2.586859e+01  
396       1.50460920115e+05   0.000000e+00   -7.677104e-01  2.586818e+01  
397       1.50463703919e+05   0.000000e+00   -7.609417e-01  2.586773e+01  
398       1.50466750546e+05   0.000000e+00   -7.541581e-01  2.586725e+01  
399       1.50470108160e+05   0.000000e+00   -7.473451e-01  2.586673e+01  
400       1.50473819600e+05   0.000000e+00   -7.404855e-01  2.586616e+01  
401       1.50477921696e+05   0.000000e+00   -7.335610e-01  2.586554e+01  
402       1.50482445620e+05   0.000000e+00   -7.265532e-01  2.586488e+01  
403       1.50487417350e+05   0.000000e+00   -7.194461e-01  2.586416e+01  
404       1.50492857906e+05   0.000000e+00   -7.122275e-01  2.586338e+01  
405       1.50498782875e+05   0.000000e+00   -7.048915e-01  2.586255e+01  
406       1.50505201811e+05   0.000000e+00   -6.974377e-01  2.586166e+01  
407       1.50512117626e+05   0.000000e+00   -6.898717e-01  2.586072e+01  
408       1.50519526303e+05   0.000000e+00   -6.822027e-01  2.585972e+01  
409       1.50527416103e+05   0.000000e+00   -6.744419e-01  2.585867e+01  
410       1.50535766070e+05   0.000000e+00   -6.666014e-01  2.585756e+01  
411       1.50544543708e+05   0.000000e+00   -6.586939e-01  2.585640e+01  
412       1.50553702546e+05   0.000000e+00   -6.507321e-01  2.585520e+01  
413       1.50563180115e+05   0.000000e+00   -6.427282e-01  2.585396e+01  
414       1.50572896997e+05   0.000000e+00   -6.346930e-01  2.585268e+01  
415       1.50582757343e+05   0.000000e+00   -6.266350e-01  2.585137e+01  
416       1.50592651290e+05   0.000000e+00   -6.185602e-01  2.585004e+01  
417       1.50602459077e+05   0.000000e+00   -6.104731e-01  2.584870e+01  
418       1.50612056695e+05   0.000000e+00   -6.023772e-01  2.584735e+01  
419       1.50621321745e+05   0.000000e+00   -5.942748e-01  2.584601e+01  
420       1.50630138371e+05   0.000000e+00   -5.861670e-01  2.584469e+01  
421       1.50638399966e+05   0.000000e+00   -5.780520e-01  2.584339e+01  
422       1.50646009722e+05   0.000000e+00   -5.699246e-01  2.584212e+01  
423       1.50652879510e+05   0.000000e+00   -5.617759e-01  2.584090e+01  
424       1.50658928296e+05   0.000000e+00   -5.535934e-01  2.583971e+01  
425       1.50664080842e+05   0.000000e+00   -5.453626e-01  2.583858e+01  
426       1.50668267452e+05   0.000000e+00   -5.370689e-01  2.583751e+01  
427       1.50671424533e+05   0.000000e+00   -5.287003e-01  2.583651e+01  
428       1.50673495817e+05   0.000000e+00   -5.202496e-01  2.583558e+01  
429       1.50674433424e+05   0.000000e+00   -5.117155e-01  2.583472e+01  
430       1.50674198842e+05   0.000000e+00   -5.031015e-01  2.583395e+01  
431       1.50672763697e+05   0.000000e+00   -4.944144e-01  2.583327e+01  
432       1.50670110867e+05   0.000000e+00   -4.856606e-01  2.583268e+01  
433       1.50666235663e+05   0.000000e+00   -4.768427e-01  2.583218e+01  
434       1.50661146960e+05   0.000000e+00   -4.679568e-01  2.583178e+01  
435       1.50654867440e+05   0.000000e+00   -4.589911e-01  2.583148e+01  
436       1.50647432812e+05   0.000000e+00   -4.499269e-01  2.583127e+01  
437       1.50638889625e+05   0.000000e+00   -4.407412e-01  2.583115e+01  
438       1.50629292468e+05   0.000000e+00   -4.314105e-01  2.583113e+01  
439       1.50618701042e+05   0.000000e+00   -4.219141e-01  2.583119e+01  
440       1.50607178301e+05   0.000000e+00   -4.122363e-01  2.583133e+01  
441       1.50594789462e+05   0.000000e+00   -4.023668e-01  2.583156e+01  
442       1.50581601853e+05   0.000000e+00   -3.922999e-01  2.583187e+01  
443       1.50567685135e+05   0.000000e+00   -3.820319e-01  2.583225e+01  
444       1.50553111648e+05   0.000000e+00   -3.715582e-01  2.583270e+01  
445       1.50537955750e+05   0.000000e+00   -3.608697e-01  2.583323e+01  
446       1.50522292323e+05   0.000000e+00   -3.499495e-01  2.583381e+01  
447       1.50506194595e+05   0.000000e+00   -3.387692e-01  2.583446e+01  
448       1.50489730936e+05   0.000000e+00   -3.272860e-01  2.583517e+01  
449       1.50472958437e+05   0.000000e+00   -3.154387e-01  2.583594e+01  
450       1.50455912811e+05   0.000000e+00   -3.031419e-01  2.583677e+01  
451       1.50438593677e+05   0.000000e+00   -2.902713e-01  2.583765e+01  
452       1.50420940678e+05   0.000000e+00   -2.766345e-01  2.583861e+01  
453       1.50402783222e+05   0.000000e+00   -2.619091e-01  2.583965e+01  
454       1.50383721466e+05   0.000000e+00   -2.455120e-01  2.584082e+01  
455       1.50362791532e+05   0.000000e+00   -2.262810e-01  2.584220e+01  
456       1.50337249355e+05   0.000000e+00   -2.015336e-01  2.584402e+01  
457       1.50296179924e+05   0.000000e+00   -1.628694e-01  2.584721e+01  
458       1.50161707197e+05   0.000000e+00   -2.484016e-02  2.585832e+01  
459       1.50033797074e+05   0.000000e+00   3.313097e-01   2.586912e+01  
460       1.50098436336e+05   0.000000e+00   2.594738e-01   2.586325e+01  
461       1.50088871550e+05   0.000000e+00   5.263085e-01   2.586437e+01  
462       1.50225493167e+05   0.000000e+00   5.613874e-01   2.585272e+01  
463       1.49957737178e+05   0.000000e+00   7.321518e-01   2.587540e+01  
464       1.49957938205e+05   0.000000e+00   1.417055e+00   2.587586e+01  
465       1.50023882185e+05   0.000000e+00   9.482929e-01   2.587039e+01  
466       1.49941316316e+05   0.000000e+00   1.320737e+00   2.587754e+01  
467       1.50206084344e+05   0.000000e+00   1.431357e+00   2.585562e+01  
468       1.50168490787e+05   0.000000e+00   1.253796e+00   2.585963e+01  
469       1.50200054055e+05   0.000000e+00   8.827512e-01   2.585774e+01  
470       1.50174270645e+05   0.000000e+00   1.125828e+00   2.586096e+01  
471       1.50442277820e+05   0.000000e+00   1.020739e+00   2.584066e+01  
472       1.50130563538e+05   0.000000e+00   1.318410e+00   2.586625e+01  
473       1.50188474397e+05   0.000000e+00   1.506943e+00   2.586164e+01  
474       1.50462856879e+05   0.000000e+00   1.404536e+00   2.584043e+01  
475       1.50285832434e+05   0.000000e+00   1.363381e+00   2.585469e+01  
476       1.50286761669e+05   0.000000e+00   1.975248e+00   2.585651e+01  
477       1.50472897549e+05   0.000000e+00   1.649779e+00   2.584269e+01  
478       1.50499298533e+05   0.000000e+00   1.594050e+00   2.584701e+01  
479       1.50514555703e+05   0.000000e+00   1.615695e+00   2.584298e+01  
480       1.50444728150e+05   0.000000e+00   1.876722e+00   2.585306e+01  
481       1.50456117445e+05   0.000000e+00   1.877765e+00   2.585029e+01  
482       1.50521637414e+05   0.000000e+00   1.762346e+00   2.585294e+01  
483       1.50448931666e+05   0.000000e+00   1.688326e+00   2.585634e+01  
484       1.50533209989e+05   0.000000e+00   1.722680e+00   2.585709e+01  
485       1.50378996679e+05   0.000000e+00   1.757534e+00   2.586655e+01  
486       1.50446214615e+05   0.000000e+00   1.747122e+00   2.586714e+01  
487       1.50366948390e+05   0.000000e+00   1.755238e+00   2.587417e+01  
488       1.50420949441e+05   0.000000e+00   1.771160e+00   2.587454e+01  
489       1.50332283237e+05   0.000000e+00   1.765676e+00   2.588326e+01  
490       1.50369912613e+05   0.000000e+00   1.783815e+00   2.588386e+01  
491       1.50282218732e+05   0.000000e+00   1.776543e+00   2.589340e+01  
492       1.50312402494e+05   0.000000e+00   1.795260e+00   2.589402e+01  
493       1.50233064388e+05   0.000000e+00   1.789783e+00   2.590373e+01  
494       1.50251971687e+05   0.000000e+00   1.811564e+00   2.590476e+01  
495       1.50194221274e+05   0.000000e+00   1.807004e+00   2.591367e+01  
496       1.50199637143e+05   0.000000e+00   1.828028e+00   2.591533e+01  
497       1.50176096054e+05   0.000000e+00   1.820903e+00   2.592244e+01  
498       1.50164877073e+05   0.000000e+00   1.841945e+00   2.592495e+01  
499       1.50159209966e+05   0.000000e+00   1.845272e+00   2.593092e+01  
500       1.50038818273e+05   0.000000e+00   1.972451e+00   2.593782e+01  
501       1.50029213644e+05   0.000000e+00   2.029960e+00   2.594349e+01  
502       1.49925304971e+05   0.000000e+00   2.709119e+00   2.594903e+01  
503       1.49950325429e+05   0.000000e+00   2.460896e+00   2.595128e+01  
504       1.50332425877e+05   0.000000e+00   2.149139e+00   2.594059e+01  
505       1.50032688441e+05   0.000000e+00   2.207603e+00   2.595597e+01  
506       1.50000558317e+05   0.000000e+00   2.335186e+00   2.596158e+01  
507       1.50234598226e+05   0.000000e+00   2.300533e+00   2.595521e+01  
508       1.50100142141e+05   0.000000e+00   2.377206e+00   2.596090e+01  
509       1.49958790554e+05   0.000000e+00   2.621332e+00   2.596981e+01  
510       1.50253975746e+05   0.000000e+00   2.369405e+00   2.596543e+01  
511       1.50081931620e+05   0.000000e+00   2.330374e+00   2.597227e+01  
512       1.50225985912e+05   0.000000e+00   2.362474e+00   2.596985e+01  
513       1.50090677524e+05   0.000000e+00   2.333717e+00   2.597719e+01  
514       1.50209505424e+05   0.000000e+00   2.364625e+00   2.597496e+01  
515       1.50069256360e+05   0.000000e+00   2.353743e+00   2.598295e+01  
516       1.50137199759e+05   0.000000e+00   2.378773e+00   2.598558e+01  
517       1.50078151878e+05   0.000000e+00   2.349804e+00   2.598631e+01  
518       1.50204097578e+05   0.000000e+00   2.383141e+00   2.598629e+01  
519       1.49984142673e+05   0.000000e+00   2.375997e+00   2.599741e+01  
520       1.50273904371e+05   0.000000e+00   2.385608e+00   2.598668e+01  
521       1.50018979370e+05   0.000000e+00   2.370461e+00   2.599842e+01  
522       1.50126226597e+05   0.000000e+00   2.409149e+00   2.600185e+01  
523       1.50038095570e+05   0.000000e+00   2.383106e+00   2.599947e+01  
524       1.50249493688e+05   0.000000e+00   2.395705e+00   2.599869e+01  
525       1.49944855391e+05   0.000000e+00   2.392214e+00   2.601134e+01  
526       1.50265622570e+05   0.000000e+00   2.405381e+00   2.600070e+01  
527       1.49938857531e+05   0.000000e+00   2.387117e+00   2.601464e+01  
528       1.50262244349e+05   0.000000e+00   2.404440e+00   2.600706e+01  
529       1.49979566214e+05   0.000000e+00   2.387785e+00   2.601623e+01  
530       1.50229229884e+05   0.000000e+00   2.403508e+00   2.601286e+01  
531       1.49963050167e+05   0.000000e+00   2.387038e+00   2.602207e+01  
532       1.50238016019e+05   0.000000e+00   2.403933e+00   2.601667e+01  
533       1.49948056792e+05   0.000000e+00   2.392750e+00   2.602735e+01  
534       1.50276367661e+05   0.000000e+00   2.396686e+00   2.601984e+01  
535       1.49933515185e+05   0.000000e+00   2.397224e+00   2.603240e+01  
536       1.50265509683e+05   0.000000e+00   2.401886e+00   2.602491e+01  
537       1.50017307623e+05   0.000000e+00   2.385628e+00   2.603339e+01  
538       1.50286461849e+05   0.000000e+00   2.392307e+00   2.602741e+01  
539       1.50098171166e+05   0.000000e+00   2.369158e+00   2.603259e+01  
540       1.50453068421e+05   0.000000e+00   2.363313e+00   2.602174e+01  
541       1.50222150535e+05   0.000000e+00   2.343578e+00   2.602748e+01  
542       1.50546929362e+05   0.000000e+00   2.344262e+00   2.601970e+01  
543       1.50262711916e+05   0.000000e+00   2.327458e+00   2.603009e+01  
544       1.50401162754e+05   0.000000e+00   2.352537e+00   2.603569e+01  
545       1.50170862116e+05   0.000000e+00   2.333327e+00   2.604492e+01  
546       1.50409187099e+05   0.000000e+00   2.354514e+00   2.604309e+01  
547       1.50248529974e+05   0.000000e+00   2.359711e+00   2.604354e+01  
548       1.50419376468e+05   0.000000e+00   2.396915e+00   2.604270e+01  
549       1.50142839120e+05   0.000000e+00   2.413444e+00   2.605493e+01  
550       1.50347707948e+05   0.000000e+00   2.388165e+00   2.605721e+01  
551       1.50197923551e+05   0.000000e+00   2.395966e+00   2.605609e+01  
552       1.50457323111e+05   0.000000e+00   2.415379e+00   2.604703e+01  
553       1.50482111590e+05   0.000000e+00   2.411791e+00   2.604133e+01  
554       1.50566884762e+05   0.000000e+00   2.409497e+00   2.604925e+01  
555       1.50195526407e+05   0.000000e+00   2.426252e+00   2.606198e+01  
556       1.50610100604e+05   0.000000e+00   2.467005e+00   2.605235e+01  
557       1.50466780717e+05   0.000000e+00   2.456646e+00   2.605313e+01  
558       1.50566203433e+05   0.000000e+00   2.493228e+00   2.605369e+01  
559       1.50452286916e+05   0.000000e+00   2.493606e+00   2.605731e+01  
560       1.50722228693e+05   0.000000e+00   2.567302e+00   2.605223e+01  
561       1.50314339709e+05   0.000000e+00   2.901709e+00   2.606660e+01  
562       1.50562815408e+05   0.000000e+00   2.865247e+00   2.606902e+01  
563       1.50510078093e+05   0.000000e+00   2.888935e+00   2.606021e+01  
564       1.50663509794e+05   0.000000e+00   2.749849e+00   2.605789e+01  
565       1.50634581687e+05   0.000000e+00   2.749630e+00   2.605764e+01  
566       1.50655197972e+05   0.000000e+00   2.766902e+00   2.606335e+01  
567       1.50503184314e+05   0.000000e+00   2.800096e+00   2.606729e+01  
568       1.50847767372e+05   0.000000e+00   2.780406e+00   2.605711e+01  
569       1.50615602881e+05   0.000000e+00   2.800059e+00   2.606233e+01  
570       1.50761050363e+05   0.000000e+00   2.829041e+00   2.606863e+01  
571       1.50530117733e+05   0.000000e+00   2.841223e+00   2.607136e+01  
572       1.50882625420e+05   0.000000e+00   2.833693e+00   2.606227e+01  
573       1.50672722716e+05   0.000000e+00   2.835367e+00   2.607014e+01  
574       1.50755666133e+05   0.000000e+00   2.866005e+00   2.607524e+01  
575       1.50774054207e+05   0.000000e+00   2.845354e+00   2.606668e+01  
576       1.50766579112e+05   0.000000e+00   2.867225e+00   2.607856e+01  
577       1.50752658303e+05   0.000000e+00   2.865176e+00   2.607492e+01  
578       1.50807729222e+05   0.000000e+00   2.894086e+00   2.607967e+01  
579       1.50754799264e+05   0.000000e+00   2.879556e+00   2.607815e+01  
580       1.50774072086e+05   0.000000e+00   2.913242e+00   2.608876e+01  
581       1.50805371015e+05   0.000000e+00   2.918144e+00   2.607698e+01  
582       1.50845279468e+05   0.000000e+00   3.044230e+00   2.609213e+01  
583       1.50770705227e+05   0.000000e+00   3.267086e+00   2.608646e+01  
584       1.50774377990e+05   0.000000e+00   3.145047e+00   2.609976e+01  
585       1.50848739775e+05   0.000000e+00   3.118822e+00   2.609252e+01  
586       1.50500231550e+05   0.000000e+00   3.351059e+00   2.611009e+01  
587       1.50810419553e+05   0.000000e+00   3.326953e+00   2.609770e+01  
588       1.50486356567e+05   0.000000e+00   3.237359e+00   2.611741e+01  
589       1.50691190582e+05   0.000000e+00   3.346698e+00   2.610511e+01  
590       1.50426939752e+05   0.000000e+00   3.257468e+00   2.613006e+01  
591       1.50650652569e+05   0.000000e+00   3.244038e+00   2.611227e+01  
592       1.50383137910e+05   0.000000e+00   3.263145e+00   2.613413e+01  
593       1.50489370246e+05   0.000000e+00   3.289057e+00   2.611901e+01  
594       1.50343836913e+05   0.000000e+00   3.288113e+00   2.614003e+01  
595       1.50427992923e+05   0.000000e+00   3.279463e+00   2.612916e+01  
596       1.50249492083e+05   0.000000e+00   3.297893e+00   2.614888e+01  
597       1.50318612613e+05   0.000000e+00   3.302032e+00   2.613390e+01  
598       1.50283288947e+05   0.000000e+00   3.320843e+00   2.615049e+01  
599       1.50261748218e+05   0.000000e+00   3.298237e+00   2.613915e+01  
600       1.50101362911e+05   0.000000e+00   3.324124e+00   2.616365e+01  
601       1.50159092843e+05   0.000000e+00   3.326687e+00   2.614685e+01  
602       1.50127873331e+05   0.000000e+00   3.342713e+00   2.616683e+01  
603       1.50122449922e+05   0.000000e+00   3.330330e+00   2.615107e+01  
604       1.49958796496e+05   0.000000e+00   3.379835e+00   2.617255e+01  
605       1.50186217486e+05   0.000000e+00   3.403385e+00   2.615426e+01  
606       1.49893017018e+05   0.000000e+00   3.479320e+00   2.617934e+01  
607       1.49941502615e+05   0.000000e+00   3.506362e+00   2.616828e+01  
608       1.49790021893e+05   0.000000e+00   3.862645e+00   2.618832e+01  
609       1.50084072580e+05   0.000000e+00   3.616325e+00   2.616721e+01  
610       1.49529659757e+05   0.000000e+00   3.565540e+00   2.619935e+01  
611       1.50076488296e+05   0.000000e+00   3.553259e+00   2.616936e+01  
612       1.49599137803e+05   0.000000e+00   3.569997e+00   2.620062e+01  
613       1.49912045713e+05   0.000000e+00   3.583608e+00   2.617915e+01  
614       1.49543852337e+05   0.000000e+00   3.597386e+00   2.620454e+01  
615       1.49945903558e+05   0.000000e+00   3.592671e+00   2.618468e+01  
616       1.49358161722e+05   0.000000e+00   3.620879e+00   2.621450e+01  
617       1.49824139755e+05   0.000000e+00   3.621854e+00   2.619383e+01  
618       1.49382439625e+05   0.000000e+00   3.728314e+00   2.621659e+01  
619       1.49433376785e+05   0.000000e+00   3.723214e+00   2.621381e+01  
620       1.49227396194e+05   0.000000e+00   4.045512e+00   2.622793e+01  
621       1.49390541863e+05   0.000000e+00   3.920810e+00   2.622066e+01  
622       1.49162869247e+05   0.000000e+00   3.813874e+00   2.623786e+01  
623       1.49399226042e+05   0.000000e+00   3.792989e+00   2.622816e+01  
624       1.49286333640e+05   0.000000e+00   3.815544e+00   2.623113e+01  
625       1.49336790693e+05   0.000000e+00   3.811129e+00   2.622961e+01  
626       1.49397288737e+05   0.000000e+00   3.842142e+00   2.622641e+01  
627       1.49266130406e+05   0.000000e+00   3.817346e+00   2.623021e+01  
628       1.49391620136e+05   0.000000e+00   3.846081e+00   2.622568e+01  
629       1.49171959613e+05   0.000000e+00   3.834235e+00   2.624020e+01  
630       1.49336989654e+05   0.000000e+00   3.855832e+00   2.622901e+01  
631       1.49204464979e+05   0.000000e+00   3.857049e+00   2.623900e+01  
632       1.49180564716e+05   0.000000e+00   3.912652e+00   2.623780e+01  
633       1.49119308559e+05   0.000000e+00   3.896110e+00   2.624424e+01  
634       1.49084608623e+05   0.000000e+00   3.931647e+00   2.624801e+01  
635       1.49015374365e+05   0.000000e+00   3.887600e+00   2.625281e+01  
636       1.49155418004e+05   0.000000e+00   3.929814e+00   2.624249e+01  
637       1.49167010386e+05   0.000000e+00   3.891947e+00   2.624434e+01  
638       1.49084841913e+05   0.000000e+00   3.935305e+00   2.624595e+01  
639       1.49184231045e+05   0.000000e+00   3.888909e+00   2.624811e+01  
640       1.48964970328e+05   0.000000e+00   3.918007e+00   2.625619e+01  
641       1.49280392653e+05   0.000000e+00   3.900196e+00   2.624867e+01  
642       1.48938483185e+05   0.000000e+00   3.932603e+00   2.625733e+01  
643       1.49397452485e+05   0.000000e+00   3.914931e+00   2.624511e+01  
644       1.48933108019e+05   0.000000e+00   3.920827e+00   2.626285e+01  
645       1.49225605045e+05   0.000000e+00   4.047510e+00   2.626136e+01  
646       1.48902338688e+05   0.000000e+00   4.083031e+00   2.627267e+01  
647       1.49344883488e+05   0.000000e+00   4.422413e+00   2.625788e+01  
648       1.48983032006e+05   0.000000e+00   4.311588e+00   2.626823e+01  
649       1.49572824330e+05   0.000000e+00   4.065902e+00   2.624217e+01  
650       1.49145383080e+05   0.000000e+00   4.083469e+00   2.626006e+01  
651       1.49531827441e+05   0.000000e+00   4.034388e+00   2.625042e+01  
652       1.49225889333e+05   0.000000e+00   4.024518e+00   2.625739e+01  
653       1.49588688260e+05   0.000000e+00   4.024537e+00   2.625252e+01  
654       1.49241768880e+05   0.000000e+00   4.026227e+00   2.625980e+01  
655       1.49448323561e+05   0.000000e+00   4.029346e+00   2.626465e+01  
656       1.49203204108e+05   0.000000e+00   4.013894e+00   2.626338e+01  
657       1.49558167443e+05   0.000000e+00   4.017730e+00   2.626251e+01  
658       1.49342350910e+05   0.000000e+00   3.984333e+00   2.625935e+01  
659       1.49392832450e+05   0.000000e+00   4.006700e+00   2.627388e+01  
660       1.49351968715e+05   0.000000e+00   3.988778e+00   2.626215e+01  
661       1.49398822505e+05   0.000000e+00   4.019675e+00   2.627453e+01  
662       1.49450037527e+05   0.000000e+00   3.985609e+00   2.625739e+01  
663       1.49415723448e+05   0.000000e+00   3.991848e+00   2.627699e+01  
664       1.49541218857e+05   0.000000e+00   3.991507e+00   2.625521e+01  
665       1.49337797413e+05   0.000000e+00   4.005427e+00   2.627762e+01  
666       1.49629266551e+05   0.000000e+00   3.975807e+00   2.624805e+01  
667       1.49362006453e+05   0.000000e+00   4.028244e+00   2.627776e+01  
668       1.49632644178e+05   0.000000e+00   4.005958e+00   2.624833e+01  
669       1.49498037645e+05   0.000000e+00   4.011430e+00   2.626954e+01  
670       1.49727364020e+05   0.000000e+00   4.006140e+00   2.624268e+01  
671       1.49309425099e+05   0.000000e+00   4.022142e+00   2.627704e+01  
672       1.49738273872e+05   0.000000e+00   4.037606e+00   2.623935e+01  
673       1.49399737531e+05   0.000000e+00   4.036903e+00   2.627190e+01  
674       1.49698182268e+05   0.000000e+00   4.043433e+00   2.624496e+01  
675       1.49520871765e+05   0.000000e+00   4.007729e+00   2.626477e+01  
676       1.49828984555e+05   0.000000e+00   4.035403e+00   2.623591e+01  
677       1.49427270242e+05   0.000000e+00   4.033547e+00   2.626594e+01  
678       1.49764695886e+05   0.000000e+00   4.069003e+00   2.623974e+01  
679       1.49588392164e+05   0.000000e+00   4.028155e+00   2.625812e+01  
680       1.49700499921e+05   0.000000e+00   4.066588e+00   2.624066e+01  
681       1.49595973371e+05   0.000000e+00   4.052933e+00   2.626143e+01  
682       1.49684071758e+05   0.000000e+00   4.089947e+00   2.623683e+01  
683       1.49568142261e+05   0.000000e+00   4.060868e+00   2.626127e+01  
684       1.49627232468e+05   0.000000e+00   4.083120e+00   2.624231e+01  
685       1.49561773983e+05   0.000000e+00   4.066786e+00   2.626199e+01  
686       1.49620344122e+05   0.000000e+00   4.087206e+00   2.624471e+01  
687       1.49578698625e+05   0.000000e+00   4.091648e+00   2.625805e+01  
688       1.49641913383e+05   0.000000e+00   4.093697e+00   2.623808e+01  
689       1.49697017836e+05   0.000000e+00   4.090425e+00   2.625195e+01  
690       1.49637763566e+05   0.000000e+00   4.103688e+00   2.624137e+01  
691       1.49664089440e+05   0.000000e+00   4.118292e+00   2.624848e+01  
692       1.49730312240e+05   0.000000e+00   4.115827e+00   2.623857e+01  
693       1.49647274166e+05   0.000000e+00   4.112069e+00   2.624808e+01  
694       1.49826581857e+05   0.000000e+00   4.140332e+00   2.623065e+01  
695       1.49679270965e+05   0.000000e+00   4.130802e+00   2.624483e+01  
696       1.49965668856e+05   0.000000e+00   4.126749e+00   2.622382e+01  
697       1.49728149767e+05   0.000000e+00   4.119520e+00   2.623804e+01  
698       1.50115746269e+05   0.000000e+00   4.139392e+00   2.621462e+01  
699       1.49970527449e+05   0.000000e+00   4.116432e+00   2.622534e+01  
700       1.50090551776e+05   0.000000e+00   4.141998e+00   2.621058e+01  
701       1.50108598312e+05   0.000000e+00   4.118995e+00   2.621727e+01  
702       1.50269505270e+05   0.000000e+00   4.166300e+00   2.619949e+01  
703       1.50112541937e+05   0.000000e+00   4.153267e+00   2.621413e+01  
704       1.50095401011e+05   0.000000e+00   4.206881e+00   2.620252e+01  
705       1.50165158257e+05   0.000000e+00   4.210025e+00   2.621121e+01  
706       1.50030488673e+05   0.000000e+00   4.247332e+00   2.620467e+01  
707       1.50277322432e+05   0.000000e+00   4.243362e+00   2.620640e+01  
708       1.50041750116e+05   0.000000e+00   4.278726e+00   2.620413e+01  
709       1.50334351133e+05   0.000000e+00   4.281454e+00   2.620688e+01  
710       1.50111438163e+05   0.000000e+00   4.303152e+00   2.619635e+01  
711       1.50201864930e+05   0.000000e+00   4.294543e+00   2.621124e+01  
712       1.50263387918e+05   0.000000e+00   4.286416e+00   2.619094e+01  
713       1.50278891764e+05   0.000000e+00   4.298099e+00   2.621170e+01  
714       1.50207641002e+05   0.000000e+00   4.291589e+00   2.619079e+01  
715       1.50357165179e+05   0.000000e+00   4.313072e+00   2.620948e+01  
716       1.50147105322e+05   0.000000e+00   4.327757e+00   2.619852e+01  
717       1.50215911413e+05   0.000000e+00   4.361993e+00   2.621750e+01  
718       1.50139175740e+05   0.000000e+00   4.343213e+00   2.620112e+01  
719       1.50190538659e+05   0.000000e+00   4.376490e+00   2.622365e+01  
720       1.50077863387e+05   0.000000e+00   4.366094e+00   2.620322e+01  
721       1.50298711133e+05   0.000000e+00   4.376618e+00   2.621825e+01  
722       1.50071575201e+05   0.000000e+00   4.388376e+00   2.620625e+01  
723       1.50056123875e+05   0.000000e+00   4.404790e+00   2.623384e+01  
724       1.50162345083e+05   0.000000e+00   4.384037e+00   2.620605e+01  
725       1.50129456447e+05   0.000000e+00   4.401171e+00   2.623116e+01  
726       1.50102755850e+05   0.000000e+00   4.399587e+00   2.620963e+01  
727       1.50159062768e+05   0.000000e+00   4.393856e+00   2.623106e+01  
728       1.50162321729e+05   0.000000e+00   4.395383e+00   2.621018e+01  
729       1.49884852455e+05   0.000000e+00   4.398244e+00   2.625122e+01  
730       1.50014704157e+05   0.000000e+00   4.407424e+00   2.622892e+01  
731       1.49867680948e+05   0.000000e+00   4.415983e+00   2.625787e+01  
732       1.49805582699e+05   0.000000e+00   4.406701e+00   2.624450e+01  
733       1.49950707712e+05   0.000000e+00   4.387332e+00   2.625756e+01  
734       1.49794379306e+05   0.000000e+00   4.377589e+00   2.624930e+01  
735       1.49836417956e+05   0.000000e+00   4.409645e+00   2.626770e+01  
736       1.49718265387e+05   0.000000e+00   4.403870e+00   2.626393e+01  
737       1.49847478069e+05   0.000000e+00   4.394094e+00   2.627110e+01  
738       1.49688583792e+05   0.000000e+00   4.390646e+00   2.626841e+01  
739       1.49794248994e+05   0.000000e+00   4.412048e+00   2.628024e+01  
740       1.49527091785e+05   0.000000e+00   4.417555e+00   2.627924e+01  
741       1.49720067677e+05   0.000000e+00   4.400410e+00   2.628941e+01  
742       1.49566941897e+05   0.000000e+00   4.379903e+00   2.628585e+01  
743       1.49693862648e+05   0.000000e+00   4.401620e+00   2.629085e+01  
744       1.49434208776e+05   0.000000e+00   4.405663e+00   2.630116e+01  
745       1.49554641723e+05   0.000000e+00   4.412218e+00   2.630521e+01  
746       1.49337716372e+05   0.000000e+00   4.403979e+00   2.630970e+01  
747       1.49721425810e+05   0.000000e+00   4.392375e+00   2.630645e+01  
748       1.49233836718e+05   0.000000e+00   4.392179e+00   2.632493e+01  
749       1.49509498176e+05   0.000000e+00   4.397529e+00   2.632057e+01  
750       1.49217044880e+05   0.000000e+00   4.418435e+00   2.633142e+01  
751       1.49475012628e+05   0.000000e+00   4.394835e+00   2.632810e+01  
752       1.49241748041e+05   0.000000e+00   4.383550e+00   2.633813e+01  
753       1.49454401932e+05   0.000000e+00   4.383111e+00   2.633418e+01  
754       1.49182201175e+05   0.000000e+00   4.396673e+00   2.634779e+01  
755       1.49383849944e+05   0.000000e+00   4.396933e+00   2.633903e+01  
756       1.49041615676e+05   0.000000e+00   4.398437e+00   2.635886e+01  
757       1.49363650533e+05   0.000000e+00   4.399876e+00   2.634869e+01  
758       1.49034239370e+05   0.000000e+00   4.402050e+00   2.636582e+01  
759       1.49384141227e+05   0.000000e+00   4.373861e+00   2.635251e+01  
760       1.49091830414e+05   0.000000e+00   4.379626e+00   2.636732e+01  
761       1.49232646364e+05   0.000000e+00   4.380441e+00   2.636765e+01  
762       1.49092739775e+05   0.000000e+00   4.395309e+00   2.637046e+01  
763       1.49186096666e+05   0.000000e+00   4.378613e+00   2.637562e+01  
764       1.49088630609e+05   0.000000e+00   4.380541e+00   2.638006e+01  
765       1.49210715735e+05   0.000000e+00   4.393026e+00   2.638183e+01  
766       1.49012083742e+05   0.000000e+00   4.388000e+00   2.638707e+01  
767       1.49182744484e+05   0.000000e+00   4.377471e+00   2.638761e+01  
768       1.48935961254e+05   0.000000e+00   4.399194e+00   2.640097e+01  
769       1.49037463638e+05   0.000000e+00   4.393385e+00   2.640206e+01  
770       1.49055131264e+05   0.000000e+00   4.391618e+00   2.640302e+01  
771       1.49021913794e+05   0.000000e+00   4.407319e+00   2.640734e+01  
772       1.48957287254e+05   0.000000e+00   4.429107e+00   2.641073e+01  
773       1.49203677708e+05   0.000000e+00   4.537535e+00   2.640112e+01  
774       1.48879165296e+05   0.000000e+00   4.736105e+00   2.642493e+01  
775       1.49079887639e+05   0.000000e+00   4.635625e+00   2.641258e+01  
776       1.48949450864e+05   0.000000e+00   4.531240e+00   2.642862e+01  
777       1.49170953076e+05   0.000000e+00   4.526763e+00   2.641285e+01  
778       1.48835004543e+05   0.000000e+00   4.541131e+00   2.643868e+01  
779       1.49140432669e+05   0.000000e+00   4.560252e+00   2.642282e+01  
780       1.48889632085e+05   0.000000e+00   4.581025e+00   2.643858e+01  
781       1.49150917244e+05   0.000000e+00   4.648737e+00   2.642740e+01  
782       1.49121554871e+05   0.000000e+00   5.578535e+00   2.643992e+01  
783       1.49394493244e+05   0.000000e+00   5.077769e+00   2.642293e+01  
784       1.49003197951e+05   0.000000e+00   4.677173e+00   2.644730e+01  
785       1.49353742118e+05   0.000000e+00   4.640342e+00   2.642743e+01  
786       1.49206898238e+05   0.000000e+00   4.631558e+00   2.644071e+01  
787       1.49305632533e+05   0.000000e+00   4.632644e+00   2.643561e+01  
788       1.49278234124e+05   0.000000e+00   4.656290e+00   2.644184e+01  
789       1.49209317835e+05   0.000000e+00   4.651045e+00   2.644137e+01  
790       1.49295384117e+05   0.000000e+00   4.663558e+00   2.644720e+01  
791       1.49206942940e+05   0.000000e+00   4.659778e+00   2.644869e+01  
792       1.49402882022e+05   0.000000e+00   4.686207e+00   2.644566e+01  
793       1.49165055449e+05   0.000000e+00   4.669524e+00   2.645705e+01  
794       1.49332374829e+05   0.000000e+00   4.701467e+00   2.645404e+01  
795       1.49211384693e+05   0.000000e+00   4.669188e+00   2.645538e+01  
796       1.49411942753e+05   0.000000e+00   4.683718e+00   2.645346e+01  
797       1.49362502624e+05   0.000000e+00   4.633513e+00   2.645499e+01  
798       1.49402691883e+05   0.000000e+00   4.659613e+00   2.645275e+01  
799       1.49583174543e+05   0.000000e+00   4.651335e+00   2.644723e+01  
800       1.49379830651e+05   0.000000e+00   4.656390e+00   2.645898e+01  
801       1.49603942136e+05   0.000000e+00   4.644417e+00   2.644824e+01  
802       1.49380006656e+05   0.000000e+00   4.674573e+00   2.646719e+01  
803       1.49740086785e+05   0.000000e+00   4.641562e+00   2.644678e+01  
804       1.49379730724e+05   0.000000e+00   4.658888e+00   2.646621e+01  
805       1.49860030700e+05   0.000000e+00   4.640004e+00   2.644515e+01  
806       1.49418506151e+05   0.000000e+00   4.682902e+00   2.647079e+01  
807       1.49897267606e+05   0.000000e+00   4.646220e+00   2.644501e+01  
808       1.49453516987e+05   0.000000e+00   4.660066e+00   2.647231e+01  
809       1.50103082793e+05   0.000000e+00   4.625052e+00   2.643764e+01  
810       1.49645441205e+05   0.000000e+00   4.648164e+00   2.646301e+01  
811       1.50246977830e+05   0.000000e+00   4.638762e+00   2.642984e+01  
812       1.49606961410e+05   0.000000e+00   4.658557e+00   2.646666e+01  
813       1.50340190362e+05   0.000000e+00   4.636089e+00   2.643077e+01  
814       1.49582907658e+05   0.000000e+00   4.674852e+00   2.647436e+01  
815       1.50389311310e+05   0.000000e+00   4.655523e+00   2.642895e+01  
816       1.49607076148e+05   0.000000e+00   4.707281e+00   2.647458e+01  
817       1.50441377427e+05   0.000000e+00   4.657032e+00   2.642674e+01  
818       1.49709850902e+05   0.000000e+00   4.700846e+00   2.646908e+01  
819       1.50400580405e+05   0.000000e+00   4.663065e+00   2.643289e+01  
820       1.49714793705e+05   0.000000e+00   4.717728e+00   2.647381e+01  
821       1.50423454857e+05   0.000000e+00   4.677524e+00   2.643206e+01  
822       1.49800302356e+05   0.000000e+00   4.696277e+00   2.646774e+01  
823       1.50593998835e+05   0.000000e+00   4.650203e+00   2.642253e+01  
824       1.49616973100e+05   0.000000e+00   4.716323e+00   2.647312e+01  
825       1.50603636630e+05   0.000000e+00   4.671928e+00   2.642000e+01  
826       1.49678683766e+05   0.000000e+00   4.715020e+00   2.646650e+01  
827       1.50603334641e+05   0.000000e+00   4.672520e+00   2.641709e+01  
828       1.49791648206e+05   0.000000e+00   4.710149e+00   2.645632e+01  
829       1.50555054211e+05   0.000000e+00   4.690052e+00   2.641382e+01  
830       1.49609115189e+05   0.000000e+00   4.717365e+00   2.646405e+01  
831       1.50712077608e+05   0.000000e+00   4.686972e+00   2.640654e+01  
832       1.49619390239e+05   0.000000e+00   4.718740e+00   2.645905e+01  
833       1.50489361749e+05   0.000000e+00   4.727780e+00   2.641597e+01  
834       1.49559762259e+05   0.000000e+00   4.741048e+00   2.646308e+01  
835       1.50471088554e+05   0.000000e+00   4.716427e+00   2.641363e+01  
836       1.49642272589e+05   0.000000e+00   4.726719e+00   2.645684e+01  
837       1.50432817792e+05   0.000000e+00   4.720240e+00   2.641616e+01  
838       1.49547313321e+05   0.000000e+00   4.740427e+00   2.645845e+01  
839       1.50252821960e+05   0.000000e+00   4.741543e+00   2.642237e+01  
840       1.49465258184e+05   0.000000e+00   4.769670e+00   2.645974e+01  
841       1.50168203197e+05   0.000000e+00   4.763153e+00   2.642556e+01  
842       1.49347471478e+05   0.000000e+00   4.770982e+00   2.646824e+01  
843       1.50138927253e+05   0.000000e+00   4.762689e+00   2.642670e+01  
844       1.49294479734e+05   0.000000e+00   4.787863e+00   2.646839e+01  
845       1.50063759504e+05   0.000000e+00   4.765122e+00   2.642700e+01  
846       1.49189920729e+05   0.000000e+00   4.800888e+00   2.647489e+01  
847       1.49996136973e+05   0.000000e+00   4.803385e+00   2.642713e+01  
848       1.49153126412e+05   0.000000e+00   4.835262e+00   2.647850e+01  
849       1.50044666182e+05   0.000000e+00   4.805243e+00   2.642107e+01  
850       1.49081302681e+05   0.000000e+00   4.850734e+00   2.647823e+01  
851       1.50012458683e+05   0.000000e+00   4.849784e+00   2.642157e+01  
852       1.48985651449e+05   0.000000e+00   4.881639e+00   2.648152e+01  
853       1.49953818999e+05   0.000000e+00   4.860092e+00   2.642065e+01  
854       1.49024411285e+05   0.000000e+00   4.897448e+00   2.648080e+01  
855       1.49979756440e+05   0.000000e+00   4.907565e+00   2.641946e+01  
856       1.48962843880e+05   0.000000e+00   5.024854e+00   2.647421e+01  
857       1.49931868456e+05   0.000000e+00   5.446989e+00   2.641805e+01  
858       1.49036876656e+05   0.000000e+00   5.274171e+00   2.647159e+01  
859       1.49995551475e+05   0.000000e+00   5.106226e+00   2.642067e+01  
860       1.49161371533e+05   0.000000e+00   5.142034e+00   2.646577e+01  
861       1.49851578637e+05   0.000000e+00   5.324737e+00   2.642185e+01  
862       1.49215760842e+05   0.000000e+00   5.173814e+00   2.646190e+01  
863       1.49835854925e+05   0.000000e+00   5.108688e+00   2.642454e+01  
864       1.49120403932e+05   0.000000e+00   5.146986e+00   2.646308e+01  
865       1.49770926442e+05   0.000000e+00   5.130720e+00   2.642740e+01  
866       1.49235168225e+05   0.000000e+00   5.152542e+00   2.645742e+01  
867       1.49861600168e+05   0.000000e+00   5.135262e+00   2.642504e+01  
868       1.49248039308e+05   0.000000e+00   5.165364e+00   2.646222e+01  
869       1.49874032234e+05   0.000000e+00   5.147501e+00   2.642760e+01  
870       1.49347958839e+05   0.000000e+00   5.155962e+00   2.645811e+01  
871       1.49982430814e+05   0.000000e+00   5.127293e+00   2.642888e+01  
872       1.49382485475e+05   0.000000e+00   5.159779e+00   2.646396e+01  
873       1.49960187423e+05   0.000000e+00   5.143151e+00   2.643472e+01  
874       1.49354163637e+05   0.000000e+00   5.170053e+00   2.646631e+01  
875       1.49986159632e+05   0.000000e+00   5.146396e+00   2.644252e+01  
876       1.49428581954e+05   0.000000e+00   5.167093e+00   2.647271e+01  
877       1.50013162971e+05   0.000000e+00   5.161600e+00   2.644841e+01  
878       1.49291370109e+05   0.000000e+00   5.206039e+00   2.648392e+01  
879       1.49860528132e+05   0.000000e+00   5.206088e+00   2.646247e+01  
880       1.49391691824e+05   0.000000e+00   5.197536e+00   2.648591e+01  
881       1.49854079917e+05   0.000000e+00   5.198071e+00   2.647178e+01  
882       1.49380147884e+05   0.000000e+00   5.201928e+00   2.649459e+01  
883       1.49866432677e+05   0.000000e+00   5.173240e+00   2.647698e+01  
884       1.49399050020e+05   0.000000e+00   5.206765e+00   2.649989e+01  
885       1.49644887293e+05   0.000000e+00   5.194110e+00   2.649728e+01  
886       1.49426998645e+05   0.000000e+00   5.218471e+00   2.650992e+01  
887       1.49572686097e+05   0.000000e+00   5.200122e+00   2.650982e+01  
888       1.49241397387e+05   0.000000e+00   5.235429e+00   2.652814e+01  
889       1.49648006910e+05   0.000000e+00   5.214370e+00   2.651451e+01  
890       1.49102269681e+05   0.000000e+00   5.253583e+00   2.654102e+01  
891       1.49574938275e+05   0.000000e+00   5.223615e+00   2.653223e+01  
892       1.49030672788e+05   0.000000e+00   5.277856e+00   2.655472e+01  
893       1.49531574477e+05   0.000000e+00   5.242138e+00   2.654037e+01  
894       1.49089190257e+05   0.000000e+00   5.254105e+00   2.655953e+01  
895       1.49574292015e+05   0.000000e+00   5.231836e+00   2.654619e+01  
896       1.49107920321e+05   0.000000e+00   5.259995e+00   2.656579e+01  
897       1.49483885738e+05   0.000000e+00   5.233991e+00   2.656202e+01  
898       1.49000710795e+05   0.000000e+00   5.253913e+00   2.658111e+01  
899       1.49448401573e+05   0.000000e+00   5.256689e+00   2.656803e+01  
900       1.48958746650e+05   0.000000e+00   5.289401e+00   2.659126e+01  
901       1.49316051044e+05   0.000000e+00   5.279066e+00   2.657446e+01  
902       1.48996978402e+05   0.000000e+00   5.298199e+00   2.658950e+01  
903       1.49222154959e+05   0.000000e+00   5.309645e+00   2.658680e+01  
904       1.48975214144e+05   0.000000e+00   5.338872e+00   2.659618e+01  
905       1.49094180329e+05   0.000000e+00   5.333693e+00   2.659423e+01  
906       1.49046520485e+05   0.000000e+00   5.341962e+00   2.659901e+01  
907       1.49162096937e+05   0.000000e+00   5.333818e+00   2.659537e+01  
908       1.49001813889e+05   0.000000e+00   5.362502e+00   2.660399e+01  
909       1.49098395758e+05   0.000000e+00   5.354599e+00   2.660228e+01  
910       1.48994482392e+05   0.000000e+00   5.367751e+00   2.661154e+01  
911       1.49177995955e+05   0.000000e+00   5.348849e+00   2.659794e+01  
912       1.49058059567e+05   0.000000e+00   5.363542e+00   2.661404e+01  
913       1.49163326906e+05   0.000000e+00   5.354387e+00   2.660129e+01  
914       1.48973788296e+05   0.000000e+00   5.388080e+00   2.662140e+01  
915       1.49200984043e+05   0.000000e+00   5.368921e+00   2.660466e+01  
916       1.49064051274e+05   0.000000e+00   5.380153e+00   2.661903e+01  
917       1.49242257700e+05   0.000000e+00   5.371588e+00   2.660612e+01  
918       1.48979276088e+05   0.000000e+00   5.400721e+00   2.662868e+01  
919       1.49257099256e+05   0.000000e+00   5.381181e+00   2.660991e+01  
920       1.49035489836e+05   0.000000e+00   5.385425e+00   2.662863e+01  
921       1.49440390113e+05   0.000000e+00   5.361417e+00   2.660605e+01  
922       1.49014157431e+05   0.000000e+00   5.376982e+00   2.662868e+01  
923       1.49381575424e+05   0.000000e+00   5.391053e+00   2.661277e+01  
924       1.48865304656e+05   0.000000e+00   5.393103e+00   2.664202e+01  
925       1.49477042902e+05   0.000000e+00   5.395086e+00   2.661095e+01  
926       1.48848796893e+05   0.000000e+00   5.404405e+00   2.664971e+01  
927       1.49401790704e+05   0.000000e+00   5.414484e+00   2.661850e+01  
928       1.48747687904e+05   0.000000e+00   5.415212e+00   2.666068e+01  
929       1.49481408079e+05   0.000000e+00   5.405345e+00   2.661460e+01  
930       1.48722111402e+05   0.000000e+00   5.422902e+00   2.666577e+01  
931       1.49420365366e+05   0.000000e+00   5.421038e+00   2.662285e+01  
932       1.48742744595e+05   0.000000e+00   5.414333e+00   2.667115e+01  
933       1.49452002260e+05   0.000000e+00   5.424047e+00   2.661988e+01  
934       1.48693035093e+05   0.000000e+00   5.421764e+00   2.667693e+01  
935       1.49489181144e+05   0.000000e+00   5.423330e+00   2.661892e+01  
936       1.48616144641e+05   0.000000e+00   5.450012e+00   2.668503e+01  
937       1.49360531487e+05   0.000000e+00   5.452942e+00   2.662748e+01  
938       1.48689400753e+05   0.000000e+00   5.460299e+00   2.668452e+01  
939       1.49371326625e+05   0.000000e+00   5.434092e+00   2.662630e+01  
940       1.48521330880e+05   0.000000e+00   5.482047e+00   2.669353e+01  
941       1.49429324860e+05   0.000000e+00   5.455506e+00   2.662199e+01  
942       1.48490492397e+05   0.000000e+00   5.471447e+00   2.669591e+01  
943       1.49432965180e+05   0.000000e+00   5.414928e+00   2.662387e+01  
944       1.48590609589e+05   0.000000e+00   5.451128e+00   2.669231e+01  
945       1.49419920141e+05   0.000000e+00   5.430150e+00   2.662066e+01  
946       1.48496247990e+05   0.000000e+00   5.438233e+00   2.669223e+01  
947       1.49455433995e+05   0.000000e+00   5.411514e+00   2.661700e+01  
948       1.48413937366e+05   0.000000e+00   5.456074e+00   2.669302e+01  
949       1.49333502191e+05   0.000000e+00   5.425790e+00   2.662160e+01  
950       1.48458495559e+05   0.000000e+00   5.448623e+00   2.668553e+01  
951       1.49262951469e+05   0.000000e+00   5.419423e+00   2.662383e+01  
952       1.48536992551e+05   0.000000e+00   5.461922e+00   2.668252e+01  
953       1.49121405777e+05   0.000000e+00   5.430761e+00   2.662992e+01  
954       1.48551908724e+05   0.000000e+00   5.463525e+00   2.667584e+01  
955       1.49108265238e+05   0.000000e+00   5.435202e+00   2.663073e+01  
956       1.48644360480e+05   0.000000e+00   5.440036e+00   2.666886e+01  
957       1.49085510688e+05   0.000000e+00   5.422070e+00   2.662931e+01  
958       1.48674270883e+05   0.000000e+00   5.433798e+00   2.666427e+01  
959       1.48974817330e+05   0.000000e+00   5.423417e+00   2.663238e+01  
960       1.48874265211e+05   0.000000e+00   5.414105e+00   2.664910e+01  
961       1.48964926581e+05   0.000000e+00   5.414894e+00   2.663331e+01  
962       1.48902287394e+05   0.000000e+00   5.449448e+00   2.664654e+01  
963       1.48835025688e+05   0.000000e+00   5.453592e+00   2.663322e+01  
964       1.49023020145e+05   0.000000e+00   5.454256e+00   2.663597e+01  
965       1.48922474428e+05   0.000000e+00   5.447048e+00   2.662396e+01  
966       1.49100363248e+05   0.000000e+00   5.460154e+00   2.662881e+01  
967       1.49034652464e+05   0.000000e+00   5.457928e+00   2.661313e+01  
968       1.49108433605e+05   0.000000e+00   5.461255e+00   2.662020e+01  
969       1.49108638997e+05   0.000000e+00   5.462170e+00   2.660493e+01  
970       1.49267344172e+05   0.000000e+00   5.454866e+00   2.660938e+01  
971       1.49098152405e+05   0.000000e+00   5.459843e+00   2.660344e+01  
972       1.49348621159e+05   0.000000e+00   5.463098e+00   2.660185e+01  
973       1.49086802037e+05   0.000000e+00   5.469517e+00   2.660074e+01  
974       1.49438695116e+05   0.000000e+00   5.464860e+00   2.659240e+01  
975       1.49010248950e+05   0.000000e+00   5.501881e+00   2.660251e+01  
976       1.49430958416e+05   0.000000e+00   5.487774e+00   2.659177e+01  
977       1.49021954481e+05   0.000000e+00   5.499639e+00   2.659714e+01  
978       1.49511890995e+05   0.000000e+00   5.498301e+00   2.658427e+01  
979       1.48932371004e+05   0.000000e+00   5.523158e+00   2.659926e+01  
980       1.49695172659e+05   0.000000e+00   5.485145e+00   2.656582e+01  
981       1.48933555517e+05   0.000000e+00   5.526089e+00   2.659749e+01  
982       1.49615841529e+05   0.000000e+00   5.505683e+00   2.656554e+01  
983       1.48903054939e+05   0.000000e+00   5.539976e+00   2.659674e+01  
984       1.49735627483e+05   0.000000e+00   5.499050e+00   2.655363e+01  
985       1.48864769168e+05   0.000000e+00   5.563281e+00   2.659490e+01  
986       1.49733610923e+05   0.000000e+00   5.529217e+00   2.654320e+01  
987       1.48889584291e+05   0.000000e+00   5.581317e+00   2.658977e+01  
988       1.49699633583e+05   0.000000e+00   5.535876e+00   2.654091e+01  
989       1.48764784938e+05   0.000000e+00   5.612279e+00   2.659649e+01  
990       1.49835200227e+05   0.000000e+00   5.550798e+00   2.652762e+01  
991       1.48737073560e+05   0.000000e+00   5.624751e+00   2.659398e+01  
992       1.49805469701e+05   0.000000e+00   5.576003e+00   2.652954e+01  
993       1.48699104005e+05   0.000000e+00   5.665143e+00   2.659640e+01  
994       1.49831798532e+05   0.000000e+00   5.614340e+00   2.652530e+01  
995       1.48557552052e+05   0.000000e+00   5.687401e+00   2.660139e+01  
996       1.50038557339e+05   0.000000e+00   5.604701e+00   2.651044e+01  
997       1.48602574759e+05   0.000000e+00   5.699351e+00   2.659921e+01  
998       1.49945795882e+05   0.000000e+00   5.637675e+00   2.651332e+01  
999       1.48521133853e+05   0.000000e+00   5.745188e+00   2.660069e+01  
1000      1.50085089972e+05   0.000000e+00   5.659373e+00   2.650387e+01  
1001      1.48519233956e+05   0.000000e+00   5.750085e+00   2.659987e+01  
1002      1.50087753743e+05   0.000000e+00   5.680782e+00   2.650108e+01  
1003      1.48448157520e+05   0.000000e+00   5.779759e+00   2.660082e+01  
1004      1.50097690104e+05   0.000000e+00   5.692073e+00   2.650561e+01  
1005      1.48609735659e+05   0.000000e+00   5.754759e+00   2.659024e+01  
1006      1.50155908663e+05   0.000000e+00   5.697403e+00   2.649992e+01  
1007      1.48577888931e+05   0.000000e+00   5.777296e+00   2.659440e+01  
1008      1.50030464060e+05   0.000000e+00   5.743351e+00   2.650437e+01  
1009      1.48607130218e+05   0.000000e+00   5.782624e+00   2.659406e+01  
1010      1.50262801652e+05   0.000000e+00   5.707534e+00   2.649517e+01  
1011      1.48675893266e+05   0.000000e+00   5.773274e+00   2.659080e+01  
1012      1.50273082090e+05   0.000000e+00   5.723195e+00   2.649187e+01  
1013      1.48684312923e+05   0.000000e+00   5.790419e+00   2.659351e+01  
1014      1.50361580588e+05   0.000000e+00   5.719374e+00   2.648482e+01  
1015      1.48799808103e+05   0.000000e+00   5.781965e+00   2.659048e+01  
1016      1.50406362937e+05   0.000000e+00   5.715516e+00   2.648443e+01  
1017      1.48767899533e+05   0.000000e+00   5.772272e+00   2.659435e+01  
1018      1.50513553745e+05   0.000000e+00   5.683609e+00   2.647828e+01  
1019      1.48866451050e+05   0.000000e+00   5.759629e+00   2.658973e+01  
1020      1.50528307529e+05   0.000000e+00   5.674534e+00   2.647858e+01  
1021      1.48757065294e+05   0.000000e+00   5.773742e+00   2.659924e+01  
1022      1.50544838299e+05   0.000000e+00   5.657349e+00   2.647813e+01  
1023      1.48795624437e+05   0.000000e+00   5.775065e+00   2.659431e+01  
1024      1.50464594168e+05   0.000000e+00   5.672806e+00   2.648310e+01  
1025      1.48660324312e+05   0.000000e+00   5.796683e+00   2.660241e+01  
1026      1.50497825505e+05   0.000000e+00   5.685312e+00   2.648145e+01  
1027      1.48595956987e+05   0.000000e+00   5.801920e+00   2.660892e+01  
1028      1.50558381476e+05   0.000000e+00   5.690325e+00   2.648424e+01  
1029      1.48521900030e+05   0.000000e+00   5.793410e+00   2.661410e+01  
1030      1.50655586070e+05   0.000000e+00   5.694592e+00   2.648174e+01  
1031      1.48467197867e+05   0.000000e+00   5.789409e+00   2.661835e+01  
1032      1.50685214625e+05   0.000000e+00   5.674037e+00   2.648127e+01  
1033      1.48473649925e+05   0.000000e+00   5.781865e+00   2.662339e+01  
1034      1.50539231442e+05   0.000000e+00   5.688121e+00   2.649344e+01  
1035      1.48498526018e+05   0.000000e+00   5.794842e+00   2.662122e+01  
1036      1.50602427485e+05   0.000000e+00   5.682990e+00   2.649584e+01  
1037      1.48382732001e+05   0.000000e+00   5.800467e+00   2.663771e+01  
1038      1.50537679604e+05   0.000000e+00   5.718611e+00   2.649999e+01  
1039      1.48382740163e+05   0.000000e+00   5.820985e+00   2.664296e+01  
1040      1.50489293650e+05   0.000000e+00   5.730437e+00   2.650381e+01  
1041      1.48342599804e+05   0.000000e+00   5.830681e+00   2.665458e+01  
1042      1.50480228166e+05   0.000000e+00   5.748481e+00   2.650546e+01  
1043      1.48280917338e+05   0.000000e+00   5.848545e+00   2.666041e+01  
1044      1.50322025646e+05   0.000000e+00   5.748223e+00   2.651649e+01  
1045      1.48472317364e+05   0.000000e+00   5.834070e+00   2.665983e+01  
1046      1.50286553676e+05   0.000000e+00   5.745734e+00   2.651727e+01  
1047      1.48362588077e+05   0.000000e+00   5.857004e+00   2.667072e+01  
1048      1.50176940518e+05   0.000000e+00   5.757657e+00   2.652433e+01  
1049      1.48345230637e+05   0.000000e+00   5.873010e+00   2.667704e+01  
1050      1.50123733384e+05   0.000000e+00   5.752710e+00   2.653204e+01  
1051      1.48349764356e+05   0.000000e+00   5.869378e+00   2.667915e+01  
1052      1.49970294379e+05   0.000000e+00   5.783796e+00   2.654020e+01  
1053      1.48322090827e+05   0.000000e+00   5.873425e+00   2.667897e+01  
1054      1.50002861484e+05   0.000000e+00   5.768254e+00   2.653766e+01  
1055      1.48192691134e+05   0.000000e+00   5.888352e+00   2.669087e+01  
1056      1.49942000821e+05   0.000000e+00   5.773890e+00   2.654492e+01  
1057      1.48147886148e+05   0.000000e+00   5.904019e+00   2.668953e+01  
1058      1.49881342889e+05   0.000000e+00   5.790400e+00   2.654513e+01  
1059      1.48146297493e+05   0.000000e+00   5.890266e+00   2.669109e+01  
1060      1.49855065759e+05   0.000000e+00   5.798817e+00   2.654740e+01  
1061      1.48078135081e+05   0.000000e+00   5.894701e+00   2.669342e+01  
1062      1.49817601787e+05   0.000000e+00   5.801083e+00   2.654915e+01  
1063      1.48094876121e+05   0.000000e+00   5.904956e+00   2.669155e+01  
1064      1.49881300578e+05   0.000000e+00   5.803864e+00   2.653987e+01  
1065      1.48125638000e+05   0.000000e+00   5.900770e+00   2.669132e+01  
1066      1.49717393316e+05   0.000000e+00   5.823248e+00   2.654916e+01  
1067      1.48028517299e+05   0.000000e+00   5.903860e+00   2.669549e+01  
1068      1.49790393954e+05   0.000000e+00   5.826815e+00   2.654637e+01  
1069      1.47880071364e+05   0.000000e+00   5.922961e+00   2.669823e+01  
1070      1.49808689165e+05   0.000000e+00   5.833141e+00   2.654324e+01  
1071      1.47872622963e+05   0.000000e+00   5.923758e+00   2.669519e+01  
1072      1.49613100374e+05   0.000000e+00   5.865402e+00   2.655090e+01  
1073      1.47822557744e+05   0.000000e+00   5.940575e+00   2.669714e+01  
1074      1.49614654486e+05   0.000000e+00   5.887949e+00   2.654469e+01  
1075      1.47775304403e+05   0.000000e+00   5.971796e+00   2.669574e+01  
1076      1.49533486727e+05   0.000000e+00   5.914145e+00   2.654261e+01  
1077      1.47769272861e+05   0.000000e+00   5.988487e+00   2.669680e+01  
1078      1.49497708865e+05   0.000000e+00   5.920678e+00   2.653840e+01  
1079      1.47713877500e+05   0.000000e+00   6.033470e+00   2.669695e+01  
1080      1.49480165633e+05   0.000000e+00   5.934290e+00   2.653328e+01  
1081      1.47848124457e+05   0.000000e+00   6.014207e+00   2.668488e+01  
1082      1.49331836313e+05   0.000000e+00   5.953513e+00   2.654123e+01  
1083      1.47836906415e+05   0.000000e+00   6.037919e+00   2.668071e+01  
1084      1.49301717481e+05   0.000000e+00   5.967305e+00   2.653688e+01  
1085      1.47977072718e+05   0.000000e+00   6.019002e+00   2.666852e+01  
1086      1.49095226966e+05   0.000000e+00   5.993828e+00   2.654863e+01  
1087      1.47930293143e+05   0.000000e+00   6.062233e+00   2.666532e+01  
1088      1.49020135161e+05   0.000000e+00   6.002101e+00   2.654858e+01  
1089      1.47942715409e+05   0.000000e+00   6.062323e+00   2.666042e+01  
1090      1.49034237073e+05   0.000000e+00   5.992028e+00   2.654444e+01  
1091      1.47994854633e+05   0.000000e+00   6.065528e+00   2.665366e+01  
1092      1.48837033268e+05   0.000000e+00   6.006206e+00   2.655182e+01  
1093      1.47939987759e+05   0.000000e+00   6.063563e+00   2.665327e+01  
1094      1.48994038082e+05   0.000000e+00   5.991929e+00   2.654481e+01  
1095      1.47990073201e+05   0.000000e+00   6.032820e+00   2.664461e+01  
1096      1.48871908555e+05   0.000000e+00   6.004689e+00   2.654966e+01  
1097      1.47997061939e+05   0.000000e+00   6.051280e+00   2.664134e+01  
1098      1.48831612549e+05   0.000000e+00   6.007564e+00   2.655237e+01  
1099      1.48078529886e+05   0.000000e+00   6.044157e+00   2.663415e+01  
1100      1.48829984099e+05   0.000000e+00   6.005094e+00   2.655252e+01  
1101      1.48139742448e+05   0.000000e+00   6.042129e+00   2.662891e+01  
1102      1.48792688784e+05   0.000000e+00   6.007143e+00   2.655349e+01  
1103      1.48346326564e+05   0.000000e+00   6.022586e+00   2.661446e+01  
1104      1.48906970638e+05   0.000000e+00   5.993893e+00   2.654827e+01  
1105      1.48365709999e+05   0.000000e+00   6.010228e+00   2.661554e+01  
1106      1.48936703262e+05   0.000000e+00   5.997526e+00   2.654174e+01  
1107      1.48411833200e+05   0.000000e+00   6.015699e+00   2.660907e+01  
1108      1.48903639024e+05   0.000000e+00   5.992863e+00   2.654428e+01  
1109      1.48581474558e+05   0.000000e+00   6.006106e+00   2.659293e+01  
1110      1.48709746840e+05   0.000000e+00   6.030368e+00   2.655697e+01  
1111      1.48589107140e+05   0.000000e+00   6.030965e+00   2.659194e+01  
1112      1.48681323538e+05   0.000000e+00   6.030561e+00   2.655774e+01  
1113      1.48724907861e+05   0.000000e+00   6.046127e+00   2.658220e+01  
1114      1.48629706908e+05   0.000000e+00   6.036408e+00   2.656214e+01  
1115      1.48814845655e+05   0.000000e+00   6.055496e+00   2.657227e+01  
1116      1.48735582092e+05   0.000000e+00   6.034564e+00   2.655521e+01  
1117      1.48909357677e+05   0.000000e+00   6.040891e+00   2.656369e+01  
1118      1.48698972133e+05   0.000000e+00   6.048229e+00   2.655875e+01  
1119      1.48982485945e+05   0.000000e+00   6.044941e+00   2.655367e+01  
1120      1.48835758038e+05   0.000000e+00   6.048828e+00   2.655389e+01  
1121      1.49060333546e+05   0.000000e+00   6.029010e+00   2.654868e+01  
1122      1.48976855525e+05   0.000000e+00   6.037241e+00   2.654895e+01  
1123      1.49026503502e+05   0.000000e+00   6.047702e+00   2.654833e+01  
1124      1.49069408450e+05   0.000000e+00   6.062647e+00   2.654299e+01  
1125      1.49013495773e+05   0.000000e+00   6.051065e+00   2.655006e+01  
1126      1.49230130629e+05   0.000000e+00   6.061622e+00   2.653913e+01  
1127      1.48911661238e+05   0.000000e+00   6.078746e+00   2.655226e+01  
1128      1.49313963419e+05   0.000000e+00   6.085695e+00   2.653630e+01  
1129      1.49092817709e+05   0.000000e+00   6.063227e+00   2.654281e+01  
1130      1.49509234161e+05   0.000000e+00   6.053747e+00   2.652920e+01  
1131      1.49074446753e+05   0.000000e+00   6.081453e+00   2.654879e+01  
1132      1.49447123985e+05   0.000000e+00   6.097724e+00   2.653481e+01  
1133      1.49200656163e+05   0.000000e+00   6.065517e+00   2.654278e+01  
1134      1.49635616195e+05   0.000000e+00   6.064655e+00   2.653661e+01  
1135      1.49229233029e+05   0.000000e+00   6.074211e+00   2.654506e+01  
1136      1.49792075893e+05   0.000000e+00   6.061599e+00   2.653004e+01  
1137      1.49374297549e+05   0.000000e+00   6.060931e+00   2.654082e+01  
1138      1.49677741466e+05   0.000000e+00   6.055827e+00   2.654380e+01  
1139      1.49608309904e+05   0.000000e+00   6.046879e+00   2.653322e+01  
1140      1.49718195858e+05   0.000000e+00   6.035021e+00   2.654592e+01  
1141      1.49710328773e+05   0.000000e+00   6.047231e+00   2.652785e+01  
1142      1.49725215938e+05   0.000000e+00   6.047651e+00   2.654583e+01  
1143      1.49907162420e+05   0.000000e+00   6.035381e+00   2.651683e+01  
1144      1.49718542799e+05   0.000000e+00   6.022738e+00   2.655073e+01  
1145      1.49828441360e+05   0.000000e+00   6.041601e+00   2.652229e+01  
1146      1.49752094678e+05   0.000000e+00   6.050317e+00   2.655188e+01  
1147      1.49861289926e+05   0.000000e+00   6.050152e+00   2.651279e+01  
1148      1.49831958484e+05   0.000000e+00   6.045294e+00   2.654608e+01  
1149      1.49870066856e+05   0.000000e+00   6.048341e+00   2.651237e+01  
1150      1.49798849793e+05   0.000000e+00   6.067277e+00   2.655047e+01  
1151      1.49674915346e+05   0.000000e+00   6.069080e+00   2.651958e+01  
1152      1.49930966205e+05   0.000000e+00   6.076997e+00   2.654489e+01  
1153      1.49628546887e+05   0.000000e+00   6.084341e+00   2.652053e+01  
1154      1.50040317137e+05   0.000000e+00   6.060361e+00   2.653542e+01  
1155      1.49586780328e+05   0.000000e+00   6.091737e+00   2.652249e+01  
1156      1.49967416254e+05   0.000000e+00   6.049728e+00   2.654138e+01  
1157      1.49653628677e+05   0.000000e+00   6.085526e+00   2.651800e+01  
1158      1.49952957368e+05   0.000000e+00   6.062817e+00   2.653934e+01  
1159      1.49760260139e+05   0.000000e+00   6.088102e+00   2.650844e+01  
1160      1.49811776646e+05   0.000000e+00   6.068547e+00   2.655341e+01  
1161      1.49879649834e+05   0.000000e+00   6.076111e+00   2.649704e+01  
1162      1.49679526320e+05   0.000000e+00   6.093979e+00   2.656462e+01  
1163      1.49921233378e+05   0.000000e+00   6.082892e+00   2.649496e+01  
1164      1.49666696863e+05   0.000000e+00   6.085771e+00   2.656549e+01  
1165      1.50041171248e+05   0.000000e+00   6.074853e+00   2.648623e+01  
1166      1.49536536007e+05   0.000000e+00   6.083362e+00   2.657739e+01  
1167      1.50111463890e+05   0.000000e+00   6.079855e+00   2.648168e+01  
1168      1.49457445882e+05   0.000000e+00   6.098476e+00   2.658484e+01  
1169      1.50218222312e+05   0.000000e+00   6.072951e+00   2.647573e+01  
1170      1.49399335114e+05   0.000000e+00   6.099664e+00   2.658830e+01  
1171      1.50177293887e+05   0.000000e+00   6.080537e+00   2.648190e+01  
1172      1.49257680487e+05   0.000000e+00   6.131360e+00   2.659722e+01  
1173      1.50131696065e+05   0.000000e+00   6.095604e+00   2.648296e+01  
1174      1.49245685758e+05   0.000000e+00   6.109571e+00   2.660169e+01  
1175      1.50283758039e+05   0.000000e+00   6.074514e+00   2.647708e+01  
1176      1.48902490665e+05   0.000000e+00   6.147264e+00   2.662776e+01  
1177      1.50230083356e+05   0.000000e+00   6.115277e+00   2.647661e+01  
1178      1.48901591294e+05   0.000000e+00   6.134955e+00   2.663024e+01  
1179      1.50248154729e+05   0.000000e+00   6.109953e+00   2.647675e+01  
1180      1.48693260803e+05   0.000000e+00   6.156799e+00   2.664711e+01  
1181      1.50228909848e+05   0.000000e+00   6.136561e+00   2.647690e+01  
1182      1.48595458245e+05   0.000000e+00   6.170430e+00   2.665302e+01  
1183      1.50097106476e+05   0.000000e+00   6.149524e+00   2.648755e+01  
1184      1.48549458226e+05   0.000000e+00   6.199986e+00   2.666073e+01  
1185      1.50009863084e+05   0.000000e+00   6.156816e+00   2.648922e+01  
1186      1.48483992084e+05   0.000000e+00   6.205619e+00   2.666905e+01  
1187      1.49925914063e+05   0.000000e+00   6.167951e+00   2.649604e+01  
1188      1.48612915553e+05   0.000000e+00   6.193240e+00   2.666591e+01  
1189      1.49941951523e+05   0.000000e+00   6.141772e+00   2.649913e+01  
1190      1.48586758770e+05   0.000000e+00   6.188206e+00   2.666882e+01  
1191      1.49882495548e+05   0.000000e+00   6.147728e+00   2.650378e+01  
1192      1.48734599716e+05   0.000000e+00   6.173225e+00   2.666151e+01  
1193      1.49743945635e+05   0.000000e+00   6.143851e+00   2.651071e+01  
1194      1.48811500508e+05   0.000000e+00   6.169569e+00   2.665804e+01  
1195      1.49662831969e+05   0.000000e+00   6.157051e+00   2.652008e+01  
1196      1.48652702654e+05   0.000000e+00   6.184228e+00   2.666915e+01  
1197      1.49689108048e+05   0.000000e+00   6.153374e+00   2.652168e+01  
1198      1.48712176613e+05   0.000000e+00   6.200177e+00   2.666839e+01  
1199      1.49617898564e+05   0.000000e+00   6.173198e+00   2.652843e+01  
1200      1.48673280404e+05   0.000000e+00   6.201688e+00   2.667098e+01  
1201      1.49694705493e+05   0.000000e+00   6.164077e+00   2.652659e+01  
1202      1.48653895256e+05   0.000000e+00   6.197619e+00   2.667388e+01  
1203      1.49713200654e+05   0.000000e+00   6.174481e+00   2.652292e+01  
1204      1.48625134536e+05   0.000000e+00   6.213272e+00   2.667877e+01  
1205      1.49836927568e+05   0.000000e+00   6.183261e+00   2.651893e+01  
1206      1.48482382089e+05   0.000000e+00   6.228382e+00   2.668829e+01  
1207      1.49972293878e+05   0.000000e+00   6.188470e+00   2.651324e+01  
1208      1.48286300978e+05   0.000000e+00   6.253910e+00   2.670430e+01  
1209      1.50030700297e+05   0.000000e+00   6.196412e+00   2.651178e+01  
1210      1.48344520041e+05   0.000000e+00   6.256912e+00   2.670257e+01  
1211      1.49957292500e+05   0.000000e+00   6.207880e+00   2.651826e+01  
1212      1.48250861756e+05   0.000000e+00   6.256122e+00   2.671101e+01  
1213      1.50114597442e+05   0.000000e+00   6.204881e+00   2.650516e+01  
1214      1.48238154850e+05   0.000000e+00   6.259692e+00   2.671448e+01  
1215      1.50129099766e+05   0.000000e+00   6.189586e+00   2.650755e+01  
1216      1.48094474468e+05   0.000000e+00   6.276011e+00   2.672209e+01  
1217      1.50068640366e+05   0.000000e+00   6.211981e+00   2.650969e+01  
1218      1.48008600918e+05   0.000000e+00   6.297108e+00   2.672738e+01  
1219      1.50166348819e+05   0.000000e+00   6.193883e+00   2.650516e+01  
1220      1.47946980929e+05   0.000000e+00   6.305269e+00   2.673110e+01  
1221      1.49997849448e+05   0.000000e+00   6.230187e+00   2.651461e+01  
1222      1.47838641069e+05   0.000000e+00   6.326439e+00   2.673447e+01  
1223      1.50018996195e+05   0.000000e+00   6.223125e+00   2.651749e+01  
1224      1.47815848754e+05   0.000000e+00   6.330027e+00   2.673715e+01  
1225      1.49943624323e+05   0.000000e+00   6.255533e+00   2.652322e+01  
1226      1.47855909180e+05   0.000000e+00   6.345408e+00   2.673171e+01  
1227      1.50029170602e+05   0.000000e+00   6.232810e+00   2.652072e+01  
1228      1.47766499795e+05   0.000000e+00   6.361072e+00   2.674077e+01  
1229      1.49946820284e+05   0.000000e+00   6.262320e+00   2.653127e+01  
1230      1.47841449660e+05   0.000000e+00   6.352413e+00   2.673415e+01  
1231      1.49992783403e+05   0.000000e+00   6.265198e+00   2.653121e+01  
1232      1.47919080837e+05   0.000000e+00   6.353367e+00   2.672672e+01  
1233      1.50141119446e+05   0.000000e+00   6.271921e+00   2.652586e+01  
1234      1.47954217401e+05   0.000000e+00   6.348047e+00   2.672518e+01  
1235      1.50086277398e+05   0.000000e+00   6.286051e+00   2.653405e+01  
1236      1.47973704712e+05   0.000000e+00   6.372201e+00   2.672356e+01  
1237      1.50218457320e+05   0.000000e+00   6.278516e+00   2.652507e+01  
1238      1.48112879448e+05   0.000000e+00   6.360602e+00   2.671527e+01  
1239      1.50014282588e+05   0.000000e+00   6.303687e+00   2.653903e+01  
1240      1.48246192004e+05   0.000000e+00   6.359041e+00   2.670537e+01  
1241      1.49894955993e+05   0.000000e+00   6.293458e+00   2.654474e+01  
1242      1.48298297203e+05   0.000000e+00   6.360244e+00   2.670294e+01  
1243      1.49872711770e+05   0.000000e+00   6.295289e+00   2.654209e+01  
1244      1.48445369857e+05   0.000000e+00   6.353513e+00   2.669331e+01  
1245      1.49575524103e+05   0.000000e+00   6.313077e+00   2.655920e+01  
1246      1.48556907176e+05   0.000000e+00   6.356879e+00   2.668490e+01  
1247      1.49452456508e+05   0.000000e+00   6.325165e+00   2.656990e+01  
1248      1.48613294547e+05   0.000000e+00   6.357552e+00   2.667314e+01  
1249      1.49353405753e+05   0.000000e+00   6.323024e+00   2.657552e+01  
1250      1.48696781071e+05   0.000000e+00   6.347593e+00   2.666601e+01  
-------------------------------------------------------------------

Initialization/allocation wall-clock time: 2.735 seconds
Calculation (iterations) wall-clock time : 252.011 seconds

