
**********************************************
Real-time propagation in 3D, OPTION = 2
MPI nodes = 8, OMP threads = 16, cores = 128
**********************************************

Interactions
Contact: Natoms = 1.50000000000e+05, as = 6.000000e+01 * a0, G = 1.077890e+04, G * par = 2.155779e+04
Three-body: K3 =  0.000000e+00, g3 = 0.000000e+00
Regular DDI: add = 1.101000e+02 * a0, GD = 4.721954e+03, GD * par = 9.443909e+03, edd = 1.835000e+00
     Dipolar cutoff Rcut = 3.861760e+00, Lcut = 1.373863e+02

QF = 1: h2 = 1.400660e+05, h4 = 0.000000e+00
        q3 = 0.000000e+00, q5 = 6.446430e+00

GRAD = 0

Trap parameters:
GAMMA = 0.000000e+00, NU = 0.000000e+00, LAMBDA = 0.000000e+00
Parameters of rotation: OMEGA = 0.000000e+00, OMEGA * par = 0.000000e+00

Space discretization: NX = 128, NY = 128, NZ = 128
                      DX = 2.146661e+00, DY = 6.034000e-02, DZ = 6.034000e-02
      Unit of length: aho = 5.552380e-07 m

Time discretization: NITER = 2500 (NSNAP = 1250)
                     DT = 1.820458e-03

Initial state: file ./imag3d-finalpsi.bin
ADD_VORTICES = 0, ADD_RANDOM_PHASE = 0


MUREL = 1.000000e-12, MUEND=1.000000e+05

-------------------------------------------------------------------
Snap      <r>            <x>            <y>            <z>
-------------------------------------------------------------------
0         1.452983e+01   1.451922e+01   3.924524e-01   3.924524e-01  
1         1.452831e+01   1.451772e+01   3.921638e-01   3.921638e-01  
2         1.452587e+01   1.451531e+01   3.916287e-01   3.916287e-01  
3         1.452404e+01   1.451351e+01   3.909163e-01   3.909163e-01  
4         1.452363e+01   1.451315e+01   3.901067e-01   3.901067e-01  
5         1.452462e+01   1.451418e+01   3.892860e-01   3.892860e-01  
6         1.452658e+01   1.451618e+01   3.885488e-01   3.885488e-01  
7         1.452906e+01   1.451869e+01   3.879957e-01   3.879957e-01  
8         1.453168e+01   1.452133e+01   3.877254e-01   3.877254e-01  
9         1.453417e+01   1.452382e+01   3.878263e-01   3.878263e-01  
10        1.453637e+01   1.452600e+01   3.883677e-01   3.883677e-01  
11        1.453822e+01   1.452778e+01   3.893939e-01   3.893939e-01  
12        1.453969e+01   1.452917e+01   3.909217e-01   3.909217e-01  
13        1.454082e+01   1.453020e+01   3.929397e-01   3.929397e-01  
14        1.454168e+01   1.453092e+01   3.954112e-01   3.954112e-01  
15        1.454229e+01   1.453137e+01   3.982781e-01   3.982781e-01  
16        1.454270e+01   1.453161e+01   4.014665e-01   4.014665e-01  
17        1.454295e+01   1.453167e+01   4.048940e-01   4.048940e-01  
18        1.454305e+01   1.453158e+01   4.084767e-01   4.084767e-01  
19        1.454310e+01   1.453141e+01   4.121354e-01   4.121354e-01  
20        1.454321e+01   1.453132e+01   4.158006e-01   4.158006e-01  
21        1.454358e+01   1.453148e+01   4.194164e-01   4.194164e-01  
22        1.454440e+01   1.453209e+01   4.229405e-01   4.229405e-01  
23        1.454580e+01   1.453330e+01   4.263430e-01   4.263430e-01  
24        1.454783e+01   1.453514e+01   4.296042e-01   4.296042e-01  
25        1.455036e+01   1.453748e+01   4.327117e-01   4.327117e-01  
26        1.455313e+01   1.454008e+01   4.356594e-01   4.356594e-01  
27        1.455580e+01   1.454259e+01   4.384458e-01   4.384458e-01  
28        1.455801e+01   1.454464e+01   4.410743e-01   4.410743e-01  
29        1.455951e+01   1.454599e+01   4.435524e-01   4.435524e-01  
30        1.456019e+01   1.454653e+01   4.458918e-01   4.458918e-01  
31        1.456012e+01   1.454632e+01   4.481063e-01   4.481063e-01  
32        1.455945e+01   1.454552e+01   4.502116e-01   4.502116e-01  
33        1.455842e+01   1.454437e+01   4.522229e-01   4.522229e-01  
34        1.455727e+01   1.454310e+01   4.541552e-01   4.541552e-01  
35        1.455621e+01   1.454192e+01   4.560226e-01   4.560226e-01  
36        1.455541e+01   1.454100e+01   4.578389e-01   4.578389e-01  
37        1.455498e+01   1.454046e+01   4.596167e-01   4.596167e-01  
38        1.455501e+01   1.454037e+01   4.613677e-01   4.613677e-01  
39        1.455552e+01   1.454078e+01   4.631033e-01   4.631033e-01  
40        1.455651e+01   1.454166e+01   4.648351e-01   4.648351e-01  
41        1.455795e+01   1.454299e+01   4.665734e-01   4.665734e-01  
42        1.455976e+01   1.454469e+01   4.683283e-01   4.683283e-01  
43        1.456184e+01   1.454665e+01   4.701098e-01   4.701098e-01  
44        1.456404e+01   1.454874e+01   4.719273e-01   4.719273e-01  
45        1.456622e+01   1.455080e+01   4.737895e-01   4.737895e-01  
46        1.456821e+01   1.455267e+01   4.757051e-01   4.757051e-01  
47        1.456985e+01   1.455418e+01   4.776828e-01   4.776828e-01  
48        1.457099e+01   1.455519e+01   4.797313e-01   4.797313e-01  
49        1.457155e+01   1.455561e+01   4.818596e-01   4.818596e-01  
50        1.457148e+01   1.455539e+01   4.840771e-01   4.840771e-01  
51        1.457077e+01   1.455453e+01   4.863927e-01   4.863927e-01  
52        1.456951e+01   1.455310e+01   4.888156e-01   4.888156e-01  
53        1.456780e+01   1.455122e+01   4.913555e-01   4.913555e-01  
54        1.456579e+01   1.454903e+01   4.940216e-01   4.940216e-01  
55        1.456365e+01   1.454669e+01   4.968187e-01   4.968187e-01  
56        1.456156e+01   1.454439e+01   4.997444e-01   4.997444e-01  
57        1.455970e+01   1.454232e+01   5.027889e-01   5.027889e-01  
58        1.455822e+01   1.454063e+01   5.059384e-01   5.059384e-01  
59        1.455725e+01   1.453943e+01   5.091778e-01   5.091778e-01  
60        1.455682e+01   1.453877e+01   5.124913e-01   5.124913e-01  
61        1.455689e+01   1.453859e+01   5.158628e-01   5.158628e-01  
62        1.455730e+01   1.453876e+01   5.192751e-01   5.192751e-01  
63        1.455782e+01   1.453904e+01   5.227107e-01   5.227107e-01  
64        1.455820e+01   1.453917e+01   5.261520e-01   5.261520e-01  
65        1.455821e+01   1.453893e+01   5.295818e-01   5.295818e-01  
66        1.455770e+01   1.453817e+01   5.329859e-01   5.329859e-01  
67        1.455665e+01   1.453687e+01   5.363525e-01   5.363525e-01  
68        1.455514e+01   1.453511e+01   5.396727e-01   5.396727e-01  
69        1.455330e+01   1.453303e+01   5.429395e-01   5.429395e-01  
70        1.455130e+01   1.453079e+01   5.461472e-01   5.461472e-01  
71        1.454928e+01   1.452852e+01   5.492906e-01   5.492906e-01  
72        1.454736e+01   1.452637e+01   5.523654e-01   5.523654e-01  
73        1.454564e+01   1.452442e+01   5.553674e-01   5.553674e-01  
74        1.454420e+01   1.452275e+01   5.582938e-01   5.582938e-01  
75        1.454309e+01   1.452142e+01   5.611428e-01   5.611428e-01  
76        1.454236e+01   1.452048e+01   5.639141e-01   5.639141e-01  
77        1.454200e+01   1.451991e+01   5.666093e-01   5.666093e-01  
78        1.454198e+01   1.451968e+01   5.692313e-01   5.692313e-01  
79        1.454223e+01   1.451973e+01   5.717841e-01   5.717841e-01  
80        1.454263e+01   1.451994e+01   5.742734e-01   5.742734e-01  
81        1.454306e+01   1.452018e+01   5.767048e-01   5.767048e-01  
82        1.454341e+01   1.452033e+01   5.790872e-01   5.790872e-01  
83        1.454357e+01   1.452031e+01   5.814312e-01   5.814312e-01  
84        1.454355e+01   1.452010e+01   5.837507e-01   5.837507e-01  
85        1.454330e+01   1.451966e+01   5.860601e-01   5.860601e-01  
86        1.454283e+01   1.451901e+01   5.883747e-01   5.883747e-01  
87        1.454240e+01   1.451838e+01   5.907301e-01   5.907301e-01  
88        1.454445e+01   1.452023e+01   5.933356e-01   5.933356e-01  
89        1.454344e+01   1.451902e+01   5.955953e-01   5.955953e-01  
90        1.454073e+01   1.451612e+01   5.979274e-01   5.979274e-01  
91        1.454713e+01   1.452228e+01   6.010067e-01   6.010067e-01  
92        1.454990e+01   1.452481e+01   6.038688e-01   6.038688e-01  
93        1.452764e+01   1.450237e+01   6.056998e-01   6.056998e-01  
94        1.454127e+01   1.451569e+01   6.095456e-01   6.095456e-01  
95        1.452068e+01   1.449488e+01   6.117620e-01   6.117620e-01  
96        1.453927e+01   1.451314e+01   6.161123e-01   6.161123e-01  
97        1.452284e+01   1.449642e+01   6.191664e-01   6.191664e-01  
98        1.453729e+01   1.451048e+01   6.240041e-01   6.240041e-01  
99        1.452596e+01   1.449877e+01   6.281910e-01   6.281910e-01  
100       1.454000e+01   1.451235e+01   6.337037e-01   6.337037e-01  
101       1.452894e+01   1.450082e+01   6.388762e-01   6.388762e-01  
102       1.454783e+01   1.451919e+01   6.451545e-01   6.451545e-01  
103       1.453250e+01   1.450327e+01   6.514088e-01   6.514088e-01  
104       1.454789e+01   1.451809e+01   6.580523e-01   6.580523e-01  
105       1.453329e+01   1.450295e+01   6.637558e-01   6.637558e-01  
106       1.456078e+01   1.452982e+01   6.709747e-01   6.709747e-01  
107       1.454120e+01   1.450962e+01   6.772493e-01   6.772493e-01  
108       1.456347e+01   1.453119e+01   6.853138e-01   6.853138e-01  
109       1.454304e+01   1.451012e+01   6.914719e-01   6.914719e-01  
110       1.456380e+01   1.453011e+01   7.001282e-01   7.001282e-01  
111       1.454166e+01   1.450734e+01   7.060318e-01   7.060318e-01  
112       1.456232e+01   1.452714e+01   7.152926e-01   7.152926e-01  
113       1.454265e+01   1.450683e+01   7.212853e-01   7.212853e-01  
114       1.456277e+01   1.452601e+01   7.311964e-01   7.311964e-01  
115       1.454159e+01   1.450420e+01   7.369008e-01   7.369008e-01  
116       1.456416e+01   1.452574e+01   7.474843e-01   7.474843e-01  
117       1.454017e+01   1.450112e+01   7.529922e-01   7.529922e-01  
118       1.456616e+01   1.452602e+01   7.641987e-01   7.641987e-01  
119       1.454040e+01   1.449961e+01   7.695654e-01   7.695654e-01  
120       1.456199e+01   1.452004e+01   7.810465e-01   7.810465e-01  
121       1.454044e+01   1.449780e+01   7.868379e-01   7.868379e-01  
122       1.456380e+01   1.451991e+01   7.988941e-01   7.988941e-01  
123       1.454442e+01   1.449979e+01   8.049814e-01   8.049814e-01  
124       1.456334e+01   1.451737e+01   8.175447e-01   8.175447e-01  
125       1.456901e+01   1.452218e+01   8.253908e-01   8.253908e-01  
126       1.457190e+01   1.452363e+01   8.379330e-01   8.379330e-01  
127       1.457677e+01   1.452760e+01   8.458166e-01   8.458166e-01  
128       1.456610e+01   1.451553e+01   8.575823e-01   8.575823e-01  
129       1.457485e+01   1.452343e+01   8.649042e-01   8.649042e-01  
130       1.459006e+01   1.453719e+01   8.774719e-01   8.774719e-01  
131       1.458174e+01   1.452810e+01   8.835400e-01   8.835400e-01  
132       1.457560e+01   1.452036e+01   8.964261e-01   8.964260e-01  
133       1.459068e+01   1.453482e+01   9.018607e-01   9.018607e-01  
134       1.459524e+01   1.453840e+01   9.099950e-01   9.099950e-01  
135       1.459458e+01   1.453737e+01   9.128403e-01   9.128403e-01  
136       1.459929e+01   1.454066e+01   9.242401e-01   9.242401e-01  
137       1.459190e+01   1.453257e+01   9.294891e-01   9.294890e-01  
138       1.460683e+01   1.454661e+01   9.369161e-01   9.369160e-01  
139       1.459632e+01   1.453584e+01   9.386153e-01   9.386152e-01  
140       1.461281e+01   1.455110e+01   9.486131e-01   9.486130e-01  
141       1.459224e+01   1.452997e+01   9.522344e-01   9.522343e-01  
142       1.461766e+01   1.455408e+01   9.629956e-01   9.629955e-01  
143       1.459032e+01   1.452624e+01   9.659057e-01   9.659055e-01  
144       1.462398e+01   1.455868e+01   9.761084e-01   9.761083e-01  
145       1.458440e+01   1.451857e+01   9.787274e-01   9.787272e-01  
146       1.462460e+01   1.455739e+01   9.902887e-01   9.902884e-01  
147       1.458390e+01   1.451622e+01   9.923570e-01   9.923569e-01  
148       1.461932e+01   1.455019e+01   1.004110e+00   1.004109e+00  
149       1.459021e+01   1.452042e+01   1.007871e+00   1.007877e+00  
150       1.460748e+01   1.453659e+01   1.016404e+00   1.016401e+00  
151       1.458774e+01   1.451560e+01   1.024526e+00   1.024534e+00  
152       1.460491e+01   1.453161e+01   1.033343e+00   1.033343e+00  
153       1.458546e+01   1.451126e+01   1.038982e+00   1.038996e+00  
154       1.459228e+01   1.451595e+01   1.053985e+00   1.053935e+00  
155       1.457171e+01   1.449515e+01   1.054845e+00   1.054797e+00  
156       1.459016e+01   1.451100e+01   1.073244e+00   1.073136e+00  
157       1.453388e+01   1.445416e+01   1.074916e+00   1.074812e+00  
158       1.462111e+01   1.453958e+01   1.090361e+00   1.090194e+00  
159       1.456589e+01   1.448339e+01   1.094696e+00   1.094576e+00  
160       1.462952e+01   1.454496e+01   1.110763e+00   1.110575e+00  
161       1.456888e+01   1.448348e+01   1.113812e+00   1.113671e+00  
162       1.463687e+01   1.454916e+01   1.131386e+00   1.131204e+00  
163       1.457999e+01   1.449178e+01   1.132413e+00   1.132239e+00  
164       1.465150e+01   1.456048e+01   1.153103e+00   1.153003e+00  
165       1.458990e+01   1.449811e+01   1.155477e+00   1.155347e+00  
166       1.464819e+01   1.455399e+01   1.172843e+00   1.172800e+00  
167       1.459553e+01   1.450004e+01   1.178729e+00   1.178629e+00  
168       1.463506e+01   1.453715e+01   1.195020e+00   1.195051e+00  
169       1.457925e+01   1.447996e+01   1.201134e+00   1.201062e+00  
170       1.463449e+01   1.453289e+01   1.217221e+00   1.217248e+00  
171       1.458195e+01   1.447844e+01   1.226464e+00   1.226379e+00  
172       1.462972e+01   1.452396e+01   1.241599e+00   1.241734e+00  
173       1.458585e+01   1.447817e+01   1.251002e+00   1.250891e+00  
174       1.461754e+01   1.450776e+01   1.264315e+00   1.264435e+00  
175       1.459684e+01   1.448570e+01   1.271251e+00   1.271230e+00  
176       1.462800e+01   1.451442e+01   1.286399e+00   1.286469e+00  
177       1.458918e+01   1.447372e+01   1.295394e+00   1.295230e+00  
178       1.464738e+01   1.452965e+01   1.310435e+00   1.310605e+00  
179       1.461128e+01   1.449190e+01   1.318160e+00   1.317812e+00  
180       1.465360e+01   1.453120e+01   1.336451e+00   1.336460e+00  
181       1.460296e+01   1.447811e+01   1.347474e+00   1.347216e+00  
182       1.465345e+01   1.452602e+01   1.363670e+00   1.363385e+00  
183       1.461652e+01   1.448684e+01   1.373789e+00   1.373576e+00  
184       1.465805e+01   1.452543e+01   1.390964e+00   1.391178e+00  
185       1.460179e+01   1.446615e+01   1.404506e+00   1.403592e+00  
186       1.463785e+01   1.449922e+01   1.420968e+00   1.421300e+00  
187       1.460321e+01   1.446130e+01   1.436069e+00   1.436038e+00  
188       1.467289e+01   1.452879e+01   1.450469e+00   1.450605e+00  
189       1.458859e+01   1.444054e+01   1.465688e+00   1.466046e+00  
190       1.465375e+01   1.450348e+01   1.479989e+00   1.480189e+00  
191       1.462104e+01   1.446760e+01   1.494476e+00   1.493320e+00  
192       1.465764e+01   1.450175e+01   1.507217e+00   1.507950e+00  
193       1.464058e+01   1.448087e+01   1.524769e+00   1.525199e+00  
194       1.466300e+01   1.450079e+01   1.537717e+00   1.538252e+00  
195       1.464952e+01   1.448374e+01   1.553921e+00   1.553998e+00  
196       1.466451e+01   1.449623e+01   1.566134e+00   1.566629e+00  
197       1.464845e+01   1.447681e+01   1.580744e+00   1.581191e+00  
198       1.466440e+01   1.449051e+01   1.591117e+00   1.593141e+00  
199       1.465143e+01   1.447331e+01   1.609928e+00   1.611114e+00  
200       1.466968e+01   1.449060e+01   1.615343e+00   1.616454e+00  
201       1.464582e+01   1.446268e+01   1.633075e+00   1.632184e+00  
202       1.468096e+01   1.449633e+01   1.641853e+00   1.640527e+00  
203       1.464915e+01   1.446012e+01   1.659861e+00   1.657503e+00  
204       1.468141e+01   1.449221e+01   1.662278e+00   1.660256e+00  
205       1.466792e+01   1.447367e+01   1.682686e+00   1.682027e+00  
206       1.467719e+01   1.448281e+01   1.683642e+00   1.683326e+00  
207       1.467653e+01   1.447849e+01   1.699863e+00   1.698300e+00  
208       1.468169e+01   1.448194e+01   1.707186e+00   1.706203e+00  
209       1.469346e+01   1.449124e+01   1.718151e+00   1.717420e+00  
210       1.468691e+01   1.448432e+01   1.719227e+00   1.718793e+00  
211       1.469743e+01   1.449149e+01   1.734471e+00   1.732884e+00  
212       1.470380e+01   1.449858e+01   1.731227e+00   1.730816e+00  
213       1.470698e+01   1.449808e+01   1.747272e+00   1.745921e+00  
214       1.469928e+01   1.449102e+01   1.743679e+00   1.743180e+00  
215       1.471502e+01   1.450404e+01   1.755587e+00   1.755682e+00  
216       1.470419e+01   1.449367e+01   1.753335e+00   1.752867e+00  
217       1.473077e+01   1.451787e+01   1.765282e+00   1.763737e+00  
218       1.471090e+01   1.449855e+01   1.761901e+00   1.760267e+00  
219       1.473242e+01   1.451797e+01   1.771772e+00   1.770158e+00  
220       1.471063e+01   1.449697e+01   1.767299e+00   1.765482e+00  
221       1.473502e+01   1.451840e+01   1.780747e+00   1.779288e+00  
222       1.470492e+01   1.448901e+01   1.775816e+00   1.774756e+00  
223       1.473792e+01   1.452065e+01   1.783657e+00   1.782012e+00  
224       1.470529e+01   1.448809e+01   1.781216e+00   1.779946e+00  
225       1.473763e+01   1.451883e+01   1.789509e+00   1.788568e+00  
226       1.470651e+01   1.448865e+01   1.783563e+00   1.783036e+00  
227       1.474283e+01   1.452278e+01   1.794608e+00   1.794175e+00  
228       1.471333e+01   1.449514e+01   1.784806e+00   1.785359e+00  
229       1.473538e+01   1.451465e+01   1.796561e+00   1.796829e+00  
230       1.471432e+01   1.449564e+01   1.786642e+00   1.787605e+00  
231       1.473868e+01   1.451767e+01   1.798134e+00   1.797944e+00  
232       1.470485e+01   1.448547e+01   1.789036e+00   1.789771e+00  
233       1.474411e+01   1.452278e+01   1.799250e+00   1.800155e+00  
234       1.470079e+01   1.448104e+01   1.789629e+00   1.791664e+00  
235       1.474595e+01   1.452468e+01   1.798629e+00   1.800410e+00  
236       1.471560e+01   1.449573e+01   1.790556e+00   1.793538e+00  
237       1.475126e+01   1.452967e+01   1.800607e+00   1.801780e+00  
238       1.471009e+01   1.449029e+01   1.789565e+00   1.793173e+00  
239       1.474023e+01   1.451848e+01   1.800396e+00   1.801832e+00  
240       1.469294e+01   1.447293e+01   1.789530e+00   1.792910e+00  
241       1.473499e+01   1.451298e+01   1.800809e+00   1.802926e+00  
242       1.468484e+01   1.446517e+01   1.787910e+00   1.790796e+00  
243       1.474817e+01   1.452627e+01   1.799856e+00   1.804542e+00  
244       1.468395e+01   1.446352e+01   1.790802e+00   1.793853e+00  
245       1.474742e+01   1.452548e+01   1.800289e+00   1.804393e+00  
246       1.469347e+01   1.447315e+01   1.790516e+00   1.794423e+00  
247       1.474189e+01   1.451944e+01   1.802168e+00   1.805995e+00  
248       1.469944e+01   1.447908e+01   1.790543e+00   1.795473e+00  
249       1.475591e+01   1.453298e+01   1.805296e+00   1.808369e+00  
250       1.469908e+01   1.447860e+01   1.790622e+00   1.796381e+00  
251       1.474579e+01   1.452232e+01   1.806386e+00   1.810410e+00  
252       1.470806e+01   1.448703e+01   1.793088e+00   1.799396e+00  
253       1.474297e+01   1.451890e+01   1.808710e+00   1.812489e+00  
254       1.472351e+01   1.450207e+01   1.795364e+00   1.802318e+00  
255       1.474221e+01   1.451740e+01   1.811648e+00   1.815423e+00  
256       1.471834e+01   1.449551e+01   1.801385e+00   1.806808e+00  
257       1.474940e+01   1.452365e+01   1.815690e+00   1.819822e+00  
258       1.470549e+01   1.448092e+01   1.807961e+00   1.812657e+00  
259       1.474367e+01   1.451635e+01   1.821866e+00   1.825422e+00  
260       1.469543e+01   1.446840e+01   1.817264e+00   1.821688e+00  
261       1.474559e+01   1.451679e+01   1.828007e+00   1.831293e+00  
262       1.470278e+01   1.447336e+01   1.827923e+00   1.830989e+00  
263       1.474474e+01   1.451401e+01   1.836200e+00   1.838218e+00  
264       1.469980e+01   1.446860e+01   1.835135e+00   1.837365e+00  
265       1.475066e+01   1.451739e+01   1.846987e+00   1.848283e+00  
266       1.470971e+01   1.447628e+01   1.844425e+00   1.846913e+00  
267       1.473845e+01   1.450252e+01   1.856601e+00   1.857844e+00  
268       1.472555e+01   1.449020e+01   1.853112e+00   1.855241e+00  
269       1.474086e+01   1.450237e+01   1.866652e+00   1.868070e+00  
270       1.472043e+01   1.448156e+01   1.866672e+00   1.868454e+00  
271       1.472425e+01   1.448264e+01   1.877848e+00   1.878897e+00  
272       1.472030e+01   1.447848e+01   1.878133e+00   1.879729e+00  
273       1.472279e+01   1.447878e+01   1.887504e+00   1.887532e+00  
274       1.472097e+01   1.447634e+01   1.889052e+00   1.890521e+00  
275       1.471588e+01   1.446904e+01   1.898017e+00   1.897771e+00  
276       1.473495e+01   1.448818e+01   1.898717e+00   1.899043e+00  
277       1.472060e+01   1.447107e+01   1.908785e+00   1.908077e+00  
278       1.473442e+01   1.448491e+01   1.909287e+00   1.909223e+00  
279       1.471128e+01   1.445875e+01   1.919674e+00   1.918611e+00  
280       1.474284e+01   1.449131e+01   1.917996e+00   1.916917e+00  
281       1.471189e+01   1.445772e+01   1.926001e+00   1.924757e+00  
282       1.474224e+01   1.448811e+01   1.927886e+00   1.926501e+00  
283       1.470975e+01   1.445329e+01   1.934484e+00   1.933071e+00  
284       1.474284e+01   1.448654e+01   1.935698e+00   1.935023e+00  
285       1.471296e+01   1.445521e+01   1.939149e+00   1.938479e+00  
286       1.473888e+01   1.448085e+01   1.942056e+00   1.941088e+00  
287       1.472470e+01   1.446590e+01   1.943653e+00   1.943344e+00  
288       1.474639e+01   1.448739e+01   1.946317e+00   1.945116e+00  
289       1.472720e+01   1.446788e+01   1.945818e+00   1.945399e+00  
290       1.474411e+01   1.448380e+01   1.951085e+00   1.949751e+00  
291       1.473669e+01   1.447687e+01   1.948029e+00   1.948171e+00  
292       1.474998e+01   1.448873e+01   1.954592e+00   1.954020e+00  
293       1.471971e+01   1.445907e+01   1.950266e+00   1.949759e+00  
294       1.475645e+01   1.449488e+01   1.955963e+00   1.955903e+00  
295       1.471586e+01   1.445460e+01   1.952620e+00   1.951517e+00  
296       1.474552e+01   1.448327e+01   1.957398e+00   1.957997e+00  
297       1.471964e+01   1.445739e+01   1.956303e+00   1.955679e+00  
298       1.473557e+01   1.447298e+01   1.958068e+00   1.958546e+00  
299       1.470856e+01   1.444556e+01   1.958563e+00   1.957414e+00  
300       1.475456e+01   1.449138e+01   1.961406e+00   1.962079e+00  
301       1.470416e+01   1.444095e+01   1.958707e+00   1.958230e+00  
302       1.475882e+01   1.449538e+01   1.962951e+00   1.963021e+00  
303       1.469730e+01   1.443363e+01   1.959288e+00   1.960144e+00  
304       1.475886e+01   1.449514e+01   1.963668e+00   1.964412e+00  
305       1.469479e+01   1.443085e+01   1.960054e+00   1.961004e+00  
306       1.476302e+01   1.449956e+01   1.963157e+00   1.963545e+00  
307       1.469913e+01   1.443535e+01   1.959944e+00   1.960545e+00  
308       1.475317e+01   1.448944e+01   1.963173e+00   1.964216e+00  
309       1.470701e+01   1.444314e+01   1.960520e+00   1.961667e+00  
310       1.475674e+01   1.449326e+01   1.962028e+00   1.964016e+00  
311       1.470671e+01   1.444324e+01   1.958622e+00   1.960595e+00  
312       1.475935e+01   1.449581e+01   1.962840e+00   1.963937e+00  
313       1.470693e+01   1.444352e+01   1.958277e+00   1.960477e+00  
314       1.476465e+01   1.450154e+01   1.960894e+00   1.963453e+00  
315       1.470179e+01   1.443821e+01   1.958527e+00   1.960811e+00  
316       1.475784e+01   1.449477e+01   1.960193e+00   1.962876e+00  
317       1.470395e+01   1.444059e+01   1.957536e+00   1.960498e+00  
318       1.475816e+01   1.449501e+01   1.960207e+00   1.963597e+00  
319       1.471071e+01   1.444735e+01   1.957733e+00   1.961232e+00  
320       1.476552e+01   1.450258e+01   1.959727e+00   1.963511e+00  
321       1.472350e+01   1.446028e+01   1.957715e+00   1.961892e+00  
322       1.476201e+01   1.449893e+01   1.959236e+00   1.964516e+00  
323       1.472613e+01   1.446316e+01   1.957059e+00   1.961081e+00  
324       1.475488e+01   1.449165e+01   1.959543e+00   1.964329e+00  
325       1.473321e+01   1.447064e+01   1.955446e+00   1.960657e+00  
326       1.475056e+01   1.448691e+01   1.960680e+00   1.965711e+00  
327       1.472678e+01   1.446403e+01   1.955718e+00   1.960943e+00  
328       1.475373e+01   1.449019e+01   1.960496e+00   1.965497e+00  
329       1.473654e+01   1.447347e+01   1.957385e+00   1.962896e+00  
330       1.474132e+01   1.447678e+01   1.963427e+00   1.968321e+00  
331       1.474232e+01   1.447891e+01   1.958526e+00   1.964963e+00  
332       1.474126e+01   1.447572e+01   1.967226e+00   1.971863e+00  
333       1.474587e+01   1.448197e+01   1.961431e+00   1.966199e+00  
334       1.474186e+01   1.447545e+01   1.970205e+00   1.975357e+00  
335       1.474213e+01   1.447704e+01   1.965607e+00   1.970299e+00  
336       1.474992e+01   1.448258e+01   1.974021e+00   1.979492e+00  
337       1.475940e+01   1.449362e+01   1.969784e+00   1.973490e+00  
338       1.474639e+01   1.447754e+01   1.979308e+00   1.984755e+00  
339       1.477086e+01   1.450351e+01   1.976280e+00   1.980160e+00  
340       1.475631e+01   1.448622e+01   1.984418e+00   1.990034e+00  
341       1.476735e+01   1.449873e+01   1.980987e+00   1.984191e+00  
342       1.475603e+01   1.448433e+01   1.990312e+00   1.995819e+00  
343       1.476909e+01   1.449878e+01   1.987161e+00   1.990562e+00  
344       1.475427e+01   1.448073e+01   1.997206e+00   2.002026e+00  
345       1.475116e+01   1.447862e+01   1.993738e+00   1.997811e+00  
346       1.476957e+01   1.449458e+01   2.004275e+00   2.007558e+00  
347       1.475554e+01   1.448127e+01   2.000237e+00   2.004456e+00  
348       1.475026e+01   1.447308e+01   2.011420e+00   2.013570e+00  
349       1.475197e+01   1.447565e+01   2.007499e+00   2.011511e+00  
350       1.474684e+01   1.446769e+01   2.018257e+00   2.020338e+00  
351       1.475773e+01   1.447967e+01   2.014287e+00   2.018023e+00  
352       1.475593e+01   1.447572e+01   2.022749e+00   2.024695e+00  
353       1.476168e+01   1.448248e+01   2.019415e+00   2.021642e+00  
354       1.476159e+01   1.448013e+01   2.027369e+00   2.029797e+00  
355       1.475987e+01   1.447901e+01   2.025911e+00   2.026789e+00  
356       1.475913e+01   1.447611e+01   2.032495e+00   2.035441e+00  
357       1.474869e+01   1.446651e+01   2.030024e+00   2.030528e+00  
358       1.476682e+01   1.448277e+01   2.036703e+00   2.039648e+00  
359       1.475990e+01   1.447686e+01   2.033740e+00   2.034501e+00  
360       1.475732e+01   1.447181e+01   2.041402e+00   2.044015e+00  
361       1.475877e+01   1.447464e+01   2.037442e+00   2.038361e+00  
362       1.476144e+01   1.447563e+01   2.043061e+00   2.045002e+00  
363       1.476364e+01   1.447910e+01   2.039106e+00   2.040300e+00  
364       1.476117e+01   1.447483e+01   2.045185e+00   2.046579e+00  
365       1.477010e+01   1.448524e+01   2.040713e+00   2.041812e+00  
366       1.477402e+01   1.448835e+01   2.043282e+00   2.045582e+00  
367       1.476618e+01   1.448096e+01   2.042010e+00   2.042558e+00  
368       1.476123e+01   1.447516e+01   2.044298e+00   2.045616e+00  
369       1.475731e+01   1.447097e+01   2.045131e+00   2.046122e+00  
370       1.477820e+01   1.449258e+01   2.043505e+00   2.045590e+00  
371       1.474710e+01   1.446059e+01   2.044817e+00   2.046236e+00  
372       1.477845e+01   1.449324e+01   2.042992e+00   2.043236e+00  
373       1.475387e+01   1.446754e+01   2.044690e+00   2.045987e+00  
374       1.476948e+01   1.448435e+01   2.041827e+00   2.042537e+00  
375       1.476327e+01   1.447746e+01   2.043946e+00   2.044394e+00  
376       1.477238e+01   1.448744e+01   2.040500e+00   2.042994e+00  
377       1.476199e+01   1.447657e+01   2.042475e+00   2.042956e+00  
378       1.477822e+01   1.449381e+01   2.039460e+00   2.041076e+00  
379       1.475786e+01   1.447236e+01   2.042167e+00   2.043210e+00  
380       1.477586e+01   1.449136e+01   2.039439e+00   2.041373e+00  
381       1.476156e+01   1.447663e+01   2.039872e+00   2.042026e+00  
382       1.476955e+01   1.448549e+01   2.037609e+00   2.039263e+00  
383       1.475935e+01   1.447491e+01   2.037985e+00   2.040115e+00  
384       1.476628e+01   1.448224e+01   2.037780e+00   2.038435e+00  
385       1.477254e+01   1.448905e+01   2.034715e+00   2.038487e+00  
386       1.475502e+01   1.447100e+01   2.036931e+00   2.037596e+00  
387       1.478423e+01   1.450161e+01   2.032473e+00   2.036135e+00  
388       1.476438e+01   1.448138e+01   2.033886e+00   2.034608e+00  
389       1.478181e+01   1.449913e+01   2.032725e+00   2.035975e+00  
390       1.476428e+01   1.448226e+01   2.029934e+00   2.031569e+00  
391       1.478211e+01   1.449998e+01   2.030362e+00   2.034414e+00  
392       1.477118e+01   1.449036e+01   2.026057e+00   2.027902e+00  
393       1.477698e+01   1.449517e+01   2.028879e+00   2.032920e+00  
394       1.476937e+01   1.448915e+01   2.023127e+00   2.026233e+00  
395       1.477755e+01   1.449643e+01   2.026651e+00   2.030309e+00  
396       1.477803e+01   1.449867e+01   2.020648e+00   2.023829e+00  
397       1.477346e+01   1.449278e+01   2.024336e+00   2.028893e+00  
398       1.478424e+01   1.450544e+01   2.018837e+00   2.022437e+00  
399       1.476221e+01   1.448214e+01   2.021682e+00   2.025653e+00  
400       1.477482e+01   1.449674e+01   2.015333e+00   2.019510e+00  
401       1.475704e+01   1.447736e+01   2.019814e+00   2.024052e+00  
402       1.477194e+01   1.449428e+01   2.013416e+00   2.017970e+00  
403       1.474912e+01   1.446913e+01   2.020468e+00   2.024449e+00  
404       1.477609e+01   1.449913e+01   2.011031e+00   2.015833e+00  
405       1.475397e+01   1.447413e+01   2.020011e+00   2.024492e+00  
406       1.476991e+01   1.449275e+01   2.011031e+00   2.016475e+00  
407       1.476840e+01   1.448856e+01   2.020880e+00   2.025683e+00  
408       1.475775e+01   1.448038e+01   2.010971e+00   2.016376e+00  
409       1.476789e+01   1.448796e+01   2.020835e+00   2.026267e+00  
410       1.476180e+01   1.448432e+01   2.012017e+00   2.016734e+00  
411       1.477209e+01   1.449191e+01   2.021949e+00   2.027499e+00  
412       1.475382e+01   1.447547e+01   2.014699e+00   2.019142e+00  
413       1.478054e+01   1.450071e+01   2.021633e+00   2.026499e+00  
414       1.475287e+01   1.447388e+01   2.016379e+00   2.021942e+00  
415       1.478012e+01   1.450022e+01   2.021793e+00   2.026775e+00  
416       1.474199e+01   1.446195e+01   2.019767e+00   2.024560e+00  
417       1.478920e+01   1.450899e+01   2.023498e+00   2.028581e+00  
418       1.474242e+01   1.446128e+01   2.023965e+00   2.028337e+00  
419       1.478730e+01   1.450634e+01   2.025830e+00   2.031360e+00  
420       1.474499e+01   1.446295e+01   2.027712e+00   2.031307e+00  
421       1.478532e+01   1.450374e+01   2.027735e+00   2.033591e+00  
422       1.476415e+01   1.448173e+01   2.030368e+00   2.034046e+00  
423       1.478052e+01   1.449807e+01   2.030799e+00   2.036063e+00  
424       1.476589e+01   1.448256e+01   2.033330e+00   2.037774e+00  
425       1.478574e+01   1.450305e+01   2.032260e+00   2.037019e+00  
426       1.476453e+01   1.448029e+01   2.037164e+00   2.040233e+00  
427       1.478435e+01   1.450115e+01   2.034541e+00   2.038232e+00  
428       1.476121e+01   1.447582e+01   2.040128e+00   2.044905e+00  
429       1.478191e+01   1.449762e+01   2.038042e+00   2.042070e+00  
430       1.476636e+01   1.448053e+01   2.042179e+00   2.046690e+00  
431       1.478748e+01   1.450250e+01   2.040979e+00   2.044896e+00  
432       1.476127e+01   1.447502e+01   2.044000e+00   2.047185e+00  
433       1.477991e+01   1.449386e+01   2.043722e+00   2.048659e+00  
434       1.475418e+01   1.446729e+01   2.045365e+00   2.049323e+00  
435       1.477697e+01   1.449057e+01   2.045494e+00   2.048974e+00  
436       1.476585e+01   1.447913e+01   2.045421e+00   2.049720e+00  
437       1.478104e+01   1.449477e+01   2.045560e+00   2.048512e+00  
438       1.476579e+01   1.447917e+01   2.044841e+00   2.049571e+00  
439       1.478563e+01   1.449934e+01   2.046009e+00   2.048895e+00  
440       1.475992e+01   1.447335e+01   2.044453e+00   2.048798e+00  
441       1.478591e+01   1.449993e+01   2.045135e+00   2.047544e+00  
442       1.475067e+01   1.446406e+01   2.044195e+00   2.048039e+00  
443       1.478874e+01   1.450304e+01   2.044140e+00   2.046993e+00  
444       1.476321e+01   1.447731e+01   2.042187e+00   2.046816e+00  
445       1.477571e+01   1.449000e+01   2.043882e+00   2.045515e+00  
446       1.476645e+01   1.448094e+01   2.040525e+00   2.046140e+00  
447       1.478492e+01   1.450009e+01   2.041114e+00   2.043345e+00  
448       1.476916e+01   1.448378e+01   2.040016e+00   2.046104e+00  
449       1.478331e+01   1.449897e+01   2.038522e+00   2.042212e+00  
450       1.477061e+01   1.448596e+01   2.037566e+00   2.043599e+00  
451       1.477623e+01   1.449205e+01   2.037331e+00   2.041237e+00  
452       1.476165e+01   1.447750e+01   2.035852e+00   2.040553e+00  
453       1.477414e+01   1.449042e+01   2.035934e+00   2.039066e+00  
454       1.474548e+01   1.446112e+01   2.034982e+00   2.040542e+00  
455       1.477491e+01   1.449186e+01   2.033532e+00   2.036800e+00  
456       1.475759e+01   1.447455e+01   2.030889e+00   2.037041e+00  
457       1.476053e+01   1.447802e+01   2.030301e+00   2.034244e+00  
458       1.474865e+01   1.446607e+01   2.028904e+00   2.034510e+00  
459       1.476888e+01   1.448654e+01   2.030210e+00   2.034291e+00  
460       1.475630e+01   1.447483e+01   2.025283e+00   2.031221e+00  
461       1.475906e+01   1.447768e+01   2.026037e+00   2.030280e+00  
462       1.475583e+01   1.447522e+01   2.022650e+00   2.027612e+00  
463       1.476999e+01   1.448927e+01   2.024817e+00   2.028271e+00  
464       1.475649e+01   1.447632e+01   2.020606e+00   2.026631e+00  
465       1.476579e+01   1.448578e+01   2.021950e+00   2.025451e+00  
466       1.475833e+01   1.447924e+01   2.016935e+00   2.022838e+00  
467       1.476750e+01   1.448844e+01   2.018680e+00   2.022135e+00  
468       1.476865e+01   1.449023e+01   2.015732e+00   2.020688e+00  
469       1.475197e+01   1.447314e+01   2.016563e+00   2.020485e+00  
470       1.477869e+01   1.450090e+01   2.014095e+00   2.019134e+00  
471       1.475158e+01   1.447355e+01   2.013601e+00   2.017706e+00  
472       1.477259e+01   1.449536e+01   2.012144e+00   2.016268e+00  
473       1.475509e+01   1.447770e+01   2.011994e+00   2.015126e+00  
474       1.477130e+01   1.449465e+01   2.009679e+00   2.014369e+00  
475       1.475341e+01   1.447639e+01   2.009971e+00   2.014231e+00  
476       1.476937e+01   1.449356e+01   2.006805e+00   2.010917e+00  
477       1.475696e+01   1.448011e+01   2.009641e+00   2.013842e+00  
478       1.476957e+01   1.449401e+01   2.005969e+00   2.009966e+00  
479       1.475574e+01   1.447919e+01   2.008398e+00   2.012746e+00  
480       1.477457e+01   1.449928e+01   2.005512e+00   2.009204e+00  
481       1.476278e+01   1.448661e+01   2.007036e+00   2.012412e+00  
482       1.477573e+01   1.450004e+01   2.006983e+00   2.010747e+00  
483       1.477457e+01   1.449890e+01   2.006017e+00   2.011450e+00  
484       1.476264e+01   1.448689e+01   2.006256e+00   2.010099e+00  
485       1.477864e+01   1.450305e+01   2.005717e+00   2.011732e+00  
486       1.476519e+01   1.448918e+01   2.007850e+00   2.010675e+00  
487       1.476212e+01   1.448582e+01   2.006885e+00   2.013361e+00  
488       1.477476e+01   1.449848e+01   2.009843e+00   2.012051e+00  
489       1.476078e+01   1.448395e+01   2.008922e+00   2.014982e+00  
490       1.477803e+01   1.450119e+01   2.011452e+00   2.014860e+00  
491       1.476195e+01   1.448457e+01   2.010873e+00   2.017075e+00  
492       1.477880e+01   1.450119e+01   2.013934e+00   2.018092e+00  
493       1.475884e+01   1.448055e+01   2.014447e+00   2.019702e+00  
494       1.477743e+01   1.449905e+01   2.016090e+00   2.021206e+00  
495       1.476539e+01   1.448641e+01   2.017905e+00   2.022064e+00  
496       1.478352e+01   1.450423e+01   2.019819e+00   2.024830e+00  
497       1.476648e+01   1.448685e+01   2.019946e+00   2.024810e+00  
498       1.478296e+01   1.450313e+01   2.021877e+00   2.026591e+00  
499       1.477399e+01   1.449326e+01   2.023999e+00   2.029695e+00  
500       1.477599e+01   1.449536e+01   2.024420e+00   2.028822e+00  
501       1.478008e+01   1.449890e+01   2.026518e+00   2.031228e+00  
502       1.476822e+01   1.448606e+01   2.029080e+00   2.034046e+00  
503       1.477581e+01   1.449388e+01   2.029409e+00   2.033137e+00  
504       1.475828e+01   1.447540e+01   2.030709e+00   2.036115e+00  
505       1.477772e+01   1.449480e+01   2.032990e+00   2.036826e+00  
506       1.475253e+01   1.446896e+01   2.033077e+00   2.037904e+00  
507       1.477923e+01   1.449614e+01   2.033549e+00   2.037670e+00  
508       1.475331e+01   1.446923e+01   2.034635e+00   2.040049e+00  
509       1.477849e+01   1.449523e+01   2.033903e+00   2.038407e+00  
510       1.474936e+01   1.446452e+01   2.037270e+00   2.042286e+00  
511       1.478052e+01   1.449686e+01   2.035128e+00   2.040364e+00  
512       1.475661e+01   1.447166e+01   2.038685e+00   2.042689e+00  
513       1.476611e+01   1.448218e+01   2.034520e+00   2.040848e+00  
514       1.477035e+01   1.448563e+01   2.039063e+00   2.042580e+00  
515       1.476970e+01   1.448618e+01   2.033691e+00   2.039284e+00  
516       1.476819e+01   1.448373e+01   2.037482e+00   2.042002e+00  
517       1.476696e+01   1.448383e+01   2.031917e+00   2.037927e+00  
518       1.475423e+01   1.446927e+01   2.038191e+00   2.042869e+00  
519       1.476569e+01   1.448245e+01   2.032058e+00   2.038358e+00  
520       1.476050e+01   1.447614e+01   2.036111e+00   2.041542e+00  
521       1.477138e+01   1.448848e+01   2.031269e+00   2.037478e+00  
522       1.476353e+01   1.447919e+01   2.035934e+00   2.042011e+00  
523       1.476944e+01   1.448700e+01   2.029253e+00   2.036011e+00  
524       1.476138e+01   1.447746e+01   2.033928e+00   2.040748e+00  
525       1.476454e+01   1.448247e+01   2.027458e+00   2.034506e+00  
526       1.476866e+01   1.448500e+01   2.033302e+00   2.040522e+00  
527       1.476315e+01   1.448143e+01   2.025798e+00   2.033471e+00  
528       1.476817e+01   1.448462e+01   2.032476e+00   2.040447e+00  
529       1.476057e+01   1.447919e+01   2.024183e+00   2.032251e+00  
530       1.476446e+01   1.448147e+01   2.030396e+00   2.038133e+00  
531       1.476043e+01   1.447926e+01   2.023352e+00   2.031574e+00  
532       1.476296e+01   1.448048e+01   2.027955e+00   2.036643e+00  
533       1.477367e+01   1.449322e+01   2.021153e+00   2.030470e+00  
534       1.476447e+01   1.448260e+01   2.025833e+00   2.034687e+00  
535       1.476879e+01   1.448875e+01   2.019064e+00   2.028940e+00  
536       1.475827e+01   1.447716e+01   2.022635e+00   2.031598e+00  
537       1.477674e+01   1.449700e+01   2.018587e+00   2.028407e+00  
538       1.476033e+01   1.447975e+01   2.020707e+00   2.029987e+00  
539       1.477652e+01   1.449732e+01   2.016445e+00   2.026622e+00  
540       1.476133e+01   1.448134e+01   2.018785e+00   2.027823e+00  
541       1.478880e+01   1.451050e+01   2.013528e+00   2.024787e+00  
542       1.475611e+01   1.447658e+01   2.016314e+00   2.026349e+00  
543       1.478543e+01   1.450747e+01   2.011873e+00   2.023517e+00  
544       1.476101e+01   1.448246e+01   2.012534e+00   2.023742e+00  
545       1.478389e+01   1.450629e+01   2.010371e+00   2.022231e+00  
546       1.476414e+01   1.448622e+01   2.010462e+00   2.021663e+00  
547       1.477997e+01   1.450265e+01   2.009197e+00   2.020826e+00  
548       1.476931e+01   1.449185e+01   2.009047e+00   2.020486e+00  
549       1.478747e+01   1.451088e+01   2.006780e+00   2.019009e+00  
550       1.476585e+01   1.448905e+01   2.006355e+00   2.018031e+00  
551       1.478975e+01   1.451360e+01   2.005088e+00   2.017865e+00  
552       1.475841e+01   1.448151e+01   2.006526e+00   2.017531e+00  
553       1.479511e+01   1.451912e+01   2.004534e+00   2.017957e+00  
554       1.476487e+01   1.448819e+01   2.005880e+00   2.017503e+00  
555       1.477834e+01   1.450233e+01   2.003714e+00   2.016653e+00  
556       1.477368e+01   1.449727e+01   2.005749e+00   2.016885e+00  
557       1.478972e+01   1.451346e+01   2.005459e+00   2.018213e+00  
558       1.476432e+01   1.448751e+01   2.005979e+00   2.018219e+00  
559       1.478614e+01   1.450944e+01   2.006942e+00   2.019504e+00  
560       1.476881e+01   1.449194e+01   2.006321e+00   2.018892e+00  
561       1.478098e+01   1.450330e+01   2.010287e+00   2.022475e+00  
562       1.476417e+01   1.448674e+01   2.008287e+00   2.020387e+00  
563       1.478106e+01   1.450315e+01   2.011427e+00   2.023018e+00  
564       1.476957e+01   1.449138e+01   2.011566e+00   2.023324e+00  
565       1.478092e+01   1.450221e+01   2.013968e+00   2.026251e+00  
566       1.478003e+01   1.450118e+01   2.014781e+00   2.026240e+00  
567       1.478167e+01   1.450250e+01   2.015299e+00   2.028229e+00  
568       1.478492e+01   1.450540e+01   2.017040e+00   2.029458e+00  
569       1.478080e+01   1.450087e+01   2.017842e+00   2.031049e+00  
570       1.478206e+01   1.450200e+01   2.018462e+00   2.031550e+00  
571       1.478093e+01   1.450007e+01   2.021020e+00   2.034523e+00  
572       1.478061e+01   1.449960e+01   2.021432e+00   2.035206e+00  
573       1.477831e+01   1.449656e+01   2.024511e+00   2.037012e+00  
574       1.477982e+01   1.449771e+01   2.025222e+00   2.039113e+00  
575       1.479147e+01   1.450933e+01   2.026893e+00   2.039276e+00  
576       1.477414e+01   1.449122e+01   2.028457e+00   2.040889e+00  
577       1.479100e+01   1.450819e+01   2.028962e+00   2.041890e+00  
578       1.477639e+01   1.449269e+01   2.031271e+00   2.043890e+00  
579       1.479155e+01   1.450794e+01   2.031676e+00   2.044970e+00  
580       1.478480e+01   1.450077e+01   2.033148e+00   2.045591e+00  
581       1.479075e+01   1.450645e+01   2.034029e+00   2.047374e+00  
582       1.479088e+01   1.450626e+01   2.035504e+00   2.048227e+00  
583       1.479444e+01   1.450954e+01   2.036933e+00   2.049238e+00  
584       1.479698e+01   1.451243e+01   2.035638e+00   2.048457e+00  
585       1.479054e+01   1.450528e+01   2.038201e+00   2.050037e+00  
586       1.480554e+01   1.452088e+01   2.036729e+00   2.049343e+00  
587       1.478754e+01   1.450209e+01   2.038121e+00   2.051099e+00  
588       1.480344e+01   1.451848e+01   2.037643e+00   2.050240e+00  
589       1.477895e+01   1.449326e+01   2.038266e+00   2.051397e+00  
590       1.481481e+01   1.453008e+01   2.037069e+00   2.050794e+00  
591       1.476735e+01   1.448175e+01   2.037290e+00   2.050144e+00  
592       1.482292e+01   1.453872e+01   2.036081e+00   2.049140e+00  
593       1.476768e+01   1.448248e+01   2.035698e+00   2.048916e+00  
594       1.481333e+01   1.452886e+01   2.036127e+00   2.049679e+00  
595       1.477330e+01   1.448846e+01   2.034842e+00   2.048037e+00  
596       1.480911e+01   1.452457e+01   2.035848e+00   2.049861e+00  
597       1.478181e+01   1.449768e+01   2.033160e+00   2.045842e+00  
598       1.480521e+01   1.452088e+01   2.034541e+00   2.049072e+00  
599       1.479162e+01   1.450762e+01   2.033343e+00   2.046129e+00  
600       1.479913e+01   1.451506e+01   2.033156e+00   2.047794e+00  
601       1.479227e+01   1.450884e+01   2.030755e+00   2.044701e+00  
602       1.479277e+01   1.450904e+01   2.032209e+00   2.045503e+00  
603       1.478585e+01   1.450233e+01   2.030229e+00   2.044972e+00  
604       1.479815e+01   1.451471e+01   2.031327e+00   2.045030e+00  
605       1.479396e+01   1.451079e+01   2.029342e+00   2.044529e+00  
606       1.479868e+01   1.451585e+01   2.028847e+00   2.043245e+00  
607       1.478756e+01   1.450495e+01   2.026625e+00   2.042345e+00  
608       1.479191e+01   1.450950e+01   2.027064e+00   2.041092e+00  
609       1.479379e+01   1.451203e+01   2.023596e+00   2.040145e+00  
610       1.479027e+01   1.450823e+01   2.025382e+00   2.039862e+00  
611       1.478736e+01   1.450569e+01   2.022637e+00   2.039544e+00  
612       1.479813e+01   1.451692e+01   2.023642e+00   2.036820e+00  
613       1.477767e+01   1.449642e+01   2.021178e+00   2.036705e+00  
614       1.479499e+01   1.451453e+01   2.020239e+00   2.034384e+00  
615       1.478050e+01   1.449989e+01   2.019061e+00   2.034655e+00  
616       1.479151e+01   1.451147e+01   2.018607e+00   2.032549e+00  
617       1.478692e+01   1.450702e+01   2.016733e+00   2.032809e+00  
618       1.478875e+01   1.450927e+01   2.016081e+00   2.030688e+00  
619       1.478918e+01   1.450976e+01   2.015344e+00   2.031005e+00  
620       1.479135e+01   1.451272e+01   2.013156e+00   2.027850e+00  
621       1.478850e+01   1.450958e+01   2.013175e+00   2.029468e+00  
622       1.479430e+01   1.451618e+01   2.011945e+00   2.025811e+00  
623       1.478412e+01   1.450547e+01   2.011583e+00   2.028559e+00  
624       1.479772e+01   1.452008e+01   2.009920e+00   2.024846e+00  
625       1.478789e+01   1.450985e+01   2.010315e+00   2.025972e+00  
626       1.479201e+01   1.451465e+01   2.008448e+00   2.023491e+00  
627       1.479684e+01   1.451971e+01   2.007485e+00   2.023461e+00  
628       1.478573e+01   1.450831e+01   2.008459e+00   2.023117e+00  
629       1.479434e+01   1.451757e+01   2.005878e+00   2.022191e+00  
630       1.479450e+01   1.451744e+01   2.007605e+00   2.022526e+00  
631       1.479687e+01   1.452023e+01   2.006045e+00   2.021375e+00  
632       1.479278e+01   1.451583e+01   2.007232e+00   2.021869e+00  
633       1.479800e+01   1.452154e+01   2.005802e+00   2.020553e+00  
634       1.479727e+01   1.452062e+01   2.006703e+00   2.020853e+00  
635       1.479659e+01   1.451987e+01   2.006645e+00   2.021403e+00  
636       1.479550e+01   1.451861e+01   2.007363e+00   2.021672e+00  
637       1.479017e+01   1.451313e+01   2.007461e+00   2.021976e+00  
638       1.481117e+01   1.453430e+01   2.008552e+00   2.022527e+00  
639       1.478474e+01   1.450720e+01   2.009335e+00   2.022899e+00  
640       1.480873e+01   1.453141e+01   2.010031e+00   2.023982e+00  
641       1.478496e+01   1.450688e+01   2.011364e+00   2.024790e+00  
642       1.481799e+01   1.454029e+01   2.012513e+00   2.025494e+00  
643       1.478236e+01   1.450391e+01   2.011902e+00   2.026545e+00  
644       1.481894e+01   1.454089e+01   2.013915e+00   2.026755e+00  
645       1.477828e+01   1.449896e+01   2.015422e+00   2.028733e+00  
646       1.482236e+01   1.454361e+01   2.016709e+00   2.029458e+00  
647       1.477392e+01   1.449393e+01   2.017520e+00   2.030817e+00  
648       1.482097e+01   1.454154e+01   2.020040e+00   2.030853e+00  
649       1.477903e+01   1.449816e+01   2.021535e+00   2.033861e+00  
650       1.482716e+01   1.454699e+01   2.022801e+00   2.034178e+00  
651       1.478977e+01   1.450896e+01   2.021822e+00   2.034565e+00  
652       1.481796e+01   1.453698e+01   2.024891e+00   2.036625e+00  
653       1.479242e+01   1.451111e+01   2.024394e+00   2.036006e+00  
654       1.482227e+01   1.454068e+01   2.028220e+00   2.038312e+00  
655       1.479191e+01   1.450999e+01   2.026478e+00   2.038141e+00  
656       1.481461e+01   1.453265e+01   2.028905e+00   2.039168e+00  
657       1.480101e+01   1.451900e+01   2.027688e+00   2.038931e+00  
658       1.482149e+01   1.453895e+01   2.031486e+00   2.041724e+00  
659       1.479695e+01   1.451453e+01   2.029533e+00   2.039392e+00  
660       1.481996e+01   1.453759e+01   2.030502e+00   2.041237e+00  
661       1.480642e+01   1.452398e+01   2.030291e+00   2.040082e+00  
662       1.481239e+01   1.452979e+01   2.031572e+00   2.040748e+00  
663       1.480170e+01   1.451922e+01   2.029958e+00   2.040097e+00  
664       1.481539e+01   1.453309e+01   2.030863e+00   2.039711e+00  
665       1.480143e+01   1.451874e+01   2.030849e+00   2.040685e+00  
666       1.480893e+01   1.452694e+01   2.029352e+00   2.038127e+00  
667       1.480395e+01   1.452137e+01   2.030986e+00   2.040009e+00  
668       1.481146e+01   1.452984e+01   2.028242e+00   2.036977e+00  
669       1.480392e+01   1.452192e+01   2.028961e+00   2.037921e+00  
670       1.481784e+01   1.453645e+01   2.027499e+00   2.036913e+00  
671       1.479952e+01   1.451804e+01   2.026966e+00   2.035605e+00  
672       1.481860e+01   1.453739e+01   2.026937e+00   2.036344e+00  
673       1.480350e+01   1.452225e+01   2.026187e+00   2.035337e+00  
674       1.480810e+01   1.452699e+01   2.026000e+00   2.035129e+00  
675       1.481645e+01   1.453563e+01   2.025672e+00   2.034563e+00  
676       1.480418e+01   1.452327e+01   2.025305e+00   2.033880e+00  
677       1.481374e+01   1.453331e+01   2.024379e+00   2.032633e+00  
678       1.480112e+01   1.452083e+01   2.022735e+00   2.031551e+00  
679       1.480908e+01   1.452898e+01   2.022702e+00   2.031318e+00  
680       1.480204e+01   1.452244e+01   2.020404e+00   2.029052e+00  
681       1.480506e+01   1.452517e+01   2.021518e+00   2.030447e+00  
682       1.481445e+01   1.453578e+01   2.018014e+00   2.026518e+00  
683       1.480723e+01   1.452755e+01   2.020354e+00   2.030399e+00  
684       1.481392e+01   1.453558e+01   2.016764e+00   2.025310e+00  
685       1.480148e+01   1.452234e+01   2.018635e+00   2.027467e+00  
686       1.481495e+01   1.453732e+01   2.013913e+00   2.023180e+00  
687       1.480253e+01   1.452379e+01   2.017312e+00   2.026074e+00  
688       1.481883e+01   1.454168e+01   2.012586e+00   2.021557e+00  
689       1.480281e+01   1.452463e+01   2.015176e+00   2.024163e+00  
690       1.482240e+01   1.454603e+01   2.010023e+00   2.019008e+00  
691       1.479805e+01   1.452077e+01   2.011795e+00   2.020424e+00  
692       1.480874e+01   1.453264e+01   2.008365e+00   2.016818e+00  
693       1.480225e+01   1.452607e+01   2.008375e+00   2.016516e+00  
694       1.480869e+01   1.453304e+01   2.006494e+00   2.015384e+00  
695       1.480972e+01   1.453434e+01   2.005402e+00   2.014725e+00  
696       1.480374e+01   1.452827e+01   2.005692e+00   2.014261e+00  
697       1.480751e+01   1.453293e+01   2.002120e+00   2.011902e+00  
698       1.480118e+01   1.452643e+01   2.003402e+00   2.010990e+00  
699       1.481369e+01   1.453976e+01   2.000171e+00   2.009992e+00  
700       1.479986e+01   1.452565e+01   2.000783e+00   2.009533e+00  
701       1.481028e+01   1.453666e+01   1.999281e+00   2.008179e+00  
702       1.481004e+01   1.453647e+01   1.999158e+00   2.007926e+00  
703       1.480784e+01   1.453441e+01   1.997953e+00   2.007798e+00  
704       1.481089e+01   1.453752e+01   1.998552e+00   2.007130e+00  
705       1.480433e+01   1.453104e+01   1.997671e+00   2.006604e+00  
706       1.481708e+01   1.454421e+01   1.996674e+00   2.006259e+00  
707       1.479800e+01   1.452448e+01   1.998893e+00   2.006188e+00  
708       1.481933e+01   1.454665e+01   1.995935e+00   2.005901e+00  
709       1.480315e+01   1.452985e+01   1.998286e+00   2.005897e+00  
710       1.482291e+01   1.455046e+01   1.995460e+00   2.005234e+00  
711       1.480251e+01   1.452916e+01   1.998461e+00   2.006006e+00  
712       1.482198e+01   1.454929e+01   1.996331e+00   2.005992e+00  
713       1.479870e+01   1.452497e+01   1.999774e+00   2.006911e+00  
714       1.482809e+01   1.455522e+01   1.997634e+00   2.006793e+00  
715       1.479793e+01   1.452382e+01   2.000832e+00   2.008489e+00  
716       1.483298e+01   1.455993e+01   1.998523e+00   2.007892e+00  
717       1.479424e+01   1.451986e+01   2.001854e+00   2.008936e+00  
718       1.482550e+01   1.455169e+01   2.001466e+00   2.009467e+00  
719       1.480280e+01   1.452849e+01   2.001880e+00   2.009559e+00  
720       1.482197e+01   1.454720e+01   2.005042e+00   2.012375e+00  
721       1.480821e+01   1.453367e+01   2.003092e+00   2.010790e+00  
722       1.482022e+01   1.454479e+01   2.007275e+00   2.014638e+00  
723       1.480676e+01   1.453174e+01   2.005320e+00   2.011774e+00  
724       1.482534e+01   1.454918e+01   2.010692e+00   2.017216e+00  
725       1.481033e+01   1.453477e+01   2.007853e+00   2.013646e+00  
726       1.482361e+01   1.454712e+01   2.011436e+00   2.018650e+00  
727       1.480701e+01   1.453101e+01   2.009250e+00   2.014980e+00  
728       1.483096e+01   1.455415e+01   2.013430e+00   2.020002e+00  
729       1.480464e+01   1.452811e+01   2.011869e+00   2.015918e+00  
730       1.481658e+01   1.453877e+01   2.015088e+00   2.023488e+00  
731       1.481034e+01   1.453378e+01   2.012188e+00   2.016592e+00  
732       1.481322e+01   1.453495e+01   2.017349e+00   2.024149e+00  
733       1.480710e+01   1.452994e+01   2.014550e+00   2.018067e+00  
734       1.481520e+01   1.453659e+01   2.018783e+00   2.025428e+00  
735       1.480987e+01   1.453274e+01   2.014672e+00   2.018071e+00  
736       1.482366e+01   1.454528e+01   2.018230e+00   2.025465e+00  
737       1.480042e+01   1.452275e+01   2.016431e+00   2.018942e+00  
738       1.482438e+01   1.454604e+01   2.018873e+00   2.024675e+00  
739       1.480010e+01   1.452212e+01   2.017743e+00   2.019887e+00  
740       1.481851e+01   1.454040e+01   2.017570e+00   2.023469e+00  
741       1.479767e+01   1.451965e+01   2.017522e+00   2.020051e+00  
742       1.481620e+01   1.453791e+01   2.019074e+00   2.022886e+00  
743       1.480731e+01   1.452965e+01   2.016669e+00   2.019605e+00  
744       1.481833e+01   1.454033e+01   2.018567e+00   2.021691e+00  
745       1.481063e+01   1.453300e+01   2.017246e+00   2.019267e+00  
746       1.482194e+01   1.454418e+01   2.017974e+00   2.021042e+00  
747       1.480811e+01   1.453066e+01   2.016301e+00   2.018541e+00  
748       1.482482e+01   1.454720e+01   2.017307e+00   2.021045e+00  
749       1.480352e+01   1.452601e+01   2.015880e+00   2.018765e+00  
750       1.482039e+01   1.454284e+01   2.016965e+00   2.020319e+00  
751       1.480811e+01   1.453064e+01   2.016130e+00   2.018868e+00  
752       1.481379e+01   1.453646e+01   2.016061e+00   2.018730e+00  
753       1.479920e+01   1.452163e+01   2.015838e+00   2.018678e+00  
754       1.481904e+01   1.454216e+01   2.014512e+00   2.017737e+00  
755       1.480062e+01   1.452318e+01   2.015327e+00   2.018456e+00  
756       1.481403e+01   1.453728e+01   2.013733e+00   2.016855e+00  
757       1.479556e+01   1.451804e+01   2.014964e+00   2.018663e+00  
758       1.482623e+01   1.455004e+01   2.012628e+00   2.015654e+00  
759       1.479491e+01   1.451752e+01   2.013643e+00   2.018988e+00  
760       1.482009e+01   1.454395e+01   2.012047e+00   2.015010e+00  
761       1.479821e+01   1.452120e+01   2.012650e+00   2.017646e+00  
762       1.482915e+01   1.455331e+01   2.011519e+00   2.014627e+00  
763       1.478384e+01   1.450720e+01   2.010032e+00   2.015641e+00  
764       1.482679e+01   1.455110e+01   2.010867e+00   2.013889e+00  
765       1.478443e+01   1.450803e+01   2.009124e+00   2.014927e+00  
766       1.483309e+01   1.455802e+01   2.008668e+00   2.012454e+00  
767       1.479061e+01   1.451441e+01   2.008480e+00   2.014977e+00  
768       1.483489e+01   1.456012e+01   2.006890e+00   2.012320e+00  
769       1.478515e+01   1.450901e+01   2.007780e+00   2.014485e+00  
770       1.482092e+01   1.454621e+01   2.005435e+00   2.011375e+00  
771       1.479037e+01   1.451428e+01   2.008213e+00   2.014340e+00  
772       1.481688e+01   1.454233e+01   2.003928e+00   2.011181e+00  
773       1.479221e+01   1.451621e+01   2.007492e+00   2.014722e+00  
774       1.481201e+01   1.453752e+01   2.003811e+00   2.010206e+00  
775       1.478805e+01   1.451252e+01   2.005051e+00   2.013186e+00  
776       1.480618e+01   1.453144e+01   2.004382e+00   2.010676e+00  
777       1.479462e+01   1.451944e+01   2.003663e+00   2.012956e+00  
778       1.480322e+01   1.452858e+01   2.003923e+00   2.009954e+00  
779       1.480095e+01   1.452585e+01   2.003784e+00   2.013075e+00  
780       1.481246e+01   1.453786e+01   2.004064e+00   2.010792e+00  
781       1.479062e+01   1.451522e+01   2.003786e+00   2.013865e+00  
782       1.480526e+01   1.453027e+01   2.004751e+00   2.011915e+00  
783       1.480029e+01   1.452509e+01   2.004074e+00   2.013469e+00  
784       1.480411e+01   1.452905e+01   2.004994e+00   2.012029e+00  
785       1.479945e+01   1.452403e+01   2.004778e+00   2.014222e+00  
786       1.480387e+01   1.452859e+01   2.005748e+00   2.012842e+00  
787       1.480137e+01   1.452569e+01   2.005978e+00   2.015227e+00  
788       1.480129e+01   1.452523e+01   2.008306e+00   2.015567e+00  
789       1.480457e+01   1.452877e+01   2.006579e+00   2.015857e+00  
790       1.479935e+01   1.452278e+01   2.009744e+00   2.017532e+00  
791       1.480916e+01   1.453307e+01   2.008502e+00   2.016712e+00  
792       1.480095e+01   1.452415e+01   2.010401e+00   2.018799e+00  
793       1.480536e+01   1.452852e+01   2.011453e+00   2.018571e+00  
794       1.480315e+01   1.452577e+01   2.012405e+00   2.021272e+00  
795       1.480970e+01   1.453257e+01   2.012512e+00   2.020317e+00  
796       1.480185e+01   1.452403e+01   2.013976e+00   2.022645e+00  
797       1.481280e+01   1.453470e+01   2.016074e+00   2.024111e+00  
798       1.480494e+01   1.452655e+01   2.016863e+00   2.024290e+00  
799       1.482304e+01   1.454461e+01   2.017716e+00   2.026228e+00  
800       1.480951e+01   1.453053e+01   2.019563e+00   2.026425e+00  
801       1.481562e+01   1.453637e+01   2.020291e+00   2.028527e+00  
802       1.480723e+01   1.452768e+01   2.022054e+00   2.027740e+00  
803       1.481560e+01   1.453540e+01   2.023566e+00   2.032055e+00  
804       1.481041e+01   1.453036e+01   2.024598e+00   2.029228e+00  
805       1.482058e+01   1.453992e+01   2.025450e+00   2.034132e+00  
806       1.481148e+01   1.453105e+01   2.026108e+00   2.030579e+00  
807       1.482255e+01   1.454163e+01   2.026743e+00   2.035013e+00  
808       1.481169e+01   1.453047e+01   2.029959e+00   2.032410e+00  
809       1.483083e+01   1.454986e+01   2.028138e+00   2.035132e+00  
810       1.480799e+01   1.452664e+01   2.030187e+00   2.032636e+00  
811       1.483073e+01   1.454960e+01   2.028973e+00   2.035455e+00  
812       1.481355e+01   1.453222e+01   2.030030e+00   2.033410e+00  
813       1.483874e+01   1.455772e+01   2.029725e+00   2.034958e+00  
814       1.481559e+01   1.453436e+01   2.030125e+00   2.032937e+00  
815       1.483371e+01   1.455262e+01   2.030336e+00   2.034224e+00  
816       1.481226e+01   1.453133e+01   2.029418e+00   2.030994e+00  
817       1.484165e+01   1.456084e+01   2.030108e+00   2.033485e+00  
818       1.481397e+01   1.453279e+01   2.031169e+00   2.031278e+00  
819       1.483746e+01   1.455665e+01   2.029964e+00   2.033067e+00  
820       1.481858e+01   1.453767e+01   2.030510e+00   2.030669e+00  
821       1.483757e+01   1.455709e+01   2.028970e+00   2.031676e+00  
822       1.481711e+01   1.453611e+01   2.030411e+00   2.031137e+00  
823       1.483011e+01   1.454944e+01   2.029536e+00   2.031481e+00  
824       1.481209e+01   1.453139e+01   2.029055e+00   2.029681e+00  
825       1.482841e+01   1.454780e+01   2.029242e+00   2.031124e+00  
826       1.481457e+01   1.453403e+01   2.028629e+00   2.029297e+00  
827       1.481784e+01   1.453722e+01   2.029357e+00   2.029612e+00  
828       1.482300e+01   1.454268e+01   2.028873e+00   2.028693e+00  
829       1.482577e+01   1.454593e+01   2.026795e+00   2.027704e+00  
830       1.481737e+01   1.453704e+01   2.028734e+00   2.028143e+00  
831       1.482305e+01   1.454324e+01   2.026120e+00   2.027764e+00  
832       1.482058e+01   1.454059e+01   2.027928e+00   2.026893e+00  
833       1.482399e+01   1.454453e+01   2.024799e+00   2.026708e+00  
834       1.481223e+01   1.453247e+01   2.026499e+00   2.025532e+00  
835       1.482776e+01   1.454852e+01   2.024525e+00   2.025947e+00  
836       1.480950e+01   1.452995e+01   2.025133e+00   2.025020e+00  
837       1.482764e+01   1.454892e+01   2.023203e+00   2.023464e+00  
838       1.481726e+01   1.453837e+01   2.023366e+00   2.023101e+00  
839       1.482057e+01   1.454174e+01   2.023543e+00   2.022945e+00  
840       1.481819e+01   1.453985e+01   2.021722e+00   2.020946e+00  
841       1.482088e+01   1.454260e+01   2.021837e+00   2.020717e+00  
842       1.481094e+01   1.453276e+01   2.020425e+00   2.020079e+00  
843       1.482716e+01   1.454912e+01   2.021656e+00   2.020064e+00  
844       1.481132e+01   1.453368e+01   2.018039e+00   2.018666e+00  
845       1.482884e+01   1.455109e+01   2.020754e+00   2.019089e+00  
846       1.480816e+01   1.453059e+01   2.018431e+00   2.017323e+00  
847       1.482382e+01   1.454617e+01   2.019750e+00   2.018711e+00  
848       1.480466e+01   1.452740e+01   2.017269e+00   2.015753e+00  
849       1.482609e+01   1.454916e+01   2.017701e+00   2.015878e+00  
850       1.481107e+01   1.453406e+01   2.016949e+00   2.015182e+00  
851       1.483231e+01   1.455576e+01   2.016718e+00   2.014947e+00  
852       1.481503e+01   1.453849e+01   2.015035e+00   2.014171e+00  
853       1.483046e+01   1.455400e+01   2.016227e+00   2.014497e+00  
854       1.480092e+01   1.452453e+01   2.013662e+00   2.012538e+00  
855       1.484202e+01   1.456567e+01   2.016155e+00   2.015400e+00  
856       1.480787e+01   1.453183e+01   2.012964e+00   2.011732e+00  
857       1.483750e+01   1.456105e+01   2.016436e+00   2.015261e+00  
858       1.481288e+01   1.453681e+01   2.013717e+00   2.011854e+00  
859       1.483099e+01   1.455448e+01   2.016195e+00   2.015063e+00  
860       1.481340e+01   1.453713e+01   2.014777e+00   2.012241e+00  
861       1.482662e+01   1.454955e+01   2.018120e+00   2.016552e+00  
862       1.481808e+01   1.454168e+01   2.015280e+00   2.013390e+00  
863       1.482424e+01   1.454700e+01   2.019092e+00   2.016453e+00  
864       1.481523e+01   1.453849e+01   2.016607e+00   2.014157e+00  
865       1.482957e+01   1.455188e+01   2.020586e+00   2.018948e+00  
866       1.480975e+01   1.453211e+01   2.019476e+00   2.016956e+00  
867       1.482598e+01   1.454795e+01   2.021491e+00   2.020005e+00  
868       1.481407e+01   1.453623e+01   2.021153e+00   2.017363e+00  
869       1.483469e+01   1.455637e+01   2.022858e+00   2.021870e+00  
870       1.481233e+01   1.453382e+01   2.023169e+00   2.019869e+00  
871       1.483317e+01   1.455390e+01   2.026323e+00   2.025110e+00  
872       1.482036e+01   1.454117e+01   2.026502e+00   2.022580e+00  
873       1.483576e+01   1.455612e+01   2.027883e+00   2.026484e+00  
874       1.482509e+01   1.454523e+01   2.029204e+00   2.025314e+00  
875       1.483027e+01   1.454989e+01   2.030629e+00   2.028280e+00  
876       1.482757e+01   1.454727e+01   2.030762e+00   2.027233e+00  
877       1.483255e+01   1.455142e+01   2.034121e+00   2.030568e+00  
878       1.482522e+01   1.454428e+01   2.032632e+00   2.029688e+00  
879       1.482411e+01   1.454256e+01   2.034454e+00   2.032021e+00  
880       1.483384e+01   1.455248e+01   2.035270e+00   2.031212e+00  
881       1.482654e+01   1.454438e+01   2.036373e+00   2.034799e+00  
882       1.482990e+01   1.454796e+01   2.037253e+00   2.032834e+00  
883       1.482535e+01   1.454305e+01   2.037034e+00   2.035019e+00  
884       1.483840e+01   1.455648e+01   2.037572e+00   2.033521e+00  
885       1.481908e+01   1.453609e+01   2.039323e+00   2.036764e+00  
886       1.483518e+01   1.455285e+01   2.039186e+00   2.034466e+00  
887       1.482450e+01   1.454166e+01   2.038875e+00   2.036866e+00  
888       1.483354e+01   1.455130e+01   2.038288e+00   2.034476e+00  
889       1.483203e+01   1.454956e+01   2.037993e+00   2.036113e+00  
890       1.483339e+01   1.455120e+01   2.037817e+00   2.034597e+00  
891       1.482664e+01   1.454429e+01   2.037451e+00   2.035076e+00  
892       1.483256e+01   1.455038e+01   2.038076e+00   2.034077e+00  
893       1.482252e+01   1.454044e+01   2.035755e+00   2.034305e+00  
894       1.482422e+01   1.454211e+01   2.037047e+00   2.033488e+00  
895       1.482470e+01   1.454293e+01   2.034710e+00   2.033415e+00  
896       1.482009e+01   1.453808e+01   2.035934e+00   2.033243e+00  
897       1.482831e+01   1.454652e+01   2.035110e+00   2.033660e+00  
898       1.482205e+01   1.454062e+01   2.033936e+00   2.031402e+00  
899       1.482910e+01   1.454767e+01   2.033905e+00   2.032402e+00  
900       1.481535e+01   1.453377e+01   2.034055e+00   2.031490e+00  
901       1.482960e+01   1.454834e+01   2.033168e+00   2.032004e+00  
902       1.481558e+01   1.453437e+01   2.032657e+00   2.030220e+00  
903       1.483509e+01   1.455428e+01   2.031620e+00   2.031089e+00  
904       1.482034e+01   1.453953e+01   2.031872e+00   2.028821e+00  
905       1.483831e+01   1.455781e+01   2.030804e+00   2.030134e+00  
906       1.482091e+01   1.454045e+01   2.030463e+00   2.027806e+00  
907       1.484395e+01   1.456434e+01   2.027724e+00   2.027590e+00  
908       1.481086e+01   1.453071e+01   2.028702e+00   2.025874e+00  
909       1.484170e+01   1.456228e+01   2.027180e+00   2.026440e+00  
910       1.480860e+01   1.452884e+01   2.026458e+00   2.025039e+00  
911       1.484130e+01   1.456243e+01   2.025178e+00   2.024441e+00  
912       1.480531e+01   1.452578e+01   2.026035e+00   2.023376e+00  
913       1.484527e+01   1.456707e+01   2.022793e+00   2.022542e+00  
914       1.480952e+01   1.453050e+01   2.024659e+00   2.021708e+00  
915       1.483924e+01   1.456113e+01   2.022027e+00   2.021868e+00  
916       1.481108e+01   1.453230e+01   2.024095e+00   2.020793e+00  
917       1.483832e+01   1.456067e+01   2.020329e+00   2.020077e+00  
918       1.481950e+01   1.454136e+01   2.022423e+00   2.018948e+00  
919       1.482994e+01   1.455236e+01   2.019780e+00   2.018993e+00  
920       1.481920e+01   1.454117e+01   2.022273e+00   2.018303e+00  
921       1.483165e+01   1.455429e+01   2.019120e+00   2.018326e+00  
922       1.482575e+01   1.454836e+01   2.020410e+00   2.016483e+00  
923       1.482478e+01   1.454739e+01   2.018985e+00   2.017723e+00  
924       1.481906e+01   1.454159e+01   2.019867e+00   2.016643e+00  
925       1.482474e+01   1.454767e+01   2.018343e+00   2.016055e+00  
926       1.482517e+01   1.454831e+01   2.017410e+00   2.015548e+00  
927       1.482243e+01   1.454564e+01   2.017545e+00   2.014529e+00  
928       1.482214e+01   1.454511e+01   2.017645e+00   2.016110e+00  
929       1.483093e+01   1.455413e+01   2.017893e+00   2.015455e+00  
930       1.481422e+01   1.453734e+01   2.016782e+00   2.014807e+00  
931       1.482737e+01   1.455059e+01   2.017594e+00   2.015080e+00  
932       1.480976e+01   1.453254e+01   2.017248e+00   2.016212e+00  
933       1.482881e+01   1.455216e+01   2.017218e+00   2.014688e+00  
934       1.481167e+01   1.453450e+01   2.017044e+00   2.016311e+00  
935       1.482401e+01   1.454694e+01   2.018940e+00   2.015360e+00  
936       1.481840e+01   1.454123e+01   2.017426e+00   2.016818e+00  
937       1.481708e+01   1.453954e+01   2.020096e+00   2.016653e+00  
938       1.482442e+01   1.454693e+01   2.019348e+00   2.018048e+00  
939       1.481894e+01   1.454121e+01   2.020548e+00   2.017839e+00  
940       1.482190e+01   1.454386e+01   2.021070e+00   2.019931e+00  
941       1.482747e+01   1.454931e+01   2.022409e+00   2.020269e+00  
942       1.482097e+01   1.454248e+01   2.023084e+00   2.021043e+00  
943       1.482222e+01   1.454333e+01   2.024641e+00   2.022508e+00  
944       1.481813e+01   1.453914e+01   2.024431e+00   2.022848e+00  
945       1.483106e+01   1.455198e+01   2.025656e+00   2.024097e+00  
946       1.481957e+01   1.454000e+01   2.026474e+00   2.025178e+00  
947       1.483251e+01   1.455297e+01   2.028077e+00   2.025134e+00  
948       1.482717e+01   1.454717e+01   2.028879e+00   2.026990e+00  
949       1.483491e+01   1.455464e+01   2.030904e+00   2.027937e+00  
950       1.482609e+01   1.454557e+01   2.029945e+00   2.029403e+00  
951       1.483260e+01   1.455155e+01   2.033919e+00   2.030223e+00  
952       1.482558e+01   1.454472e+01   2.031218e+00   2.030521e+00  
953       1.483532e+01   1.455390e+01   2.034967e+00   2.032142e+00  
954       1.482268e+01   1.454118e+01   2.033776e+00   2.032149e+00  
955       1.482778e+01   1.454579e+01   2.035405e+00   2.034716e+00  
956       1.482998e+01   1.454806e+01   2.035661e+00   2.034249e+00  
957       1.482097e+01   1.453837e+01   2.037499e+00   2.036060e+00  
958       1.483568e+01   1.455377e+01   2.036050e+00   2.034566e+00  
959       1.482456e+01   1.454161e+01   2.038708e+00   2.037862e+00  
960       1.482562e+01   1.454326e+01   2.037023e+00   2.035523e+00  
961       1.482419e+01   1.454104e+01   2.039628e+00   2.038269e+00  
962       1.482931e+01   1.454693e+01   2.037141e+00   2.036000e+00  
963       1.482707e+01   1.454387e+01   2.039906e+00   2.038792e+00  
964       1.481609e+01   1.453332e+01   2.037592e+00   2.036507e+00  
965       1.482517e+01   1.454201e+01   2.039176e+00   2.038931e+00  
966       1.482107e+01   1.453881e+01   2.035949e+00   2.035240e+00  
967       1.482996e+01   1.454698e+01   2.038981e+00   2.038556e+00  
968       1.481583e+01   1.453357e+01   2.034947e+00   2.035486e+00  
969       1.483080e+01   1.454796e+01   2.038216e+00   2.038422e+00  
970       1.481851e+01   1.453628e+01   2.034823e+00   2.035760e+00  
971       1.483223e+01   1.454954e+01   2.038360e+00   2.037399e+00  
972       1.482108e+01   1.453910e+01   2.033874e+00   2.035313e+00  
973       1.483226e+01   1.454963e+01   2.038001e+00   2.037350e+00  
974       1.482633e+01   1.454440e+01   2.034237e+00   2.035284e+00  
975       1.483266e+01   1.455034e+01   2.036477e+00   2.036745e+00  
976       1.482234e+01   1.454043e+01   2.034041e+00   2.034748e+00  
977       1.483673e+01   1.455501e+01   2.034764e+00   2.034708e+00  
978       1.482905e+01   1.454741e+01   2.033567e+00   2.034235e+00  
979       1.483397e+01   1.455244e+01   2.033339e+00   2.034380e+00  
980       1.482752e+01   1.454621e+01   2.032199e+00   2.033055e+00  
981       1.483563e+01   1.455453e+01   2.032212e+00   2.032679e+00  
982       1.483234e+01   1.455145e+01   2.030526e+00   2.032333e+00  
983       1.483035e+01   1.454970e+01   2.030028e+00   2.030895e+00  
984       1.482956e+01   1.454881e+01   2.029895e+00   2.031636e+00  
985       1.482127e+01   1.454048e+01   2.029657e+00   2.030956e+00  
986       1.482614e+01   1.454589e+01   2.028179e+00   2.029313e+00  
987       1.482914e+01   1.454884e+01   2.028204e+00   2.029970e+00  
988       1.482633e+01   1.454625e+01   2.027716e+00   2.028531e+00  
989       1.482735e+01   1.454721e+01   2.027498e+00   2.029307e+00  
990       1.483245e+01   1.455296e+01   2.025592e+00   2.027324e+00  
991       1.483130e+01   1.455144e+01   2.027192e+00   2.028164e+00  
992       1.482761e+01   1.454843e+01   2.024090e+00   2.025894e+00  
993       1.483015e+01   1.455081e+01   2.025399e+00   2.026076e+00  
994       1.483041e+01   1.455128e+01   2.023934e+00   2.026072e+00  
995       1.482176e+01   1.454245e+01   2.025155e+00   2.024994e+00  
996       1.483816e+01   1.455977e+01   2.021516e+00   2.024288e+00  
997       1.482188e+01   1.454278e+01   2.024336e+00   2.024270e+00  
998       1.483462e+01   1.455613e+01   2.021755e+00   2.024253e+00  
999       1.482281e+01   1.454415e+01   2.022507e+00   2.023108e+00  
1000      1.483910e+01   1.456067e+01   2.021545e+00   2.024621e+00  
1001      1.481671e+01   1.453822e+01   2.021245e+00   2.022296e+00  
1002      1.483702e+01   1.455866e+01   2.020925e+00   2.024511e+00  
1003      1.481832e+01   1.453996e+01   2.020164e+00   2.022645e+00  
1004      1.483710e+01   1.455889e+01   2.020666e+00   2.023630e+00  
1005      1.482290e+01   1.454433e+01   2.020957e+00   2.024019e+00  
1006      1.483173e+01   1.455361e+01   2.019908e+00   2.023043e+00  
1007      1.482235e+01   1.454366e+01   2.021822e+00   2.023933e+00  
1008      1.483171e+01   1.455364e+01   2.020124e+00   2.022493e+00  
1009      1.481714e+01   1.453821e+01   2.021957e+00   2.024768e+00  
1010      1.483301e+01   1.455444e+01   2.021919e+00   2.024382e+00  
1011      1.482876e+01   1.454994e+01   2.022961e+00   2.024605e+00  
1012      1.483092e+01   1.455216e+01   2.021709e+00   2.025741e+00  
1013      1.483130e+01   1.455207e+01   2.024551e+00   2.026300e+00  
1014      1.483196e+01   1.455249e+01   2.024914e+00   2.027731e+00  
1015      1.482702e+01   1.454727e+01   2.025599e+00   2.028401e+00  
1016      1.483295e+01   1.455333e+01   2.025650e+00   2.028251e+00  
1017      1.482649e+01   1.454594e+01   2.028258e+00   2.031412e+00  
1018      1.482706e+01   1.454698e+01   2.026688e+00   2.029647e+00  
1019      1.483182e+01   1.455075e+01   2.030495e+00   2.033633e+00  
1020      1.482196e+01   1.454149e+01   2.027591e+00   2.030882e+00  
1021      1.482944e+01   1.454763e+01   2.033283e+00   2.035819e+00  
1022      1.482371e+01   1.454265e+01   2.029707e+00   2.033209e+00  
1023      1.483676e+01   1.455472e+01   2.035103e+00   2.036654e+00  
1024      1.482284e+01   1.454121e+01   2.031358e+00   2.035536e+00  
1025      1.483732e+01   1.455480e+01   2.036867e+00   2.038333e+00  
1026      1.482774e+01   1.454557e+01   2.033755e+00   2.037653e+00  
1027      1.483532e+01   1.455204e+01   2.039618e+00   2.040767e+00  
1028      1.482697e+01   1.454404e+01   2.036679e+00   2.040135e+00  
1029      1.483263e+01   1.454898e+01   2.040332e+00   2.042354e+00  
1030      1.483349e+01   1.455030e+01   2.038204e+00   2.041338e+00  
1031      1.483636e+01   1.455219e+01   2.042563e+00   2.044273e+00  
1032      1.483413e+01   1.455077e+01   2.038905e+00   2.041931e+00  
1033      1.483906e+01   1.455448e+01   2.043995e+00   2.046253e+00  
1034      1.483528e+01   1.455150e+01   2.040415e+00   2.043548e+00  
1035      1.484014e+01   1.455521e+01   2.045408e+00   2.047420e+00  
1036      1.483505e+01   1.455092e+01   2.041877e+00   2.044575e+00  
1037      1.483988e+01   1.455495e+01   2.045599e+00   2.047172e+00  
1038      1.483573e+01   1.455157e+01   2.041562e+00   2.045175e+00  
1039      1.484062e+01   1.455582e+01   2.045129e+00   2.046857e+00  
1040      1.483267e+01   1.454838e+01   2.042323e+00   2.044897e+00  
1041      1.483619e+01   1.455117e+01   2.045079e+00   2.047863e+00  
1042      1.484090e+01   1.455698e+01   2.041671e+00   2.044124e+00  
1043      1.483835e+01   1.455332e+01   2.045607e+00   2.047686e+00  
1044      1.483666e+01   1.455272e+01   2.041023e+00   2.044303e+00  
1045      1.484113e+01   1.455620e+01   2.044803e+00   2.048161e+00  
1046      1.484035e+01   1.455668e+01   2.040618e+00   2.043336e+00  
1047      1.483497e+01   1.454978e+01   2.045816e+00   2.048116e+00  
1048      1.484509e+01   1.456140e+01   2.040808e+00   2.043858e+00  
1049      1.483008e+01   1.454523e+01   2.044342e+00   2.046481e+00  
1050      1.483927e+01   1.455564e+01   2.040501e+00   2.042911e+00  
1051      1.482915e+01   1.454447e+01   2.043206e+00   2.046339e+00  
1052      1.484834e+01   1.456479e+01   2.040238e+00   2.043840e+00  
1053      1.482697e+01   1.454247e+01   2.042763e+00   2.045119e+00  
1054      1.484098e+01   1.455753e+01   2.039202e+00   2.043180e+00  
1055      1.482931e+01   1.454512e+01   2.041824e+00   2.044184e+00  
1056      1.484252e+01   1.455949e+01   2.037300e+00   2.042349e+00  
1057      1.482655e+01   1.454226e+01   2.042290e+00   2.044084e+00  
1058      1.483519e+01   1.455201e+01   2.037037e+00   2.042586e+00  
1059      1.482529e+01   1.454111e+01   2.041765e+00   2.043610e+00  
1060      1.484041e+01   1.455761e+01   2.036129e+00   2.041537e+00  
1061      1.482340e+01   1.453945e+01   2.040624e+00   2.042920e+00  
1062      1.482944e+01   1.454648e+01   2.036337e+00   2.041007e+00  
1063      1.483701e+01   1.455373e+01   2.039140e+00   2.041537e+00  
1064      1.483130e+01   1.454840e+01   2.035907e+00   2.041255e+00  
1065      1.483368e+01   1.455089e+01   2.036841e+00   2.039837e+00  
1066      1.483963e+01   1.455713e+01   2.035315e+00   2.040075e+00  
1067      1.483223e+01   1.454983e+01   2.034908e+00   2.038805e+00  
1068      1.483534e+01   1.455274e+01   2.035671e+00   2.039867e+00  
1069      1.482754e+01   1.454525e+01   2.034084e+00   2.038173e+00  
1070      1.483275e+01   1.455035e+01   2.035029e+00   2.038761e+00  
1071      1.482177e+01   1.453971e+01   2.032876e+00   2.036944e+00  
1072      1.484221e+01   1.456016e+01   2.033911e+00   2.038672e+00  
1073      1.481805e+01   1.453623e+01   2.032535e+00   2.035073e+00  
1074      1.483903e+01   1.455694e+01   2.033380e+00   2.039037e+00  
1075      1.482546e+01   1.454402e+01   2.031472e+00   2.034418e+00  
1076      1.483603e+01   1.455401e+01   2.033344e+00   2.038114e+00  
1077      1.482805e+01   1.454703e+01   2.030135e+00   2.033099e+00  
1078      1.482427e+01   1.454200e+01   2.034078e+00   2.037643e+00  
1079      1.483191e+01   1.455086e+01   2.030849e+00   2.033145e+00  
1080      1.482487e+01   1.454287e+01   2.032590e+00   2.037290e+00  
1081      1.482910e+01   1.454797e+01   2.031370e+00   2.032789e+00  
1082      1.482464e+01   1.454261e+01   2.032734e+00   2.037267e+00  
1083      1.483331e+01   1.455206e+01   2.032213e+00   2.033452e+00  
1084      1.482088e+01   1.453855e+01   2.033696e+00   2.037878e+00  
1085      1.483615e+01   1.455471e+01   2.032728e+00   2.034613e+00  
1086      1.481548e+01   1.453290e+01   2.034506e+00   2.038155e+00  
1087      1.483967e+01   1.455795e+01   2.034024e+00   2.035848e+00  
1088      1.482312e+01   1.454034e+01   2.035933e+00   2.039204e+00  
1089      1.483638e+01   1.455408e+01   2.035672e+00   2.037833e+00  
1090      1.482576e+01   1.454293e+01   2.036396e+00   2.039429e+00  
1091      1.482810e+01   1.454519e+01   2.037142e+00   2.039602e+00  
1092      1.481847e+01   1.453482e+01   2.039215e+00   2.041544e+00  
1093      1.482209e+01   1.453862e+01   2.039122e+00   2.040757e+00  
1094      1.482121e+01   1.453706e+01   2.040769e+00   2.043834e+00  
1095      1.481991e+01   1.453576e+01   2.041471e+00   2.042993e+00  
1096      1.482015e+01   1.453543e+01   2.042548e+00   2.045980e+00  
1097      1.482820e+01   1.454357e+01   2.044794e+00   2.044235e+00  
1098      1.481531e+01   1.452991e+01   2.044927e+00   2.047763e+00  
1099      1.482149e+01   1.453627e+01   2.046244e+00   2.046041e+00  
1100      1.481397e+01   1.452798e+01   2.046570e+00   2.050184e+00  
1101      1.482464e+01   1.453881e+01   2.048245e+00   2.048783e+00  
1102      1.480698e+01   1.452045e+01   2.048227e+00   2.051399e+00  
1103      1.482063e+01   1.453430e+01   2.048822e+00   2.051166e+00  
1104      1.481531e+01   1.452825e+01   2.051465e+00   2.052996e+00  
1105      1.481803e+01   1.453093e+01   2.051158e+00   2.053966e+00  
1106      1.481776e+01   1.453053e+01   2.052263e+00   2.053713e+00  
1107      1.481261e+01   1.452488e+01   2.053258e+00   2.055601e+00  
1108      1.481959e+01   1.453218e+01   2.053436e+00   2.054106e+00  
1109      1.482214e+01   1.453422e+01   2.054355e+00   2.057170e+00  
1110      1.481264e+01   1.452476e+01   2.054234e+00   2.055689e+00  
1111      1.482201e+01   1.453406e+01   2.054674e+00   2.057012e+00  
1112      1.481709e+01   1.452904e+01   2.055286e+00   2.056491e+00  
1113      1.481467e+01   1.452625e+01   2.056376e+00   2.057624e+00  
1114      1.482219e+01   1.453416e+01   2.055162e+00   2.057120e+00  
1115      1.481633e+01   1.452812e+01   2.055807e+00   2.056951e+00  
1116      1.482378e+01   1.453578e+01   2.055439e+00   2.056909e+00  
1117      1.482052e+01   1.453225e+01   2.056280e+00   2.057448e+00  
1118      1.481680e+01   1.452877e+01   2.055471e+00   2.056105e+00  
1119      1.481846e+01   1.453025e+01   2.056302e+00   2.056762e+00  
1120      1.481810e+01   1.453009e+01   2.055124e+00   2.056444e+00  
1121      1.482384e+01   1.453572e+01   2.056718e+00   2.056454e+00  
1122      1.480721e+01   1.451881e+01   2.055459e+00   2.057334e+00  
1123      1.481905e+01   1.453108e+01   2.055869e+00   2.055580e+00  
1124      1.480936e+01   1.452128e+01   2.054855e+00   2.056008e+00  
1125      1.481411e+01   1.452605e+01   2.056236e+00   2.055078e+00  
1126      1.480875e+01   1.452074e+01   2.054624e+00   2.055594e+00  
1127      1.481145e+01   1.452361e+01   2.055192e+00   2.054254e+00  
1128      1.481026e+01   1.452249e+01   2.054363e+00   2.054447e+00  
1129      1.481430e+01   1.452659e+01   2.054609e+00   2.054378e+00  
1130      1.480615e+01   1.451882e+01   2.052561e+00   2.052568e+00  
1131      1.481356e+01   1.452612e+01   2.053607e+00   2.053299e+00  
1132      1.480948e+01   1.452241e+01   2.051482e+00   2.052271e+00  
1133      1.480799e+01   1.452068e+01   2.053163e+00   2.052046e+00  
1134      1.480341e+01   1.451658e+01   2.050322e+00   2.050875e+00  
1135      1.480443e+01   1.451748e+01   2.051100e+00   2.051061e+00  
1136      1.480893e+01   1.452220e+01   2.050373e+00   2.050878e+00  
1137      1.480840e+01   1.452187e+01   2.050108e+00   2.049598e+00  
1138      1.481008e+01   1.452367e+01   2.049669e+00   2.049437e+00  
1139      1.480794e+01   1.452202e+01   2.047688e+00   2.047663e+00  
1140      1.481235e+01   1.452647e+01   2.048347e+00   2.047361e+00  
1141      1.480878e+01   1.452302e+01   2.046756e+00   2.047599e+00  
1142      1.481611e+01   1.453053e+01   2.047405e+00   2.046674e+00  
1143      1.480297e+01   1.451756e+01   2.045377e+00   2.045714e+00  
1144      1.481250e+01   1.452731e+01   2.045367e+00   2.045442e+00  
1145      1.480330e+01   1.451821e+01   2.045406e+00   2.043435e+00  
1146      1.481121e+01   1.452630e+01   2.044201e+00   2.044450e+00  
1147      1.479971e+01   1.451482e+01   2.044134e+00   2.042778e+00  
1148      1.481027e+01   1.452533e+01   2.044541e+00   2.044143e+00  
1149      1.480512e+01   1.452066e+01   2.042959e+00   2.041629e+00  
1150      1.481784e+01   1.453337e+01   2.043467e+00   2.042993e+00  
1151      1.480504e+01   1.452074e+01   2.042670e+00   2.040753e+00  
1152      1.481547e+01   1.453112e+01   2.043366e+00   2.041903e+00  
1153      1.480782e+01   1.452356e+01   2.042341e+00   2.041235e+00  
1154      1.480863e+01   1.452451e+01   2.042472e+00   2.040168e+00  
1155      1.480586e+01   1.452147e+01   2.042629e+00   2.041561e+00  
1156      1.480714e+01   1.452310e+01   2.042335e+00   2.039602e+00  
1157      1.481007e+01   1.452572e+01   2.042945e+00   2.041592e+00  
1158      1.480897e+01   1.452482e+01   2.042762e+00   2.040192e+00  
1159      1.480786e+01   1.452344e+01   2.043776e+00   2.040956e+00  
1160      1.480946e+01   1.452523e+01   2.042478e+00   2.041036e+00  
1161      1.481265e+01   1.452810e+01   2.044857e+00   2.041442e+00  
1162      1.481201e+01   1.452761e+01   2.043219e+00   2.041870e+00  
1163      1.480927e+01   1.452452e+01   2.045786e+00   2.041430e+00  
1164      1.481380e+01   1.452904e+01   2.045043e+00   2.042888e+00  
1165      1.481242e+01   1.452777e+01   2.044768e+00   2.042224e+00  
1166      1.481467e+01   1.452961e+01   2.046650e+00   2.043545e+00  
1167      1.481584e+01   1.453066e+01   2.046603e+00   2.044664e+00  
1168      1.481273e+01   1.452722e+01   2.048414e+00   2.044721e+00  
1169      1.481562e+01   1.452970e+01   2.049463e+00   2.046950e+00  
1170      1.481679e+01   1.453084e+01   2.050543e+00   2.046286e+00  
1171      1.481375e+01   1.452749e+01   2.050551e+00   2.048090e+00  
1172      1.482574e+01   1.453955e+01   2.051757e+00   2.048015e+00  
1173      1.482290e+01   1.453641e+01   2.052534e+00   2.048926e+00  
1174      1.482520e+01   1.453840e+01   2.053672e+00   2.050365e+00  
1175      1.482348e+01   1.453647e+01   2.054869e+00   2.050396e+00  
1176      1.482011e+01   1.453264e+01   2.055470e+00   2.052589e+00  
1177      1.482564e+01   1.453848e+01   2.055272e+00   2.051356e+00  
1178      1.481438e+01   1.452611e+01   2.057588e+00   2.055334e+00  
1179      1.483247e+01   1.454500e+01   2.056179e+00   2.053556e+00  
1180      1.481266e+01   1.452438e+01   2.057828e+00   2.054909e+00  
1181      1.483268e+01   1.454467e+01   2.057803e+00   2.055821e+00  
1182      1.482218e+01   1.453390e+01   2.058875e+00   2.055193e+00  
1183      1.482099e+01   1.453226e+01   2.059969e+00   2.057071e+00  
1184      1.482618e+01   1.453760e+01   2.060098e+00   2.056609e+00  
1185      1.482201e+01   1.453295e+01   2.060277e+00   2.059270e+00  
1186      1.482397e+01   1.453521e+01   2.060285e+00   2.057425e+00  
1187      1.482509e+01   1.453599e+01   2.061148e+00   2.059135e+00  
1188      1.481870e+01   1.452995e+01   2.059720e+00   2.057139e+00  
1189      1.482888e+01   1.453966e+01   2.061804e+00   2.059851e+00  
1190      1.481924e+01   1.453041e+01   2.059419e+00   2.058167e+00  
1191      1.482877e+01   1.453973e+01   2.061513e+00   2.058864e+00  
1192      1.482332e+01   1.453423e+01   2.060475e+00   2.059438e+00  
1193      1.482840e+01   1.453950e+01   2.061222e+00   2.058106e+00  
1194      1.482770e+01   1.453871e+01   2.060214e+00   2.059577e+00  
1195      1.482577e+01   1.453684e+01   2.060663e+00   2.058443e+00  
1196      1.482277e+01   1.453391e+01   2.059574e+00   2.058664e+00  
1197      1.482508e+01   1.453611e+01   2.060728e+00   2.058619e+00  
1198      1.483006e+01   1.454146e+01   2.059159e+00   2.058272e+00  
1199      1.482790e+01   1.453900e+01   2.060130e+00   2.059125e+00  
1200      1.482271e+01   1.453405e+01   2.058735e+00   2.058119e+00  
1201      1.483602e+01   1.454760e+01   2.058900e+00   2.058111e+00  
1202      1.482348e+01   1.453494e+01   2.058656e+00   2.057417e+00  
1203      1.482877e+01   1.454050e+01   2.057837e+00   2.057084e+00  
1204      1.482636e+01   1.453816e+01   2.057457e+00   2.056620e+00  
1205      1.483309e+01   1.454485e+01   2.057984e+00   2.057329e+00  
1206      1.482800e+01   1.453975e+01   2.057702e+00   2.056973e+00  
1207      1.482699e+01   1.453902e+01   2.056717e+00   2.055852e+00  
1208      1.482415e+01   1.453579e+01   2.057064e+00   2.057876e+00  
1209      1.482721e+01   1.453969e+01   2.055139e+00   2.054284e+00  
1210      1.481895e+01   1.453064e+01   2.056402e+00   2.057390e+00  
1211      1.483138e+01   1.454426e+01   2.053594e+00   2.053580e+00  
1212      1.481574e+01   1.452748e+01   2.055899e+00   2.057125e+00  
1213      1.483071e+01   1.454402e+01   2.052043e+00   2.052023e+00  
1214      1.482324e+01   1.453563e+01   2.054162e+00   2.055298e+00  
1215      1.482836e+01   1.454178e+01   2.051002e+00   2.051910e+00  
1216      1.482690e+01   1.453972e+01   2.052502e+00   2.054488e+00  
1217      1.482302e+01   1.453662e+01   2.049751e+00   2.051107e+00  
1218      1.482839e+01   1.454131e+01   2.052172e+00   2.054291e+00  
1219      1.482326e+01   1.453719e+01   2.047958e+00   2.050652e+00  
1220      1.482180e+01   1.453480e+01   2.051521e+00   2.053420e+00  
1221      1.482456e+01   1.453856e+01   2.047633e+00   2.050670e+00  
1222      1.482682e+01   1.454025e+01   2.049877e+00   2.052720e+00  
1223      1.481757e+01   1.453177e+01   2.046188e+00   2.049673e+00  
1224      1.482584e+01   1.453941e+01   2.048922e+00   2.052560e+00  
1225      1.482015e+01   1.453446e+01   2.046132e+00   2.049330e+00  
1226      1.482234e+01   1.453614e+01   2.047821e+00   2.051556e+00  
1227      1.482350e+01   1.453803e+01   2.044839e+00   2.049550e+00  
1228      1.481766e+01   1.453176e+01   2.046375e+00   2.050234e+00  
1229      1.482034e+01   1.453483e+01   2.044856e+00   2.049341e+00  
1230      1.481748e+01   1.453154e+01   2.046125e+00   2.050706e+00  
1231      1.481504e+01   1.452936e+01   2.045565e+00   2.049071e+00  
1232      1.481331e+01   1.452746e+01   2.045119e+00   2.050556e+00  
1233      1.482093e+01   1.453543e+01   2.044221e+00   2.049963e+00  
1234      1.481602e+01   1.453017e+01   2.045748e+00   2.050272e+00  
1235      1.482534e+01   1.453966e+01   2.045788e+00   2.050288e+00  
1236      1.481434e+01   1.452835e+01   2.045742e+00   2.050964e+00  
1237      1.481908e+01   1.453299e+01   2.046512e+00   2.051678e+00  
1238      1.481367e+01   1.452758e+01   2.045599e+00   2.051785e+00  
1239      1.481857e+01   1.453203e+01   2.048659e+00   2.052621e+00  
1240      1.481407e+01   1.452780e+01   2.045817e+00   2.052826e+00  
1241      1.481896e+01   1.453208e+01   2.049946e+00   2.053741e+00  
1242      1.481014e+01   1.452355e+01   2.046518e+00   2.053965e+00  
1243      1.482286e+01   1.453568e+01   2.051543e+00   2.054832e+00  
1244      1.480968e+01   1.452264e+01   2.047938e+00   2.055632e+00  
1245      1.482413e+01   1.453660e+01   2.052514e+00   2.056484e+00  
1246      1.480785e+01   1.452009e+01   2.051422e+00   2.056953e+00  
1247      1.482550e+01   1.453758e+01   2.053820e+00   2.058186e+00  
1248      1.481092e+01   1.452262e+01   2.053674e+00   2.058957e+00  
1249      1.481974e+01   1.453157e+01   2.054055e+00   2.058883e+00  
1250      1.482149e+01   1.453284e+01   2.055446e+00   2.061122e+00  
-------------------------------------------------------------------

