
**********************************************
Real-time propagation in 3D, OPTION = 2
MPI nodes = 8, OMP threads = 16, cores = 128
**********************************************

Interactions
Contact: Natoms = 1.50000000000e+05, as = 7.400000e+01 * a0, G = 1.329397e+04, G * par = 2.658795e+04
Three-body: K3 =  0.000000e+00, g3 = 0.000000e+00
Regular DDI: add = 1.101000e+02 * a0, GD = 4.721954e+03, GD * par = 9.443909e+03, edd = 1.487838e+00
     Dipolar cutoff Rcut = 5.655414e+00, Lcut = 1.883762e+02

QF = 1: h2 = 1.675481e+05, h4 = 0.000000e+00
        q3 = 0.000000e+00, q5 = 4.564831e+00

GRAD = 0

Trap parameters:
GAMMA = 0.000000e+00, NU = 0.000000e+00, LAMBDA = 0.000000e+00
Parameters of rotation: OMEGA = 0.000000e+00, OMEGA * par = 0.000000e+00

Space discretization: NX = 128, NY = 128, NZ = 128
                      DX = 2.943378e+00, DY = 8.836584e-02, DZ = 8.836584e-02
      Unit of length: aho = 5.552380e-07 m

Time discretization: NITER = 2500 (NSNAP = 1250)
                     DT = 3.904261e-03

Initial state: file ./imag3d-finalpsi.bin
ADD_VORTICES = 0, ADD_RANDOM_PHASE = 0


MUREL = 1.000000e-12, MUEND=1.000000e+05

-------------------------------------------------------------------
Snap      <r>            <x>            <y>            <z>
-------------------------------------------------------------------
0         1.904583e+01   1.902899e+01   5.662225e-01   5.662225e-01  
1         1.904582e+01   1.902899e+01   5.661105e-01   5.661105e-01  
2         1.904581e+01   1.902899e+01   5.659794e-01   5.659794e-01  
3         1.904580e+01   1.902899e+01   5.658294e-01   5.658294e-01  
4         1.904579e+01   1.902898e+01   5.656609e-01   5.656609e-01  
5         1.904578e+01   1.902898e+01   5.654747e-01   5.654747e-01  
6         1.904576e+01   1.902898e+01   5.652717e-01   5.652717e-01  
7         1.904575e+01   1.902898e+01   5.650529e-01   5.650529e-01  
8         1.904573e+01   1.902897e+01   5.648199e-01   5.648199e-01  
9         1.904571e+01   1.902897e+01   5.645741e-01   5.645741e-01  
10        1.904569e+01   1.902896e+01   5.643173e-01   5.643173e-01  
11        1.904567e+01   1.902896e+01   5.640514e-01   5.640514e-01  
12        1.904565e+01   1.902895e+01   5.637785e-01   5.637785e-01  
13        1.904562e+01   1.902894e+01   5.635005e-01   5.635005e-01  
14        1.904560e+01   1.902894e+01   5.632196e-01   5.632196e-01  
15        1.904558e+01   1.902893e+01   5.629380e-01   5.629380e-01  
16        1.904555e+01   1.902892e+01   5.626581e-01   5.626581e-01  
17        1.904553e+01   1.902892e+01   5.623820e-01   5.623820e-01  
18        1.904551e+01   1.902891e+01   5.621122e-01   5.621122e-01  
19        1.904548e+01   1.902890e+01   5.618511e-01   5.618511e-01  
20        1.904546e+01   1.902889e+01   5.616009e-01   5.616009e-01  
21        1.904544e+01   1.902889e+01   5.613640e-01   5.613640e-01  
22        1.904542e+01   1.902888e+01   5.611426e-01   5.611426e-01  
23        1.904540e+01   1.902887e+01   5.609388e-01   5.609388e-01  
24        1.904539e+01   1.902887e+01   5.607546e-01   5.607546e-01  
25        1.904537e+01   1.902886e+01   5.605915e-01   5.605915e-01  
26        1.904536e+01   1.902886e+01   5.604510e-01   5.604510e-01  
27        1.904534e+01   1.902885e+01   5.603342e-01   5.603342e-01  
28        1.904533e+01   1.902885e+01   5.602421e-01   5.602421e-01  
29        1.904532e+01   1.902884e+01   5.601751e-01   5.601751e-01  
30        1.904532e+01   1.902884e+01   5.601336e-01   5.601336e-01  
31        1.904531e+01   1.902883e+01   5.601176e-01   5.601176e-01  
32        1.904531e+01   1.902883e+01   5.601269e-01   5.601269e-01  
33        1.904531e+01   1.902883e+01   5.601609e-01   5.601609e-01  
34        1.904531e+01   1.902882e+01   5.602191e-01   5.602191e-01  
35        1.904531e+01   1.902882e+01   5.603005e-01   5.603005e-01  
36        1.904532e+01   1.902882e+01   5.604040e-01   5.604040e-01  
37        1.904532e+01   1.902882e+01   5.605286e-01   5.605286e-01  
38        1.904533e+01   1.902881e+01   5.606727e-01   5.606727e-01  
39        1.904533e+01   1.902881e+01   5.608349e-01   5.608349e-01  
40        1.904534e+01   1.902881e+01   5.610137e-01   5.610137e-01  
41        1.904535e+01   1.902881e+01   5.612075e-01   5.612075e-01  
42        1.904536e+01   1.902881e+01   5.614145e-01   5.614145e-01  
43        1.904538e+01   1.902881e+01   5.616330e-01   5.616330e-01  
44        1.904539e+01   1.902881e+01   5.618611e-01   5.618611e-01  
45        1.904540e+01   1.902880e+01   5.620972e-01   5.620972e-01  
46        1.904541e+01   1.902880e+01   5.623394e-01   5.623394e-01  
47        1.904543e+01   1.902880e+01   5.625859e-01   5.625859e-01  
48        1.904544e+01   1.902880e+01   5.628350e-01   5.628350e-01  
49        1.904545e+01   1.902880e+01   5.630849e-01   5.630849e-01  
50        1.904547e+01   1.902880e+01   5.633339e-01   5.633339e-01  
51        1.904548e+01   1.902879e+01   5.635804e-01   5.635804e-01  
52        1.904549e+01   1.902879e+01   5.638228e-01   5.638228e-01  
53        1.904550e+01   1.902879e+01   5.640594e-01   5.640594e-01  
54        1.904551e+01   1.902879e+01   5.642890e-01   5.642890e-01  
55        1.904552e+01   1.902878e+01   5.645100e-01   5.645100e-01  
56        1.904553e+01   1.902878e+01   5.647214e-01   5.647214e-01  
57        1.904554e+01   1.902878e+01   5.649217e-01   5.649217e-01  
58        1.904555e+01   1.902877e+01   5.651101e-01   5.651101e-01  
59        1.904555e+01   1.902877e+01   5.652854e-01   5.652854e-01  
60        1.904556e+01   1.902876e+01   5.654469e-01   5.654469e-01  
61        1.904556e+01   1.902876e+01   5.655937e-01   5.655937e-01  
62        1.904556e+01   1.902875e+01   5.657252e-01   5.657252e-01  
63        1.904556e+01   1.902874e+01   5.658409e-01   5.658409e-01  
64        1.904556e+01   1.902874e+01   5.659401e-01   5.659401e-01  
65        1.904556e+01   1.902873e+01   5.660227e-01   5.660227e-01  
66        1.904556e+01   1.902872e+01   5.660883e-01   5.660883e-01  
67        1.904555e+01   1.902872e+01   5.661368e-01   5.661368e-01  
68        1.904555e+01   1.902871e+01   5.661682e-01   5.661682e-01  
69        1.904554e+01   1.902870e+01   5.661825e-01   5.661825e-01  
70        1.904553e+01   1.902869e+01   5.661798e-01   5.661798e-01  
71        1.904552e+01   1.902868e+01   5.661605e-01   5.661605e-01  
72        1.904551e+01   1.902867e+01   5.661249e-01   5.661249e-01  
73        1.904550e+01   1.902866e+01   5.660735e-01   5.660735e-01  
74        1.904548e+01   1.902865e+01   5.660067e-01   5.660067e-01  
75        1.904547e+01   1.902864e+01   5.659252e-01   5.659252e-01  
76        1.904545e+01   1.902863e+01   5.658297e-01   5.658297e-01  
77        1.904543e+01   1.902862e+01   5.657209e-01   5.657209e-01  
78        1.904541e+01   1.902861e+01   5.655998e-01   5.655998e-01  
79        1.904539e+01   1.902860e+01   5.654671e-01   5.654671e-01  
80        1.904537e+01   1.902859e+01   5.653239e-01   5.653239e-01  
81        1.904535e+01   1.902857e+01   5.651712e-01   5.651712e-01  
82        1.904533e+01   1.902856e+01   5.650101e-01   5.650101e-01  
83        1.904531e+01   1.902855e+01   5.648416e-01   5.648416e-01  
84        1.904529e+01   1.902854e+01   5.646669e-01   5.646669e-01  
85        1.904526e+01   1.902852e+01   5.644872e-01   5.644872e-01  
86        1.904524e+01   1.902851e+01   5.643036e-01   5.643036e-01  
87        1.904521e+01   1.902850e+01   5.641174e-01   5.641174e-01  
88        1.904519e+01   1.902849e+01   5.639297e-01   5.639297e-01  
89        1.904517e+01   1.902847e+01   5.637417e-01   5.637417e-01  
90        1.904514e+01   1.902846e+01   5.635546e-01   5.635546e-01  
91        1.904512e+01   1.902845e+01   5.633696e-01   5.633696e-01  
92        1.904510e+01   1.902843e+01   5.631878e-01   5.631878e-01  
93        1.904507e+01   1.902842e+01   5.630103e-01   5.630103e-01  
94        1.904505e+01   1.902841e+01   5.628383e-01   5.628383e-01  
95        1.904503e+01   1.902840e+01   5.626728e-01   5.626728e-01  
96        1.904500e+01   1.902838e+01   5.625148e-01   5.625148e-01  
97        1.904498e+01   1.902837e+01   5.623652e-01   5.623652e-01  
98        1.904496e+01   1.902836e+01   5.622249e-01   5.622249e-01  
99        1.904494e+01   1.902835e+01   5.620948e-01   5.620948e-01  
100       1.904492e+01   1.902833e+01   5.619755e-01   5.619755e-01  
101       1.904490e+01   1.902832e+01   5.618677e-01   5.618677e-01  
102       1.904489e+01   1.902831e+01   5.617720e-01   5.617720e-01  
103       1.904487e+01   1.902830e+01   5.616887e-01   5.616887e-01  
104       1.904485e+01   1.902829e+01   5.616185e-01   5.616185e-01  
105       1.904484e+01   1.902827e+01   5.615615e-01   5.615615e-01  
106       1.904483e+01   1.902826e+01   5.615182e-01   5.615182e-01  
107       1.904481e+01   1.902825e+01   5.614886e-01   5.614886e-01  
108       1.904480e+01   1.902824e+01   5.614729e-01   5.614729e-01  
109       1.904479e+01   1.902823e+01   5.614712e-01   5.614712e-01  
110       1.904478e+01   1.902822e+01   5.614834e-01   5.614834e-01  
111       1.904477e+01   1.902821e+01   5.615094e-01   5.615094e-01  
112       1.904476e+01   1.902820e+01   5.615488e-01   5.615488e-01  
113       1.904475e+01   1.902818e+01   5.616014e-01   5.616014e-01  
114       1.904475e+01   1.902817e+01   5.616666e-01   5.616666e-01  
115       1.904474e+01   1.902816e+01   5.617440e-01   5.617440e-01  
116       1.904473e+01   1.902815e+01   5.618330e-01   5.618330e-01  
117       1.904473e+01   1.902814e+01   5.619330e-01   5.619330e-01  
118       1.904473e+01   1.902813e+01   5.620433e-01   5.620433e-01  
119       1.904472e+01   1.902812e+01   5.621630e-01   5.621630e-01  
120       1.904472e+01   1.902811e+01   5.622915e-01   5.622915e-01  
121       1.904472e+01   1.902810e+01   5.624278e-01   5.624278e-01  
122       1.904471e+01   1.902809e+01   5.625710e-01   5.625710e-01  
123       1.904471e+01   1.902808e+01   5.627202e-01   5.627202e-01  
124       1.904471e+01   1.902807e+01   5.628745e-01   5.628745e-01  
125       1.904471e+01   1.902805e+01   5.630328e-01   5.630328e-01  
126       1.904471e+01   1.902804e+01   5.631941e-01   5.631941e-01  
127       1.904470e+01   1.902803e+01   5.633576e-01   5.633576e-01  
128       1.904470e+01   1.902802e+01   5.635221e-01   5.635221e-01  
129       1.904470e+01   1.902801e+01   5.636865e-01   5.636865e-01  
130       1.904470e+01   1.902800e+01   5.638499e-01   5.638499e-01  
131       1.904470e+01   1.902798e+01   5.640113e-01   5.640113e-01  
132       1.904469e+01   1.902797e+01   5.641696e-01   5.641696e-01  
133       1.904469e+01   1.902796e+01   5.643240e-01   5.643240e-01  
134       1.904469e+01   1.902795e+01   5.644735e-01   5.644735e-01  
135       1.904468e+01   1.902794e+01   5.646174e-01   5.646174e-01  
136       1.904468e+01   1.902792e+01   5.647547e-01   5.647547e-01  
137       1.904468e+01   1.902791e+01   5.648848e-01   5.648848e-01  
138       1.904467e+01   1.902790e+01   5.650068e-01   5.650068e-01  
139       1.904467e+01   1.902789e+01   5.651201e-01   5.651201e-01  
140       1.904466e+01   1.902788e+01   5.652239e-01   5.652239e-01  
141       1.904466e+01   1.902787e+01   5.653179e-01   5.653179e-01  
142       1.904465e+01   1.902786e+01   5.654013e-01   5.654013e-01  
143       1.904465e+01   1.902785e+01   5.654740e-01   5.654740e-01  
144       1.904465e+01   1.902784e+01   5.655355e-01   5.655355e-01  
145       1.904464e+01   1.902784e+01   5.655857e-01   5.655857e-01  
146       1.904464e+01   1.902784e+01   5.656243e-01   5.656243e-01  
147       1.904464e+01   1.902784e+01   5.656514e-01   5.656514e-01  
148       1.904465e+01   1.902784e+01   5.656669e-01   5.656669e-01  
149       1.904465e+01   1.902784e+01   5.656711e-01   5.656711e-01  
150       1.904466e+01   1.902786e+01   5.656642e-01   5.656642e-01  
151       1.904468e+01   1.902787e+01   5.656468e-01   5.656468e-01  
152       1.904471e+01   1.902790e+01   5.656196e-01   5.656196e-01  
153       1.904474e+01   1.902794e+01   5.655835e-01   5.655835e-01  
154       1.904479e+01   1.902799e+01   5.655400e-01   5.655400e-01  
155       1.904486e+01   1.902807e+01   5.654909e-01   5.654909e-01  
156       1.904496e+01   1.902817e+01   5.654384e-01   5.654384e-01  
157       1.904510e+01   1.902830e+01   5.653857e-01   5.653857e-01  
158       1.904527e+01   1.902848e+01   5.653364e-01   5.653364e-01  
159       1.904551e+01   1.902872e+01   5.652952e-01   5.652952e-01  
160       1.904581e+01   1.902903e+01   5.652677e-01   5.652677e-01  
161       1.904620e+01   1.902942e+01   5.652604e-01   5.652604e-01  
162       1.904669e+01   1.902990e+01   5.652810e-01   5.652810e-01  
163       1.904728e+01   1.903049e+01   5.653381e-01   5.653381e-01  
164       1.904798e+01   1.903118e+01   5.654417e-01   5.654417e-01  
165       1.904878e+01   1.903198e+01   5.656022e-01   5.656022e-01  
166       1.904968e+01   1.903287e+01   5.658315e-01   5.658315e-01  
167       1.905067e+01   1.903384e+01   5.661419e-01   5.661419e-01  
168       1.905172e+01   1.903487e+01   5.665470e-01   5.665469e-01  
169       1.905282e+01   1.903594e+01   5.670606e-01   5.670606e-01  
170       1.905395e+01   1.903703e+01   5.676974e-01   5.676974e-01  
171       1.905508e+01   1.903812e+01   5.684717e-01   5.684717e-01  
172       1.905618e+01   1.903916e+01   5.693977e-01   5.693977e-01  
173       1.905721e+01   1.904012e+01   5.704887e-01   5.704887e-01  
174       1.905814e+01   1.904098e+01   5.717573e-01   5.717573e-01  
175       1.905894e+01   1.904169e+01   5.732149e-01   5.732149e-01  
176       1.905961e+01   1.904227e+01   5.748721e-01   5.748721e-01  
177       1.906015e+01   1.904269e+01   5.767378e-01   5.767378e-01  
178       1.906056e+01   1.904297e+01   5.788187e-01   5.788187e-01  
179       1.906084e+01   1.904312e+01   5.811190e-01   5.811190e-01  
180       1.906100e+01   1.904313e+01   5.836398e-01   5.836398e-01  
181       1.906104e+01   1.904299e+01   5.863794e-01   5.863794e-01  
182       1.906094e+01   1.904271e+01   5.893332e-01   5.893332e-01  
183       1.906073e+01   1.904230e+01   5.924943e-01   5.924943e-01  
184       1.906040e+01   1.904176e+01   5.958535e-01   5.958535e-01  
185       1.905997e+01   1.904112e+01   5.993997e-01   5.993997e-01  
186       1.905947e+01   1.904038e+01   6.031200e-01   6.031200e-01  
187       1.905892e+01   1.903958e+01   6.070002e-01   6.070002e-01  
188       1.905838e+01   1.903878e+01   6.110258e-01   6.110258e-01  
189       1.905803e+01   1.903816e+01   6.151880e-01   6.151880e-01  
190       1.905950e+01   1.903935e+01   6.195512e-01   6.195512e-01  
191       1.905834e+01   1.903790e+01   6.238686e-01   6.238686e-01  
192       1.905530e+01   1.903458e+01   6.281683e-01   6.281683e-01  
193       1.905568e+01   1.903466e+01   6.327251e-01   6.327251e-01  
194       1.905257e+01   1.903125e+01   6.371843e-01   6.371842e-01  
195       1.905336e+01   1.903173e+01   6.418542e-01   6.418542e-01  
196       1.905103e+01   1.902908e+01   6.464585e-01   6.464585e-01  
197       1.905165e+01   1.902938e+01   6.511348e-01   6.511348e-01  
198       1.904984e+01   1.902725e+01   6.558275e-01   6.558275e-01  
199       1.904983e+01   1.902692e+01   6.604033e-01   6.604033e-01  
200       1.904875e+01   1.902551e+01   6.651261e-01   6.651261e-01  
201       1.904790e+01   1.902435e+01   6.695337e-01   6.695337e-01  
202       1.904739e+01   1.902351e+01   6.742363e-01   6.742363e-01  
203       1.904568e+01   1.902150e+01   6.784437e-01   6.784437e-01  
204       1.904557e+01   1.902105e+01   6.830878e-01   6.830878e-01  
205       1.904319e+01   1.901838e+01   6.870667e-01   6.870667e-01  
206       1.904330e+01   1.901817e+01   6.916173e-01   6.916173e-01  
207       1.904050e+01   1.901509e+01   6.953419e-01   6.953419e-01  
208       1.904081e+01   1.901508e+01   6.997704e-01   6.997704e-01  
209       1.903779e+01   1.901179e+01   7.032310e-01   7.032311e-01  
210       1.903835e+01   1.901203e+01   7.075259e-01   7.075259e-01  
211       1.903522e+01   1.900866e+01   7.107295e-01   7.107296e-01  
212       1.903609e+01   1.900922e+01   7.148971e-01   7.148971e-01  
213       1.903292e+01   1.900583e+01   7.178572e-01   7.178572e-01  
214       1.903422e+01   1.900682e+01   7.219124e-01   7.219124e-01  
215       1.903105e+01   1.900344e+01   7.246424e-01   7.246424e-01  
216       1.903292e+01   1.900500e+01   7.286042e-01   7.286043e-01  
217       1.902975e+01   1.900163e+01   7.311197e-01   7.311198e-01  
218       1.903229e+01   1.900389e+01   7.350174e-01   7.350174e-01  
219       1.902909e+01   1.900049e+01   7.373444e-01   7.373444e-01  
220       1.903233e+01   1.900344e+01   7.412188e-01   7.412188e-01  
221       1.902901e+01   1.899994e+01   7.433935e-01   7.433936e-01  
222       1.903286e+01   1.900350e+01   7.472882e-01   7.472882e-01  
223       1.902933e+01   1.899980e+01   7.493504e-01   7.493504e-01  
224       1.903366e+01   1.900382e+01   7.533081e-01   7.533082e-01  
225       1.902981e+01   1.899981e+01   7.553095e-01   7.553095e-01  
226       1.903443e+01   1.900411e+01   7.594014e-01   7.594014e-01  
227       1.903012e+01   1.899962e+01   7.614466e-01   7.614466e-01  
228       1.903480e+01   1.900397e+01   7.657738e-01   7.657738e-01  
229       1.902986e+01   1.899886e+01   7.677736e-01   7.677736e-01  
230       1.903460e+01   1.900328e+01   7.717673e-01   7.717672e-01  
231       1.902913e+01   1.899771e+01   7.729579e-01   7.729579e-01  
232       1.903383e+01   1.900212e+01   7.765873e-01   7.765872e-01  
233       1.902744e+01   1.899556e+01   7.784403e-01   7.784403e-01  
234       1.903223e+01   1.900001e+01   7.826747e-01   7.826746e-01  
235       1.902634e+01   1.899406e+01   7.833387e-01   7.833386e-01  
236       1.903241e+01   1.899990e+01   7.863182e-01   7.863181e-01  
237       1.902572e+01   1.899295e+01   7.892577e-01   7.892576e-01  
238       1.903136e+01   1.899811e+01   7.951383e-01   7.951382e-01  
239       1.902601e+01   1.899266e+01   7.961952e-01   7.961950e-01  
240       1.903342e+01   1.899976e+01   8.000423e-01   8.000422e-01  
241       1.902674e+01   1.899264e+01   8.051309e-01   8.051307e-01  
242       1.903922e+01   1.900468e+01   8.106149e-01   8.106147e-01  
243       1.902934e+01   1.899464e+01   8.122756e-01   8.122753e-01  
244       1.905446e+01   1.901906e+01   8.208710e-01   8.208708e-01  
245       1.904219e+01   1.900638e+01   8.253277e-01   8.253274e-01  
246       1.905116e+01   1.901495e+01   8.302623e-01   8.302620e-01  
247       1.901565e+01   1.897886e+01   8.360794e-01   8.360791e-01  
248       1.904146e+01   1.900395e+01   8.446456e-01   8.446453e-01  
249       1.903408e+01   1.899612e+01   8.495787e-01   8.495784e-01  
250       1.904688e+01   1.900797e+01   8.604596e-01   8.604592e-01  
251       1.902043e+01   1.898102e+01   8.653783e-01   8.653778e-01  
252       1.904725e+01   1.900683e+01   8.769607e-01   8.769607e-01  
253       1.902392e+01   1.898265e+01   8.855669e-01   8.855671e-01  
254       1.902199e+01   1.897998e+01   8.934070e-01   8.934092e-01  
255       1.902613e+01   1.898290e+01   9.064789e-01   9.064811e-01  
256       1.902321e+01   1.897887e+01   9.178507e-01   9.178569e-01  
257       1.901899e+01   1.897347e+01   9.298850e-01   9.298878e-01  
258       1.901715e+01   1.897027e+01   9.436328e-01   9.436415e-01  
259       1.901661e+01   1.896839e+01   9.569674e-01   9.569640e-01  
260       1.902332e+01   1.897353e+01   9.725524e-01   9.725499e-01  
261       1.901812e+01   1.896669e+01   9.882828e-01   9.882624e-01  
262       1.902477e+01   1.897169e+01   1.004278e+00   1.004251e+00  
263       1.902472e+01   1.896966e+01   1.022804e+00   1.022752e+00  
264       1.902877e+01   1.897188e+01   1.039701e+00   1.039639e+00  
265       1.903186e+01   1.897273e+01   1.060036e+00   1.059939e+00  
266       1.903350e+01   1.897231e+01   1.078396e+00   1.078285e+00  
267       1.904153e+01   1.897806e+01   1.098545e+00   1.098399e+00  
268       1.903965e+01   1.897387e+01   1.118297e+00   1.118121e+00  
269       1.905615e+01   1.898791e+01   1.139439e+00   1.139236e+00  
270       1.904848e+01   1.897770e+01   1.160166e+00   1.159931e+00  
271       1.906659e+01   1.899302e+01   1.183348e+00   1.183082e+00  
272       1.905687e+01   1.898083e+01   1.202789e+00   1.202459e+00  
273       1.906888e+01   1.898948e+01   1.229379e+00   1.229017e+00  
274       1.908239e+01   1.900081e+01   1.246587e+00   1.246149e+00  
275       1.907530e+01   1.898991e+01   1.275081e+00   1.274571e+00  
276       1.909675e+01   1.900918e+01   1.292003e+00   1.291398e+00  
277       1.910157e+01   1.900985e+01   1.322336e+00   1.321686e+00  
278       1.910528e+01   1.901093e+01   1.341315e+00   1.340567e+00  
279       1.911479e+01   1.901619e+01   1.371443e+00   1.370659e+00  
280       1.911937e+01   1.901777e+01   1.392349e+00   1.391427e+00  
281       1.912696e+01   1.902078e+01   1.423596e+00   1.422702e+00  
282       1.912240e+01   1.901328e+01   1.442940e+00   1.441904e+00  
283       1.913463e+01   1.902087e+01   1.473637e+00   1.472665e+00  
284       1.913693e+01   1.901995e+01   1.494531e+00   1.493376e+00  
285       1.914180e+01   1.902030e+01   1.523082e+00   1.522047e+00  
286       1.915425e+01   1.902916e+01   1.545983e+00   1.544727e+00  
287       1.915696e+01   1.902745e+01   1.572966e+00   1.571873e+00  
288       1.915921e+01   1.902671e+01   1.591221e+00   1.589882e+00  
289       1.916785e+01   1.903077e+01   1.618675e+00   1.617525e+00  
290       1.917358e+01   1.903377e+01   1.634969e+00   1.633543e+00  
291       1.916720e+01   1.902297e+01   1.660125e+00   1.658925e+00  
292       1.916563e+01   1.901987e+01   1.668923e+00   1.667488e+00  
293       1.916572e+01   1.901649e+01   1.688408e+00   1.687313e+00  
294       1.918626e+01   1.903529e+01   1.699223e+00   1.697852e+00  
295       1.916276e+01   1.900743e+01   1.722327e+00   1.721198e+00  
296       1.918113e+01   1.902446e+01   1.730631e+00   1.729333e+00  
297       1.917394e+01   1.901552e+01   1.739643e+00   1.738912e+00  
298       1.920241e+01   1.904244e+01   1.749294e+00   1.748637e+00  
299       1.919905e+01   1.903552e+01   1.768249e+00   1.768028e+00  
300       1.917167e+01   1.900741e+01   1.770928e+00   1.770653e+00  
301       1.919783e+01   1.903088e+01   1.786319e+00   1.786433e+00  
302       1.920540e+01   1.903713e+01   1.793750e+00   1.793674e+00  
303       1.917571e+01   1.900467e+01   1.806856e+00   1.807178e+00  
304       1.919631e+01   1.902405e+01   1.814234e+00   1.814539e+00  
305       1.918090e+01   1.900631e+01   1.825370e+00   1.826234e+00  
306       1.919181e+01   1.901475e+01   1.838620e+00   1.839724e+00  
307       1.919270e+01   1.901439e+01   1.844778e+00   1.846514e+00  
308       1.919718e+01   1.901645e+01   1.857185e+00   1.859385e+00  
309       1.919459e+01   1.901239e+01   1.863852e+00   1.867504e+00  
310       1.921010e+01   1.902635e+01   1.871925e+00   1.876740e+00  
311       1.920057e+01   1.901440e+01   1.883246e+00   1.888861e+00  
312       1.921908e+01   1.903199e+01   1.888875e+00   1.894326e+00  
313       1.921168e+01   1.902227e+01   1.899821e+00   1.905895e+00  
314       1.922579e+01   1.903495e+01   1.908060e+00   1.913359e+00  
315       1.922358e+01   1.903084e+01   1.917475e+00   1.922606e+00  
316       1.923448e+01   1.904147e+01   1.919644e+00   1.924226e+00  
317       1.922479e+01   1.902945e+01   1.930657e+00   1.935184e+00  
318       1.923873e+01   1.904271e+01   1.935015e+00   1.938994e+00  
319       1.923248e+01   1.903527e+01   1.940288e+00   1.944726e+00  
320       1.923880e+01   1.904011e+01   1.947757e+00   1.952371e+00  
321       1.923728e+01   1.903755e+01   1.952650e+00   1.957541e+00  
322       1.924125e+01   1.904070e+01   1.957516e+00   1.961043e+00  
323       1.922775e+01   1.902496e+01   1.967381e+00   1.971449e+00  
324       1.924624e+01   1.904316e+01   1.970337e+00   1.973172e+00  
325       1.922806e+01   1.902252e+01   1.980778e+00   1.984598e+00  
326       1.925536e+01   1.905010e+01   1.981821e+00   1.983741e+00  
327       1.924722e+01   1.903920e+01   1.994540e+00   1.996594e+00  
328       1.926766e+01   1.905894e+01   1.999262e+00   2.000663e+00  
329       1.924870e+01   1.903795e+01   2.008353e+00   2.008837e+00  
330       1.924928e+01   1.903751e+01   2.013301e+00   2.013596e+00  
331       1.924298e+01   1.902911e+01   2.023309e+00   2.022801e+00  
332       1.926136e+01   1.904596e+01   2.031469e+00   2.030845e+00  
333       1.927117e+01   1.905504e+01   2.035576e+00   2.034678e+00  
334       1.928251e+01   1.906398e+01   2.048191e+00   2.045689e+00  
335       1.927768e+01   1.905860e+01   2.050151e+00   2.048282e+00  
336       1.928677e+01   1.906582e+01   2.060451e+00   2.056293e+00  
337       1.927249e+01   1.904922e+01   2.069726e+00   2.066955e+00  
338       1.929617e+01   1.907274e+01   2.073508e+00   2.067268e+00  
339       1.929379e+01   1.906746e+01   2.085846e+00   2.081162e+00  
340       1.930624e+01   1.907961e+01   2.088930e+00   2.082234e+00  
341       1.929520e+01   1.906654e+01   2.096860e+00   2.091579e+00  
342       1.931301e+01   1.908413e+01   2.099161e+00   2.093257e+00  
343       1.929835e+01   1.906727e+01   2.108192e+00   2.102624e+00  
344       1.932316e+01   1.909187e+01   2.110851e+00   2.104629e+00  
345       1.930775e+01   1.907522e+01   2.115748e+00   2.109142e+00  
346       1.932815e+01   1.909489e+01   2.120379e+00   2.113476e+00  
347       1.931077e+01   1.907585e+01   2.126940e+00   2.119860e+00  
348       1.932633e+01   1.909016e+01   2.133455e+00   2.126355e+00  
349       1.932136e+01   1.908424e+01   2.137200e+00   2.130574e+00  
350       1.934215e+01   1.910409e+01   2.143605e+00   2.134895e+00  
351       1.932271e+01   1.908330e+01   2.148192e+00   2.140088e+00  
352       1.934958e+01   1.910894e+01   2.156348e+00   2.145856e+00  
353       1.933743e+01   1.909619e+01   2.156466e+00   2.149678e+00  
354       1.935472e+01   1.911213e+01   2.164824e+00   2.155266e+00  
355       1.933243e+01   1.908836e+01   2.168187e+00   2.162525e+00  
356       1.936025e+01   1.911552e+01   2.174464e+00   2.165124e+00  
357       1.933840e+01   1.909179e+01   2.180079e+00   2.173597e+00  
358       1.936042e+01   1.911376e+01   2.181605e+00   2.175051e+00  
359       1.934512e+01   1.909579e+01   2.192069e+00   2.186219e+00  
360       1.935255e+01   1.910295e+01   2.194007e+00   2.187370e+00  
361       1.934056e+01   1.908918e+01   2.200663e+00   2.194894e+00  
362       1.935382e+01   1.910207e+01   2.203298e+00   2.196950e+00  
363       1.934729e+01   1.909311e+01   2.212797e+00   2.207842e+00  
364       1.935857e+01   1.910492e+01   2.210457e+00   2.206828e+00  
365       1.935469e+01   1.909858e+01   2.221457e+00   2.216608e+00  
366       1.936012e+01   1.910501e+01   2.216604e+00   2.213414e+00  
367       1.935030e+01   1.909370e+01   2.222883e+00   2.218876e+00  
368       1.936306e+01   1.910644e+01   2.223865e+00   2.219523e+00  
369       1.934758e+01   1.908965e+01   2.227625e+00   2.225314e+00  
370       1.936291e+01   1.910547e+01   2.227467e+00   2.223016e+00  
371       1.934871e+01   1.909001e+01   2.230480e+00   2.229085e+00  
372       1.935930e+01   1.910099e+01   2.230533e+00   2.226996e+00  
373       1.935322e+01   1.909407e+01   2.232118e+00   2.231841e+00  
374       1.935857e+01   1.910072e+01   2.228115e+00   2.225383e+00  
375       1.935543e+01   1.909637e+01   2.231347e+00   2.232123e+00  
376       1.936333e+01   1.910598e+01   2.225643e+00   2.224154e+00  
377       1.934237e+01   1.908261e+01   2.233358e+00   2.234567e+00  
378       1.934518e+01   1.908693e+01   2.227778e+00   2.227603e+00  
379       1.935063e+01   1.909117e+01   2.232142e+00   2.234235e+00  
380       1.935044e+01   1.909242e+01   2.226825e+00   2.227161e+00  
381       1.934989e+01   1.908960e+01   2.235757e+00   2.237611e+00  
382       1.935144e+01   1.909317e+01   2.227017e+00   2.229289e+00  
383       1.936310e+01   1.910337e+01   2.233193e+00   2.236883e+00  
384       1.935084e+01   1.909236e+01   2.227810e+00   2.230189e+00  
385       1.936787e+01   1.910800e+01   2.233578e+00   2.238319e+00  
386       1.935930e+01   1.910092e+01   2.227222e+00   2.230856e+00  
387       1.936747e+01   1.910776e+01   2.231974e+00   2.238409e+00  
388       1.936810e+01   1.911036e+01   2.224556e+00   2.229027e+00  
389       1.936666e+01   1.910647e+01   2.233938e+00   2.240577e+00  
390       1.937824e+01   1.912094e+01   2.222573e+00   2.228427e+00  
391       1.937315e+01   1.911370e+01   2.230022e+00   2.238800e+00  
392       1.937700e+01   1.911960e+01   2.222534e+00   2.229212e+00  
393       1.936808e+01   1.910902e+01   2.227847e+00   2.237091e+00  
394       1.938703e+01   1.913029e+01   2.219407e+00   2.227861e+00  
395       1.936697e+01   1.910840e+01   2.225845e+00   2.234813e+00  
396       1.938484e+01   1.912789e+01   2.219644e+00   2.229131e+00  
397       1.937962e+01   1.912150e+01   2.223845e+00   2.234383e+00  
398       1.939195e+01   1.913504e+01   2.218951e+00   2.230266e+00  
399       1.936674e+01   1.910907e+01   2.220762e+00   2.232118e+00  
400       1.940264e+01   1.914525e+01   2.221357e+00   2.233266e+00  
401       1.938004e+01   1.912228e+01   2.221885e+00   2.233268e+00  
402       1.940805e+01   1.915138e+01   2.218330e+00   2.230663e+00  
403       1.937872e+01   1.912020e+01   2.225068e+00   2.236467e+00  
404       1.942556e+01   1.916804e+01   2.223052e+00   2.235276e+00  
405       1.939094e+01   1.913168e+01   2.228493e+00   2.240760e+00  
406       1.941390e+01   1.915542e+01   2.227265e+00   2.238002e+00  
407       1.939592e+01   1.913671e+01   2.228812e+00   2.240589e+00  
408       1.941548e+01   1.915646e+01   2.229698e+00   2.240326e+00  
409       1.939956e+01   1.914042e+01   2.229045e+00   2.240258e+00  
410       1.942470e+01   1.916500e+01   2.233277e+00   2.243744e+00  
411       1.941470e+01   1.915564e+01   2.229780e+00   2.240627e+00  
412       1.943196e+01   1.917156e+01   2.236777e+00   2.246975e+00  
413       1.940541e+01   1.914486e+01   2.235595e+00   2.246431e+00  
414       1.941915e+01   1.915841e+01   2.238188e+00   2.247047e+00  
415       1.938810e+01   1.912542e+01   2.243533e+00   2.254634e+00  
416       1.942388e+01   1.916252e+01   2.241153e+00   2.250006e+00  
417       1.939777e+01   1.913441e+01   2.246916e+00   2.258101e+00  
418       1.944759e+01   1.918578e+01   2.244849e+00   2.252845e+00  
419       1.940159e+01   1.913847e+01   2.246417e+00   2.257107e+00  
420       1.944527e+01   1.918236e+01   2.248938e+00   2.257815e+00  
421       1.939381e+01   1.912954e+01   2.250647e+00   2.261657e+00  
422       1.944761e+01   1.918384e+01   2.252763e+00   2.261647e+00  
423       1.940765e+01   1.914257e+01   2.254812e+00   2.265958e+00  
424       1.944878e+01   1.918414e+01   2.256504e+00   2.265414e+00  
425       1.940452e+01   1.913770e+01   2.261724e+00   2.273474e+00  
426       1.943965e+01   1.917413e+01   2.259686e+00   2.268637e+00  
427       1.939865e+01   1.913027e+01   2.267954e+00   2.279691e+00  
428       1.943966e+01   1.917319e+01   2.263579e+00   2.272734e+00  
429       1.941206e+01   1.914287e+01   2.271936e+00   2.284061e+00  
430       1.944011e+01   1.917191e+01   2.269908e+00   2.281065e+00  
431       1.939860e+01   1.912799e+01   2.276696e+00   2.289545e+00  
432       1.944256e+01   1.917283e+01   2.276152e+00   2.288033e+00  
433       1.940022e+01   1.912815e+01   2.282977e+00   2.295799e+00  
434       1.945472e+01   1.918333e+01   2.283094e+00   2.296415e+00  
435       1.940552e+01   1.913184e+01   2.288967e+00   2.303763e+00  
436       1.945929e+01   1.918693e+01   2.287103e+00   2.301047e+00  
437       1.941865e+01   1.914343e+01   2.295892e+00   2.311218e+00  
438       1.945712e+01   1.918232e+01   2.296655e+00   2.311564e+00  
439       1.943544e+01   1.915922e+01   2.300815e+00   2.316627e+00  
440       1.946279e+01   1.918662e+01   2.302836e+00   2.317532e+00  
441       1.943504e+01   1.915696e+01   2.308251e+00   2.324617e+00  
442       1.947864e+01   1.920114e+01   2.308689e+00   2.324503e+00  
443       1.944478e+01   1.916624e+01   2.310297e+00   2.327539e+00  
444       1.947572e+01   1.919682e+01   2.313689e+00   2.330763e+00  
445       1.943847e+01   1.915911e+01   2.313159e+00   2.330669e+00  
446       1.948583e+01   1.920694e+01   2.313581e+00   2.332011e+00  
447       1.943340e+01   1.915329e+01   2.315808e+00   2.333583e+00  
448       1.948040e+01   1.920045e+01   2.317316e+00   2.336406e+00  
449       1.944065e+01   1.916070e+01   2.315010e+00   2.333942e+00  
450       1.947551e+01   1.919604e+01   2.314440e+00   2.334642e+00  
451       1.943692e+01   1.915640e+01   2.316635e+00   2.336565e+00  
452       1.946896e+01   1.918893e+01   2.316321e+00   2.336710e+00  
453       1.943543e+01   1.915463e+01   2.317118e+00   2.338190e+00  
454       1.947268e+01   1.919201e+01   2.318941e+00   2.339757e+00  
455       1.942965e+01   1.914826e+01   2.318995e+00   2.340421e+00  
456       1.947793e+01   1.919701e+01   2.320304e+00   2.341040e+00  
457       1.942411e+01   1.914176e+01   2.322012e+00   2.344576e+00  
458       1.948065e+01   1.919842e+01   2.325566e+00   2.346952e+00  
459       1.942717e+01   1.914474e+01   2.321914e+00   2.345782e+00  
460       1.949089e+01   1.920857e+01   2.325458e+00   2.349017e+00  
461       1.942156e+01   1.913804e+01   2.325485e+00   2.350375e+00  
462       1.948333e+01   1.919968e+01   2.329066e+00   2.355407e+00  
463       1.942291e+01   1.913969e+01   2.323808e+00   2.349836e+00  
464       1.949291e+01   1.920932e+01   2.328866e+00   2.356287e+00  
465       1.942400e+01   1.914039e+01   2.325657e+00   2.351246e+00  
466       1.949564e+01   1.921125e+01   2.332265e+00   2.359739e+00  
467       1.941249e+01   1.912866e+01   2.325426e+00   2.351920e+00  
468       1.950385e+01   1.921950e+01   2.332718e+00   2.359950e+00  
469       1.942771e+01   1.914362e+01   2.327120e+00   2.354211e+00  
470       1.949692e+01   1.921242e+01   2.332554e+00   2.360484e+00  
471       1.941369e+01   1.912907e+01   2.328948e+00   2.355061e+00  
472       1.949739e+01   1.921233e+01   2.335814e+00   2.361918e+00  
473       1.942694e+01   1.914181e+01   2.331718e+00   2.357985e+00  
474       1.949468e+01   1.921006e+01   2.333957e+00   2.359819e+00  
475       1.943143e+01   1.914574e+01   2.334783e+00   2.360055e+00  
476       1.948834e+01   1.920223e+01   2.340305e+00   2.364905e+00  
477       1.942903e+01   1.914302e+01   2.335785e+00   2.361369e+00  
478       1.948536e+01   1.919952e+01   2.339222e+00   2.363357e+00  
479       1.943145e+01   1.914335e+01   2.345587e+00   2.368866e+00  
480       1.948990e+01   1.920326e+01   2.342932e+00   2.366805e+00  
481       1.943979e+01   1.915109e+01   2.349154e+00   2.371246e+00  
482       1.947885e+01   1.919066e+01   2.349678e+00   2.371346e+00  
483       1.944406e+01   1.915449e+01   2.353882e+00   2.374096e+00  
484       1.948359e+01   1.919474e+01   2.352439e+00   2.374463e+00  
485       1.944003e+01   1.914876e+01   2.361138e+00   2.380126e+00  
486       1.947640e+01   1.918630e+01   2.357938e+00   2.378203e+00  
487       1.946048e+01   1.916911e+01   2.363236e+00   2.381320e+00  
488       1.947929e+01   1.918823e+01   2.362424e+00   2.381935e+00  
489       1.946134e+01   1.916894e+01   2.368419e+00   2.384606e+00  
490       1.948588e+01   1.919310e+01   2.370949e+00   2.388081e+00  
491       1.946111e+01   1.916756e+01   2.373605e+00   2.388605e+00  
492       1.948999e+01   1.919715e+01   2.372284e+00   2.387795e+00  
493       1.945710e+01   1.916145e+01   2.382463e+00   2.396134e+00  
494       1.950292e+01   1.920864e+01   2.379461e+00   2.393850e+00  
495       1.947839e+01   1.918284e+01   2.383616e+00   2.396789e+00  
496       1.951050e+01   1.921509e+01   2.384783e+00   2.398458e+00  
497       1.949643e+01   1.919991e+01   2.389658e+00   2.400791e+00  
498       1.950975e+01   1.921337e+01   2.389467e+00   2.401510e+00  
499       1.948695e+01   1.918803e+01   2.399515e+00   2.408925e+00  
500       1.950803e+01   1.920999e+01   2.396796e+00   2.407213e+00  
501       1.951018e+01   1.921035e+01   2.404264e+00   2.414370e+00  
502       1.951566e+01   1.921598e+01   2.404212e+00   2.413897e+00  
503       1.951550e+01   1.921507e+01   2.407899e+00   2.416139e+00  
504       1.951235e+01   1.921091e+01   2.411633e+00   2.420093e+00  
505       1.952168e+01   1.921943e+01   2.415425e+00   2.423876e+00  
506       1.951101e+01   1.920795e+01   2.418342e+00   2.426067e+00  
507       1.953698e+01   1.923284e+01   2.424188e+00   2.431974e+00  
508       1.952966e+01   1.922516e+01   2.425089e+00   2.433040e+00  
509       1.954100e+01   1.923494e+01   2.432665e+00   2.439242e+00  
510       1.953296e+01   1.922606e+01   2.435121e+00   2.442383e+00  
511       1.954043e+01   1.923169e+01   2.443130e+00   2.449852e+00  
512       1.954514e+01   1.923700e+01   2.441550e+00   2.447261e+00  
513       1.955653e+01   1.924609e+01   2.451034e+00   2.457314e+00  
514       1.954780e+01   1.923706e+01   2.451807e+00   2.457764e+00  
515       1.955726e+01   1.924447e+01   2.461092e+00   2.465783e+00  
516       1.954223e+01   1.922951e+01   2.459485e+00   2.464895e+00  
517       1.956326e+01   1.924935e+01   2.466473e+00   2.469786e+00  
518       1.955705e+01   1.924324e+01   2.464763e+00   2.470016e+00  
519       1.957064e+01   1.925509e+01   2.473122e+00   2.476973e+00  
520       1.955461e+01   1.923962e+01   2.469408e+00   2.474273e+00  
521       1.957597e+01   1.926022e+01   2.474337e+00   2.477932e+00  
522       1.955432e+01   1.923794e+01   2.475357e+00   2.478997e+00  
523       1.957656e+01   1.925961e+01   2.479060e+00   2.482580e+00  
524       1.956072e+01   1.924296e+01   2.480840e+00   2.485046e+00  
525       1.957270e+01   1.925441e+01   2.484040e+00   2.487549e+00  
526       1.956680e+01   1.924867e+01   2.483371e+00   2.486179e+00  
527       1.957992e+01   1.926120e+01   2.486098e+00   2.489699e+00  
528       1.956535e+01   1.924582e+01   2.488483e+00   2.491743e+00  
529       1.958746e+01   1.926842e+01   2.487681e+00   2.491585e+00  
530       1.956636e+01   1.924585e+01   2.491862e+00   2.496085e+00  
531       1.958932e+01   1.926886e+01   2.493778e+00   2.496707e+00  
532       1.956660e+01   1.924499e+01   2.495974e+00   2.500467e+00  
533       1.960303e+01   1.928136e+01   2.498880e+00   2.502696e+00  
534       1.957052e+01   1.924755e+01   2.502235e+00   2.505223e+00  
535       1.959376e+01   1.927133e+01   2.500881e+00   2.505420e+00  
536       1.957463e+01   1.925152e+01   2.502366e+00   2.506622e+00  
537       1.959779e+01   1.927440e+01   2.504982e+00   2.509122e+00  
538       1.957196e+01   1.924855e+01   2.502780e+00   2.508227e+00  
539       1.961426e+01   1.929098e+01   2.505490e+00   2.509990e+00  
540       1.957279e+01   1.924960e+01   2.502114e+00   2.507221e+00  
541       1.961242e+01   1.928948e+01   2.503952e+00   2.508654e+00  
542       1.957388e+01   1.925017e+01   2.504491e+00   2.509077e+00  
543       1.963096e+01   1.930902e+01   2.500614e+00   2.506607e+00  
544       1.958729e+01   1.926412e+01   2.502739e+00   2.508386e+00  
545       1.963082e+01   1.930846e+01   2.502853e+00   2.507654e+00  
546       1.959115e+01   1.926918e+01   2.499013e+00   2.503354e+00  
547       1.964093e+01   1.931802e+01   2.505384e+00   2.510664e+00  
548       1.959217e+01   1.927025e+01   2.497744e+00   2.504440e+00  
549       1.965382e+01   1.933137e+01   2.505404e+00   2.508709e+00  
550       1.959403e+01   1.927251e+01   2.496226e+00   2.503043e+00  
551       1.965727e+01   1.933499e+01   2.504376e+00   2.508856e+00  
552       1.959410e+01   1.927217e+01   2.498183e+00   2.504257e+00  
553       1.967265e+01   1.935181e+01   2.499287e+00   2.504847e+00  
554       1.959705e+01   1.927557e+01   2.497104e+00   2.502272e+00  
555       1.966689e+01   1.934537e+01   2.501664e+00   2.506949e+00  
556       1.959807e+01   1.927598e+01   2.499551e+00   2.504666e+00  
557       1.968268e+01   1.936188e+01   2.500104e+00   2.504962e+00  
558       1.961217e+01   1.929122e+01   2.496271e+00   2.500905e+00  
559       1.968975e+01   1.936807e+01   2.503955e+00   2.508866e+00  
560       1.960913e+01   1.928833e+01   2.495039e+00   2.500604e+00  
561       1.969518e+01   1.937287e+01   2.507218e+00   2.511097e+00  
562       1.961054e+01   1.929033e+01   2.493099e+00   2.498165e+00  
563       1.971699e+01   1.939555e+01   2.505234e+00   2.509163e+00  
564       1.960619e+01   1.928549e+01   2.494567e+00   2.499885e+00  
565       1.972477e+01   1.940337e+01   2.506080e+00   2.508999e+00  
566       1.960222e+01   1.928026e+01   2.499873e+00   2.503849e+00  
567       1.973484e+01   1.941391e+01   2.505148e+00   2.507631e+00  
568       1.959530e+01   1.927349e+01   2.498709e+00   2.502925e+00  
569       1.973392e+01   1.941269e+01   2.506213e+00   2.508750e+00  
570       1.959420e+01   1.927234e+01   2.499622e+00   2.502241e+00  
571       1.972984e+01   1.940821e+01   2.507549e+00   2.510005e+00  
572       1.959545e+01   1.927429e+01   2.497103e+00   2.499615e+00  
573       1.974362e+01   1.942161e+01   2.509687e+00   2.512529e+00  
574       1.958641e+01   1.926490e+01   2.497844e+00   2.500383e+00  
575       1.973004e+01   1.940736e+01   2.511407e+00   2.514302e+00  
576       1.957939e+01   1.925693e+01   2.501131e+00   2.503520e+00  
577       1.973467e+01   1.941182e+01   2.512604e+00   2.515036e+00  
578       1.958450e+01   1.926158e+01   2.502961e+00   2.505892e+00  
579       1.973938e+01   1.941542e+01   2.515938e+00   2.520867e+00  
580       1.958449e+01   1.926085e+01   2.506305e+00   2.508058e+00  
581       1.974332e+01   1.941908e+01   2.516969e+00   2.522451e+00  
582       1.959236e+01   1.926756e+01   2.511446e+00   2.512784e+00  
583       1.973770e+01   1.941149e+01   2.523869e+00   2.530014e+00  
584       1.959744e+01   1.927161e+01   2.514810e+00   2.518027e+00  
585       1.974278e+01   1.941597e+01   2.526208e+00   2.532927e+00  
586       1.960712e+01   1.928002e+01   2.519695e+00   2.524121e+00  
587       1.974630e+01   1.941869e+01   2.530004e+00   2.535728e+00  
588       1.961722e+01   1.928974e+01   2.522085e+00   2.525916e+00  
589       1.973500e+01   1.940653e+01   2.532565e+00   2.538363e+00  
590       1.962560e+01   1.929725e+01   2.525725e+00   2.530037e+00  
591       1.974472e+01   1.941506e+01   2.536424e+00   2.544791e+00  
592       1.963521e+01   1.930599e+01   2.530558e+00   2.533091e+00  
593       1.974870e+01   1.941848e+01   2.538259e+00   2.547744e+00  
594       1.963735e+01   1.930804e+01   2.530111e+00   2.534443e+00  
595       1.975008e+01   1.941985e+01   2.538681e+00   2.547561e+00  
596       1.963744e+01   1.930826e+01   2.529698e+00   2.533930e+00  
597       1.976945e+01   1.943900e+01   2.540934e+00   2.549540e+00  
598       1.964348e+01   1.931365e+01   2.532318e+00   2.537004e+00  
599       1.977671e+01   1.944667e+01   2.540180e+00   2.548042e+00  
600       1.963966e+01   1.930920e+01   2.533973e+00   2.539691e+00  
601       1.976769e+01   1.943764e+01   2.538696e+00   2.548491e+00  
602       1.966343e+01   1.933336e+01   2.534101e+00   2.539675e+00  
603       1.977385e+01   1.944305e+01   2.542181e+00   2.551512e+00  
604       1.965963e+01   1.932924e+01   2.534664e+00   2.541060e+00  
605       1.976760e+01   1.943687e+01   2.541973e+00   2.550393e+00  
606       1.966850e+01   1.933843e+01   2.533809e+00   2.540572e+00  
607       1.976238e+01   1.943128e+01   2.542991e+00   2.551507e+00  
608       1.967316e+01   1.934285e+01   2.534602e+00   2.542263e+00  
609       1.976501e+01   1.943355e+01   2.543601e+00   2.553961e+00  
610       1.967687e+01   1.934672e+01   2.533200e+00   2.542958e+00  
611       1.976296e+01   1.943125e+01   2.544171e+00   2.555010e+00  
612       1.968011e+01   1.934967e+01   2.534389e+00   2.544419e+00  
613       1.975808e+01   1.942637e+01   2.543298e+00   2.555290e+00  
614       1.968622e+01   1.935561e+01   2.534299e+00   2.546547e+00  
615       1.975603e+01   1.942441e+01   2.542568e+00   2.555064e+00  
616       1.968957e+01   1.935949e+01   2.532160e+00   2.545019e+00  
617       1.976012e+01   1.942917e+01   2.539911e+00   2.553156e+00  
618       1.968805e+01   1.935776e+01   2.532624e+00   2.546011e+00  
619       1.976368e+01   1.943369e+01   2.535428e+00   2.550798e+00  
620       1.968490e+01   1.935475e+01   2.531239e+00   2.545965e+00  
621       1.976063e+01   1.943123e+01   2.533129e+00   2.548142e+00  
622       1.970129e+01   1.937150e+01   2.530429e+00   2.546117e+00  
623       1.975165e+01   1.942235e+01   2.531757e+00   2.547562e+00  
624       1.970023e+01   1.937096e+01   2.528108e+00   2.544315e+00  
625       1.974920e+01   1.942021e+01   2.530053e+00   2.546617e+00  
626       1.970645e+01   1.937771e+01   2.526126e+00   2.543033e+00  
627       1.974978e+01   1.942101e+01   2.528990e+00   2.546073e+00  
628       1.970962e+01   1.938103e+01   2.526056e+00   2.542451e+00  
629       1.974791e+01   1.941970e+01   2.526894e+00   2.543658e+00  
630       1.970682e+01   1.937811e+01   2.526109e+00   2.542905e+00  
631       1.975130e+01   1.942329e+01   2.526525e+00   2.542937e+00  
632       1.970676e+01   1.937748e+01   2.528509e+00   2.544889e+00  
633       1.975776e+01   1.942994e+01   2.526227e+00   2.542624e+00  
634       1.971788e+01   1.938835e+01   2.530157e+00   2.546488e+00  
635       1.975143e+01   1.942325e+01   2.527087e+00   2.543713e+00  
636       1.972022e+01   1.939075e+01   2.530224e+00   2.546351e+00  
637       1.975668e+01   1.942791e+01   2.529655e+00   2.546277e+00  
638       1.971572e+01   1.938589e+01   2.531998e+00   2.546678e+00  
639       1.974666e+01   1.941771e+01   2.528322e+00   2.547659e+00  
640       1.971577e+01   1.938520e+01   2.535440e+00   2.548957e+00  
641       1.974141e+01   1.941239e+01   2.527782e+00   2.548051e+00  
642       1.971683e+01   1.938595e+01   2.537286e+00   2.549605e+00  
643       1.974412e+01   1.941488e+01   2.529059e+00   2.548802e+00  
644       1.970959e+01   1.937796e+01   2.539739e+00   2.551901e+00  
645       1.973571e+01   1.940590e+01   2.530563e+00   2.550564e+00  
646       1.971399e+01   1.938200e+01   2.540305e+00   2.554608e+00  
647       1.974198e+01   1.941227e+01   2.530745e+00   2.550455e+00  
648       1.972041e+01   1.938822e+01   2.540933e+00   2.556402e+00  
649       1.973747e+01   1.940620e+01   2.537256e+00   2.555294e+00  
650       1.972790e+01   1.939455e+01   2.545771e+00   2.561352e+00  
651       1.974327e+01   1.941136e+01   2.540329e+00   2.557845e+00  
652       1.973431e+01   1.940050e+01   2.547795e+00   2.563676e+00  
653       1.974084e+01   1.940786e+01   2.543747e+00   2.562225e+00  
654       1.974017e+01   1.940583e+01   2.550462e+00   2.565753e+00  
655       1.975637e+01   1.942303e+01   2.546188e+00   2.564578e+00  
656       1.974148e+01   1.940605e+01   2.554910e+00   2.569746e+00  
657       1.976211e+01   1.942759e+01   2.550851e+00   2.569613e+00  
658       1.974292e+01   1.940663e+01   2.557911e+00   2.573460e+00  
659       1.975676e+01   1.942063e+01   2.556136e+00   2.575821e+00  
660       1.974244e+01   1.940442e+01   2.564229e+00   2.580092e+00  
661       1.974467e+01   1.940700e+01   2.562133e+00   2.579887e+00  
662       1.974872e+01   1.940966e+01   2.568359e+00   2.584618e+00  
663       1.974634e+01   1.940810e+01   2.565227e+00   2.581343e+00  
664       1.975538e+01   1.941548e+01   2.571726e+00   2.588483e+00  
665       1.974895e+01   1.940997e+01   2.567878e+00   2.584599e+00  
666       1.974971e+01   1.940812e+01   2.578238e+00   2.593913e+00  
667       1.974956e+01   1.940944e+01   2.571953e+00   2.589162e+00  
668       1.975156e+01   1.940922e+01   2.580910e+00   2.597108e+00  
669       1.974361e+01   1.940242e+01   2.575487e+00   2.592951e+00  
670       1.976137e+01   1.941924e+01   2.580534e+00   2.597208e+00  
671       1.974769e+01   1.940716e+01   2.574047e+00   2.589979e+00  
672       1.976414e+01   1.942146e+01   2.582696e+00   2.599551e+00  
673       1.974378e+01   1.940302e+01   2.574702e+00   2.590477e+00  
674       1.976205e+01   1.941957e+01   2.581268e+00   2.599199e+00  
675       1.974329e+01   1.940163e+01   2.578594e+00   2.593266e+00  
676       1.977095e+01   1.942798e+01   2.583647e+00   2.601762e+00  
677       1.974113e+01   1.939948e+01   2.578315e+00   2.593135e+00  
678       1.976341e+01   1.941987e+01   2.586173e+00   2.602409e+00  
679       1.972153e+01   1.937969e+01   2.577462e+00   2.592855e+00  
680       1.977232e+01   1.942922e+01   2.584655e+00   2.601806e+00  
681       1.972350e+01   1.938093e+01   2.580223e+00   2.595862e+00  
682       1.977794e+01   1.943446e+01   2.586287e+00   2.603786e+00  
683       1.972037e+01   1.937699e+01   2.583556e+00   2.598152e+00  
684       1.977413e+01   1.943055e+01   2.586122e+00   2.604243e+00  
685       1.972357e+01   1.938026e+01   2.583214e+00   2.598357e+00  
686       1.977746e+01   1.943345e+01   2.588122e+00   2.605834e+00  
687       1.972825e+01   1.938439e+01   2.584996e+00   2.601370e+00  
688       1.977587e+01   1.943196e+01   2.587775e+00   2.605315e+00  
689       1.972705e+01   1.938320e+01   2.584801e+00   2.601356e+00  
690       1.976848e+01   1.942414e+01   2.589194e+00   2.606026e+00  
691       1.973402e+01   1.939004e+01   2.585514e+00   2.602489e+00  
692       1.976782e+01   1.942418e+01   2.586405e+00   2.603530e+00  
693       1.972664e+01   1.938277e+01   2.583138e+00   2.603063e+00  
694       1.976360e+01   1.941963e+01   2.587608e+00   2.604236e+00  
695       1.972948e+01   1.938616e+01   2.581454e+00   2.600973e+00  
696       1.975580e+01   1.941188e+01   2.586476e+00   2.603996e+00  
697       1.972281e+01   1.937913e+01   2.582928e+00   2.601332e+00  
698       1.974814e+01   1.940355e+01   2.588055e+00   2.606384e+00  
699       1.971678e+01   1.937364e+01   2.580126e+00   2.599287e+00  
700       1.976186e+01   1.941735e+01   2.588637e+00   2.607052e+00  
701       1.970832e+01   1.936508e+01   2.580293e+00   2.598766e+00  
702       1.976812e+01   1.942373e+01   2.588892e+00   2.606681e+00  
703       1.971605e+01   1.937307e+01   2.579440e+00   2.598755e+00  
704       1.977308e+01   1.942820e+01   2.591757e+00   2.608205e+00  
705       1.970590e+01   1.936319e+01   2.577750e+00   2.596998e+00  
706       1.978093e+01   1.943643e+01   2.591575e+00   2.606561e+00  
707       1.970961e+01   1.936644e+01   2.579793e+00   2.598896e+00  
708       1.977073e+01   1.942578e+01   2.592565e+00   2.607599e+00  
709       1.970898e+01   1.936596e+01   2.579034e+00   2.598409e+00  
710       1.976836e+01   1.942301e+01   2.593728e+00   2.609077e+00  
711       1.970636e+01   1.936341e+01   2.579398e+00   2.597183e+00  
712       1.977402e+01   1.942826e+01   2.595049e+00   2.611557e+00  
713       1.970721e+01   1.936444e+01   2.579038e+00   2.596366e+00  
714       1.977246e+01   1.942683e+01   2.594335e+00   2.611118e+00  
715       1.970872e+01   1.936513e+01   2.582689e+00   2.599069e+00  
716       1.978062e+01   1.943529e+01   2.593241e+00   2.611029e+00  
717       1.971024e+01   1.936636e+01   2.584192e+00   2.599930e+00  
718       1.978669e+01   1.944108e+01   2.594334e+00   2.612866e+00  
719       1.971850e+01   1.937478e+01   2.583972e+00   2.600027e+00  
720       1.978419e+01   1.943859e+01   2.594742e+00   2.612047e+00  
721       1.972929e+01   1.938521e+01   2.585813e+00   2.602373e+00  
722       1.977595e+01   1.943000e+01   2.596183e+00   2.612115e+00  
723       1.973462e+01   1.939033e+01   2.587032e+00   2.603332e+00  
724       1.977120e+01   1.942500e+01   2.596819e+00   2.612716e+00  
725       1.973678e+01   1.939208e+01   2.588939e+00   2.604813e+00  
726       1.977108e+01   1.942421e+01   2.599877e+00   2.614644e+00  
727       1.972928e+01   1.938380e+01   2.591495e+00   2.607128e+00  
728       1.977428e+01   1.942692e+01   2.602256e+00   2.616321e+00  
729       1.972229e+01   1.937575e+01   2.595348e+00   2.610277e+00  
730       1.976478e+01   1.941762e+01   2.600825e+00   2.614988e+00  
731       1.972686e+01   1.937943e+01   2.599326e+00   2.613440e+00  
732       1.976240e+01   1.941412e+01   2.604541e+00   2.619280e+00  
733       1.971777e+01   1.936909e+01   2.603339e+00   2.617526e+00  
734       1.975223e+01   1.940250e+01   2.609734e+00   2.623535e+00  
735       1.971885e+01   1.936883e+01   2.607993e+00   2.622971e+00  
736       1.974597e+01   1.939484e+01   2.614859e+00   2.627931e+00  
737       1.970924e+01   1.935769e+01   2.613284e+00   2.627744e+00  
738       1.974886e+01   1.939702e+01   2.617766e+00   2.630704e+00  
739       1.970557e+01   1.935355e+01   2.615278e+00   2.628638e+00  
740       1.975093e+01   1.939827e+01   2.621454e+00   2.633347e+00  
741       1.971435e+01   1.936144e+01   2.619003e+00   2.632665e+00  
742       1.974197e+01   1.938802e+01   2.625650e+00   2.637429e+00  
743       1.971133e+01   1.935739e+01   2.622283e+00   2.636575e+00  
744       1.973638e+01   1.938198e+01   2.627014e+00   2.638571e+00  
745       1.970090e+01   1.934628e+01   2.624427e+00   2.638028e+00  
746       1.972914e+01   1.937407e+01   2.628569e+00   2.641000e+00  
747       1.969821e+01   1.934317e+01   2.626583e+00   2.638598e+00  
748       1.973371e+01   1.937890e+01   2.628190e+00   2.640057e+00  
749       1.969821e+01   1.934273e+01   2.628113e+00   2.640337e+00  
750       1.972169e+01   1.936613e+01   2.629434e+00   2.642690e+00  
751       1.968837e+01   1.933260e+01   2.628424e+00   2.640825e+00  
752       1.972040e+01   1.936461e+01   2.630840e+00   2.642904e+00  
753       1.970140e+01   1.934586e+01   2.628135e+00   2.641156e+00  
754       1.971346e+01   1.935757e+01   2.630096e+00   2.643346e+00  
755       1.970405e+01   1.934873e+01   2.627474e+00   2.640585e+00  
756       1.971567e+01   1.935999e+01   2.629185e+00   2.643022e+00  
757       1.969855e+01   1.934289e+01   2.628410e+00   2.641426e+00  
758       1.971534e+01   1.935892e+01   2.632350e+00   2.645277e+00  
759       1.969183e+01   1.933588e+01   2.629409e+00   2.641596e+00  
760       1.972461e+01   1.936815e+01   2.632727e+00   2.646470e+00  
761       1.969127e+01   1.933465e+01   2.631372e+00   2.644487e+00  
762       1.971204e+01   1.935561e+01   2.631489e+00   2.645778e+00  
763       1.968276e+01   1.932604e+01   2.630943e+00   2.644503e+00  
764       1.971172e+01   1.935574e+01   2.630217e+00   2.643686e+00  
765       1.969295e+01   1.933661e+01   2.630291e+00   2.643745e+00  
766       1.971323e+01   1.935713e+01   2.629934e+00   2.645071e+00  
767       1.968353e+01   1.932753e+01   2.628195e+00   2.642069e+00  
768       1.971093e+01   1.935496e+01   2.629806e+00   2.643989e+00  
769       1.968309e+01   1.932770e+01   2.626071e+00   2.639658e+00  
770       1.970921e+01   1.935394e+01   2.626703e+00   2.641648e+00  
771       1.969008e+01   1.933525e+01   2.623926e+00   2.638662e+00  
772       1.970557e+01   1.935091e+01   2.624523e+00   2.638930e+00  
773       1.969372e+01   1.933898e+01   2.623919e+00   2.638474e+00  
774       1.970682e+01   1.935200e+01   2.625478e+00   2.639284e+00  
775       1.970146e+01   1.934732e+01   2.621530e+00   2.637518e+00  
776       1.970915e+01   1.935423e+01   2.626263e+00   2.639525e+00  
777       1.969993e+01   1.934644e+01   2.619037e+00   2.634938e+00  
778       1.970881e+01   1.935401e+01   2.625636e+00   2.639221e+00  
779       1.969822e+01   1.934501e+01   2.617833e+00   2.633947e+00  
780       1.970881e+01   1.935391e+01   2.626187e+00   2.639398e+00  
781       1.969666e+01   1.934404e+01   2.615440e+00   2.631728e+00  
782       1.970099e+01   1.934595e+01   2.626290e+00   2.639281e+00  
783       1.969294e+01   1.933993e+01   2.616015e+00   2.633511e+00  
784       1.969679e+01   1.934195e+01   2.625399e+00   2.638153e+00  
785       1.969340e+01   1.934008e+01   2.617186e+00   2.634704e+00  
786       1.969305e+01   1.933860e+01   2.623832e+00   2.636317e+00  
787       1.970109e+01   1.934819e+01   2.616334e+00   2.633501e+00  
788       1.968995e+01   1.933524e+01   2.625518e+00   2.636190e+00  
789       1.971170e+01   1.935978e+01   2.614380e+00   2.629690e+00  
790       1.968416e+01   1.932903e+01   2.626745e+00   2.637230e+00  
791       1.971012e+01   1.935775e+01   2.615985e+00   2.631170e+00  
792       1.969098e+01   1.933664e+01   2.624253e+00   2.634883e+00  
793       1.971088e+01   1.935878e+01   2.615430e+00   2.629757e+00  
794       1.969193e+01   1.933837e+01   2.621299e+00   2.632162e+00  
795       1.970223e+01   1.934996e+01   2.615358e+00   2.629974e+00  
796       1.970703e+01   1.935404e+01   2.620435e+00   2.630828e+00  
797       1.970912e+01   1.935636e+01   2.618197e+00   2.631686e+00  
798       1.970294e+01   1.935045e+01   2.618292e+00   2.628757e+00  
799       1.971095e+01   1.935821e+01   2.619116e+00   2.630885e+00  
800       1.970076e+01   1.934783e+01   2.619800e+00   2.630247e+00  
801       1.972174e+01   1.936920e+01   2.619186e+00   2.630769e+00  
802       1.969774e+01   1.934436e+01   2.620713e+00   2.632221e+00  
803       1.972387e+01   1.937160e+01   2.618448e+00   2.629856e+00  
804       1.970818e+01   1.935524e+01   2.620468e+00   2.630681e+00  
805       1.971856e+01   1.936585e+01   2.619824e+00   2.630947e+00  
806       1.971006e+01   1.935652e+01   2.622688e+00   2.633120e+00  
807       1.972262e+01   1.936968e+01   2.621089e+00   2.631910e+00  
808       1.971030e+01   1.935619e+01   2.623857e+00   2.636087e+00  
809       1.972924e+01   1.937603e+01   2.622549e+00   2.633352e+00  
810       1.971537e+01   1.936065e+01   2.626325e+00   2.638843e+00  
811       1.973729e+01   1.938357e+01   2.625742e+00   2.635023e+00  
812       1.971305e+01   1.935769e+01   2.628600e+00   2.640982e+00  
813       1.975079e+01   1.939718e+01   2.625782e+00   2.635935e+00  
814       1.971484e+01   1.935898e+01   2.630683e+00   2.642799e+00  
815       1.974740e+01   1.939405e+01   2.624094e+00   2.635311e+00  
816       1.972163e+01   1.936561e+01   2.632048e+00   2.643542e+00  
817       1.974686e+01   1.939374e+01   2.623011e+00   2.634537e+00  
818       1.971853e+01   1.936226e+01   2.632545e+00   2.644406e+00  
819       1.975580e+01   1.940282e+01   2.622984e+00   2.634824e+00  
820       1.970975e+01   1.935317e+01   2.633078e+00   2.644991e+00  
821       1.975705e+01   1.940420e+01   2.622113e+00   2.634870e+00  
822       1.971292e+01   1.935664e+01   2.632130e+00   2.644185e+00  
823       1.974888e+01   1.939619e+01   2.620412e+00   2.634263e+00  
824       1.972525e+01   1.937034e+01   2.628368e+00   2.639521e+00  
825       1.975367e+01   1.940110e+01   2.620004e+00   2.634387e+00  
826       1.973324e+01   1.937807e+01   2.629478e+00   2.641360e+00  
827       1.974721e+01   1.939447e+01   2.619711e+00   2.635102e+00  
828       1.973071e+01   1.937590e+01   2.627325e+00   2.640512e+00  
829       1.974660e+01   1.939362e+01   2.620772e+00   2.635709e+00  
830       1.973105e+01   1.937623e+01   2.626295e+00   2.641741e+00  
831       1.974551e+01   1.939227e+01   2.622143e+00   2.636109e+00  
832       1.974277e+01   1.938851e+01   2.624727e+00   2.640783e+00  
833       1.974206e+01   1.938853e+01   2.622598e+00   2.637392e+00  
834       1.973572e+01   1.938095e+01   2.625966e+00   2.642286e+00  
835       1.973416e+01   1.937997e+01   2.623557e+00   2.640224e+00  
836       1.973183e+01   1.937688e+01   2.626501e+00   2.642536e+00  
837       1.973115e+01   1.937678e+01   2.623720e+00   2.640979e+00  
838       1.974098e+01   1.938674e+01   2.624239e+00   2.640800e+00  
839       1.972016e+01   1.936594e+01   2.621522e+00   2.640615e+00  
840       1.973074e+01   1.937681e+01   2.621322e+00   2.640114e+00  
841       1.971947e+01   1.936625e+01   2.617172e+00   2.637499e+00  
842       1.973610e+01   1.938294e+01   2.618898e+00   2.637564e+00  
843       1.971880e+01   1.936595e+01   2.615251e+00   2.636595e+00  
844       1.973939e+01   1.938737e+01   2.614865e+00   2.633593e+00  
845       1.972171e+01   1.936904e+01   2.614513e+00   2.636352e+00  
846       1.973395e+01   1.938199e+01   2.613708e+00   2.633548e+00  
847       1.972137e+01   1.936934e+01   2.611888e+00   2.634229e+00  
848       1.972102e+01   1.936916e+01   2.612324e+00   2.632551e+00  
849       1.972403e+01   1.937277e+01   2.609705e+00   2.631028e+00  
850       1.973796e+01   1.938691e+01   2.609528e+00   2.631561e+00  
851       1.972111e+01   1.937038e+01   2.607550e+00   2.628912e+00  
852       1.972254e+01   1.937210e+01   2.605851e+00   2.628668e+00  
853       1.972402e+01   1.937389e+01   2.605568e+00   2.626853e+00  
854       1.972576e+01   1.937623e+01   2.602711e+00   2.625481e+00  
855       1.972306e+01   1.937311e+01   2.603973e+00   2.626948e+00  
856       1.971319e+01   1.936387e+01   2.600978e+00   2.623996e+00  
857       1.972465e+01   1.937476e+01   2.604249e+00   2.626493e+00  
858       1.971432e+01   1.936547e+01   2.599090e+00   2.622562e+00  
859       1.972103e+01   1.937073e+01   2.606160e+00   2.627062e+00  
860       1.971045e+01   1.936183e+01   2.597714e+00   2.621634e+00  
861       1.971671e+01   1.936733e+01   2.602521e+00   2.623365e+00  
862       1.972251e+01   1.937378e+01   2.598955e+00   2.622895e+00  
863       1.971799e+01   1.936892e+01   2.601414e+00   2.622329e+00  
864       1.972543e+01   1.937681e+01   2.599045e+00   2.622335e+00  
865       1.972892e+01   1.938097e+01   2.597809e+00   2.619096e+00  
866       1.971912e+01   1.937017e+01   2.600087e+00   2.622932e+00  
867       1.973297e+01   1.938550e+01   2.596592e+00   2.617292e+00  
868       1.971948e+01   1.937058e+01   2.599724e+00   2.622935e+00  
869       1.973579e+01   1.938857e+01   2.596200e+00   2.616184e+00  
870       1.972024e+01   1.937112e+01   2.600322e+00   2.624144e+00  
871       1.973503e+01   1.938814e+01   2.594346e+00   2.615463e+00  
872       1.971911e+01   1.936987e+01   2.601208e+00   2.623950e+00  
873       1.973254e+01   1.938481e+01   2.597363e+00   2.618335e+00  
874       1.971625e+01   1.936697e+01   2.601327e+00   2.623750e+00  
875       1.973320e+01   1.938496e+01   2.600004e+00   2.619614e+00  
876       1.972105e+01   1.937187e+01   2.600875e+00   2.624136e+00  
877       1.973915e+01   1.939079e+01   2.600883e+00   2.620450e+00  
878       1.972190e+01   1.937243e+01   2.601855e+00   2.625399e+00  
879       1.974856e+01   1.939991e+01   2.602587e+00   2.622159e+00  
880       1.972573e+01   1.937554e+01   2.603916e+00   2.629214e+00  
881       1.975525e+01   1.940644e+01   2.604112e+00   2.622699e+00  
882       1.973696e+01   1.938677e+01   2.604354e+00   2.630183e+00  
883       1.975128e+01   1.940209e+01   2.605156e+00   2.623917e+00  
884       1.974159e+01   1.939042e+01   2.608413e+00   2.633981e+00  
885       1.975187e+01   1.940223e+01   2.606908e+00   2.625584e+00  
886       1.974880e+01   1.939713e+01   2.611044e+00   2.636043e+00  
887       1.975403e+01   1.940432e+01   2.607301e+00   2.626044e+00  
888       1.974317e+01   1.939106e+01   2.612605e+00   2.637055e+00  
889       1.974941e+01   1.939886e+01   2.609698e+00   2.629277e+00  
890       1.975239e+01   1.940027e+01   2.613510e+00   2.637377e+00  
891       1.974339e+01   1.939230e+01   2.611512e+00   2.630631e+00  
892       1.974761e+01   1.939500e+01   2.614754e+00   2.639141e+00  
893       1.974438e+01   1.939276e+01   2.613547e+00   2.632654e+00  
894       1.974608e+01   1.939262e+01   2.617239e+00   2.642717e+00  
895       1.974581e+01   1.939405e+01   2.614447e+00   2.632948e+00  
896       1.974116e+01   1.938691e+01   2.619681e+00   2.645470e+00  
897       1.975204e+01   1.940058e+01   2.613538e+00   2.632437e+00  
898       1.974000e+01   1.938599e+01   2.618919e+00   2.644287e+00  
899       1.975670e+01   1.940511e+01   2.613900e+00   2.633704e+00  
900       1.973939e+01   1.938504e+01   2.620325e+00   2.645274e+00  
901       1.975862e+01   1.940759e+01   2.611686e+00   2.632041e+00  
902       1.975259e+01   1.939886e+01   2.619185e+00   2.643690e+00  
903       1.975723e+01   1.940580e+01   2.613577e+00   2.632861e+00  
904       1.975221e+01   1.939852e+01   2.619129e+00   2.643329e+00  
905       1.975869e+01   1.940695e+01   2.614229e+00   2.634778e+00  
906       1.974368e+01   1.939009e+01   2.618107e+00   2.642511e+00  
907       1.976361e+01   1.941175e+01   2.614756e+00   2.635829e+00  
908       1.974762e+01   1.939390e+01   2.618731e+00   2.643401e+00  
909       1.976826e+01   1.941599e+01   2.616200e+00   2.637999e+00  
910       1.976029e+01   1.940705e+01   2.617090e+00   2.643167e+00  
911       1.977298e+01   1.942048e+01   2.617154e+00   2.639322e+00  
912       1.975428e+01   1.940081e+01   2.617384e+00   2.643736e+00  
913       1.977112e+01   1.941857e+01   2.616725e+00   2.639879e+00  
914       1.976172e+01   1.940897e+01   2.615457e+00   2.641394e+00  
915       1.978420e+01   1.943200e+01   2.615786e+00   2.639996e+00  
916       1.977335e+01   1.942102e+01   2.614573e+00   2.640731e+00  
917       1.978968e+01   1.943754e+01   2.615391e+00   2.640688e+00  
918       1.977412e+01   1.942186e+01   2.614351e+00   2.640504e+00  
919       1.978900e+01   1.943703e+01   2.614340e+00   2.640378e+00  
920       1.977899e+01   1.942684e+01   2.614345e+00   2.640326e+00  
921       1.979377e+01   1.944189e+01   2.614013e+00   2.640645e+00  
922       1.978343e+01   1.943209e+01   2.611838e+00   2.637525e+00  
923       1.979849e+01   1.944657e+01   2.614077e+00   2.641536e+00  
924       1.977519e+01   1.942370e+01   2.611871e+00   2.637456e+00  
925       1.979569e+01   1.944465e+01   2.610224e+00   2.638460e+00  
926       1.978782e+01   1.943621e+01   2.612953e+00   2.638919e+00  
927       1.979794e+01   1.944693e+01   2.610729e+00   2.638124e+00  
928       1.979325e+01   1.944182e+01   2.612590e+00   2.638719e+00  
929       1.979751e+01   1.944632e+01   2.611312e+00   2.638809e+00  
930       1.978700e+01   1.943520e+01   2.613325e+00   2.639874e+00  
931       1.979743e+01   1.944598e+01   2.612198e+00   2.639824e+00  
932       1.978834e+01   1.943603e+01   2.615314e+00   2.641828e+00  
933       1.980264e+01   1.945075e+01   2.614489e+00   2.641453e+00  
934       1.979001e+01   1.943781e+01   2.614574e+00   2.641978e+00  
935       1.981579e+01   1.946411e+01   2.614158e+00   2.641988e+00  
936       1.978527e+01   1.943245e+01   2.616321e+00   2.644195e+00  
937       1.981085e+01   1.945875e+01   2.615534e+00   2.643051e+00  
938       1.978834e+01   1.943551e+01   2.616073e+00   2.644883e+00  
939       1.981503e+01   1.946281e+01   2.616023e+00   2.644056e+00  
940       1.978960e+01   1.943651e+01   2.616944e+00   2.646071e+00  
941       1.980869e+01   1.945550e+01   2.619775e+00   2.646589e+00  
942       1.979140e+01   1.943802e+01   2.617217e+00   2.648190e+00  
943       1.981999e+01   1.946649e+01   2.621763e+00   2.648424e+00  
944       1.978631e+01   1.943257e+01   2.618639e+00   2.648751e+00  
945       1.982538e+01   1.947193e+01   2.622020e+00   2.648519e+00  
946       1.977817e+01   1.942396e+01   2.619552e+00   2.650249e+00  
947       1.982647e+01   1.947260e+01   2.624256e+00   2.649539e+00  
948       1.978892e+01   1.943462e+01   2.620150e+00   2.651676e+00  
949       1.981171e+01   1.945695e+01   2.626492e+00   2.651844e+00  
950       1.979059e+01   1.943606e+01   2.621611e+00   2.652174e+00  
951       1.981870e+01   1.946399e+01   2.626361e+00   2.652535e+00  
952       1.978554e+01   1.942988e+01   2.625441e+00   2.656061e+00  
953       1.981414e+01   1.945836e+01   2.629641e+00   2.656528e+00  
954       1.978995e+01   1.943446e+01   2.624909e+00   2.655829e+00  
955       1.981948e+01   1.946279e+01   2.632394e+00   2.661208e+00  
956       1.978422e+01   1.942753e+01   2.629312e+00   2.659563e+00  
957       1.981262e+01   1.945486e+01   2.635130e+00   2.665367e+00  
958       1.978670e+01   1.942934e+01   2.631858e+00   2.662270e+00  
959       1.980680e+01   1.944836e+01   2.637019e+00   2.667760e+00  
960       1.979170e+01   1.943356e+01   2.634832e+00   2.665666e+00  
961       1.980213e+01   1.944280e+01   2.640224e+00   2.670399e+00  
962       1.979075e+01   1.943203e+01   2.637311e+00   2.667322e+00  
963       1.979960e+01   1.943954e+01   2.641731e+00   2.673869e+00  
964       1.978583e+01   1.942579e+01   2.642663e+00   2.670965e+00  
965       1.979942e+01   1.943888e+01   2.642804e+00   2.676298e+00  
966       1.979237e+01   1.943225e+01   2.643789e+00   2.671296e+00  
967       1.979240e+01   1.943087e+01   2.646090e+00   2.679319e+00  
968       1.979095e+01   1.943023e+01   2.645254e+00   2.674067e+00  
969       1.979272e+01   1.943059e+01   2.648788e+00   2.680987e+00  
970       1.979366e+01   1.943283e+01   2.645186e+00   2.675298e+00  
971       1.979447e+01   1.943223e+01   2.650199e+00   2.680651e+00  
972       1.979471e+01   1.943360e+01   2.645465e+00   2.677207e+00  
973       1.979516e+01   1.943239e+01   2.652625e+00   2.682164e+00  
974       1.979267e+01   1.943122e+01   2.646826e+00   2.678018e+00  
975       1.980141e+01   1.943916e+01   2.650396e+00   2.681464e+00  
976       1.979196e+01   1.943043e+01   2.646770e+00   2.678600e+00  
977       1.979166e+01   1.942912e+01   2.651032e+00   2.681665e+00  
978       1.978783e+01   1.942579e+01   2.648290e+00   2.680196e+00  
979       1.979150e+01   1.942857e+01   2.652251e+00   2.683216e+00  
980       1.978925e+01   1.942666e+01   2.650754e+00   2.681918e+00  
981       1.978530e+01   1.942182e+01   2.654260e+00   2.684418e+00  
982       1.977944e+01   1.941650e+01   2.652056e+00   2.681914e+00  
983       1.978572e+01   1.942184e+01   2.656313e+00   2.685313e+00  
984       1.978575e+01   1.942278e+01   2.652519e+00   2.682476e+00  
985       1.978341e+01   1.941936e+01   2.656472e+00   2.685999e+00  
986       1.978941e+01   1.942591e+01   2.654570e+00   2.684782e+00  
987       1.979055e+01   1.942642e+01   2.656319e+00   2.687785e+00  
988       1.978792e+01   1.942435e+01   2.655505e+00   2.684167e+00  
989       1.978617e+01   1.942188e+01   2.656287e+00   2.688412e+00  
990       1.978227e+01   1.941871e+01   2.654501e+00   2.684332e+00  
991       1.978763e+01   1.942384e+01   2.654210e+00   2.686985e+00  
992       1.978561e+01   1.942220e+01   2.654195e+00   2.683980e+00  
993       1.978564e+01   1.942144e+01   2.655429e+00   2.688490e+00  
994       1.978773e+01   1.942425e+01   2.654776e+00   2.684227e+00  
995       1.978477e+01   1.942086e+01   2.653910e+00   2.687722e+00  
996       1.977981e+01   1.941602e+01   2.656190e+00   2.683979e+00  
997       1.976983e+01   1.940586e+01   2.654186e+00   2.685931e+00  
998       1.977083e+01   1.940679e+01   2.655940e+00   2.684789e+00  
999       1.977092e+01   1.940720e+01   2.653095e+00   2.685327e+00  
1000      1.978240e+01   1.941917e+01   2.654010e+00   2.682420e+00  
1001      1.976739e+01   1.940376e+01   2.652823e+00   2.684420e+00  
1002      1.976602e+01   1.940235e+01   2.653924e+00   2.683486e+00  
1003      1.976590e+01   1.940262e+01   2.651814e+00   2.682742e+00  
1004      1.976729e+01   1.940379e+01   2.654495e+00   2.681837e+00  
1005      1.976910e+01   1.940574e+01   2.652384e+00   2.683157e+00  
1006      1.978027e+01   1.941711e+01   2.654152e+00   2.681546e+00  
1007      1.976071e+01   1.939711e+01   2.653236e+00   2.682930e+00  
1008      1.978411e+01   1.942113e+01   2.653935e+00   2.680927e+00  
1009      1.976217e+01   1.939862e+01   2.653776e+00   2.682194e+00  
1010      1.978690e+01   1.942435e+01   2.651938e+00   2.680167e+00  
1011      1.977188e+01   1.940909e+01   2.652240e+00   2.679550e+00  
1012      1.978934e+01   1.942644e+01   2.653676e+00   2.681339e+00  
1013      1.976508e+01   1.940215e+01   2.652801e+00   2.679145e+00  
1014      1.978614e+01   1.942332e+01   2.652965e+00   2.681050e+00  
1015      1.975927e+01   1.939598e+01   2.654038e+00   2.679683e+00  
1016      1.978574e+01   1.942275e+01   2.654013e+00   2.681082e+00  
1017      1.975505e+01   1.939161e+01   2.655091e+00   2.679207e+00  
1018      1.979258e+01   1.942962e+01   2.653820e+00   2.682029e+00  
1019      1.975780e+01   1.939445e+01   2.655087e+00   2.678888e+00  
1020      1.979282e+01   1.942969e+01   2.655003e+00   2.682122e+00  
1021      1.976125e+01   1.939768e+01   2.655972e+00   2.680102e+00  
1022      1.978417e+01   1.942077e+01   2.655640e+00   2.682258e+00  
1023      1.976310e+01   1.939991e+01   2.655161e+00   2.678442e+00  
1024      1.979184e+01   1.942799e+01   2.658069e+00   2.684162e+00  
1025      1.976078e+01   1.939779e+01   2.654203e+00   2.677563e+00  
1026      1.979148e+01   1.942757e+01   2.658074e+00   2.684537e+00  
1027      1.975969e+01   1.939639e+01   2.655136e+00   2.678779e+00  
1028      1.979763e+01   1.943365e+01   2.658935e+00   2.685076e+00  
1029      1.976108e+01   1.939762e+01   2.655599e+00   2.679603e+00  
1030      1.979932e+01   1.943499e+01   2.660869e+00   2.685863e+00  
1031      1.975577e+01   1.939186e+01   2.657161e+00   2.680641e+00  
1032      1.979809e+01   1.943328e+01   2.662061e+00   2.687990e+00  
1033      1.975214e+01   1.938790e+01   2.658311e+00   2.681369e+00  
1034      1.978988e+01   1.942418e+01   2.665680e+00   2.689800e+00  
1035      1.974354e+01   1.937828e+01   2.661264e+00   2.684679e+00  
1036      1.979774e+01   1.943215e+01   2.666350e+00   2.689368e+00  
1037      1.974227e+01   1.937661e+01   2.663126e+00   2.685564e+00  
1038      1.979290e+01   1.942630e+01   2.670361e+00   2.691995e+00  
1039      1.975133e+01   1.938527e+01   2.664318e+00   2.688426e+00  
1040      1.979274e+01   1.942624e+01   2.670514e+00   2.691103e+00  
1041      1.975963e+01   1.939384e+01   2.663021e+00   2.688922e+00  
1042      1.979233e+01   1.942520e+01   2.673453e+00   2.692649e+00  
1043      1.976060e+01   1.939454e+01   2.663468e+00   2.690516e+00  
1044      1.980002e+01   1.943329e+01   2.673073e+00   2.691247e+00  
1045      1.976525e+01   1.939917e+01   2.664195e+00   2.690652e+00  
1046      1.979547e+01   1.942872e+01   2.673354e+00   2.690509e+00  
1047      1.976128e+01   1.939541e+01   2.663394e+00   2.689379e+00  
1048      1.978702e+01   1.942074e+01   2.671398e+00   2.687889e+00  
1049      1.976972e+01   1.940360e+01   2.665342e+00   2.690374e+00  
1050      1.978131e+01   1.941466e+01   2.672803e+00   2.688376e+00  
1051      1.976881e+01   1.940305e+01   2.664359e+00   2.688589e+00  
1052      1.977959e+01   1.941316e+01   2.671841e+00   2.687503e+00  
1053      1.976275e+01   1.939682e+01   2.665514e+00   2.687919e+00  
1054      1.977377e+01   1.940682e+01   2.672943e+00   2.689374e+00  
1055      1.976818e+01   1.940237e+01   2.665645e+00   2.687613e+00  
1056      1.977372e+01   1.940660e+01   2.673299e+00   2.690195e+00  
1057      1.976361e+01   1.939741e+01   2.666278e+00   2.689187e+00  
1058      1.977847e+01   1.941157e+01   2.673974e+00   2.688653e+00  
1059      1.976511e+01   1.939902e+01   2.666245e+00   2.688606e+00  
1060      1.978061e+01   1.941404e+01   2.672807e+00   2.687653e+00  
1061      1.976797e+01   1.940216e+01   2.665509e+00   2.687710e+00  
1062      1.977585e+01   1.940912e+01   2.672278e+00   2.688689e+00  
1063      1.976652e+01   1.940082e+01   2.664542e+00   2.687687e+00  
1064      1.977935e+01   1.941287e+01   2.671237e+00   2.688403e+00  
1065      1.976337e+01   1.939758e+01   2.664652e+00   2.687834e+00  
1066      1.976431e+01   1.939775e+01   2.670978e+00   2.687204e+00  
1067      1.975568e+01   1.939004e+01   2.663870e+00   2.686388e+00  
1068      1.975873e+01   1.939225e+01   2.670742e+00   2.686068e+00  
1069      1.976619e+01   1.940097e+01   2.663625e+00   2.685136e+00  
1070      1.976054e+01   1.939392e+01   2.671322e+00   2.686769e+00  
1071      1.975762e+01   1.939177e+01   2.665135e+00   2.686986e+00  
1072      1.975989e+01   1.939346e+01   2.671345e+00   2.685256e+00  
1073      1.975502e+01   1.938902e+01   2.665977e+00   2.686919e+00  
1074      1.975842e+01   1.939243e+01   2.669456e+00   2.683816e+00  
1075      1.974546e+01   1.937932e+01   2.665821e+00   2.686725e+00  
1076      1.976061e+01   1.939468e+01   2.668845e+00   2.684248e+00  
1077      1.975601e+01   1.938996e+01   2.667140e+00   2.686224e+00  
1078      1.975920e+01   1.939325e+01   2.669205e+00   2.683862e+00  
1079      1.975373e+01   1.938749e+01   2.667651e+00   2.686789e+00  
1080      1.975459e+01   1.938897e+01   2.668270e+00   2.681770e+00  
1081      1.974496e+01   1.937816e+01   2.669810e+00   2.687441e+00  
1082      1.974834e+01   1.938213e+01   2.670262e+00   2.683200e+00  
1083      1.973760e+01   1.937065e+01   2.669645e+00   2.687721e+00  
1084      1.975746e+01   1.939163e+01   2.669519e+00   2.682431e+00  
1085      1.974173e+01   1.937469e+01   2.670531e+00   2.688000e+00  
1086      1.974631e+01   1.937990e+01   2.670384e+00   2.684296e+00  
1087      1.973894e+01   1.937182e+01   2.671389e+00   2.687371e+00  
1088      1.974269e+01   1.937601e+01   2.670953e+00   2.685167e+00  
1089      1.974476e+01   1.937801e+01   2.670912e+00   2.686014e+00  
1090      1.974474e+01   1.937804e+01   2.671032e+00   2.685465e+00  
1091      1.974045e+01   1.937334e+01   2.672928e+00   2.685994e+00  
1092      1.973890e+01   1.937197e+01   2.671664e+00   2.685723e+00  
1093      1.974373e+01   1.937670e+01   2.673411e+00   2.685371e+00  
1094      1.974052e+01   1.937361e+01   2.672023e+00   2.685434e+00  
1095      1.974771e+01   1.938057e+01   2.673819e+00   2.686350e+00  
1096      1.973710e+01   1.937045e+01   2.670997e+00   2.684181e+00  
1097      1.974454e+01   1.937684e+01   2.675856e+00   2.687878e+00  
1098      1.973460e+01   1.936747e+01   2.673079e+00   2.685188e+00  
1099      1.974092e+01   1.937281e+01   2.677221e+00   2.688995e+00  
1100      1.972934e+01   1.936229e+01   2.672339e+00   2.684622e+00  
1101      1.974089e+01   1.937236e+01   2.679441e+00   2.689753e+00  
1102      1.972889e+01   1.936133e+01   2.674708e+00   2.685870e+00  
1103      1.974001e+01   1.937103e+01   2.681387e+00   2.691004e+00  
1104      1.972877e+01   1.936102e+01   2.675488e+00   2.686429e+00  
1105      1.973823e+01   1.936845e+01   2.683457e+00   2.694472e+00  
1106      1.971977e+01   1.935094e+01   2.678263e+00   2.690282e+00  
1107      1.973913e+01   1.936917e+01   2.684771e+00   2.694571e+00  
1108      1.971984e+01   1.935011e+01   2.681850e+00   2.693091e+00  
1109      1.973769e+01   1.936754e+01   2.685801e+00   2.694714e+00  
1110      1.971790e+01   1.934798e+01   2.682810e+00   2.693340e+00  
1111      1.973015e+01   1.935935e+01   2.687736e+00   2.696384e+00  
1112      1.971750e+01   1.934691e+01   2.685045e+00   2.695833e+00  
1113      1.973273e+01   1.936203e+01   2.688065e+00   2.695669e+00  
1114      1.971630e+01   1.934516e+01   2.687176e+00   2.697485e+00  
1115      1.972802e+01   1.935682e+01   2.689742e+00   2.696999e+00  
1116      1.971120e+01   1.933968e+01   2.688113e+00   2.698523e+00  
1117      1.972579e+01   1.935448e+01   2.689858e+00   2.697360e+00  
1118      1.971149e+01   1.933990e+01   2.688017e+00   2.699176e+00  
1119      1.972338e+01   1.935173e+01   2.691143e+00   2.698172e+00  
1120      1.970310e+01   1.933111e+01   2.688801e+00   2.700102e+00  
1121      1.972475e+01   1.935335e+01   2.690694e+00   2.697000e+00  
1122      1.971211e+01   1.934053e+01   2.688179e+00   2.699055e+00  
1123      1.971632e+01   1.934445e+01   2.692112e+00   2.697796e+00  
1124      1.971771e+01   1.934641e+01   2.688047e+00   2.697976e+00  
1125      1.971625e+01   1.934486e+01   2.689041e+00   2.697400e+00  
1126      1.971899e+01   1.934783e+01   2.688309e+00   2.696898e+00  
1127      1.972388e+01   1.935247e+01   2.688983e+00   2.698608e+00  
1128      1.972056e+01   1.934898e+01   2.690991e+00   2.697395e+00  
1129      1.972521e+01   1.935334e+01   2.690629e+00   2.700450e+00  
1130      1.972947e+01   1.935871e+01   2.688970e+00   2.694736e+00  
1131      1.972678e+01   1.935499e+01   2.690592e+00   2.700144e+00  
1132      1.972289e+01   1.935186e+01   2.690033e+00   2.694727e+00  
1133      1.973354e+01   1.936207e+01   2.689319e+00   2.700049e+00  
1134      1.973442e+01   1.936328e+01   2.691114e+00   2.695982e+00  
1135      1.973370e+01   1.936254e+01   2.688313e+00   2.698813e+00  
1136      1.973006e+01   1.935944e+01   2.688724e+00   2.694079e+00  
1137      1.973650e+01   1.936590e+01   2.686832e+00   2.696674e+00  
1138      1.972862e+01   1.935802e+01   2.688006e+00   2.694476e+00  
1139      1.973578e+01   1.936503e+01   2.688127e+00   2.696432e+00  
1140      1.972743e+01   1.935711e+01   2.686818e+00   2.693481e+00  
1141      1.973261e+01   1.936224e+01   2.686132e+00   2.695260e+00  
1142      1.972745e+01   1.935736e+01   2.685636e+00   2.692982e+00  
1143      1.973431e+01   1.936404e+01   2.685903e+00   2.694998e+00  
1144      1.972288e+01   1.935323e+01   2.683687e+00   2.691163e+00  
1145      1.973974e+01   1.937038e+01   2.683327e+00   2.691752e+00  
1146      1.972690e+01   1.935745e+01   2.682558e+00   2.691375e+00  
1147      1.974098e+01   1.937216e+01   2.681707e+00   2.689664e+00  
1148      1.973396e+01   1.936491e+01   2.681071e+00   2.690955e+00  
1149      1.973363e+01   1.936516e+01   2.679741e+00   2.688135e+00  
1150      1.973413e+01   1.936527e+01   2.680580e+00   2.690115e+00  
1151      1.972338e+01   1.935491e+01   2.679028e+00   2.687424e+00  
1152      1.974348e+01   1.937541e+01   2.678943e+00   2.687361e+00  
1153      1.973486e+01   1.936674e+01   2.677850e+00   2.687639e+00  
1154      1.974635e+01   1.937851e+01   2.677581e+00   2.687403e+00  
1155      1.974103e+01   1.937338e+01   2.676240e+00   2.686684e+00  
1156      1.973805e+01   1.937022e+01   2.678004e+00   2.685840e+00  
1157      1.974180e+01   1.937466e+01   2.674356e+00   2.685002e+00  
1158      1.973913e+01   1.937161e+01   2.676735e+00   2.684990e+00  
1159      1.974204e+01   1.937490e+01   2.674501e+00   2.684802e+00  
1160      1.974097e+01   1.937340e+01   2.677421e+00   2.684913e+00  
1161      1.974237e+01   1.937511e+01   2.674707e+00   2.685541e+00  
1162      1.975751e+01   1.939030e+01   2.677839e+00   2.684152e+00  
1163      1.974915e+01   1.938196e+01   2.675018e+00   2.685672e+00  
1164      1.974868e+01   1.938140e+01   2.677880e+00   2.683438e+00  
1165      1.975426e+01   1.938719e+01   2.673945e+00   2.686540e+00  
1166      1.975674e+01   1.938970e+01   2.677927e+00   2.682672e+00  
1167      1.975633e+01   1.938891e+01   2.675411e+00   2.687925e+00  
1168      1.976303e+01   1.939685e+01   2.674917e+00   2.680355e+00  
1169      1.975206e+01   1.938493e+01   2.674260e+00   2.686386e+00  
1170      1.976617e+01   1.940004e+01   2.674609e+00   2.680687e+00  
1171      1.975190e+01   1.938483e+01   2.673993e+00   2.686182e+00  
1172      1.975375e+01   1.938735e+01   2.674032e+00   2.681557e+00  
1173      1.975188e+01   1.938548e+01   2.671326e+00   2.684034e+00  
1174      1.976380e+01   1.939753e+01   2.673679e+00   2.682365e+00  
1175      1.974751e+01   1.938053e+01   2.673301e+00   2.685633e+00  
1176      1.975089e+01   1.938426e+01   2.674525e+00   2.682334e+00  
1177      1.974608e+01   1.937884e+01   2.674110e+00   2.686525e+00  
1178      1.976008e+01   1.939366e+01   2.673987e+00   2.682614e+00  
1179      1.975476e+01   1.938741e+01   2.674699e+00   2.687916e+00  
1180      1.976598e+01   1.939945e+01   2.674134e+00   2.684046e+00  
1181      1.975167e+01   1.938439e+01   2.673372e+00   2.688317e+00  
1182      1.976957e+01   1.940280e+01   2.674782e+00   2.685644e+00  
1183      1.976080e+01   1.939324e+01   2.674270e+00   2.690673e+00  
1184      1.977101e+01   1.940380e+01   2.676103e+00   2.687730e+00  
1185      1.976716e+01   1.939944e+01   2.674993e+00   2.691980e+00  
1186      1.976824e+01   1.940038e+01   2.678387e+00   2.689755e+00  
1187      1.977144e+01   1.940390e+01   2.674474e+00   2.691775e+00  
1188      1.977500e+01   1.940685e+01   2.679818e+00   2.691384e+00  
1189      1.976488e+01   1.939680e+01   2.675856e+00   2.693367e+00  
1190      1.977334e+01   1.940502e+01   2.680104e+00   2.692096e+00  
1191      1.976735e+01   1.939914e+01   2.676460e+00   2.694057e+00  
1192      1.978064e+01   1.941250e+01   2.679668e+00   2.692169e+00  
1193      1.977143e+01   1.940371e+01   2.675331e+00   2.692205e+00  
1194      1.978306e+01   1.941525e+01   2.678606e+00   2.691248e+00  
1195      1.977361e+01   1.940571e+01   2.675539e+00   2.693582e+00  
1196      1.978508e+01   1.941781e+01   2.676206e+00   2.689974e+00  
1197      1.977771e+01   1.941031e+01   2.674555e+00   2.691519e+00  
1198      1.979182e+01   1.942482e+01   2.675335e+00   2.689824e+00  
1199      1.977975e+01   1.941291e+01   2.672425e+00   2.689901e+00  
1200      1.978964e+01   1.942285e+01   2.673749e+00   2.689573e+00  
1201      1.977733e+01   1.941077e+01   2.670743e+00   2.689225e+00  
1202      1.979007e+01   1.942366e+01   2.671568e+00   2.689012e+00  
1203      1.978440e+01   1.941839e+01   2.669562e+00   2.687399e+00  
1204      1.978261e+01   1.941615e+01   2.669948e+00   2.690036e+00  
1205      1.978447e+01   1.941818e+01   2.671249e+00   2.687805e+00  
1206      1.978196e+01   1.941614e+01   2.667490e+00   2.687792e+00  
1207      1.978554e+01   1.941941e+01   2.670831e+00   2.687133e+00  
1208      1.978483e+01   1.941908e+01   2.666916e+00   2.688173e+00  
1209      1.977929e+01   1.941346e+01   2.668745e+00   2.686239e+00  
1210      1.977910e+01   1.941320e+01   2.666854e+00   2.688534e+00  
1211      1.979003e+01   1.942470e+01   2.667109e+00   2.685726e+00  
1212      1.977820e+01   1.941229e+01   2.667226e+00   2.688089e+00  
1213      1.978565e+01   1.941989e+01   2.668389e+00   2.686922e+00  
1214      1.977627e+01   1.941027e+01   2.666870e+00   2.688888e+00  
1215      1.978688e+01   1.942179e+01   2.665881e+00   2.684700e+00  
1216      1.978185e+01   1.941631e+01   2.665278e+00   2.687927e+00  
1217      1.978483e+01   1.941976e+01   2.665072e+00   2.685045e+00  
1218      1.978217e+01   1.941691e+01   2.664068e+00   2.687124e+00  
1219      1.978705e+01   1.942240e+01   2.663251e+00   2.684165e+00  
1220      1.978630e+01   1.942184e+01   2.661231e+00   2.684748e+00  
1221      1.978014e+01   1.941549e+01   2.663254e+00   2.683287e+00  
1222      1.978157e+01   1.941752e+01   2.659870e+00   2.682446e+00  
1223      1.978388e+01   1.941976e+01   2.661883e+00   2.681250e+00  
1224      1.978300e+01   1.941913e+01   2.659525e+00   2.681673e+00  
1225      1.977871e+01   1.941536e+01   2.658209e+00   2.678626e+00  
1226      1.977907e+01   1.941526e+01   2.659186e+00   2.681083e+00  
1227      1.977573e+01   1.941210e+01   2.658913e+00   2.679556e+00  
1228      1.978004e+01   1.941629e+01   2.658702e+00   2.681236e+00  
1229      1.977425e+01   1.941042e+01   2.659962e+00   2.679785e+00  
1230      1.978260e+01   1.941871e+01   2.659862e+00   2.681471e+00  
1231      1.978459e+01   1.942112e+01   2.659585e+00   2.678944e+00  
1232      1.978426e+01   1.942044e+01   2.660320e+00   2.680675e+00  
1233      1.977802e+01   1.941443e+01   2.659693e+00   2.678825e+00  
1234      1.978288e+01   1.941888e+01   2.661968e+00   2.680149e+00  
1235      1.977536e+01   1.941189e+01   2.659009e+00   2.678297e+00  
1236      1.978019e+01   1.941599e+01   2.662628e+00   2.680575e+00  
1237      1.978420e+01   1.942088e+01   2.659780e+00   2.677565e+00  
1238      1.978226e+01   1.941802e+01   2.663107e+00   2.680689e+00  
1239      1.978354e+01   1.942006e+01   2.660426e+00   2.678021e+00  
1240      1.978329e+01   1.941959e+01   2.661928e+00   2.678059e+00  
1241      1.978101e+01   1.941737e+01   2.661122e+00   2.678136e+00  
1242      1.977627e+01   1.941260e+01   2.661166e+00   2.677700e+00  
1243      1.978444e+01   1.942060e+01   2.662865e+00   2.678336e+00  
1244      1.977927e+01   1.941561e+01   2.661361e+00   2.677799e+00  
1245      1.978623e+01   1.942229e+01   2.663543e+00   2.678682e+00  
1246      1.978733e+01   1.942393e+01   2.661046e+00   2.677390e+00  
1247      1.979097e+01   1.942697e+01   2.664416e+00   2.678857e+00  
1248      1.978073e+01   1.941739e+01   2.661283e+00   2.675801e+00  
1249      1.979028e+01   1.942597e+01   2.665776e+00   2.679655e+00  
1250      1.978009e+01   1.941665e+01   2.662100e+00   2.675608e+00  
-------------------------------------------------------------------

