-------------------------------------------------------------------------------------------------------------------------------------------------------------
Snap      mu             Kin            Pot            Contact        DDI            Dmu(Contact)   Dmu(DDI)       Dmu(grad)      Rot            Lx  
-------------------------------------------------------------------------------------------------------------------------------------------------------------
0         -7.041325e-01  4.625204e-01   0.000000e+00   2.654947e+01   -3.627296e+01  8.556842e+00   0.000000e+00   0.000000e+00   -0.000000e+00  0.000000e+00  
1         -1.652617e+00  5.055284e-01   0.000000e+00   2.307128e+01   -3.159158e+01  6.362154e+00   0.000000e+00   0.000000e+00   -0.000000e+00  0.000000e+00  
2         -1.647179e+00  5.067498e-01   0.000000e+00   2.320421e+01   -3.176584e+01  6.407709e+00   0.000000e+00   0.000000e+00   -0.000000e+00  0.000000e+00  
3         -1.644079e+00  5.056861e-01   0.000000e+00   2.323886e+01   -3.180839e+01  6.419760e+00   0.000000e+00   0.000000e+00   -0.000000e+00  0.000000e+00  
4         -1.642395e+00  5.049745e-01   0.000000e+00   2.325386e+01   -3.182626e+01  6.425033e+00   0.000000e+00   0.000000e+00   -0.000000e+00  0.000000e+00  
5         -1.641521e+00  5.045901e-01   0.000000e+00   2.326086e+01   -3.183449e+01  6.427517e+00   0.000000e+00   0.000000e+00   -0.000000e+00  0.000000e+00  
6         -1.641079e+00  5.043939e-01   0.000000e+00   2.326420e+01   -3.183838e+01  6.428707e+00   0.000000e+00   0.000000e+00   -0.000000e+00  0.000000e+00  
7         -1.640859e+00  5.042960e-01   0.000000e+00   2.326581e+01   -3.184025e+01  6.429286e+00   0.000000e+00   0.000000e+00   -0.000000e+00  0.000000e+00  
8         -1.640750e+00  5.042475e-01   0.000000e+00   2.326661e+01   -3.184117e+01  6.429571e+00   0.000000e+00   0.000000e+00   -0.000000e+00  0.000000e+00  
9         -1.640696e+00  5.042235e-01   0.000000e+00   2.326700e+01   -3.184163e+01  6.429712e+00   0.000000e+00   0.000000e+00   -0.000000e+00  0.000000e+00  
10        -1.640669e+00  5.042115e-01   0.000000e+00   2.326719e+01   -3.184186e+01  6.429782e+00   0.000000e+00   0.000000e+00   -0.000000e+00  0.000000e+00  
11        -1.640655e+00  5.042056e-01   0.000000e+00   2.326729e+01   -3.184197e+01  6.429818e+00   0.000000e+00   0.000000e+00   -0.000000e+00  0.000000e+00  
12        -1.640648e+00  5.042026e-01   0.000000e+00   2.326734e+01   -3.184203e+01  6.429836e+00   0.000000e+00   0.000000e+00   -0.000000e+00  0.000000e+00  
13        -1.640645e+00  5.042011e-01   0.000000e+00   2.326737e+01   -3.184206e+01  6.429845e+00   0.000000e+00   0.000000e+00   -0.000000e+00  0.000000e+00  
14        -1.640643e+00  5.042003e-01   0.000000e+00   2.326738e+01   -3.184207e+01  6.429849e+00   0.000000e+00   0.000000e+00   -0.000000e+00  0.000000e+00  
15        -1.640642e+00  5.041999e-01   0.000000e+00   2.326739e+01   -3.184208e+01  6.429852e+00   0.000000e+00   0.000000e+00   -0.000000e+00  0.000000e+00  
-------------------------------------------------------------------------------------------------------------------------------------------------------------

