
**********************************************
Real-time propagation in 3D, OPTION = 2
MPI nodes = 8, OMP threads = 16, cores = 128
**********************************************

Interactions
Contact: Natoms = 1.50000000000e+05, as = 6.100000e+01 * a0, G = 1.095855e+04, G * par = 2.191709e+04
Three-body: K3 =  0.000000e+00, g3 = 0.000000e+00
Regular DDI: add = 1.101000e+02 * a0, GD = 4.721954e+03, GD * par =  9.443909e+03, edd = 1.804918e+00
     Dipolar cutoffs Rcut = 3.850461e+00, Lcut = 1.427135e+02

QF = 1, QDEPL = 0: h2 = 1.419076e+05, h4 = 0.000000e+00
        q3 = 0.000000e+00, q5 = 6.266796e+00

GRAD = 0

Trap parameters
GAMMA = 0.000000e+00, NU = 0.000000e+00, LAMBDA = 0.000000e+00
Parameters of rotation: OMEGA = 0.000000e+00, OMEGA * par = 0.000000e+00

Space discretization: NX = 128, NY = 128, NZ = 128
                      DX = 2.229898e+00, DY = 6.016345e-02, DZ = 6.016345e-02
      Unit of length: aho = 5.552380e-07 m

Time discretization: NITER = 2500 (NSNAP = 1250)
                     DT = 1.809821e-03

Initial state: file ./imag3d-finalpsi.bin
ADD_VORTICES = 0, ADD_RANDOM_PHASE = 0


MUREL = 1.000000e-12, MUEND=1.000000e+05

-------------------------------------------------------------------
Snap      Na             QD             mu             <r>
-------------------------------------------------------------------
0         1.49879233169e+05   0.000000e+00   -1.498148e+01  1.432928e+01  
1         1.49879221180e+05   0.000000e+00   -1.499588e+01  1.432928e+01  
2         1.49879224367e+05   0.000000e+00   -1.500922e+01  1.432927e+01  
3         1.49879228278e+05   0.000000e+00   -1.501754e+01  1.432926e+01  
4         1.49879225231e+05   0.000000e+00   -1.501974e+01  1.432925e+01  
5         1.49879229756e+05   0.000000e+00   -1.501635e+01  1.432925e+01  
6         1.49879225388e+05   0.000000e+00   -1.500844e+01  1.432924e+01  
7         1.49879225486e+05   0.000000e+00   -1.499722e+01  1.432922e+01  
8         1.49879219180e+05   0.000000e+00   -1.498363e+01  1.432921e+01  
9         1.49879215007e+05   0.000000e+00   -1.496843e+01  1.432920e+01  
10        1.49879203735e+05   0.000000e+00   -1.495257e+01  1.432919e+01  
11        1.49879198422e+05   0.000000e+00   -1.493668e+01  1.432917e+01  
12        1.49879188296e+05   0.000000e+00   -1.492096e+01  1.432916e+01  
13        1.49879174496e+05   0.000000e+00   -1.490562e+01  1.432914e+01  
14        1.49879169062e+05   0.000000e+00   -1.489104e+01  1.432913e+01  
15        1.49879161420e+05   0.000000e+00   -1.487735e+01  1.432912e+01  
16        1.49879136773e+05   0.000000e+00   -1.486412e+01  1.432910e+01  
17        1.49879127277e+05   0.000000e+00   -1.485079e+01  1.432909e+01  
18        1.49879118531e+05   0.000000e+00   -1.483717e+01  1.432908e+01  
19        1.49879103438e+05   0.000000e+00   -1.482375e+01  1.432907e+01  
20        1.49879089426e+05   0.000000e+00   -1.481154e+01  1.432906e+01  
21        1.49879076282e+05   0.000000e+00   -1.480174e+01  1.432905e+01  
22        1.49879055234e+05   0.000000e+00   -1.479537e+01  1.432905e+01  
23        1.49879043090e+05   0.000000e+00   -1.479307e+01  1.432904e+01  
24        1.49879018943e+05   0.000000e+00   -1.479498e+01  1.432904e+01  
25        1.49879005195e+05   0.000000e+00   -1.480088e+01  1.432904e+01  
26        1.49878981311e+05   0.000000e+00   -1.481023e+01  1.432904e+01  
27        1.49878965700e+05   0.000000e+00   -1.482236e+01  1.432904e+01  
28        1.49878942655e+05   0.000000e+00   -1.483655e+01  1.432904e+01  
29        1.49878925866e+05   0.000000e+00   -1.485215e+01  1.432904e+01  
30        1.49878903872e+05   0.000000e+00   -1.486853e+01  1.432905e+01  
31        1.49878886754e+05   0.000000e+00   -1.488521e+01  1.432905e+01  
32        1.49878865481e+05   0.000000e+00   -1.490177e+01  1.432906e+01  
33        1.49878847801e+05   0.000000e+00   -1.491793e+01  1.432906e+01  
34        1.49878826074e+05   0.000000e+00   -1.493345e+01  1.432907e+01  
35        1.49878807957e+05   0.000000e+00   -1.494818e+01  1.432908e+01  
36        1.49878786560e+05   0.000000e+00   -1.496200e+01  1.432908e+01  
37        1.49878769193e+05   0.000000e+00   -1.497482e+01  1.432909e+01  
38        1.49878748150e+05   0.000000e+00   -1.498658e+01  1.432909e+01  
39        1.49878731334e+05   0.000000e+00   -1.499721e+01  1.432910e+01  
40        1.49878711360e+05   0.000000e+00   -1.500666e+01  1.432910e+01  
41        1.49878695513e+05   0.000000e+00   -1.501490e+01  1.432910e+01  
42        1.49878676998e+05   0.000000e+00   -1.502190e+01  1.432910e+01  
43        1.49878662582e+05   0.000000e+00   -1.502765e+01  1.432910e+01  
44        1.49878645992e+05   0.000000e+00   -1.503213e+01  1.432910e+01  
45        1.49878631982e+05   0.000000e+00   -1.503535e+01  1.432910e+01  
46        1.49878616233e+05   0.000000e+00   -1.503730e+01  1.432910e+01  
47        1.49878602695e+05   0.000000e+00   -1.503800e+01  1.432909e+01  
48        1.49878589211e+05   0.000000e+00   -1.503748e+01  1.432908e+01  
49        1.49878578107e+05   0.000000e+00   -1.503575e+01  1.432907e+01  
50        1.49878567631e+05   0.000000e+00   -1.503286e+01  1.432906e+01  
51        1.49878558859e+05   0.000000e+00   -1.502884e+01  1.432905e+01  
52        1.49878551107e+05   0.000000e+00   -1.502375e+01  1.432904e+01  
53        1.49878544733e+05   0.000000e+00   -1.501766e+01  1.432903e+01  
54        1.49878539692e+05   0.000000e+00   -1.501063e+01  1.432901e+01  
55        1.49878536899e+05   0.000000e+00   -1.500276e+01  1.432900e+01  
56        1.49878535849e+05   0.000000e+00   -1.499414e+01  1.432898e+01  
57        1.49878537695e+05   0.000000e+00   -1.498487e+01  1.432896e+01  
58        1.49878541204e+05   0.000000e+00   -1.497505e+01  1.432894e+01  
59        1.49878550459e+05   0.000000e+00   -1.496483e+01  1.432892e+01  
60        1.49878563641e+05   0.000000e+00   -1.495431e+01  1.432890e+01  
61        1.49878583972e+05   0.000000e+00   -1.494364e+01  1.432888e+01  
62        1.49878608352e+05   0.000000e+00   -1.493291e+01  1.432886e+01  
63        1.49878645128e+05   0.000000e+00   -1.492221e+01  1.432884e+01  
64        1.49878692142e+05   0.000000e+00   -1.491164e+01  1.432881e+01  
65        1.49878757437e+05   0.000000e+00   -1.490128e+01  1.432879e+01  
66        1.49878839189e+05   0.000000e+00   -1.489119e+01  1.432877e+01  
67        1.49878949101e+05   0.000000e+00   -1.488133e+01  1.432875e+01  
68        1.49879086485e+05   0.000000e+00   -1.487150e+01  1.432872e+01  
69        1.49879265914e+05   0.000000e+00   -1.486126e+01  1.432870e+01  
70        1.49879488284e+05   0.000000e+00   -1.484981e+01  1.432867e+01  
71        1.49879774897e+05   0.000000e+00   -1.483576e+01  1.432865e+01  
72        1.49880127065e+05   0.000000e+00   -1.481679e+01  1.432862e+01  
73        1.49880543901e+05   0.000000e+00   -1.478896e+01  1.432859e+01  
74        1.49880965071e+05   0.000000e+00   -1.474581e+01  1.432856e+01  
75        1.49881260831e+05   0.000000e+00   -1.467726e+01  1.432854e+01  
76        1.49881142507e+05   0.000000e+00   -1.456825e+01  1.432855e+01  
77        1.49880156016e+05   0.000000e+00   -1.439776e+01  1.432859e+01  
78        1.49877670617e+05   0.000000e+00   -1.413882e+01  1.432870e+01  
79        1.49873155284e+05   0.000000e+00   -1.375978e+01  1.432890e+01  
80        1.49866599857e+05   0.000000e+00   -1.322646e+01  1.432919e+01  
81        1.49858981898e+05   0.000000e+00   -1.250523e+01  1.432955e+01  
82        1.49852284008e+05   0.000000e+00   -1.156955e+01  1.432989e+01  
83        1.49848885347e+05   0.000000e+00   -1.040954e+01  1.433014e+01  
84        1.49850521590e+05   0.000000e+00   -9.039280e+00  1.433022e+01  
85        1.49857279892e+05   0.000000e+00   -7.501068e+00  1.433016e+01  
86        1.49866060573e+05   0.000000e+00   -5.866646e+00  1.433009e+01  
87        1.49860748619e+05   0.000000e+00   -4.212362e+00  1.433068e+01  
88        1.49709783987e+05   0.000000e+00   -1.818107e+00  1.433723e+01  
89        1.49686862144e+05   0.000000e+00   1.627330e+00   1.434013e+01  
90        1.50018058725e+05   0.000000e+00   2.042867e+00   1.432550e+01  
91        1.50172163929e+05   0.000000e+00   2.490995e+00   1.431943e+01  
92        1.50209283755e+05   0.000000e+00   1.980975e+00   1.431999e+01  
93        1.50446645922e+05   0.000000e+00   2.327301e+00   1.430977e+01  
94        1.50239135384e+05   0.000000e+00   3.276443e+00   1.431897e+01  
95        1.50386074338e+05   0.000000e+00   4.056969e+00   1.431350e+01  
96        1.50278780773e+05   0.000000e+00   4.732675e+00   1.431756e+01  
97        1.50385696075e+05   0.000000e+00   4.375745e+00   1.431958e+01  
98        1.50372321145e+05   0.000000e+00   4.290442e+00   1.431938e+01  
99        1.50521707498e+05   0.000000e+00   4.518244e+00   1.431645e+01  
100       1.50360963095e+05   0.000000e+00   4.315294e+00   1.432365e+01  
101       1.50680975769e+05   0.000000e+00   4.505552e+00   1.431272e+01  
102       1.50225495789e+05   0.000000e+00   5.619383e+00   1.433171e+01  
103       1.50853348109e+05   0.000000e+00   6.542973e+00   1.430976e+01  
104       1.49850500398e+05   0.000000e+00   1.131463e+01   1.435015e+01  
105       1.50569761304e+05   0.000000e+00   1.179317e+01   1.432252e+01  
106       1.50425952014e+05   0.000000e+00   8.993394e+00   1.433182e+01  
107       1.50913768825e+05   0.000000e+00   8.808957e+00   1.430985e+01  
108       1.50473057055e+05   0.000000e+00   1.043520e+01   1.433469e+01  
109       1.51048273027e+05   0.000000e+00   1.024881e+01   1.431275e+01  
110       1.50631864123e+05   0.000000e+00   1.062763e+01   1.433493e+01  
111       1.51008711650e+05   0.000000e+00   1.334279e+01   1.432326e+01  
112       1.50584481516e+05   0.000000e+00   1.189043e+01   1.434023e+01  
113       1.50923447106e+05   0.000000e+00   1.151863e+01   1.433329e+01  
114       1.50374793828e+05   0.000000e+00   1.139141e+01   1.435250e+01  
115       1.50752619056e+05   0.000000e+00   1.211851e+01   1.434369e+01  
116       1.50213677202e+05   0.000000e+00   1.206531e+01   1.436112e+01  
117       1.50594125658e+05   0.000000e+00   1.264434e+01   1.435062e+01  
118       1.50026214379e+05   0.000000e+00   1.321986e+01   1.437144e+01  
119       1.50465638416e+05   0.000000e+00   1.383526e+01   1.435747e+01  
120       1.49698004909e+05   0.000000e+00   1.427177e+01   1.438176e+01  
121       1.50329779499e+05   0.000000e+00   1.471293e+01   1.436500e+01  
122       1.49480818627e+05   0.000000e+00   1.489353e+01   1.438989e+01  
123       1.50087435823e+05   0.000000e+00   1.543189e+01   1.437378e+01  
124       1.49272166413e+05   0.000000e+00   1.558744e+01   1.439609e+01  
125       1.49827007288e+05   0.000000e+00   1.602443e+01   1.438182e+01  
126       1.49084616328e+05   0.000000e+00   1.606526e+01   1.440021e+01  
127       1.49575236154e+05   0.000000e+00   1.638027e+01   1.438838e+01  
128       1.48876334083e+05   0.000000e+00   1.637457e+01   1.440386e+01  
129       1.49252493128e+05   0.000000e+00   1.684416e+01   1.439689e+01  
130       1.48573243873e+05   0.000000e+00   1.707175e+01   1.440998e+01  
131       1.48922734771e+05   0.000000e+00   1.776453e+01   1.440479e+01  
132       1.48330757133e+05   0.000000e+00   1.797467e+01   1.441297e+01  
133       1.48583906948e+05   0.000000e+00   1.861787e+01   1.441322e+01  
134       1.47933582846e+05   0.000000e+00   1.877819e+01   1.442283e+01  
135       1.48256329841e+05   0.000000e+00   1.945681e+01   1.442158e+01  
136       1.47731951119e+05   0.000000e+00   1.962107e+01   1.442563e+01  
137       1.48065189705e+05   0.000000e+00   2.034776e+01   1.442668e+01  
138       1.47566788406e+05   0.000000e+00   2.050258e+01   1.442913e+01  
139       1.48036265491e+05   0.000000e+00   2.134066e+01   1.442352e+01  
140       1.47355449507e+05   0.000000e+00   2.487496e+01   1.442634e+01  
141       1.48096792848e+05   0.000000e+00   2.359221e+01   1.441568e+01  
142       1.47623788292e+05   0.000000e+00   2.440086e+01   1.441713e+01  
143       1.48081988979e+05   0.000000e+00   2.651906e+01   1.440920e+01  
144       1.47711547014e+05   0.000000e+00   2.556112e+01   1.441066e+01  
145       1.48593347446e+05   0.000000e+00   2.607925e+01   1.439436e+01  
146       1.47863840297e+05   0.000000e+00   2.749362e+01   1.440502e+01  
147       1.48887366709e+05   0.000000e+00   3.033523e+01   1.437594e+01  
148       1.48129936639e+05   0.000000e+00   3.134497e+01   1.438274e+01  
149       1.49175811515e+05   0.000000e+00   3.375380e+01   1.438552e+01  
150       1.48440362435e+05   0.000000e+00   3.456715e+01   1.437637e+01  
151       1.49161976807e+05   0.000000e+00   3.704250e+01   1.438542e+01  
152       1.48607069013e+05   0.000000e+00   3.977417e+01   1.436349e+01  
153       1.49306133857e+05   0.000000e+00   4.690164e+01   1.436935e+01  
154       1.48333441831e+05   0.000000e+00   5.038560e+01   1.435504e+01  
155       1.49177355384e+05   0.000000e+00   5.454923e+01   1.437400e+01  
156       1.48313967348e+05   0.000000e+00   5.384585e+01   1.435699e+01  
157       1.48444473879e+05   0.000000e+00   6.567419e+01   1.440776e+01  
158       1.49067647747e+05   0.000000e+00   6.220573e+01   1.438542e+01  
159       1.48252978331e+05   0.000000e+00   6.606146e+01   1.441520e+01  
160       1.48753892862e+05   0.000000e+00   6.951638e+01   1.438593e+01  
161       1.48800342738e+05   0.000000e+00   6.508660e+01   1.439214e+01  
162       1.48599461738e+05   0.000000e+00   6.636916e+01   1.439583e+01  
163       1.48595840558e+05   0.000000e+00   7.927856e+01   1.442638e+01  
164       1.48615134179e+05   0.000000e+00   8.559614e+01   1.439725e+01  
165       1.48767312935e+05   0.000000e+00   8.050971e+01   1.442122e+01  
166       1.48555626002e+05   0.000000e+00   7.865345e+01   1.439547e+01  
167       1.48775220861e+05   0.000000e+00   7.911773e+01   1.441388e+01  
168       1.49017820918e+05   0.000000e+00   7.597519e+01   1.439933e+01  
169       1.49358489471e+05   0.000000e+00   7.219424e+01   1.440634e+01  
170       1.48864940699e+05   0.000000e+00   7.243282e+01   1.440455e+01  
171       1.49520394626e+05   0.000000e+00   8.032166e+01   1.439947e+01  
172       1.49108077936e+05   0.000000e+00   7.977052e+01   1.440732e+01  
173       1.48638083083e+05   0.000000e+00   7.711308e+01   1.444238e+01  
174       1.48425411349e+05   0.000000e+00   8.282246e+01   1.443219e+01  
175       1.48627371201e+05   0.000000e+00   8.047556e+01   1.443803e+01  
176       1.48519505015e+05   0.000000e+00   8.082877e+01   1.442540e+01  
177       1.48846238046e+05   0.000000e+00   8.294711e+01   1.442455e+01  
178       1.48216540791e+05   0.000000e+00   7.929777e+01   1.446400e+01  
179       1.49205442079e+05   0.000000e+00   7.991214e+01   1.443025e+01  
180       1.47924022765e+05   0.000000e+00   8.264588e+01   1.444537e+01  
181       1.49845796265e+05   0.000000e+00   8.019057e+01   1.443838e+01  
182       1.48012076879e+05   0.000000e+00   8.410818e+01   1.446681e+01  
183       1.49863961155e+05   0.000000e+00   8.267523e+01   1.444879e+01  
184       1.48464436864e+05   0.000000e+00   8.758764e+01   1.447330e+01  
185       1.50212638673e+05   0.000000e+00   8.924662e+01   1.445273e+01  
186       1.48707817839e+05   0.000000e+00   9.111512e+01   1.448872e+01  
187       1.49956584939e+05   0.000000e+00   9.051894e+01   1.447008e+01  
188       1.48507086359e+05   0.000000e+00   9.361623e+01   1.451002e+01  
189       1.49614344452e+05   0.000000e+00   9.194967e+01   1.448454e+01  
190       1.48528320585e+05   0.000000e+00   9.172851e+01   1.451907e+01  
191       1.49887665499e+05   0.000000e+00   9.362874e+01   1.449201e+01  
192       1.48699254479e+05   0.000000e+00   9.169297e+01   1.452883e+01  
193       1.49468745459e+05   0.000000e+00   9.433736e+01   1.451023e+01  
194       1.48648326599e+05   0.000000e+00   9.182000e+01   1.454448e+01  
195       1.49862477381e+05   0.000000e+00   9.158858e+01   1.451860e+01  
196       1.48667116261e+05   0.000000e+00   9.254516e+01   1.454618e+01  
197       1.49878288950e+05   0.000000e+00   9.648526e+01   1.452353e+01  
198       1.48651535590e+05   0.000000e+00   9.306395e+01   1.455885e+01  
199       1.49908222943e+05   0.000000e+00   9.283766e+01   1.453553e+01  
200       1.48759669778e+05   0.000000e+00   9.221007e+01   1.455434e+01  
201       1.49895478527e+05   0.000000e+00   9.189373e+01   1.454424e+01  
202       1.48558623881e+05   0.000000e+00   9.233716e+01   1.456248e+01  
203       1.50226806031e+05   0.000000e+00   9.123894e+01   1.453690e+01  
204       1.49117749944e+05   0.000000e+00   9.160908e+01   1.455820e+01  
205       1.50113119490e+05   0.000000e+00   9.153467e+01   1.455678e+01  
206       1.48845822358e+05   0.000000e+00   9.216304e+01   1.456300e+01  
207       1.50246540628e+05   0.000000e+00   9.208508e+01   1.455143e+01  
208       1.48480638887e+05   0.000000e+00   9.304359e+01   1.458937e+01  
209       1.50242976121e+05   0.000000e+00   9.228503e+01   1.455302e+01  
210       1.48716402916e+05   0.000000e+00   9.278798e+01   1.458031e+01  
211       1.50173351032e+05   0.000000e+00   9.250056e+01   1.456768e+01  
212       1.48558759520e+05   0.000000e+00   9.313731e+01   1.458896e+01  
213       1.50525896233e+05   0.000000e+00   9.240747e+01   1.456129e+01  
214       1.48498249593e+05   0.000000e+00   9.335137e+01   1.459862e+01  
215       1.50274622890e+05   0.000000e+00   9.290421e+01   1.456939e+01  
216       1.48722205779e+05   0.000000e+00   9.338849e+01   1.459495e+01  
217       1.50243548024e+05   0.000000e+00   9.293248e+01   1.457593e+01  
218       1.48894543783e+05   0.000000e+00   9.338909e+01   1.459013e+01  
219       1.50445924710e+05   0.000000e+00   9.279574e+01   1.457577e+01  
220       1.48820310139e+05   0.000000e+00   9.358947e+01   1.459383e+01  
221       1.50371346262e+05   0.000000e+00   9.352337e+01   1.457639e+01  
222       1.48774480427e+05   0.000000e+00   9.414151e+01   1.460910e+01  
223       1.50506548070e+05   0.000000e+00   9.337000e+01   1.457365e+01  
224       1.48913698642e+05   0.000000e+00   9.435298e+01   1.461615e+01  
225       1.50580722594e+05   0.000000e+00   9.348768e+01   1.457691e+01  
226       1.48975164765e+05   0.000000e+00   9.477368e+01   1.460562e+01  
227       1.50631284251e+05   0.000000e+00   9.400172e+01   1.459210e+01  
228       1.49051674751e+05   0.000000e+00   9.481696e+01   1.461679e+01  
229       1.50621336767e+05   0.000000e+00   9.457802e+01   1.459026e+01  
230       1.48908619636e+05   0.000000e+00   9.545974e+01   1.461864e+01  
231       1.50728354627e+05   0.000000e+00   9.458189e+01   1.457981e+01  
232       1.48882863887e+05   0.000000e+00   9.615253e+01   1.461786e+01  
233       1.50635433662e+05   0.000000e+00   9.545398e+01   1.459335e+01  
234       1.49298351147e+05   0.000000e+00   9.665354e+01   1.462190e+01  
235       1.50503465692e+05   0.000000e+00   9.567408e+01   1.460050e+01  
236       1.49568467931e+05   0.000000e+00   9.630362e+01   1.462414e+01  
237       1.50367936272e+05   0.000000e+00   9.605771e+01   1.459273e+01  
238       1.49536618672e+05   0.000000e+00   9.657637e+01   1.462414e+01  
239       1.50544575960e+05   0.000000e+00   9.647184e+01   1.458643e+01  
240       1.48969505684e+05   0.000000e+00   9.760018e+01   1.461361e+01  
241       1.50259838368e+05   0.000000e+00   9.710701e+01   1.459258e+01  
242       1.49343716516e+05   0.000000e+00   9.724865e+01   1.460725e+01  
243       1.50675052887e+05   0.000000e+00   9.694158e+01   1.459858e+01  
244       1.49617777346e+05   0.000000e+00   9.733847e+01   1.460753e+01  
245       1.50351541495e+05   0.000000e+00   9.766196e+01   1.459090e+01  
246       1.48909071237e+05   0.000000e+00   9.879173e+01   1.462252e+01  
247       1.50257525693e+05   0.000000e+00   9.804843e+01   1.459418e+01  
248       1.49269683030e+05   0.000000e+00   9.869058e+01   1.462040e+01  
249       1.50062589994e+05   0.000000e+00   9.872664e+01   1.459329e+01  
250       1.49220640704e+05   0.000000e+00   9.926035e+01   1.461922e+01  
251       1.49849679887e+05   0.000000e+00   9.916929e+01   1.460217e+01  
252       1.49423559599e+05   0.000000e+00   9.920236e+01   1.462857e+01  
253       1.50054703780e+05   0.000000e+00   9.898589e+01   1.460667e+01  
254       1.49889970433e+05   0.000000e+00   9.866614e+01   1.460454e+01  
255       1.50460311965e+05   0.000000e+00   9.875148e+01   1.458276e+01  
256       1.49885277050e+05   0.000000e+00   9.887621e+01   1.460726e+01  
257       1.50282171559e+05   0.000000e+00   9.908135e+01   1.459185e+01  
258       1.49618527216e+05   0.000000e+00   9.930390e+01   1.460781e+01  
259       1.50537140560e+05   0.000000e+00   9.955762e+01   1.460576e+01  
260       1.49449109743e+05   0.000000e+00   9.976476e+01   1.461911e+01  
261       1.50513463690e+05   0.000000e+00   9.948136e+01   1.460526e+01  
262       1.49575569088e+05   0.000000e+00   9.965760e+01   1.462148e+01  
263       1.50330388883e+05   0.000000e+00   1.000472e+02   1.461766e+01  
264       1.49116267173e+05   0.000000e+00   1.004071e+02   1.462901e+01  
265       1.50710529317e+05   0.000000e+00   9.936448e+01   1.459521e+01  
266       1.49338795605e+05   0.000000e+00   1.000601e+02   1.462740e+01  
267       1.50346107824e+05   0.000000e+00   9.995766e+01   1.461166e+01  
268       1.49489686795e+05   0.000000e+00   1.000281e+02   1.464415e+01  
269       1.50817014556e+05   0.000000e+00   9.928298e+01   1.460700e+01  
270       1.49983304010e+05   0.000000e+00   9.918137e+01   1.462877e+01  
271       1.51232742118e+05   0.000000e+00   9.876523e+01   1.460718e+01  
272       1.50047653541e+05   0.000000e+00   9.927144e+01   1.465226e+01  
273       1.51210463627e+05   0.000000e+00   9.922413e+01   1.461360e+01  
274       1.49670995502e+05   0.000000e+00   9.998017e+01   1.466156e+01  
275       1.51081434082e+05   0.000000e+00   9.955704e+01   1.461546e+01  
276       1.49732171219e+05   0.000000e+00   9.990564e+01   1.465716e+01  
277       1.51015247345e+05   0.000000e+00   9.962204e+01   1.461855e+01  
278       1.49861518461e+05   0.000000e+00   9.994777e+01   1.465862e+01  
279       1.51237851268e+05   0.000000e+00   9.930727e+01   1.461114e+01  
280       1.49944576015e+05   0.000000e+00   1.001433e+02   1.466303e+01  
281       1.50998620024e+05   0.000000e+00   9.984759e+01   1.461539e+01  
282       1.50212996387e+05   0.000000e+00   1.002531e+02   1.466610e+01  
283       1.50503850662e+05   0.000000e+00   1.005712e+02   1.462504e+01  
284       1.50303473367e+05   0.000000e+00   1.005226e+02   1.466216e+01  
285       1.50478454319e+05   0.000000e+00   1.008780e+02   1.462488e+01  
286       1.50195134907e+05   0.000000e+00   1.007206e+02   1.466198e+01  
287       1.50375521053e+05   0.000000e+00   1.009037e+02   1.462035e+01  
288       1.50581773477e+05   0.000000e+00   1.004076e+02   1.466361e+01  
289       1.50530573207e+05   0.000000e+00   1.008233e+02   1.461364e+01  
290       1.50710661987e+05   0.000000e+00   1.005322e+02   1.466293e+01  
291       1.50375087976e+05   0.000000e+00   1.011585e+02   1.461989e+01  
292       1.50532778122e+05   0.000000e+00   1.006300e+02   1.465938e+01  
293       1.50813148179e+05   0.000000e+00   1.010163e+02   1.461783e+01  
294       1.50392093032e+05   0.000000e+00   1.009429e+02   1.465136e+01  
295       1.50664136014e+05   0.000000e+00   1.014839e+02   1.461749e+01  
296       1.50169158358e+05   0.000000e+00   1.015483e+02   1.466354e+01  
297       1.50836995999e+05   0.000000e+00   1.012190e+02   1.460419e+01  
298       1.50379133630e+05   0.000000e+00   1.014284e+02   1.465011e+01  
299       1.50657388476e+05   0.000000e+00   1.013951e+02   1.460819e+01  
300       1.50450059587e+05   0.000000e+00   1.015018e+02   1.463110e+01  
301       1.51045479900e+05   0.000000e+00   1.019235e+02   1.460355e+01  
302       1.50443532805e+05   0.000000e+00   1.015789e+02   1.463067e+01  
303       1.50980234110e+05   0.000000e+00   1.016564e+02   1.459273e+01  
304       1.50267153058e+05   0.000000e+00   1.020329e+02   1.462933e+01  
305       1.51022656385e+05   0.000000e+00   1.017297e+02   1.459607e+01  
306       1.50095895170e+05   0.000000e+00   1.022742e+02   1.462596e+01  
307       1.51144019470e+05   0.000000e+00   1.029621e+02   1.458780e+01  
308       1.49873175559e+05   0.000000e+00   1.032532e+02   1.462679e+01  
309       1.50999917243e+05   0.000000e+00   1.027084e+02   1.459588e+01  
310       1.49971158923e+05   0.000000e+00   1.037926e+02   1.461646e+01  
311       1.50987286111e+05   0.000000e+00   1.032887e+02   1.459017e+01  
312       1.49605168807e+05   0.000000e+00   1.039666e+02   1.462591e+01  
313       1.50809467615e+05   0.000000e+00   1.034950e+02   1.457777e+01  
314       1.49879085343e+05   0.000000e+00   1.038088e+02   1.462215e+01  
315       1.50683506803e+05   0.000000e+00   1.035539e+02   1.458480e+01  
316       1.49738799497e+05   0.000000e+00   1.040144e+02   1.461915e+01  
317       1.50896351848e+05   0.000000e+00   1.035179e+02   1.458254e+01  
318       1.49782532056e+05   0.000000e+00   1.041600e+02   1.462930e+01  
319       1.50924824282e+05   0.000000e+00   1.037714e+02   1.459197e+01  
320       1.50031401676e+05   0.000000e+00   1.041248e+02   1.462050e+01  
321       1.50970325684e+05   0.000000e+00   1.038669e+02   1.460271e+01  
322       1.50094308842e+05   0.000000e+00   1.044812e+02   1.462553e+01  
323       1.51133646378e+05   0.000000e+00   1.038743e+02   1.459535e+01  
324       1.49857360584e+05   0.000000e+00   1.046776e+02   1.461895e+01  
325       1.51124696613e+05   0.000000e+00   1.038847e+02   1.459270e+01  
326       1.50228496708e+05   0.000000e+00   1.040581e+02   1.461709e+01  
327       1.51334431261e+05   0.000000e+00   1.035572e+02   1.459731e+01  
328       1.50595361426e+05   0.000000e+00   1.036475e+02   1.461770e+01  
329       1.51441801274e+05   0.000000e+00   1.035952e+02   1.459312e+01  
330       1.50147687065e+05   0.000000e+00   1.044684e+02   1.462814e+01  
331       1.51244878910e+05   0.000000e+00   1.046369e+02   1.458822e+01  
332       1.50567977331e+05   0.000000e+00   1.044443e+02   1.463533e+01  
333       1.51227074938e+05   0.000000e+00   1.043727e+02   1.460023e+01  
334       1.50425694522e+05   0.000000e+00   1.054993e+02   1.464031e+01  
335       1.50550329431e+05   0.000000e+00   1.053903e+02   1.462277e+01  
336       1.50364821693e+05   0.000000e+00   1.052901e+02   1.464712e+01  
337       1.50808887602e+05   0.000000e+00   1.049890e+02   1.462800e+01  
338       1.50668389166e+05   0.000000e+00   1.049012e+02   1.463370e+01  
339       1.50897997580e+05   0.000000e+00   1.049331e+02   1.463459e+01  
340       1.50673534785e+05   0.000000e+00   1.050666e+02   1.462855e+01  
341       1.50792557757e+05   0.000000e+00   1.052051e+02   1.465308e+01  
342       1.50730714951e+05   0.000000e+00   1.049696e+02   1.463781e+01  
343       1.50952551380e+05   0.000000e+00   1.050822e+02   1.465754e+01  
344       1.50732848451e+05   0.000000e+00   1.050650e+02   1.462706e+01  
345       1.51300851947e+05   0.000000e+00   1.045811e+02   1.465921e+01  
346       1.50984810689e+05   0.000000e+00   1.048941e+02   1.463717e+01  
347       1.51120109572e+05   0.000000e+00   1.049862e+02   1.467156e+01  
348       1.50891668104e+05   0.000000e+00   1.053449e+02   1.464112e+01  
349       1.51008676270e+05   0.000000e+00   1.053227e+02   1.466615e+01  
350       1.50564349960e+05   0.000000e+00   1.058923e+02   1.464159e+01  
351       1.51040022648e+05   0.000000e+00   1.054732e+02   1.467426e+01  
352       1.50630171829e+05   0.000000e+00   1.056489e+02   1.463055e+01  
353       1.51028906569e+05   0.000000e+00   1.055918e+02   1.467682e+01  
354       1.50829536738e+05   0.000000e+00   1.054080e+02   1.462039e+01  
355       1.51312526147e+05   0.000000e+00   1.050489e+02   1.466173e+01  
356       1.50834862511e+05   0.000000e+00   1.056563e+02   1.463082e+01  
357       1.51191996794e+05   0.000000e+00   1.053539e+02   1.467386e+01  
358       1.50723760397e+05   0.000000e+00   1.061859e+02   1.461832e+01  
359       1.51020143160e+05   0.000000e+00   1.057417e+02   1.465993e+01  
360       1.50856951801e+05   0.000000e+00   1.062802e+02   1.461889e+01  
361       1.50635575631e+05   0.000000e+00   1.064586e+02   1.466869e+01  
362       1.50822111570e+05   0.000000e+00   1.064733e+02   1.462287e+01  
363       1.50945073955e+05   0.000000e+00   1.060016e+02   1.466629e+01  
364       1.50718789247e+05   0.000000e+00   1.065115e+02   1.462489e+01  
365       1.50611603752e+05   0.000000e+00   1.064697e+02   1.466824e+01  
366       1.50866946151e+05   0.000000e+00   1.066821e+02   1.462396e+01  
367       1.50384913432e+05   0.000000e+00   1.070582e+02   1.467571e+01  
368       1.50697507420e+05   0.000000e+00   1.069924e+02   1.461663e+01  
369       1.50429707460e+05   0.000000e+00   1.070723e+02   1.466303e+01  
370       1.50664766645e+05   0.000000e+00   1.070558e+02   1.461654e+01  
371       1.50286173920e+05   0.000000e+00   1.073831e+02   1.466524e+01  
372       1.50782741045e+05   0.000000e+00   1.068094e+02   1.461458e+01  
373       1.50544400932e+05   0.000000e+00   1.072242e+02   1.466667e+01  
374       1.50468242562e+05   0.000000e+00   1.074396e+02   1.461424e+01  
375       1.50808475061e+05   0.000000e+00   1.069935e+02   1.466671e+01  
376       1.50466426980e+05   0.000000e+00   1.073158e+02   1.460985e+01  
377       1.50748091861e+05   0.000000e+00   1.070480e+02   1.466220e+01  
378       1.50750802167e+05   0.000000e+00   1.070973e+02   1.460430e+01  
379       1.50511398723e+05   0.000000e+00   1.074929e+02   1.465955e+01  
380       1.50551704636e+05   0.000000e+00   1.075131e+02   1.460564e+01  
381       1.50517539101e+05   0.000000e+00   1.074657e+02   1.465763e+01  
382       1.50706297569e+05   0.000000e+00   1.074513e+02   1.460126e+01  
383       1.50728471027e+05   0.000000e+00   1.073842e+02   1.465086e+01  
384       1.50585913986e+05   0.000000e+00   1.075397e+02   1.460304e+01  
385       1.50670173167e+05   0.000000e+00   1.075017e+02   1.465755e+01  
386       1.50795689476e+05   0.000000e+00   1.072952e+02   1.459587e+01  
387       1.50791737436e+05   0.000000e+00   1.075078e+02   1.465767e+01  
388       1.50478641591e+05   0.000000e+00   1.078631e+02   1.459288e+01  
389       1.50672048813e+05   0.000000e+00   1.078458e+02   1.465587e+01  
390       1.50617941957e+05   0.000000e+00   1.078258e+02   1.459258e+01  
391       1.50844941299e+05   0.000000e+00   1.077097e+02   1.464472e+01  
392       1.50401432729e+05   0.000000e+00   1.079724e+02   1.460420e+01  
393       1.50885551196e+05   0.000000e+00   1.076330e+02   1.463724e+01  
394       1.50469395753e+05   0.000000e+00   1.080236e+02   1.460473e+01  
395       1.50982414749e+05   0.000000e+00   1.077073e+02   1.464213e+01  
396       1.50373151894e+05   0.000000e+00   1.082430e+02   1.460526e+01  
397       1.51110183504e+05   0.000000e+00   1.077377e+02   1.463668e+01  
398       1.50556808699e+05   0.000000e+00   1.080772e+02   1.459994e+01  
399       1.51266030994e+05   0.000000e+00   1.075443e+02   1.462803e+01  
400       1.50468784055e+05   0.000000e+00   1.082392e+02   1.459368e+01  
401       1.51314552027e+05   0.000000e+00   1.078065e+02   1.462053e+01  
402       1.50181402586e+05   0.000000e+00   1.086755e+02   1.460756e+01  
403       1.51528868835e+05   0.000000e+00   1.076396e+02   1.462494e+01  
404       1.50359531709e+05   0.000000e+00   1.085174e+02   1.460481e+01  
405       1.51502630797e+05   0.000000e+00   1.077299e+02   1.462667e+01  
406       1.50321620908e+05   0.000000e+00   1.089727e+02   1.462522e+01  
407       1.51156795012e+05   0.000000e+00   1.082780e+02   1.463011e+01  
408       1.50248790628e+05   0.000000e+00   1.092965e+02   1.462143e+01  
409       1.50857802478e+05   0.000000e+00   1.087256e+02   1.464234e+01  
410       1.50332430176e+05   0.000000e+00   1.089046e+02   1.462045e+01  
411       1.51072037049e+05   0.000000e+00   1.084036e+02   1.465324e+01  
412       1.50640445118e+05   0.000000e+00   1.087223e+02   1.462190e+01  
413       1.50821040791e+05   0.000000e+00   1.087422e+02   1.465809e+01  
414       1.50881508067e+05   0.000000e+00   1.085352e+02   1.460708e+01  
415       1.50905031902e+05   0.000000e+00   1.085319e+02   1.466982e+01  
416       1.50973665905e+05   0.000000e+00   1.083712e+02   1.460413e+01  
417       1.51216503797e+05   0.000000e+00   1.081922e+02   1.467851e+01  
418       1.50904802917e+05   0.000000e+00   1.082613e+02   1.460629e+01  
419       1.50804552440e+05   0.000000e+00   1.087803e+02   1.469543e+01  
420       1.50499574695e+05   0.000000e+00   1.087043e+02   1.462107e+01  
421       1.51049967315e+05   0.000000e+00   1.084153e+02   1.469046e+01  
422       1.50722815173e+05   0.000000e+00   1.083938e+02   1.463125e+01  
423       1.51261558337e+05   0.000000e+00   1.082291e+02   1.467832e+01  
424       1.50615630715e+05   0.000000e+00   1.086576e+02   1.463287e+01  
425       1.50760738786e+05   0.000000e+00   1.088526e+02   1.468673e+01  
426       1.50811709313e+05   0.000000e+00   1.084547e+02   1.463967e+01  
427       1.50904540328e+05   0.000000e+00   1.085796e+02   1.467273e+01  
428       1.50925884682e+05   0.000000e+00   1.082049e+02   1.464247e+01  
429       1.51176906718e+05   0.000000e+00   1.081624e+02   1.466383e+01  
430       1.51222509590e+05   0.000000e+00   1.077348e+02   1.464494e+01  
431       1.51095363937e+05   0.000000e+00   1.082511e+02   1.467309e+01  
432       1.51023743214e+05   0.000000e+00   1.082357e+02   1.464672e+01  
433       1.51153106984e+05   0.000000e+00   1.081014e+02   1.466886e+01  
434       1.50953526237e+05   0.000000e+00   1.084555e+02   1.464785e+01  
435       1.50963888983e+05   0.000000e+00   1.085940e+02   1.467236e+01  
436       1.50794279976e+05   0.000000e+00   1.089554e+02   1.465791e+01  
437       1.50502091169e+05   0.000000e+00   1.093436e+02   1.466405e+01  
438       1.50799957989e+05   0.000000e+00   1.090599e+02   1.464847e+01  
439       1.50676605147e+05   0.000000e+00   1.091333e+02   1.465734e+01  
440       1.50801791652e+05   0.000000e+00   1.088522e+02   1.465273e+01  
441       1.50606364789e+05   0.000000e+00   1.093507e+02   1.466084e+01  
442       1.50739978981e+05   0.000000e+00   1.090840e+02   1.465809e+01  
443       1.50412014988e+05   0.000000e+00   1.095027e+02   1.465298e+01  
444       1.50998153545e+05   0.000000e+00   1.087483e+02   1.465587e+01  
445       1.50284004070e+05   0.000000e+00   1.095862e+02   1.464649e+01  
446       1.51076502490e+05   0.000000e+00   1.087406e+02   1.466603e+01  
447       1.50412387162e+05   0.000000e+00   1.093544e+02   1.463412e+01  
448       1.51095095340e+05   0.000000e+00   1.085539e+02   1.465961e+01  
449       1.50674137711e+05   0.000000e+00   1.090975e+02   1.462134e+01  
450       1.51016336043e+05   0.000000e+00   1.088515e+02   1.466559e+01  
451       1.50459485477e+05   0.000000e+00   1.096682e+02   1.463067e+01  
452       1.51105744459e+05   0.000000e+00   1.089639e+02   1.466357e+01  
453       1.50371201365e+05   0.000000e+00   1.096849e+02   1.461991e+01  
454       1.50949346183e+05   0.000000e+00   1.093186e+02   1.466837e+01  
455       1.50169339016e+05   0.000000e+00   1.099662e+02   1.462848e+01  
456       1.51030105198e+05   0.000000e+00   1.093192e+02   1.466632e+01  
457       1.50138688744e+05   0.000000e+00   1.101354e+02   1.461584e+01  
458       1.51093613258e+05   0.000000e+00   1.094177e+02   1.467289e+01  
459       1.49974657513e+05   0.000000e+00   1.103079e+02   1.461300e+01  
460       1.51059754493e+05   0.000000e+00   1.095622e+02   1.467020e+01  
461       1.49934386891e+05   0.000000e+00   1.105634e+02   1.461378e+01  
462       1.50941862767e+05   0.000000e+00   1.097187e+02   1.465854e+01  
463       1.49844074629e+05   0.000000e+00   1.107595e+02   1.461467e+01  
464       1.50913381487e+05   0.000000e+00   1.098877e+02   1.465926e+01  
465       1.49768802326e+05   0.000000e+00   1.108874e+02   1.460321e+01  
466       1.50616717167e+05   0.000000e+00   1.103163e+02   1.466362e+01  
467       1.50121886961e+05   0.000000e+00   1.106452e+02   1.460240e+01  
468       1.50511222149e+05   0.000000e+00   1.105041e+02   1.465681e+01  
469       1.50167808107e+05   0.000000e+00   1.107778e+02   1.459576e+01  
470       1.50617047759e+05   0.000000e+00   1.104554e+02   1.465328e+01  
471       1.50105990842e+05   0.000000e+00   1.109240e+02   1.459731e+01  
472       1.50631064877e+05   0.000000e+00   1.107529e+02   1.464816e+01  
473       1.50050185224e+05   0.000000e+00   1.110057e+02   1.459788e+01  
474       1.50526390325e+05   0.000000e+00   1.108932e+02   1.464910e+01  
475       1.49947034906e+05   0.000000e+00   1.111312e+02   1.460567e+01  
476       1.50803829017e+05   0.000000e+00   1.105811e+02   1.464573e+01  
477       1.49686379054e+05   0.000000e+00   1.114612e+02   1.460877e+01  
478       1.50734093692e+05   0.000000e+00   1.107101e+02   1.464677e+01  
479       1.49905383506e+05   0.000000e+00   1.111742e+02   1.460947e+01  
480       1.50932165643e+05   0.000000e+00   1.106772e+02   1.465560e+01  
481       1.49970872798e+05   0.000000e+00   1.111650e+02   1.460727e+01  
482       1.50923938509e+05   0.000000e+00   1.106515e+02   1.466111e+01  
483       1.50038869617e+05   0.000000e+00   1.111106e+02   1.459669e+01  
484       1.51096473710e+05   0.000000e+00   1.104179e+02   1.464751e+01  
485       1.49902479179e+05   0.000000e+00   1.113533e+02   1.459728e+01  
486       1.50980694700e+05   0.000000e+00   1.104096e+02   1.465746e+01  
487       1.50064778302e+05   0.000000e+00   1.113880e+02   1.459823e+01  
488       1.51037909999e+05   0.000000e+00   1.102398e+02   1.467337e+01  
489       1.50227524491e+05   0.000000e+00   1.110144e+02   1.460653e+01  
490       1.51146814545e+05   0.000000e+00   1.101638e+02   1.466695e+01  
491       1.50176413213e+05   0.000000e+00   1.112695e+02   1.461134e+01  
492       1.51025052040e+05   0.000000e+00   1.103908e+02   1.466599e+01  
493       1.50006890350e+05   0.000000e+00   1.116755e+02   1.461468e+01  
494       1.50791567936e+05   0.000000e+00   1.108359e+02   1.467613e+01  
495       1.50085026758e+05   0.000000e+00   1.116994e+02   1.462286e+01  
496       1.50684649908e+05   0.000000e+00   1.109838e+02   1.468975e+01  
497       1.50395435734e+05   0.000000e+00   1.115060e+02   1.461623e+01  
498       1.50641656886e+05   0.000000e+00   1.108882e+02   1.467675e+01  
499       1.50645194487e+05   0.000000e+00   1.111214e+02   1.462033e+01  
500       1.50745173328e+05   0.000000e+00   1.107800e+02   1.467657e+01  
501       1.50807588457e+05   0.000000e+00   1.108387e+02   1.461532e+01  
502       1.50797194461e+05   0.000000e+00   1.109272e+02   1.467867e+01  
503       1.50302307005e+05   0.000000e+00   1.115223e+02   1.462838e+01  
504       1.50827534538e+05   0.000000e+00   1.107689e+02   1.467457e+01  
505       1.50255624912e+05   0.000000e+00   1.114096e+02   1.464067e+01  
506       1.51287638827e+05   0.000000e+00   1.101998e+02   1.466671e+01  
507       1.50583158267e+05   0.000000e+00   1.109538e+02   1.464520e+01  
508       1.51080452035e+05   0.000000e+00   1.104979e+02   1.465578e+01  
509       1.50300047886e+05   0.000000e+00   1.116491e+02   1.464779e+01  
510       1.50618261107e+05   0.000000e+00   1.114175e+02   1.466221e+01  
511       1.50295250958e+05   0.000000e+00   1.117932e+02   1.465206e+01  
512       1.50861735934e+05   0.000000e+00   1.111761e+02   1.464302e+01  
513       1.50450055395e+05   0.000000e+00   1.116215e+02   1.465643e+01  
514       1.50862771293e+05   0.000000e+00   1.110795e+02   1.463524e+01  
515       1.50763422023e+05   0.000000e+00   1.111965e+02   1.465230e+01  
516       1.50787352613e+05   0.000000e+00   1.112115e+02   1.464760e+01  
517       1.50687050357e+05   0.000000e+00   1.114423e+02   1.464519e+01  
518       1.50823337870e+05   0.000000e+00   1.111642e+02   1.464035e+01  
519       1.50848075492e+05   0.000000e+00   1.112950e+02   1.465193e+01  
520       1.50651170857e+05   0.000000e+00   1.115327e+02   1.464864e+01  
521       1.50562203671e+05   0.000000e+00   1.118100e+02   1.464940e+01  
522       1.50741942703e+05   0.000000e+00   1.113311e+02   1.465067e+01  
523       1.50617199729e+05   0.000000e+00   1.115223e+02   1.464361e+01  
524       1.50921235233e+05   0.000000e+00   1.111700e+02   1.465397e+01  
525       1.50544343943e+05   0.000000e+00   1.117327e+02   1.464941e+01  
526       1.50636421167e+05   0.000000e+00   1.117277e+02   1.465619e+01  
527       1.50549812480e+05   0.000000e+00   1.119799e+02   1.465203e+01  
528       1.50616054209e+05   0.000000e+00   1.118179e+02   1.463486e+01  
529       1.50732545778e+05   0.000000e+00   1.117927e+02   1.465976e+01  
530       1.50642730047e+05   0.000000e+00   1.118294e+02   1.463051e+01  
531       1.50668747630e+05   0.000000e+00   1.120079e+02   1.467556e+01  
532       1.50414658778e+05   0.000000e+00   1.121442e+02   1.462453e+01  
533       1.51121163347e+05   0.000000e+00   1.114507e+02   1.467362e+01  
534       1.50551637914e+05   0.000000e+00   1.119964e+02   1.461635e+01  
535       1.51065232396e+05   0.000000e+00   1.117848e+02   1.468700e+01  
536       1.50425036277e+05   0.000000e+00   1.122692e+02   1.462028e+01  
537       1.50923975525e+05   0.000000e+00   1.120895e+02   1.468347e+01  
538       1.50624442211e+05   0.000000e+00   1.119903e+02   1.461457e+01  
539       1.50908457671e+05   0.000000e+00   1.122238e+02   1.467846e+01  
540       1.50518285145e+05   0.000000e+00   1.123893e+02   1.462858e+01  
541       1.50799746439e+05   0.000000e+00   1.125840e+02   1.468244e+01  
542       1.50589471011e+05   0.000000e+00   1.122377e+02   1.461611e+01  
543       1.50866579403e+05   0.000000e+00   1.125353e+02   1.468898e+01  
544       1.50286042547e+05   0.000000e+00   1.125587e+02   1.462863e+01  
545       1.51057974684e+05   0.000000e+00   1.123885e+02   1.468855e+01  
546       1.50426189347e+05   0.000000e+00   1.124037e+02   1.462513e+01  
547       1.51030312022e+05   0.000000e+00   1.124826e+02   1.468349e+01  
548       1.50248209028e+05   0.000000e+00   1.129378e+02   1.462944e+01  
549       1.50899380088e+05   0.000000e+00   1.126030e+02   1.468527e+01  
550       1.50413762535e+05   0.000000e+00   1.127387e+02   1.461590e+01  
551       1.50980976699e+05   0.000000e+00   1.124324e+02   1.467615e+01  
552       1.50559661629e+05   0.000000e+00   1.126104e+02   1.462462e+01  
553       1.50887072552e+05   0.000000e+00   1.125270e+02   1.467409e+01  
554       1.50676046716e+05   0.000000e+00   1.125439e+02   1.462718e+01  
555       1.50684296892e+05   0.000000e+00   1.128466e+02   1.467880e+01  
556       1.50713422931e+05   0.000000e+00   1.126158e+02   1.463020e+01  
557       1.50755916876e+05   0.000000e+00   1.128920e+02   1.467588e+01  
558       1.50546701221e+05   0.000000e+00   1.130455e+02   1.463632e+01  
559       1.50750934141e+05   0.000000e+00   1.128646e+02   1.467898e+01  
560       1.50545665145e+05   0.000000e+00   1.130909e+02   1.464099e+01  
561       1.50685225105e+05   0.000000e+00   1.128832e+02   1.467401e+01  
562       1.50591190635e+05   0.000000e+00   1.130312e+02   1.463624e+01  
563       1.50532345881e+05   0.000000e+00   1.129685e+02   1.467525e+01  
564       1.50647997437e+05   0.000000e+00   1.129527e+02   1.464686e+01  
565       1.50669747067e+05   0.000000e+00   1.129409e+02   1.468856e+01  
566       1.50602774008e+05   0.000000e+00   1.131697e+02   1.464398e+01  
567       1.50471068983e+05   0.000000e+00   1.132707e+02   1.469054e+01  
568       1.50594956064e+05   0.000000e+00   1.133230e+02   1.465119e+01  
569       1.50361706845e+05   0.000000e+00   1.134706e+02   1.468330e+01  
570       1.50652244484e+05   0.000000e+00   1.132749e+02   1.465294e+01  
571       1.50417629465e+05   0.000000e+00   1.133152e+02   1.469581e+01  
572       1.50902183111e+05   0.000000e+00   1.127194e+02   1.465090e+01  
573       1.50878154978e+05   0.000000e+00   1.127769e+02   1.469443e+01  
574       1.51068991650e+05   0.000000e+00   1.127283e+02   1.465291e+01  
575       1.50746083794e+05   0.000000e+00   1.131058e+02   1.469586e+01  
576       1.50957812077e+05   0.000000e+00   1.129609e+02   1.465029e+01  
577       1.50691103652e+05   0.000000e+00   1.130664e+02   1.469845e+01  
578       1.50710234572e+05   0.000000e+00   1.132558e+02   1.465821e+01  
579       1.50423762838e+05   0.000000e+00   1.133671e+02   1.470540e+01  
580       1.50802956996e+05   0.000000e+00   1.132152e+02   1.467271e+01  
581       1.50409238723e+05   0.000000e+00   1.134966e+02   1.470388e+01  
582       1.50685771227e+05   0.000000e+00   1.132495e+02   1.467943e+01  
583       1.50526833025e+05   0.000000e+00   1.133711e+02   1.469634e+01  
584       1.50734063208e+05   0.000000e+00   1.132085e+02   1.466702e+01  
585       1.50657502032e+05   0.000000e+00   1.132970e+02   1.470052e+01  
586       1.50773231534e+05   0.000000e+00   1.132140e+02   1.466378e+01  
587       1.50410233473e+05   0.000000e+00   1.138227e+02   1.470371e+01  
588       1.50575369779e+05   0.000000e+00   1.135394e+02   1.466654e+01  
589       1.50645552294e+05   0.000000e+00   1.132940e+02   1.470532e+01  
590       1.50727107606e+05   0.000000e+00   1.132750e+02   1.467697e+01  
591       1.51338773348e+05   0.000000e+00   1.123158e+02   1.468203e+01  
592       1.50664477258e+05   0.000000e+00   1.134353e+02   1.468014e+01  
593       1.50954754129e+05   0.000000e+00   1.129677e+02   1.468586e+01  
594       1.50580227456e+05   0.000000e+00   1.137367e+02   1.467884e+01  
595       1.50678706326e+05   0.000000e+00   1.134279e+02   1.468769e+01  
596       1.50709664030e+05   0.000000e+00   1.136496e+02   1.468213e+01  
597       1.50727697035e+05   0.000000e+00   1.133254e+02   1.466484e+01  
598       1.50743678392e+05   0.000000e+00   1.137463e+02   1.467958e+01  
599       1.50488802377e+05   0.000000e+00   1.137092e+02   1.466442e+01  
600       1.50560677362e+05   0.000000e+00   1.139594e+02   1.468973e+01  
601       1.50386348776e+05   0.000000e+00   1.138789e+02   1.466192e+01  
602       1.50671225346e+05   0.000000e+00   1.138665e+02   1.468330e+01  
603       1.50250470961e+05   0.000000e+00   1.142631e+02   1.466461e+01  
604       1.50653828259e+05   0.000000e+00   1.138774e+02   1.468777e+01  
605       1.50229775843e+05   0.000000e+00   1.141040e+02   1.466134e+01  
606       1.50777420180e+05   0.000000e+00   1.138455e+02   1.467774e+01  
607       1.50371471059e+05   0.000000e+00   1.138864e+02   1.465461e+01  
608       1.50812441954e+05   0.000000e+00   1.136307e+02   1.467160e+01  
609       1.50486723693e+05   0.000000e+00   1.140114e+02   1.465935e+01  
610       1.50558966712e+05   0.000000e+00   1.141625e+02   1.468621e+01  
611       1.50621685500e+05   0.000000e+00   1.139906e+02   1.465185e+01  
612       1.50531155467e+05   0.000000e+00   1.142330e+02   1.468444e+01  
613       1.50900280602e+05   0.000000e+00   1.137985e+02   1.463904e+01  
614       1.50471127879e+05   0.000000e+00   1.143883e+02   1.469027e+01  
615       1.50738718173e+05   0.000000e+00   1.140796e+02   1.464127e+01  
616       1.50424529945e+05   0.000000e+00   1.145173e+02   1.469486e+01  
617       1.50630353233e+05   0.000000e+00   1.143359e+02   1.464499e+01  
618       1.50633660513e+05   0.000000e+00   1.143466e+02   1.467929e+01  
619       1.50807798990e+05   0.000000e+00   1.142700e+02   1.464627e+01  
620       1.50494529722e+05   0.000000e+00   1.144694e+02   1.468904e+01  
621       1.50690288020e+05   0.000000e+00   1.145833e+02   1.464581e+01  
622       1.50455203255e+05   0.000000e+00   1.145133e+02   1.466739e+01  
623       1.50966270993e+05   0.000000e+00   1.142345e+02   1.465403e+01  
624       1.50124334635e+05   0.000000e+00   1.151138e+02   1.466157e+01  
625       1.50937855521e+05   0.000000e+00   1.145226e+02   1.465949e+01  
626       1.49952261298e+05   0.000000e+00   1.155160e+02   1.465619e+01  
627       1.50942478807e+05   0.000000e+00   1.144645e+02   1.466329e+01  
628       1.50074361591e+05   0.000000e+00   1.152762e+02   1.464522e+01  
629       1.50721852675e+05   0.000000e+00   1.148738e+02   1.468270e+01  
630       1.50106329571e+05   0.000000e+00   1.153267e+02   1.464296e+01  
631       1.50798614887e+05   0.000000e+00   1.148300e+02   1.467333e+01  
632       1.49952941199e+05   0.000000e+00   1.156537e+02   1.464152e+01  
633       1.50322941371e+05   0.000000e+00   1.154162e+02   1.467540e+01  
634       1.50134873523e+05   0.000000e+00   1.154524e+02   1.464526e+01  
635       1.50435218889e+05   0.000000e+00   1.151271e+02   1.466993e+01  
636       1.50243733708e+05   0.000000e+00   1.153825e+02   1.465127e+01  
637       1.50437731045e+05   0.000000e+00   1.151267e+02   1.467292e+01  
638       1.50133947150e+05   0.000000e+00   1.156716e+02   1.466057e+01  
639       1.50584779714e+05   0.000000e+00   1.149723e+02   1.466715e+01  
640       1.50360547023e+05   0.000000e+00   1.151191e+02   1.466073e+01  
641       1.50778713021e+05   0.000000e+00   1.147699e+02   1.466107e+01  
642       1.50325669059e+05   0.000000e+00   1.150746e+02   1.467413e+01  
643       1.50949505497e+05   0.000000e+00   1.145833e+02   1.465410e+01  
644       1.50262524783e+05   0.000000e+00   1.151141e+02   1.467812e+01  
645       1.50825168550e+05   0.000000e+00   1.147276e+02   1.465483e+01  
646       1.50452337563e+05   0.000000e+00   1.148236e+02   1.466786e+01  
647       1.50825893305e+05   0.000000e+00   1.145964e+02   1.465363e+01  
648       1.50551203799e+05   0.000000e+00   1.147657e+02   1.467536e+01  
649       1.51005295801e+05   0.000000e+00   1.143688e+02   1.466059e+01  
650       1.50534953962e+05   0.000000e+00   1.147788e+02   1.467738e+01  
651       1.50970204578e+05   0.000000e+00   1.147095e+02   1.467119e+01  
652       1.50315773662e+05   0.000000e+00   1.152174e+02   1.466937e+01  
653       1.50539283784e+05   0.000000e+00   1.153452e+02   1.468899e+01  
654       1.50372874463e+05   0.000000e+00   1.150393e+02   1.466364e+01  
655       1.50842495894e+05   0.000000e+00   1.148629e+02   1.468091e+01  
656       1.50246275728e+05   0.000000e+00   1.152274e+02   1.466782e+01  
657       1.50936949334e+05   0.000000e+00   1.145537e+02   1.468568e+01  
658       1.50550748866e+05   0.000000e+00   1.147180e+02   1.465539e+01  
659       1.50893596834e+05   0.000000e+00   1.147940e+02   1.469246e+01  
660       1.50405361953e+05   0.000000e+00   1.152030e+02   1.464898e+01  
661       1.50615956809e+05   0.000000e+00   1.152131e+02   1.469328e+01  
662       1.50605150465e+05   0.000000e+00   1.149692e+02   1.465326e+01  
663       1.50703736734e+05   0.000000e+00   1.151454e+02   1.469335e+01  
664       1.50640391069e+05   0.000000e+00   1.149972e+02   1.466234e+01  
665       1.50581296463e+05   0.000000e+00   1.153476e+02   1.470614e+01  
666       1.50565614957e+05   0.000000e+00   1.152378e+02   1.465964e+01  
667       1.50755990696e+05   0.000000e+00   1.151732e+02   1.470499e+01  
668       1.50508201484e+05   0.000000e+00   1.151782e+02   1.466239e+01  
669       1.50810751057e+05   0.000000e+00   1.151879e+02   1.469127e+01  
670       1.50521739860e+05   0.000000e+00   1.152983e+02   1.465914e+01  
671       1.50681419232e+05   0.000000e+00   1.153320e+02   1.469010e+01  
672       1.50439331169e+05   0.000000e+00   1.155704e+02   1.466961e+01  
673       1.50376073036e+05   0.000000e+00   1.157142e+02   1.469345e+01  
674       1.50653367973e+05   0.000000e+00   1.152303e+02   1.467432e+01  
675       1.50708813514e+05   0.000000e+00   1.151621e+02   1.469764e+01  
676       1.50653452645e+05   0.000000e+00   1.152829e+02   1.466699e+01  
677       1.50549098721e+05   0.000000e+00   1.153982e+02   1.469106e+01  
678       1.50597088377e+05   0.000000e+00   1.154515e+02   1.466885e+01  
679       1.50251630760e+05   0.000000e+00   1.157200e+02   1.469700e+01  
680       1.50999607885e+05   0.000000e+00   1.148972e+02   1.466123e+01  
681       1.50394847067e+05   0.000000e+00   1.156279e+02   1.468891e+01  
682       1.50771357736e+05   0.000000e+00   1.153174e+02   1.465468e+01  
683       1.50530199890e+05   0.000000e+00   1.155655e+02   1.469054e+01  
684       1.50654949519e+05   0.000000e+00   1.154570e+02   1.465749e+01  
685       1.50699033901e+05   0.000000e+00   1.156132e+02   1.468091e+01  
686       1.50456472774e+05   0.000000e+00   1.156624e+02   1.466155e+01  
687       1.50812130974e+05   0.000000e+00   1.156214e+02   1.468402e+01  
688       1.50142885745e+05   0.000000e+00   1.162607e+02   1.466116e+01  
689       1.50678045781e+05   0.000000e+00   1.160075e+02   1.469138e+01  
690       1.50070195730e+05   0.000000e+00   1.163189e+02   1.466818e+01  
691       1.50737118786e+05   0.000000e+00   1.159522e+02   1.467613e+01  
692       1.50148150706e+05   0.000000e+00   1.164488e+02   1.466694e+01  
693       1.50649767531e+05   0.000000e+00   1.160872e+02   1.467979e+01  
694       1.50167342136e+05   0.000000e+00   1.165283e+02   1.467815e+01  
695       1.50561279252e+05   0.000000e+00   1.162831e+02   1.468144e+01  
696       1.50549153791e+05   0.000000e+00   1.161563e+02   1.467085e+01  
697       1.50443636232e+05   0.000000e+00   1.164555e+02   1.467771e+01  
698       1.50665039558e+05   0.000000e+00   1.159850e+02   1.467327e+01  
699       1.50409613465e+05   0.000000e+00   1.165730e+02   1.468003e+01  
700       1.50412647013e+05   0.000000e+00   1.165349e+02   1.468445e+01  
701       1.50566157675e+05   0.000000e+00   1.163728e+02   1.467693e+01  
702       1.50519497944e+05   0.000000e+00   1.162919e+02   1.467163e+01  
703       1.50684819737e+05   0.000000e+00   1.163454e+02   1.468405e+01  
704       1.50287076730e+05   0.000000e+00   1.167032e+02   1.468438e+01  
705       1.50523834880e+05   0.000000e+00   1.164668e+02   1.469296e+01  
706       1.50463299762e+05   0.000000e+00   1.163920e+02   1.467191e+01  
707       1.50924255360e+05   0.000000e+00   1.160265e+02   1.468950e+01  
708       1.50492031622e+05   0.000000e+00   1.163673e+02   1.467341e+01  
709       1.50679400921e+05   0.000000e+00   1.164137e+02   1.469538e+01  
710       1.50386257925e+05   0.000000e+00   1.167542e+02   1.467738e+01  
711       1.50535100233e+05   0.000000e+00   1.166939e+02   1.468889e+01  
712       1.50762867891e+05   0.000000e+00   1.162992e+02   1.467294e+01  
713       1.50553152815e+05   0.000000e+00   1.165142e+02   1.468684e+01  
714       1.50733135903e+05   0.000000e+00   1.165619e+02   1.468482e+01  
715       1.50585032486e+05   0.000000e+00   1.164537e+02   1.467865e+01  
716       1.50835195995e+05   0.000000e+00   1.164384e+02   1.467726e+01  
717       1.50427364705e+05   0.000000e+00   1.166691e+02   1.468806e+01  
718       1.50677725691e+05   0.000000e+00   1.166645e+02   1.467706e+01  
719       1.50411995449e+05   0.000000e+00   1.167895e+02   1.468541e+01  
720       1.50957146279e+05   0.000000e+00   1.164139e+02   1.467822e+01  
721       1.50345091860e+05   0.000000e+00   1.168525e+02   1.467996e+01  
722       1.50753921485e+05   0.000000e+00   1.168375e+02   1.468597e+01  
723       1.50226479328e+05   0.000000e+00   1.170517e+02   1.468283e+01  
724       1.50890784759e+05   0.000000e+00   1.167444e+02   1.468565e+01  
725       1.50310964471e+05   0.000000e+00   1.169938e+02   1.468425e+01  
726       1.50767193976e+05   0.000000e+00   1.170533e+02   1.469015e+01  
727       1.50022348392e+05   0.000000e+00   1.175863e+02   1.469449e+01  
728       1.50972679030e+05   0.000000e+00   1.167954e+02   1.468519e+01  
729       1.49913588810e+05   0.000000e+00   1.175723e+02   1.468592e+01  
730       1.50818514408e+05   0.000000e+00   1.170719e+02   1.468884e+01  
731       1.50001146915e+05   0.000000e+00   1.172146e+02   1.468019e+01  
732       1.51215639048e+05   0.000000e+00   1.164272e+02   1.468557e+01  
733       1.50074494386e+05   0.000000e+00   1.171192e+02   1.467867e+01  
734       1.51064158332e+05   0.000000e+00   1.166979e+02   1.469029e+01  
735       1.50151062869e+05   0.000000e+00   1.171676e+02   1.467540e+01  
736       1.50951041933e+05   0.000000e+00   1.171771e+02   1.469680e+01  
737       1.49925615778e+05   0.000000e+00   1.176711e+02   1.467271e+01  
738       1.50897921283e+05   0.000000e+00   1.171917e+02   1.470264e+01  
739       1.49796539295e+05   0.000000e+00   1.180205e+02   1.468187e+01  
740       1.50828976388e+05   0.000000e+00   1.173066e+02   1.469884e+01  
741       1.49963653624e+05   0.000000e+00   1.177248e+02   1.467476e+01  
742       1.50774668017e+05   0.000000e+00   1.172671e+02   1.469747e+01  
743       1.50001697326e+05   0.000000e+00   1.178386e+02   1.467373e+01  
744       1.50837152410e+05   0.000000e+00   1.172760e+02   1.468454e+01  
745       1.50038054645e+05   0.000000e+00   1.178436e+02   1.467160e+01  
746       1.50637222370e+05   0.000000e+00   1.174848e+02   1.468956e+01  
747       1.50195052712e+05   0.000000e+00   1.174873e+02   1.467072e+01  
748       1.50894444424e+05   0.000000e+00   1.172687e+02   1.468620e+01  
749       1.50093638217e+05   0.000000e+00   1.177192e+02   1.468286e+01  
750       1.50684396934e+05   0.000000e+00   1.174904e+02   1.469314e+01  
751       1.50109880190e+05   0.000000e+00   1.176173e+02   1.468210e+01  
752       1.50841551978e+05   0.000000e+00   1.172276e+02   1.469377e+01  
753       1.50316778836e+05   0.000000e+00   1.176049e+02   1.467073e+01  
754       1.50466346950e+05   0.000000e+00   1.177602e+02   1.469247e+01  
755       1.50192847198e+05   0.000000e+00   1.180582e+02   1.466610e+01  
756       1.50362985893e+05   0.000000e+00   1.181068e+02   1.469590e+01  
757       1.49952119613e+05   0.000000e+00   1.183257e+02   1.466967e+01  
758       1.50547067177e+05   0.000000e+00   1.179084e+02   1.469849e+01  
759       1.50173448308e+05   0.000000e+00   1.179076e+02   1.466046e+01  
760       1.50685670406e+05   0.000000e+00   1.178941e+02   1.470327e+01  
761       1.49902895559e+05   0.000000e+00   1.184676e+02   1.466134e+01  
762       1.50293713200e+05   0.000000e+00   1.185026e+02   1.471036e+01  
763       1.49904654059e+05   0.000000e+00   1.185511e+02   1.465874e+01  
764       1.50521002943e+05   0.000000e+00   1.180430e+02   1.470953e+01  
765       1.50203297363e+05   0.000000e+00   1.182089e+02   1.464095e+01  
766       1.50240910874e+05   0.000000e+00   1.184926e+02   1.471450e+01  
767       1.50160683045e+05   0.000000e+00   1.183410e+02   1.463347e+01  
768       1.50360584818e+05   0.000000e+00   1.183567e+02   1.471282e+01  
769       1.50129593501e+05   0.000000e+00   1.183720e+02   1.463998e+01  
770       1.50584874446e+05   0.000000e+00   1.181473e+02   1.469620e+01  
771       1.50037055411e+05   0.000000e+00   1.184360e+02   1.464120e+01  
772       1.50458718695e+05   0.000000e+00   1.183536e+02   1.470104e+01  
773       1.49931268889e+05   0.000000e+00   1.186454e+02   1.464574e+01  
774       1.50336422667e+05   0.000000e+00   1.184040e+02   1.469139e+01  
775       1.49985057361e+05   0.000000e+00   1.186946e+02   1.464832e+01  
776       1.50263870141e+05   0.000000e+00   1.184829e+02   1.467903e+01  
777       1.49962034854e+05   0.000000e+00   1.186983e+02   1.465851e+01  
778       1.50293789351e+05   0.000000e+00   1.184640e+02   1.467679e+01  
779       1.50007305713e+05   0.000000e+00   1.187978e+02   1.466071e+01  
780       1.50195189167e+05   0.000000e+00   1.186178e+02   1.467107e+01  
781       1.50227764932e+05   0.000000e+00   1.185858e+02   1.465634e+01  
782       1.49985937163e+05   0.000000e+00   1.189766e+02   1.466458e+01  
783       1.50067196925e+05   0.000000e+00   1.189534e+02   1.466983e+01  
784       1.49929365411e+05   0.000000e+00   1.189422e+02   1.466608e+01  
785       1.50155138172e+05   0.000000e+00   1.189834e+02   1.466283e+01  
786       1.49867910545e+05   0.000000e+00   1.191303e+02   1.466551e+01  
787       1.50105313210e+05   0.000000e+00   1.189774e+02   1.466703e+01  
788       1.49848216790e+05   0.000000e+00   1.192118e+02   1.467649e+01  
789       1.49871874474e+05   0.000000e+00   1.193714e+02   1.466594e+01  
790       1.50085281967e+05   0.000000e+00   1.189613e+02   1.467137e+01  
791       1.50183116129e+05   0.000000e+00   1.187475e+02   1.466298e+01  
792       1.50114878993e+05   0.000000e+00   1.189023e+02   1.466628e+01  
793       1.50149869499e+05   0.000000e+00   1.188841e+02   1.467090e+01  
794       1.50013288925e+05   0.000000e+00   1.191874e+02   1.467615e+01  
795       1.49932444857e+05   0.000000e+00   1.191921e+02   1.466852e+01  
796       1.50394910143e+05   0.000000e+00   1.187061e+02   1.467315e+01  
797       1.50035330373e+05   0.000000e+00   1.188662e+02   1.467746e+01  
798       1.50454919303e+05   0.000000e+00   1.186068e+02   1.467536e+01  
799       1.49921758557e+05   0.000000e+00   1.190194e+02   1.467680e+01  
800       1.50488126233e+05   0.000000e+00   1.187537e+02   1.466639e+01  
801       1.49846846143e+05   0.000000e+00   1.191543e+02   1.468153e+01  
802       1.50485190915e+05   0.000000e+00   1.187762e+02   1.465773e+01  
803       1.49753218220e+05   0.000000e+00   1.191099e+02   1.468951e+01  
804       1.50655023854e+05   0.000000e+00   1.186706e+02   1.465467e+01  
805       1.49786373103e+05   0.000000e+00   1.188749e+02   1.468729e+01  
806       1.50706478604e+05   0.000000e+00   1.182560e+02   1.464423e+01  
807       1.49791780171e+05   0.000000e+00   1.190343e+02   1.469090e+01  
808       1.50570792179e+05   0.000000e+00   1.185906e+02   1.465078e+01  
809       1.49991078880e+05   0.000000e+00   1.189665e+02   1.468394e+01  
810       1.50559448487e+05   0.000000e+00   1.185795e+02   1.465204e+01  
811       1.49945531213e+05   0.000000e+00   1.192610e+02   1.468428e+01  
812       1.50271222845e+05   0.000000e+00   1.192333e+02   1.466213e+01  
813       1.49881674129e+05   0.000000e+00   1.196056e+02   1.468296e+01  
814       1.50372122901e+05   0.000000e+00   1.191538e+02   1.466311e+01  
815       1.49775437502e+05   0.000000e+00   1.197388e+02   1.468245e+01  
816       1.50419097870e+05   0.000000e+00   1.190090e+02   1.466670e+01  
817       1.50051002193e+05   0.000000e+00   1.193347e+02   1.468130e+01  
818       1.50528820897e+05   0.000000e+00   1.186729e+02   1.466992e+01  
819       1.50297238303e+05   0.000000e+00   1.190101e+02   1.467600e+01  
820       1.50658823079e+05   0.000000e+00   1.186195e+02   1.466360e+01  
821       1.50198145611e+05   0.000000e+00   1.192859e+02   1.468449e+01  
822       1.50746903253e+05   0.000000e+00   1.185672e+02   1.465942e+01  
823       1.50036534702e+05   0.000000e+00   1.197118e+02   1.468744e+01  
824       1.50602682305e+05   0.000000e+00   1.187897e+02   1.466754e+01  
825       1.50290327224e+05   0.000000e+00   1.193377e+02   1.468359e+01  
826       1.50457375363e+05   0.000000e+00   1.191609e+02   1.466868e+01  
827       1.50141406267e+05   0.000000e+00   1.195844e+02   1.468948e+01  
828       1.50394900458e+05   0.000000e+00   1.193130e+02   1.467133e+01  
829       1.50346583053e+05   0.000000e+00   1.194762e+02   1.467978e+01  
830       1.50373614464e+05   0.000000e+00   1.193399e+02   1.466577e+01  
831       1.50286848372e+05   0.000000e+00   1.196674e+02   1.467839e+01  
832       1.50392530186e+05   0.000000e+00   1.194581e+02   1.466569e+01  
833       1.50352319043e+05   0.000000e+00   1.198004e+02   1.468101e+01  
834       1.50319957477e+05   0.000000e+00   1.197799e+02   1.466614e+01  
835       1.50259653724e+05   0.000000e+00   1.196565e+02   1.469031e+01  
836       1.50730995045e+05   0.000000e+00   1.191518e+02   1.466903e+01  
837       1.50287661053e+05   0.000000e+00   1.196135e+02   1.468332e+01  
838       1.50758034159e+05   0.000000e+00   1.193118e+02   1.466082e+01  
839       1.49970017524e+05   0.000000e+00   1.202076e+02   1.468725e+01  
840       1.50278423755e+05   0.000000e+00   1.202325e+02   1.466876e+01  
841       1.50035175095e+05   0.000000e+00   1.202118e+02   1.468350e+01  
842       1.50612771929e+05   0.000000e+00   1.196111e+02   1.466090e+01  
843       1.50062665589e+05   0.000000e+00   1.203915e+02   1.468832e+01  
844       1.50510405231e+05   0.000000e+00   1.199105e+02   1.466433e+01  
845       1.50255951885e+05   0.000000e+00   1.202792e+02   1.467730e+01  
846       1.50266113354e+05   0.000000e+00   1.203287e+02   1.467776e+01  
847       1.50065047094e+05   0.000000e+00   1.204030e+02   1.467117e+01  
848       1.50374899391e+05   0.000000e+00   1.202365e+02   1.467126e+01  
849       1.50125926357e+05   0.000000e+00   1.203969e+02   1.467233e+01  
850       1.50266372764e+05   0.000000e+00   1.205287e+02   1.466905e+01  
851       1.49684887810e+05   0.000000e+00   1.209291e+02   1.467918e+01  
852       1.50290378729e+05   0.000000e+00   1.205821e+02   1.467448e+01  
853       1.49973414125e+05   0.000000e+00   1.206723e+02   1.467871e+01  
854       1.50529693517e+05   0.000000e+00   1.201291e+02   1.466956e+01  
855       1.49917372542e+05   0.000000e+00   1.207860e+02   1.467322e+01  
856       1.50418968160e+05   0.000000e+00   1.204737e+02   1.468058e+01  
857       1.49992080477e+05   0.000000e+00   1.207880e+02   1.467852e+01  
858       1.50427884674e+05   0.000000e+00   1.204915e+02   1.468363e+01  
859       1.50175797088e+05   0.000000e+00   1.206580e+02   1.467721e+01  
860       1.50400986376e+05   0.000000e+00   1.204833e+02   1.467136e+01  
861       1.50181732984e+05   0.000000e+00   1.207538e+02   1.468251e+01  
862       1.50204005427e+05   0.000000e+00   1.206265e+02   1.467723e+01  
863       1.50332218081e+05   0.000000e+00   1.206890e+02   1.468855e+01  
864       1.50230397675e+05   0.000000e+00   1.205408e+02   1.467293e+01  
865       1.50623488820e+05   0.000000e+00   1.202514e+02   1.468148e+01  
866       1.50222959529e+05   0.000000e+00   1.205499e+02   1.467681e+01  
867       1.50474007326e+05   0.000000e+00   1.204658e+02   1.468646e+01  
868       1.50252928232e+05   0.000000e+00   1.206207e+02   1.467594e+01  
869       1.50483012525e+05   0.000000e+00   1.205799e+02   1.468678e+01  
870       1.50183137444e+05   0.000000e+00   1.206793e+02   1.467560e+01  
871       1.50475557413e+05   0.000000e+00   1.204392e+02   1.468226e+01  
872       1.50112925200e+05   0.000000e+00   1.208037e+02   1.468213e+01  
873       1.50340479102e+05   0.000000e+00   1.205772e+02   1.469656e+01  
874       1.50265450298e+05   0.000000e+00   1.205507e+02   1.467401e+01  
875       1.50580846396e+05   0.000000e+00   1.202013e+02   1.468359e+01  
876       1.50252660458e+05   0.000000e+00   1.206572e+02   1.467613e+01  
877       1.50281308150e+05   0.000000e+00   1.207940e+02   1.469034e+01  
878       1.50074947012e+05   0.000000e+00   1.209952e+02   1.467790e+01  
879       1.50211035647e+05   0.000000e+00   1.207577e+02   1.469243e+01  
880       1.50118694814e+05   0.000000e+00   1.208696e+02   1.467423e+01  
881       1.50284548385e+05   0.000000e+00   1.205322e+02   1.468934e+01  
882       1.50089802309e+05   0.000000e+00   1.210338e+02   1.468857e+01  
883       1.50084309992e+05   0.000000e+00   1.210375e+02   1.468949e+01  
884       1.50022370104e+05   0.000000e+00   1.212247e+02   1.469393e+01  
885       1.50001941448e+05   0.000000e+00   1.211357e+02   1.468631e+01  
886       1.50097710468e+05   0.000000e+00   1.213700e+02   1.469045e+01  
887       1.49835137022e+05   0.000000e+00   1.216313e+02   1.469149e+01  
888       1.50021687413e+05   0.000000e+00   1.215400e+02   1.469939e+01  
889       1.50001284142e+05   0.000000e+00   1.213591e+02   1.467598e+01  
890       1.50128925219e+05   0.000000e+00   1.214024e+02   1.469872e+01  
891       1.50028885531e+05   0.000000e+00   1.213815e+02   1.467855e+01  
892       1.50076352422e+05   0.000000e+00   1.214401e+02   1.469711e+01  
893       1.50018035760e+05   0.000000e+00   1.213258e+02   1.468303e+01  
894       1.50328550290e+05   0.000000e+00   1.211457e+02   1.469363e+01  
895       1.50139291808e+05   0.000000e+00   1.211270e+02   1.468301e+01  
896       1.50078181342e+05   0.000000e+00   1.215234e+02   1.469339e+01  
897       1.50204233499e+05   0.000000e+00   1.212445e+02   1.468889e+01  
898       1.49857142857e+05   0.000000e+00   1.219392e+02   1.469686e+01  
899       1.50074128615e+05   0.000000e+00   1.215554e+02   1.468257e+01  
900       1.49810777579e+05   0.000000e+00   1.219904e+02   1.469245e+01  
901       1.50015992903e+05   0.000000e+00   1.218128e+02   1.469465e+01  
902       1.49789146428e+05   0.000000e+00   1.222212e+02   1.468879e+01  
903       1.49835393505e+05   0.000000e+00   1.217919e+02   1.468807e+01  
904       1.50246260717e+05   0.000000e+00   1.217362e+02   1.467826e+01  
905       1.49724950505e+05   0.000000e+00   1.221219e+02   1.468151e+01  
906       1.50327157351e+05   0.000000e+00   1.216689e+02   1.467474e+01  
907       1.49837084553e+05   0.000000e+00   1.219176e+02   1.467656e+01  
908       1.50159582482e+05   0.000000e+00   1.218837e+02   1.468430e+01  
909       1.49906646553e+05   0.000000e+00   1.219899e+02   1.467309e+01  
910       1.50059392223e+05   0.000000e+00   1.220057e+02   1.468296e+01  
911       1.50059891010e+05   0.000000e+00   1.218576e+02   1.466887e+01  
912       1.50041957845e+05   0.000000e+00   1.219803e+02   1.467896e+01  
913       1.49750003739e+05   0.000000e+00   1.224473e+02   1.466951e+01  
914       1.50118260111e+05   0.000000e+00   1.221219e+02   1.467556e+01  
915       1.49680279388e+05   0.000000e+00   1.225125e+02   1.466998e+01  
916       1.50017518891e+05   0.000000e+00   1.223472e+02   1.467174e+01  
917       1.49391605064e+05   0.000000e+00   1.230218e+02   1.467546e+01  
918       1.50178254940e+05   0.000000e+00   1.223171e+02   1.466452e+01  
919       1.49440154214e+05   0.000000e+00   1.229201e+02   1.467461e+01  
920       1.50276032754e+05   0.000000e+00   1.220692e+02   1.466370e+01  
921       1.49540610547e+05   0.000000e+00   1.228037e+02   1.467134e+01  
922       1.50139046045e+05   0.000000e+00   1.223675e+02   1.466986e+01  
923       1.49584430660e+05   0.000000e+00   1.228277e+02   1.466529e+01  
924       1.49995540066e+05   0.000000e+00   1.225858e+02   1.466717e+01  
925       1.49396039661e+05   0.000000e+00   1.229302e+02   1.467930e+01  
926       1.50297611665e+05   0.000000e+00   1.222547e+02   1.465348e+01  
927       1.49724370270e+05   0.000000e+00   1.225270e+02   1.466765e+01  
928       1.49906587768e+05   0.000000e+00   1.228171e+02   1.466227e+01  
929       1.49682491404e+05   0.000000e+00   1.228944e+02   1.467345e+01  
930       1.49869192146e+05   0.000000e+00   1.228415e+02   1.466385e+01  
931       1.49703074986e+05   0.000000e+00   1.228249e+02   1.466521e+01  
932       1.49948121954e+05   0.000000e+00   1.227566e+02   1.466757e+01  
933       1.49853160433e+05   0.000000e+00   1.227960e+02   1.466175e+01  
934       1.49838109051e+05   0.000000e+00   1.229233e+02   1.468073e+01  
935       1.49900582452e+05   0.000000e+00   1.227951e+02   1.464818e+01  
936       1.49687005493e+05   0.000000e+00   1.231663e+02   1.469152e+01  
937       1.49780522108e+05   0.000000e+00   1.230783e+02   1.466567e+01  
938       1.49913604392e+05   0.000000e+00   1.227962e+02   1.468182e+01  
939       1.50039225550e+05   0.000000e+00   1.226564e+02   1.466407e+01  
940       1.49691628847e+05   0.000000e+00   1.232087e+02   1.468569e+01  
941       1.49847848272e+05   0.000000e+00   1.231351e+02   1.467012e+01  
942       1.49868349822e+05   0.000000e+00   1.230658e+02   1.468277e+01  
943       1.50124737509e+05   0.000000e+00   1.227349e+02   1.466990e+01  
944       1.49631691909e+05   0.000000e+00   1.233778e+02   1.467346e+01  
945       1.49884791118e+05   0.000000e+00   1.231951e+02   1.467165e+01  
946       1.49715551506e+05   0.000000e+00   1.233460e+02   1.467487e+01  
947       1.49768165677e+05   0.000000e+00   1.234378e+02   1.468572e+01  
948       1.49779477073e+05   0.000000e+00   1.230766e+02   1.467330e+01  
949       1.49995700818e+05   0.000000e+00   1.229789e+02   1.467651e+01  
950       1.49720485893e+05   0.000000e+00   1.232947e+02   1.467546e+01  
951       1.50015477921e+05   0.000000e+00   1.229298e+02   1.467662e+01  
952       1.49698007350e+05   0.000000e+00   1.233476e+02   1.468091e+01  
953       1.49858626963e+05   0.000000e+00   1.234238e+02   1.468552e+01  
954       1.49752844099e+05   0.000000e+00   1.232604e+02   1.468241e+01  
955       1.50102228282e+05   0.000000e+00   1.231008e+02   1.467791e+01  
956       1.49619950730e+05   0.000000e+00   1.235219e+02   1.469504e+01  
957       1.50062541891e+05   0.000000e+00   1.231065e+02   1.468460e+01  
958       1.49786141517e+05   0.000000e+00   1.232598e+02   1.469220e+01  
959       1.50197784265e+05   0.000000e+00   1.229546e+02   1.468320e+01  
960       1.49805312129e+05   0.000000e+00   1.233873e+02   1.468963e+01  
961       1.50142247038e+05   0.000000e+00   1.230893e+02   1.468824e+01  
962       1.49736004393e+05   0.000000e+00   1.235758e+02   1.469103e+01  
963       1.49976111008e+05   0.000000e+00   1.235114e+02   1.469394e+01  
964       1.49924540331e+05   0.000000e+00   1.233086e+02   1.468036e+01  
965       1.50083738166e+05   0.000000e+00   1.232596e+02   1.469186e+01  
966       1.50096714935e+05   0.000000e+00   1.231240e+02   1.467796e+01  
967       1.49857392019e+05   0.000000e+00   1.234777e+02   1.470276e+01  
968       1.50218013089e+05   0.000000e+00   1.231506e+02   1.467016e+01  
969       1.49767911020e+05   0.000000e+00   1.235324e+02   1.469997e+01  
970       1.50232038609e+05   0.000000e+00   1.232458e+02   1.467424e+01  
971       1.49543741822e+05   0.000000e+00   1.239504e+02   1.470176e+01  
972       1.50255337274e+05   0.000000e+00   1.233544e+02   1.467466e+01  
973       1.49464274762e+05   0.000000e+00   1.241857e+02   1.469920e+01  
974       1.50077669085e+05   0.000000e+00   1.236854e+02   1.467383e+01  
975       1.49583048317e+05   0.000000e+00   1.239371e+02   1.468656e+01  
976       1.50039118148e+05   0.000000e+00   1.238729e+02   1.467624e+01  
977       1.49469533559e+05   0.000000e+00   1.241960e+02   1.469341e+01  
978       1.50225938695e+05   0.000000e+00   1.235121e+02   1.467293e+01  
979       1.49663427747e+05   0.000000e+00   1.238617e+02   1.468344e+01  
980       1.50374635488e+05   0.000000e+00   1.233711e+02   1.467360e+01  
981       1.49610744774e+05   0.000000e+00   1.239666e+02   1.468405e+01  
982       1.50318762312e+05   0.000000e+00   1.235254e+02   1.467554e+01  
983       1.49451558882e+05   0.000000e+00   1.241850e+02   1.468622e+01  
984       1.50323015677e+05   0.000000e+00   1.236407e+02   1.466612e+01  
985       1.49467170140e+05   0.000000e+00   1.243086e+02   1.469267e+01  
986       1.50187174750e+05   0.000000e+00   1.237827e+02   1.467789e+01  
987       1.49653530393e+05   0.000000e+00   1.243249e+02   1.468154e+01  
988       1.50054085277e+05   0.000000e+00   1.239074e+02   1.467728e+01  
989       1.49568384937e+05   0.000000e+00   1.245869e+02   1.467752e+01  
990       1.49975554160e+05   0.000000e+00   1.242671e+02   1.467232e+01  
991       1.49595766902e+05   0.000000e+00   1.246855e+02   1.468246e+01  
992       1.49982593959e+05   0.000000e+00   1.241979e+02   1.467884e+01  
993       1.49642951139e+05   0.000000e+00   1.246497e+02   1.467615e+01  
994       1.50008924847e+05   0.000000e+00   1.242302e+02   1.467584e+01  
995       1.49803970142e+05   0.000000e+00   1.244850e+02   1.468691e+01  
996       1.50144093282e+05   0.000000e+00   1.239904e+02   1.466038e+01  
997       1.49828342970e+05   0.000000e+00   1.244188e+02   1.468996e+01  
998       1.50102506369e+05   0.000000e+00   1.243300e+02   1.466729e+01  
999       1.49693266831e+05   0.000000e+00   1.247592e+02   1.468084e+01  
1000      1.50131363092e+05   0.000000e+00   1.243691e+02   1.466838e+01  
1001      1.49572709379e+05   0.000000e+00   1.249150e+02   1.468147e+01  
1002      1.50061108957e+05   0.000000e+00   1.246564e+02   1.467263e+01  
1003      1.49510653229e+05   0.000000e+00   1.250382e+02   1.468226e+01  
1004      1.50213517208e+05   0.000000e+00   1.243156e+02   1.467185e+01  
1005      1.49816505990e+05   0.000000e+00   1.246623e+02   1.467920e+01  
1006      1.49794733938e+05   0.000000e+00   1.249860e+02   1.468338e+01  
1007      1.49715811152e+05   0.000000e+00   1.249804e+02   1.467376e+01  
1008      1.49964553632e+05   0.000000e+00   1.249608e+02   1.468395e+01  
1009      1.49483426953e+05   0.000000e+00   1.252341e+02   1.468228e+01  
1010      1.50168186664e+05   0.000000e+00   1.247240e+02   1.467910e+01  
1011      1.49564870722e+05   0.000000e+00   1.249981e+02   1.468842e+01  
1012      1.50340995089e+05   0.000000e+00   1.246790e+02   1.468217e+01  
1013      1.49468030859e+05   0.000000e+00   1.251489e+02   1.468648e+01  
1014      1.50186794342e+05   0.000000e+00   1.248211e+02   1.468672e+01  
1015      1.49649828795e+05   0.000000e+00   1.249506e+02   1.468488e+01  
1016      1.50337090017e+05   0.000000e+00   1.244711e+02   1.468261e+01  
1017      1.49707367800e+05   0.000000e+00   1.250708e+02   1.469099e+01  
1018      1.50181843858e+05   0.000000e+00   1.249074e+02   1.468244e+01  
1019      1.49610450807e+05   0.000000e+00   1.251810e+02   1.470252e+01  
1020      1.50343293994e+05   0.000000e+00   1.246550e+02   1.467421e+01  
1021      1.49810880621e+05   0.000000e+00   1.249024e+02   1.469608e+01  
1022      1.50426264166e+05   0.000000e+00   1.244746e+02   1.467948e+01  
1023      1.49851927884e+05   0.000000e+00   1.248314e+02   1.470189e+01  
1024      1.50453745951e+05   0.000000e+00   1.244125e+02   1.467688e+01  
1025      1.49697017977e+05   0.000000e+00   1.251163e+02   1.470210e+01  
1026      1.50334091726e+05   0.000000e+00   1.246378e+02   1.468618e+01  
1027      1.50014462190e+05   0.000000e+00   1.246795e+02   1.469243e+01  
1028      1.50472253414e+05   0.000000e+00   1.245286e+02   1.467627e+01  
1029      1.49862184954e+05   0.000000e+00   1.250009e+02   1.469208e+01  
1030      1.50289192763e+05   0.000000e+00   1.248639e+02   1.468827e+01  
1031      1.49912417047e+05   0.000000e+00   1.251566e+02   1.469576e+01  
1032      1.50260431121e+05   0.000000e+00   1.248226e+02   1.468563e+01  
1033      1.50196606431e+05   0.000000e+00   1.247637e+02   1.468740e+01  
1034      1.49962214760e+05   0.000000e+00   1.253011e+02   1.468975e+01  
1035      1.50048399557e+05   0.000000e+00   1.251646e+02   1.469011e+01  
1036      1.50123130655e+05   0.000000e+00   1.251958e+02   1.469258e+01  
1037      1.50054855773e+05   0.000000e+00   1.252638e+02   1.469319e+01  
1038      1.49878507526e+05   0.000000e+00   1.257317e+02   1.469834e+01  
1039      1.50069804267e+05   0.000000e+00   1.253311e+02   1.468556e+01  
1040      1.50099742732e+05   0.000000e+00   1.253725e+02   1.469605e+01  
1041      1.49959705161e+05   0.000000e+00   1.254330e+02   1.469566e+01  
1042      1.50045967528e+05   0.000000e+00   1.255563e+02   1.469698e+01  
1043      1.50094056668e+05   0.000000e+00   1.252849e+02   1.468391e+01  
1044      1.50098517140e+05   0.000000e+00   1.254311e+02   1.470146e+01  
1045      1.50043121472e+05   0.000000e+00   1.254151e+02   1.467880e+01  
1046      1.50017426202e+05   0.000000e+00   1.258040e+02   1.470833e+01  
1047      1.49807765504e+05   0.000000e+00   1.258557e+02   1.468428e+01  
1048      1.50184620822e+05   0.000000e+00   1.256476e+02   1.469941e+01  
1049      1.49922601121e+05   0.000000e+00   1.255685e+02   1.467472e+01  
1050      1.50208477485e+05   0.000000e+00   1.257137e+02   1.469660e+01  
1051      1.49934334601e+05   0.000000e+00   1.256064e+02   1.467619e+01  
1052      1.50079233773e+05   0.000000e+00   1.258319e+02   1.469606e+01  
1053      1.50095473948e+05   0.000000e+00   1.255459e+02   1.467507e+01  
1054      1.49947029756e+05   0.000000e+00   1.259467e+02   1.469011e+01  
1055      1.50265038214e+05   0.000000e+00   1.253449e+02   1.467709e+01  
1056      1.49909894507e+05   0.000000e+00   1.260203e+02   1.469129e+01  
1057      1.50039077351e+05   0.000000e+00   1.259431e+02   1.467806e+01  
1058      1.49894518365e+05   0.000000e+00   1.263819e+02   1.468776e+01  
1059      1.50003662963e+05   0.000000e+00   1.259298e+02   1.467366e+01  
1060      1.49891962898e+05   0.000000e+00   1.264748e+02   1.468837e+01  
1061      1.49861308843e+05   0.000000e+00   1.263146e+02   1.468638e+01  
1062      1.50095245411e+05   0.000000e+00   1.263735e+02   1.467857e+01  
1063      1.49878340478e+05   0.000000e+00   1.262415e+02   1.468722e+01  
1064      1.50180217119e+05   0.000000e+00   1.262198e+02   1.467719e+01  
1065      1.50093863551e+05   0.000000e+00   1.261021e+02   1.467348e+01  
1066      1.50018891567e+05   0.000000e+00   1.265538e+02   1.468423e+01  
1067      1.49926591902e+05   0.000000e+00   1.263798e+02   1.467439e+01  
1068      1.49952136180e+05   0.000000e+00   1.267496e+02   1.468307e+01  
1069      1.49974548769e+05   0.000000e+00   1.263968e+02   1.467719e+01  
1070      1.50087700774e+05   0.000000e+00   1.264697e+02   1.468100e+01  
1071      1.50039403605e+05   0.000000e+00   1.263156e+02   1.468154e+01  
1072      1.50113340748e+05   0.000000e+00   1.264931e+02   1.467478e+01  
1073      1.50041476187e+05   0.000000e+00   1.262444e+02   1.467052e+01  
1074      1.50057541211e+05   0.000000e+00   1.268494e+02   1.467897e+01  
1075      1.49745169964e+05   0.000000e+00   1.268539e+02   1.467849e+01  
1076      1.50165622589e+05   0.000000e+00   1.268233e+02   1.467996e+01  
1077      1.49502320970e+05   0.000000e+00   1.272650e+02   1.467862e+01  
1078      1.50176855892e+05   0.000000e+00   1.268847e+02   1.468048e+01  
1079      1.49633692596e+05   0.000000e+00   1.271630e+02   1.467115e+01  
1080      1.50197672122e+05   0.000000e+00   1.268541e+02   1.468227e+01  
1081      1.49810237130e+05   0.000000e+00   1.269241e+02   1.466844e+01  
1082      1.50119855202e+05   0.000000e+00   1.269440e+02   1.468214e+01  
1083      1.49990838357e+05   0.000000e+00   1.267154e+02   1.466215e+01  
1084      1.50013127440e+05   0.000000e+00   1.270916e+02   1.468313e+01  
1085      1.49936594330e+05   0.000000e+00   1.269686e+02   1.466970e+01  
1086      1.49884515115e+05   0.000000e+00   1.272444e+02   1.468373e+01  
1087      1.49997150818e+05   0.000000e+00   1.269675e+02   1.467139e+01  
1088      1.50143225407e+05   0.000000e+00   1.269092e+02   1.467550e+01  
1089      1.50078800980e+05   0.000000e+00   1.268411e+02   1.467501e+01  
1090      1.50103932736e+05   0.000000e+00   1.268479e+02   1.467619e+01  
1091      1.49917416609e+05   0.000000e+00   1.271075e+02   1.467516e+01  
1092      1.49961397888e+05   0.000000e+00   1.272597e+02   1.467749e+01  
1093      1.49975023292e+05   0.000000e+00   1.270259e+02   1.467411e+01  
1094      1.50307339930e+05   0.000000e+00   1.266762e+02   1.466561e+01  
1095      1.49811879069e+05   0.000000e+00   1.272400e+02   1.467992e+01  
1096      1.50198352622e+05   0.000000e+00   1.269112e+02   1.467686e+01  
1097      1.49860075495e+05   0.000000e+00   1.272252e+02   1.466933e+01  
1098      1.50231434090e+05   0.000000e+00   1.268307e+02   1.468039e+01  
1099      1.49854268710e+05   0.000000e+00   1.271970e+02   1.467358e+01  
1100      1.50349190190e+05   0.000000e+00   1.265425e+02   1.467195e+01  
1101      1.49905334817e+05   0.000000e+00   1.270473e+02   1.467279e+01  
1102      1.50397609827e+05   0.000000e+00   1.267515e+02   1.467734e+01  
1103      1.49602538117e+05   0.000000e+00   1.275863e+02   1.466796e+01  
1104      1.50260604254e+05   0.000000e+00   1.269236e+02   1.468408e+01  
1105      1.49789303713e+05   0.000000e+00   1.273872e+02   1.466508e+01  
1106      1.50386764148e+05   0.000000e+00   1.267357e+02   1.468331e+01  
1107      1.49877644952e+05   0.000000e+00   1.272830e+02   1.466665e+01  
1108      1.50133743394e+05   0.000000e+00   1.270652e+02   1.468978e+01  
1109      1.49880075759e+05   0.000000e+00   1.273465e+02   1.466726e+01  
1110      1.50048970915e+05   0.000000e+00   1.270564e+02   1.468487e+01  
1111      1.49817065054e+05   0.000000e+00   1.276247e+02   1.467264e+01  
1112      1.50081335093e+05   0.000000e+00   1.270693e+02   1.468040e+01  
1113      1.49699875407e+05   0.000000e+00   1.277945e+02   1.467452e+01  
1114      1.50101575621e+05   0.000000e+00   1.270968e+02   1.467371e+01  
1115      1.49689783562e+05   0.000000e+00   1.279585e+02   1.467879e+01  
1116      1.49960028698e+05   0.000000e+00   1.273335e+02   1.468320e+01  
1117      1.49991703088e+05   0.000000e+00   1.273779e+02   1.467160e+01  
1118      1.50134303466e+05   0.000000e+00   1.271375e+02   1.467092e+01  
1119      1.49717892483e+05   0.000000e+00   1.278697e+02   1.468583e+01  
1120      1.50017632837e+05   0.000000e+00   1.273057e+02   1.467348e+01  
1121      1.50008791282e+05   0.000000e+00   1.274309e+02   1.468118e+01  
1122      1.50059208966e+05   0.000000e+00   1.274077e+02   1.466738e+01  
1123      1.49744783227e+05   0.000000e+00   1.278289e+02   1.468069e+01  
1124      1.50231748274e+05   0.000000e+00   1.272663e+02   1.467040e+01  
1125      1.49757314671e+05   0.000000e+00   1.277804e+02   1.467413e+01  
1126      1.50336261809e+05   0.000000e+00   1.272116e+02   1.466978e+01  
1127      1.49687418575e+05   0.000000e+00   1.278751e+02   1.467889e+01  
1128      1.50287661226e+05   0.000000e+00   1.273247e+02   1.466150e+01  
1129      1.49967223690e+05   0.000000e+00   1.275011e+02   1.467702e+01  
1130      1.50111656330e+05   0.000000e+00   1.277043e+02   1.467057e+01  
1131      1.49770986304e+05   0.000000e+00   1.280622e+02   1.468377e+01  
1132      1.49823965534e+05   0.000000e+00   1.282060e+02   1.467415e+01  
1133      1.50005807832e+05   0.000000e+00   1.278167e+02   1.468133e+01  
1134      1.49959017035e+05   0.000000e+00   1.280506e+02   1.467217e+01  
1135      1.49897210396e+05   0.000000e+00   1.279911e+02   1.468734e+01  
1136      1.49988811529e+05   0.000000e+00   1.280859e+02   1.467611e+01  
1137      1.49920256857e+05   0.000000e+00   1.278986e+02   1.468422e+01  
1138      1.50083805594e+05   0.000000e+00   1.279864e+02   1.467176e+01  
1139      1.50005767293e+05   0.000000e+00   1.277759e+02   1.468505e+01  
1140      1.50223033702e+05   0.000000e+00   1.278375e+02   1.467188e+01  
1141      1.49886589727e+05   0.000000e+00   1.280801e+02   1.469144e+01  
1142      1.50061496304e+05   0.000000e+00   1.281326e+02   1.467626e+01  
1143      1.49849402677e+05   0.000000e+00   1.282509e+02   1.468289e+01  
1144      1.50093486061e+05   0.000000e+00   1.282931e+02   1.468088e+01  
1145      1.49717526206e+05   0.000000e+00   1.284364e+02   1.468805e+01  
1146      1.50073003969e+05   0.000000e+00   1.284141e+02   1.468909e+01  
1147      1.49901066850e+05   0.000000e+00   1.284570e+02   1.467913e+01  
1148      1.50058260661e+05   0.000000e+00   1.284358e+02   1.469147e+01  
1149      1.49999054048e+05   0.000000e+00   1.283610e+02   1.467318e+01  
1150      1.50046435076e+05   0.000000e+00   1.284332e+02   1.468768e+01  
1151      1.49992428639e+05   0.000000e+00   1.286238e+02   1.467756e+01  
1152      1.49997345309e+05   0.000000e+00   1.286552e+02   1.467964e+01  
1153      1.49998948883e+05   0.000000e+00   1.285632e+02   1.468048e+01  
1154      1.50167288049e+05   0.000000e+00   1.284101e+02   1.468236e+01  
1155      1.50043821782e+05   0.000000e+00   1.285318e+02   1.468071e+01  
1156      1.50163112821e+05   0.000000e+00   1.284150e+02   1.468485e+01  
1157      1.50028736777e+05   0.000000e+00   1.286084e+02   1.468278e+01  
1158      1.50253463059e+05   0.000000e+00   1.283496e+02   1.467721e+01  
1159      1.50220096418e+05   0.000000e+00   1.284507e+02   1.467803e+01  
1160      1.49961244072e+05   0.000000e+00   1.288255e+02   1.468956e+01  
1161      1.50037553805e+05   0.000000e+00   1.288388e+02   1.467704e+01  
1162      1.50054529826e+05   0.000000e+00   1.287331e+02   1.469032e+01  
1163      1.50135203992e+05   0.000000e+00   1.287586e+02   1.467315e+01  
1164      1.50098780593e+05   0.000000e+00   1.288083e+02   1.469439e+01  
1165      1.49937064510e+05   0.000000e+00   1.288506e+02   1.467977e+01  
1166      1.50440571190e+05   0.000000e+00   1.283401e+02   1.468462e+01  
1167      1.49702666361e+05   0.000000e+00   1.291453e+02   1.467996e+01  
1168      1.50234323504e+05   0.000000e+00   1.288829e+02   1.469492e+01  
1169      1.49754198494e+05   0.000000e+00   1.292087e+02   1.467761e+01  
1170      1.50320854338e+05   0.000000e+00   1.287839e+02   1.470104e+01  
1171      1.49924103363e+05   0.000000e+00   1.288330e+02   1.467633e+01  
1172      1.50588908849e+05   0.000000e+00   1.283641e+02   1.469886e+01  
1173      1.50074458631e+05   0.000000e+00   1.286164e+02   1.467780e+01  
1174      1.50571735204e+05   0.000000e+00   1.285656e+02   1.470416e+01  
1175      1.49917841702e+05   0.000000e+00   1.289021e+02   1.468036e+01  
1176      1.50393046504e+05   0.000000e+00   1.288139e+02   1.471186e+01  
1177      1.50145758732e+05   0.000000e+00   1.286663e+02   1.467865e+01  
1178      1.50748938639e+05   0.000000e+00   1.282976e+02   1.470666e+01  
1179      1.50064220453e+05   0.000000e+00   1.287574e+02   1.469255e+01  
1180      1.50686422027e+05   0.000000e+00   1.283950e+02   1.470754e+01  
1181      1.49927814551e+05   0.000000e+00   1.291311e+02   1.469132e+01  
1182      1.50729185673e+05   0.000000e+00   1.285788e+02   1.471087e+01  
1183      1.50106234088e+05   0.000000e+00   1.287802e+02   1.469330e+01  
1184      1.50864373228e+05   0.000000e+00   1.283728e+02   1.470921e+01  
1185      1.50116753946e+05   0.000000e+00   1.289334e+02   1.470227e+01  
1186      1.50786388797e+05   0.000000e+00   1.285796e+02   1.470105e+01  
1187      1.50182758068e+05   0.000000e+00   1.289795e+02   1.469873e+01  
1188      1.50622692688e+05   0.000000e+00   1.288032e+02   1.470022e+01  
1189      1.50175037820e+05   0.000000e+00   1.291744e+02   1.469995e+01  
1190      1.50648612748e+05   0.000000e+00   1.287797e+02   1.470236e+01  
1191      1.50435366990e+05   0.000000e+00   1.288335e+02   1.468968e+01  
1192      1.50585436752e+05   0.000000e+00   1.288514e+02   1.470610e+01  
1193      1.50138906132e+05   0.000000e+00   1.292512e+02   1.469630e+01  
1194      1.50668101303e+05   0.000000e+00   1.286534e+02   1.470000e+01  
1195      1.50219052559e+05   0.000000e+00   1.290737e+02   1.469465e+01  
1196      1.50515332917e+05   0.000000e+00   1.289607e+02   1.470553e+01  
1197      1.50097690860e+05   0.000000e+00   1.293257e+02   1.469295e+01  
1198      1.50403464659e+05   0.000000e+00   1.292275e+02   1.470520e+01  
1199      1.50143095340e+05   0.000000e+00   1.294482e+02   1.469068e+01  
1200      1.50355095533e+05   0.000000e+00   1.293664e+02   1.470850e+01  
1201      1.50260760974e+05   0.000000e+00   1.292369e+02   1.468741e+01  
1202      1.50395631240e+05   0.000000e+00   1.293573e+02   1.470051e+01  
1203      1.50206325467e+05   0.000000e+00   1.294304e+02   1.469215e+01  
1204      1.50293697080e+05   0.000000e+00   1.296056e+02   1.470222e+01  
1205      1.50063908783e+05   0.000000e+00   1.295871e+02   1.470457e+01  
1206      1.50599581986e+05   0.000000e+00   1.292722e+02   1.469886e+01  
1207      1.50189566227e+05   0.000000e+00   1.294911e+02   1.469349e+01  
1208      1.50428769847e+05   0.000000e+00   1.296117e+02   1.469328e+01  
1209      1.50192277252e+05   0.000000e+00   1.297737e+02   1.470366e+01  
1210      1.50350038795e+05   0.000000e+00   1.297496e+02   1.469135e+01  
1211      1.50369263542e+05   0.000000e+00   1.293961e+02   1.469588e+01  
1212      1.50380662618e+05   0.000000e+00   1.297276e+02   1.468841e+01  
1213      1.50227627206e+05   0.000000e+00   1.297222e+02   1.469210e+01  
1214      1.50400137575e+05   0.000000e+00   1.297419e+02   1.469360e+01  
1215      1.50281702513e+05   0.000000e+00   1.298050e+02   1.468956e+01  
1216      1.50326283024e+05   0.000000e+00   1.300029e+02   1.469116e+01  
1217      1.50124808108e+05   0.000000e+00   1.299590e+02   1.469133e+01  
1218      1.50602871404e+05   0.000000e+00   1.297674e+02   1.468114e+01  
1219      1.50088339949e+05   0.000000e+00   1.302133e+02   1.468381e+01  
1220      1.50280634556e+05   0.000000e+00   1.303466e+02   1.469685e+01  
1221      1.49890275934e+05   0.000000e+00   1.305054e+02   1.467945e+01  
1222      1.50394740377e+05   0.000000e+00   1.301842e+02   1.468833e+01  
1223      1.50099596904e+05   0.000000e+00   1.301811e+02   1.468374e+01  
1224      1.50326730672e+05   0.000000e+00   1.301864e+02   1.469419e+01  
1225      1.50301235413e+05   0.000000e+00   1.300072e+02   1.467705e+01  
1226      1.50171372455e+05   0.000000e+00   1.303513e+02   1.468981e+01  
1227      1.50502102631e+05   0.000000e+00   1.299274e+02   1.466937e+01  
1228      1.50028192220e+05   0.000000e+00   1.305646e+02   1.469101e+01  
1229      1.50496420154e+05   0.000000e+00   1.300835e+02   1.467600e+01  
1230      1.50036363927e+05   0.000000e+00   1.305231e+02   1.469179e+01  
1231      1.50485380777e+05   0.000000e+00   1.300461e+02   1.468610e+01  
1232      1.50085563265e+05   0.000000e+00   1.305472e+02   1.468062e+01  
1233      1.50410570783e+05   0.000000e+00   1.301942e+02   1.468629e+01  
1234      1.50122985229e+05   0.000000e+00   1.304776e+02   1.468340e+01  
1235      1.50181033524e+05   0.000000e+00   1.305450e+02   1.468981e+01  
1236      1.50042728967e+05   0.000000e+00   1.306639e+02   1.468854e+01  
1237      1.50360852577e+05   0.000000e+00   1.303938e+02   1.468601e+01  
1238      1.50105578038e+05   0.000000e+00   1.305550e+02   1.468999e+01  
1239      1.50381002170e+05   0.000000e+00   1.303285e+02   1.469074e+01  
1240      1.49965921773e+05   0.000000e+00   1.306974e+02   1.469439e+01  
1241      1.50592668884e+05   0.000000e+00   1.302197e+02   1.468295e+01  
1242      1.49911482897e+05   0.000000e+00   1.307794e+02   1.469072e+01  
1243      1.50695362043e+05   0.000000e+00   1.300188e+02   1.468490e+01  
1244      1.49962171886e+05   0.000000e+00   1.308336e+02   1.468468e+01  
1245      1.50527215438e+05   0.000000e+00   1.305182e+02   1.469366e+01  
1246      1.50061030920e+05   0.000000e+00   1.307884e+02   1.468337e+01  
1247      1.50530500212e+05   0.000000e+00   1.303654e+02   1.468999e+01  
1248      1.50429507395e+05   0.000000e+00   1.304228e+02   1.468059e+01  
1249      1.50528477356e+05   0.000000e+00   1.302756e+02   1.469146e+01  
1250      1.50333999354e+05   0.000000e+00   1.305963e+02   1.468437e+01  
-------------------------------------------------------------------

Initialization/allocation wall-clock time: 2.780 seconds
Calculation (iterations) wall-clock time : 252.232 seconds

