
**********************************************
Real-time propagation in 3D, OPTION = 2
MPI nodes = 8, OMP threads = 16, cores = 128
**********************************************

Interactions
Contact: Natoms = 1.50000000000e+05, as = 6.100000e+01 * a0, G = 1.095855e+04, G * par = 2.191709e+04
Three-body: K3 =  0.000000e+00, g3 = 0.000000e+00
Regular DDI: add = 1.101000e+02 * a0, GD = 4.721954e+03, GD * par = 9.443909e+03, edd = 1.804918e+00
     Dipolar cutoff Rcut = 3.850461e+00, Lcut = 1.427135e+02

QF = 1: h2 = 1.419076e+05, h4 = 0.000000e+00
        q3 = 0.000000e+00, q5 = 6.266796e+00

GRAD = 0

Trap parameters:
GAMMA = 0.000000e+00, NU = 0.000000e+00, LAMBDA = 0.000000e+00
Parameters of rotation: OMEGA = 0.000000e+00, OMEGA * par = 0.000000e+00

Space discretization: NX = 128, NY = 128, NZ = 128
                      DX = 2.229898e+00, DY = 6.016345e-02, DZ = 6.016345e-02
      Unit of length: aho = 5.552380e-07 m

Time discretization: NITER = 2500 (NSNAP = 1250)
                     DT = 1.809821e-03

Initial state: file ./imag3d-finalpsi.bin
ADD_VORTICES = 0, ADD_RANDOM_PHASE = 0


MUREL = 1.000000e-12, MUEND=1.000000e+05

-------------------------------------------------------------------
Snap      <r>            <x>            <y>            <z>
-------------------------------------------------------------------
0         1.432928e+01   1.431897e+01   3.842506e-01   3.842506e-01  
1         1.432928e+01   1.431897e+01   3.841635e-01   3.841635e-01  
2         1.432927e+01   1.431897e+01   3.840636e-01   3.840636e-01  
3         1.432926e+01   1.431897e+01   3.839510e-01   3.839510e-01  
4         1.432925e+01   1.431897e+01   3.838264e-01   3.838264e-01  
5         1.432925e+01   1.431897e+01   3.836911e-01   3.836911e-01  
6         1.432924e+01   1.431897e+01   3.835466e-01   3.835466e-01  
7         1.432922e+01   1.431896e+01   3.833949e-01   3.833949e-01  
8         1.432921e+01   1.431896e+01   3.832381e-01   3.832381e-01  
9         1.432920e+01   1.431895e+01   3.830785e-01   3.830785e-01  
10        1.432919e+01   1.431895e+01   3.829184e-01   3.829184e-01  
11        1.432917e+01   1.431894e+01   3.827602e-01   3.827602e-01  
12        1.432916e+01   1.431894e+01   3.826060e-01   3.826060e-01  
13        1.432914e+01   1.431893e+01   3.824583e-01   3.824583e-01  
14        1.432913e+01   1.431893e+01   3.823188e-01   3.823188e-01  
15        1.432912e+01   1.431892e+01   3.821897e-01   3.821897e-01  
16        1.432910e+01   1.431891e+01   3.820726e-01   3.820726e-01  
17        1.432909e+01   1.431891e+01   3.819693e-01   3.819693e-01  
18        1.432908e+01   1.431890e+01   3.818813e-01   3.818813e-01  
19        1.432907e+01   1.431889e+01   3.818103e-01   3.818103e-01  
20        1.432906e+01   1.431889e+01   3.817578e-01   3.817578e-01  
21        1.432905e+01   1.431888e+01   3.817251e-01   3.817251e-01  
22        1.432905e+01   1.431888e+01   3.817134e-01   3.817134e-01  
23        1.432904e+01   1.431887e+01   3.817234e-01   3.817234e-01  
24        1.432904e+01   1.431887e+01   3.817554e-01   3.817554e-01  
25        1.432904e+01   1.431886e+01   3.818093e-01   3.818093e-01  
26        1.432904e+01   1.431886e+01   3.818845e-01   3.818845e-01  
27        1.432904e+01   1.431885e+01   3.819798e-01   3.819798e-01  
28        1.432904e+01   1.431885e+01   3.820937e-01   3.820937e-01  
29        1.432904e+01   1.431885e+01   3.822245e-01   3.822245e-01  
30        1.432905e+01   1.431884e+01   3.823700e-01   3.823700e-01  
31        1.432905e+01   1.431884e+01   3.825276e-01   3.825276e-01  
32        1.432906e+01   1.431883e+01   3.826950e-01   3.826950e-01  
33        1.432906e+01   1.431883e+01   3.828693e-01   3.828693e-01  
34        1.432907e+01   1.431883e+01   3.830480e-01   3.830480e-01  
35        1.432908e+01   1.431882e+01   3.832282e-01   3.832282e-01  
36        1.432908e+01   1.431882e+01   3.834076e-01   3.834076e-01  
37        1.432909e+01   1.431882e+01   3.835834e-01   3.835834e-01  
38        1.432909e+01   1.431881e+01   3.837534e-01   3.837534e-01  
39        1.432910e+01   1.431881e+01   3.839153e-01   3.839153e-01  
40        1.432910e+01   1.431880e+01   3.840671e-01   3.840671e-01  
41        1.432910e+01   1.431880e+01   3.842069e-01   3.842069e-01  
42        1.432910e+01   1.431879e+01   3.843332e-01   3.843332e-01  
43        1.432910e+01   1.431879e+01   3.844445e-01   3.844445e-01  
44        1.432910e+01   1.431878e+01   3.845395e-01   3.845395e-01  
45        1.432910e+01   1.431877e+01   3.846174e-01   3.846174e-01  
46        1.432910e+01   1.431876e+01   3.846774e-01   3.846774e-01  
47        1.432909e+01   1.431876e+01   3.847190e-01   3.847190e-01  
48        1.432908e+01   1.431875e+01   3.847422e-01   3.847422e-01  
49        1.432907e+01   1.431874e+01   3.847469e-01   3.847469e-01  
50        1.432906e+01   1.431873e+01   3.847333e-01   3.847333e-01  
51        1.432905e+01   1.431872e+01   3.847019e-01   3.847019e-01  
52        1.432904e+01   1.431871e+01   3.846534e-01   3.846534e-01  
53        1.432903e+01   1.431870e+01   3.845886e-01   3.845886e-01  
54        1.432901e+01   1.431869e+01   3.845084e-01   3.845084e-01  
55        1.432900e+01   1.431868e+01   3.844143e-01   3.844143e-01  
56        1.432898e+01   1.431867e+01   3.843075e-01   3.843075e-01  
57        1.432896e+01   1.431866e+01   3.841897e-01   3.841897e-01  
58        1.432894e+01   1.431864e+01   3.840624e-01   3.840624e-01  
59        1.432892e+01   1.431863e+01   3.839275e-01   3.839275e-01  
60        1.432890e+01   1.431862e+01   3.837869e-01   3.837869e-01  
61        1.432888e+01   1.431860e+01   3.836425e-01   3.836425e-01  
62        1.432886e+01   1.431859e+01   3.834963e-01   3.834963e-01  
63        1.432884e+01   1.431858e+01   3.833502e-01   3.833502e-01  
64        1.432881e+01   1.431856e+01   3.832063e-01   3.832063e-01  
65        1.432879e+01   1.431855e+01   3.830665e-01   3.830665e-01  
66        1.432877e+01   1.431853e+01   3.829326e-01   3.829326e-01  
67        1.432875e+01   1.431852e+01   3.828065e-01   3.828065e-01  
68        1.432872e+01   1.431850e+01   3.826899e-01   3.826899e-01  
69        1.432870e+01   1.431848e+01   3.825845e-01   3.825845e-01  
70        1.432867e+01   1.431846e+01   3.824918e-01   3.824918e-01  
71        1.432865e+01   1.431844e+01   3.824134e-01   3.824134e-01  
72        1.432862e+01   1.431841e+01   3.823508e-01   3.823508e-01  
73        1.432859e+01   1.431839e+01   3.823060e-01   3.823060e-01  
74        1.432856e+01   1.431836e+01   3.822811e-01   3.822811e-01  
75        1.432854e+01   1.431834e+01   3.822793e-01   3.822793e-01  
76        1.432855e+01   1.431834e+01   3.823055e-01   3.823055e-01  
77        1.432859e+01   1.431838e+01   3.823668e-01   3.823668e-01  
78        1.432870e+01   1.431848e+01   3.824742e-01   3.824742e-01  
79        1.432890e+01   1.431867e+01   3.826432e-01   3.826432e-01  
80        1.432919e+01   1.431896e+01   3.828951e-01   3.828951e-01  
81        1.432955e+01   1.431930e+01   3.832576e-01   3.832576e-01  
82        1.432989e+01   1.431961e+01   3.837657e-01   3.837657e-01  
83        1.433014e+01   1.431982e+01   3.844629e-01   3.844629e-01  
84        1.433022e+01   1.431985e+01   3.854006e-01   3.854006e-01  
85        1.433016e+01   1.431972e+01   3.866365e-01   3.866365e-01  
86        1.433009e+01   1.431957e+01   3.882318e-01   3.882318e-01  
87        1.433068e+01   1.432004e+01   3.902585e-01   3.902585e-01  
88        1.433723e+01   1.432646e+01   3.929250e-01   3.929250e-01  
89        1.434013e+01   1.432919e+01   3.959162e-01   3.959162e-01  
90        1.432550e+01   1.431438e+01   3.989733e-01   3.989733e-01  
91        1.431943e+01   1.430809e+01   4.028720e-01   4.028720e-01  
92        1.431999e+01   1.430838e+01   4.075630e-01   4.075630e-01  
93        1.430977e+01   1.429787e+01   4.126078e-01   4.126078e-01  
94        1.431897e+01   1.430673e+01   4.186456e-01   4.186456e-01  
95        1.431350e+01   1.430087e+01   4.249798e-01   4.249798e-01  
96        1.431756e+01   1.430451e+01   4.321541e-01   4.321541e-01  
97        1.431958e+01   1.430607e+01   4.397783e-01   4.397783e-01  
98        1.431938e+01   1.430535e+01   4.481746e-01   4.481746e-01  
99        1.431645e+01   1.430186e+01   4.569839e-01   4.569839e-01  
100       1.432365e+01   1.430845e+01   4.664871e-01   4.664871e-01  
101       1.431272e+01   1.429689e+01   4.758274e-01   4.758274e-01  
102       1.433171e+01   1.431520e+01   4.862228e-01   4.862228e-01  
103       1.430976e+01   1.429256e+01   4.958386e-01   4.958386e-01  
104       1.435015e+01   1.433220e+01   5.072597e-01   5.072597e-01  
105       1.432252e+01   1.430381e+01   5.174110e-01   5.174110e-01  
106       1.433182e+01   1.431238e+01   5.275829e-01   5.275829e-01  
107       1.430985e+01   1.428956e+01   5.386579e-01   5.386579e-01  
108       1.433469e+01   1.431360e+01   5.495687e-01   5.495687e-01  
109       1.431275e+01   1.429075e+01   5.609046e-01   5.609046e-01  
110       1.433493e+01   1.431209e+01   5.719068e-01   5.719068e-01  
111       1.432326e+01   1.429943e+01   5.840550e-01   5.840550e-01  
112       1.434023e+01   1.431551e+01   5.951151e-01   5.951151e-01  
113       1.433329e+01   1.430748e+01   6.079558e-01   6.079558e-01  
114       1.435250e+01   1.432576e+01   6.192782e-01   6.192781e-01  
115       1.434369e+01   1.431576e+01   6.326371e-01   6.326371e-01  
116       1.436112e+01   1.433220e+01   6.440467e-01   6.440466e-01  
117       1.435062e+01   1.432042e+01   6.579788e-01   6.579787e-01  
118       1.437144e+01   1.434021e+01   6.695779e-01   6.695779e-01  
119       1.435747e+01   1.432486e+01   6.839297e-01   6.839296e-01  
120       1.438176e+01   1.434802e+01   6.961409e-01   6.961408e-01  
121       1.436500e+01   1.432981e+01   7.105126e-01   7.105125e-01  
122       1.438989e+01   1.435350e+01   7.231646e-01   7.231644e-01  
123       1.437378e+01   1.433584e+01   7.380329e-01   7.380327e-01  
124       1.439609e+01   1.435684e+01   7.511308e-01   7.511306e-01  
125       1.438182e+01   1.434088e+01   7.668083e-01   7.668081e-01  
126       1.440021e+01   1.435784e+01   7.804664e-01   7.804661e-01  
127       1.438838e+01   1.434423e+01   7.963732e-01   7.963729e-01  
128       1.440386e+01   1.435842e+01   8.083141e-01   8.083138e-01  
129       1.439689e+01   1.434997e+01   8.212262e-01   8.212259e-01  
130       1.440998e+01   1.436212e+01   8.297957e-01   8.297953e-01  
131       1.440479e+01   1.435552e+01   8.417134e-01   8.417130e-01  
132       1.441297e+01   1.436283e+01   8.493300e-01   8.493295e-01  
133       1.441322e+01   1.436199e+01   8.585763e-01   8.585758e-01  
134       1.442283e+01   1.437114e+01   8.626577e-01   8.626570e-01  
135       1.442158e+01   1.436857e+01   8.735313e-01   8.735307e-01  
136       1.442563e+01   1.437188e+01   8.797779e-01   8.797771e-01  
137       1.442668e+01   1.437178e+01   8.890635e-01   8.890628e-01  
138       1.442913e+01   1.437362e+01   8.940877e-01   8.940869e-01  
139       1.442352e+01   1.436659e+01   9.052648e-01   9.052641e-01  
140       1.442634e+01   1.436884e+01   9.098908e-01   9.098899e-01  
141       1.441568e+01   1.435670e+01   9.211998e-01   9.211991e-01  
142       1.441713e+01   1.435753e+01   9.259821e-01   9.259812e-01  
143       1.440920e+01   1.434849e+01   9.343147e-01   9.343143e-01  
144       1.441066e+01   1.434928e+01   9.395576e-01   9.395569e-01  
145       1.439436e+01   1.433178e+01   9.481187e-01   9.481182e-01  
146       1.440502e+01   1.434238e+01   9.488501e-01   9.488486e-01  
147       1.437594e+01   1.431172e+01   9.597803e-01   9.597790e-01  
148       1.438274e+01   1.431831e+01   9.615174e-01   9.615155e-01  
149       1.438552e+01   1.432062e+01   9.651610e-01   9.651598e-01  
150       1.437637e+01   1.431102e+01   9.682237e-01   9.682223e-01  
151       1.438542e+01   1.431963e+01   9.717132e-01   9.717124e-01  
152       1.436349e+01   1.429680e+01   9.775944e-01   9.775932e-01  
153       1.436935e+01   1.430178e+01   9.842112e-01   9.842103e-01  
154       1.435504e+01   1.428775e+01   9.816417e-01   9.816395e-01  
155       1.437400e+01   1.430517e+01   9.935127e-01   9.935110e-01  
156       1.435699e+01   1.428833e+01   9.916831e-01   9.916799e-01  
157       1.440776e+01   1.433806e+01   1.000898e+00   1.000894e+00  
158       1.438542e+01   1.431510e+01   1.004601e+00   1.004597e+00  
159       1.441520e+01   1.434394e+01   1.012268e+00   1.012264e+00  
160       1.438593e+01   1.431389e+01   1.016719e+00   1.016713e+00  
161       1.439214e+01   1.431885e+01   1.025772e+00   1.025761e+00  
162       1.439583e+01   1.432201e+01   1.029576e+00   1.029570e+00  
163       1.442638e+01   1.435081e+01   1.042748e+00   1.042732e+00  
164       1.439725e+01   1.432122e+01   1.044867e+00   1.044863e+00  
165       1.442122e+01   1.434308e+01   1.060077e+00   1.060039e+00  
166       1.439547e+01   1.431655e+01   1.064420e+00   1.064361e+00  
167       1.441388e+01   1.433266e+01   1.080434e+00   1.080373e+00  
168       1.439933e+01   1.431752e+01   1.083861e+00   1.083765e+00  
169       1.440634e+01   1.432151e+01   1.103910e+00   1.103814e+00  
170       1.440455e+01   1.431893e+01   1.108990e+00   1.108830e+00  
171       1.439947e+01   1.431109e+01   1.126482e+00   1.126301e+00  
172       1.440732e+01   1.431744e+01   1.136279e+00   1.136051e+00  
173       1.444238e+01   1.435072e+01   1.148875e+00   1.148607e+00  
174       1.443219e+01   1.433751e+01   1.167226e+00   1.166917e+00  
175       1.443803e+01   1.434181e+01   1.176852e+00   1.176499e+00  
176       1.442540e+01   1.432579e+01   1.196811e+00   1.196420e+00  
177       1.442455e+01   1.432239e+01   1.211985e+00   1.211504e+00  
178       1.446400e+01   1.435960e+01   1.226870e+00   1.226360e+00  
179       1.443025e+01   1.432219e+01   1.246703e+00   1.246080e+00  
180       1.444537e+01   1.433490e+01   1.261124e+00   1.260497e+00  
181       1.443838e+01   1.432402e+01   1.282811e+00   1.282041e+00  
182       1.446681e+01   1.435001e+01   1.297645e+00   1.296914e+00  
183       1.444879e+01   1.432765e+01   1.320708e+00   1.319685e+00  
184       1.447330e+01   1.434933e+01   1.337076e+00   1.336188e+00  
185       1.445273e+01   1.432467e+01   1.358001e+00   1.356811e+00  
186       1.448872e+01   1.435730e+01   1.377209e+00   1.376215e+00  
187       1.447008e+01   1.433441e+01   1.398565e+00   1.397014e+00  
188       1.451002e+01   1.437075e+01   1.418712e+00   1.417591e+00  
189       1.448454e+01   1.434080e+01   1.440157e+00   1.438489e+00  
190       1.451907e+01   1.437102e+01   1.463060e+00   1.461757e+00  
191       1.449201e+01   1.434002e+01   1.481237e+00   1.479180e+00  
192       1.452883e+01   1.437212e+01   1.505536e+00   1.504144e+00  
193       1.451023e+01   1.434933e+01   1.524770e+00   1.522651e+00  
194       1.454448e+01   1.437974e+01   1.544388e+00   1.542665e+00  
195       1.451860e+01   1.434982e+01   1.562062e+00   1.559643e+00  
196       1.454618e+01   1.437326e+01   1.582098e+00   1.580440e+00  
197       1.452353e+01   1.434676e+01   1.598756e+00   1.596079e+00  
198       1.455885e+01   1.437843e+01   1.616679e+00   1.614682e+00  
199       1.453553e+01   1.435149e+01   1.631813e+00   1.629002e+00  
200       1.455434e+01   1.436602e+01   1.651256e+00   1.649119e+00  
201       1.454424e+01   1.435322e+01   1.663167e+00   1.659489e+00  
202       1.456248e+01   1.436738e+01   1.681175e+00   1.678619e+00  
203       1.453690e+01   1.433830e+01   1.695360e+00   1.691289e+00  
204       1.455820e+01   1.435569e+01   1.712647e+00   1.709517e+00  
205       1.455678e+01   1.435249e+01   1.720341e+00   1.716401e+00  
206       1.456300e+01   1.435587e+01   1.732170e+00   1.729067e+00  
207       1.455143e+01   1.434250e+01   1.739267e+00   1.735410e+00  
208       1.458937e+01   1.437861e+01   1.748006e+00   1.746357e+00  
209       1.455302e+01   1.434028e+01   1.754103e+00   1.752087e+00  
210       1.458031e+01   1.436518e+01   1.764217e+00   1.764811e+00  
211       1.456768e+01   1.435140e+01   1.768833e+00   1.767989e+00  
212       1.458896e+01   1.437069e+01   1.777821e+00   1.777770e+00  
213       1.456129e+01   1.434162e+01   1.782745e+00   1.780729e+00  
214       1.459862e+01   1.437810e+01   1.787501e+00   1.787422e+00  
215       1.456939e+01   1.434782e+01   1.789918e+00   1.789806e+00  
216       1.459495e+01   1.437151e+01   1.798364e+00   1.799462e+00  
217       1.457593e+01   1.435264e+01   1.797593e+00   1.796739e+00  
218       1.459013e+01   1.436492e+01   1.804724e+00   1.806625e+00  
219       1.457577e+01   1.435035e+01   1.805423e+00   1.805863e+00  
220       1.459383e+01   1.436794e+01   1.808626e+00   1.808585e+00  
221       1.457639e+01   1.435033e+01   1.806725e+00   1.809647e+00  
222       1.460910e+01   1.438296e+01   1.808747e+00   1.812353e+00  
223       1.457365e+01   1.434755e+01   1.807549e+00   1.808871e+00  
224       1.461615e+01   1.438969e+01   1.809733e+00   1.814849e+00  
225       1.457691e+01   1.435099e+01   1.806502e+00   1.808836e+00  
226       1.460562e+01   1.437957e+01   1.807717e+00   1.812278e+00  
227       1.459210e+01   1.436741e+01   1.801693e+00   1.805783e+00  
228       1.461679e+01   1.439175e+01   1.804929e+00   1.808394e+00  
229       1.459026e+01   1.436630e+01   1.798177e+00   1.803224e+00  
230       1.461864e+01   1.439479e+01   1.799479e+00   1.804588e+00  
231       1.457981e+01   1.435679e+01   1.794125e+00   1.798503e+00  
232       1.461786e+01   1.439589e+01   1.791229e+00   1.797652e+00  
233       1.459335e+01   1.437223e+01   1.786743e+00   1.792375e+00  
234       1.462190e+01   1.440150e+01   1.785508e+00   1.791303e+00  
235       1.460050e+01   1.438160e+01   1.778011e+00   1.784069e+00  
236       1.462414e+01   1.440551e+01   1.778713e+00   1.784087e+00  
237       1.459273e+01   1.437566e+01   1.770617e+00   1.775750e+00  
238       1.462414e+01   1.440751e+01   1.770635e+00   1.775983e+00  
239       1.458643e+01   1.437114e+01   1.763284e+00   1.767840e+00  
240       1.461361e+01   1.439901e+01   1.761833e+00   1.766930e+00  
241       1.459258e+01   1.437935e+01   1.755424e+00   1.759577e+00  
242       1.460725e+01   1.439431e+01   1.754592e+00   1.759869e+00  
243       1.459858e+01   1.438703e+01   1.748949e+00   1.752993e+00  
244       1.460753e+01   1.439597e+01   1.749556e+00   1.753623e+00  
245       1.459090e+01   1.438069e+01   1.742852e+00   1.747141e+00  
246       1.462252e+01   1.441246e+01   1.745019e+00   1.747540e+00  
247       1.459418e+01   1.438481e+01   1.740050e+00   1.743424e+00  
248       1.462040e+01   1.441132e+01   1.741191e+00   1.743083e+00  
249       1.459329e+01   1.438503e+01   1.735103e+00   1.739023e+00  
250       1.461922e+01   1.441105e+01   1.736933e+00   1.739633e+00  
251       1.460217e+01   1.439476e+01   1.732520e+00   1.735695e+00  
252       1.462857e+01   1.442076e+01   1.735888e+00   1.738815e+00  
253       1.460667e+01   1.439961e+01   1.732225e+00   1.733622e+00  
254       1.460454e+01   1.439566e+01   1.739006e+00   1.741664e+00  
255       1.458276e+01   1.437494e+01   1.733944e+00   1.735317e+00  
256       1.460726e+01   1.439752e+01   1.743319e+00   1.744833e+00  
257       1.459185e+01   1.438298e+01   1.738836e+00   1.740242e+00  
258       1.460781e+01   1.439748e+01   1.745706e+00   1.747339e+00  
259       1.460576e+01   1.439578e+01   1.744189e+00   1.745686e+00  
260       1.461911e+01   1.440736e+01   1.753155e+00   1.752936e+00  
261       1.460526e+01   1.439336e+01   1.752751e+00   1.752904e+00  
262       1.462148e+01   1.440775e+01   1.761588e+00   1.761072e+00  
263       1.461766e+01   1.440342e+01   1.762514e+00   1.763820e+00  
264       1.462901e+01   1.441318e+01   1.770960e+00   1.769755e+00  
265       1.459521e+01   1.437793e+01   1.774316e+00   1.774016e+00  
266       1.462740e+01   1.440871e+01   1.782556e+00   1.781132e+00  
267       1.461166e+01   1.439233e+01   1.783461e+00   1.783458e+00  
268       1.464415e+01   1.442346e+01   1.791895e+00   1.789983e+00  
269       1.460700e+01   1.438462e+01   1.795861e+00   1.795064e+00  
270       1.462877e+01   1.440513e+01   1.802367e+00   1.801303e+00  
271       1.460718e+01   1.438207e+01   1.806953e+00   1.805676e+00  
272       1.465226e+01   1.442648e+01   1.812765e+00   1.810848e+00  
273       1.461360e+01   1.438607e+01   1.817050e+00   1.815673e+00  
274       1.466156e+01   1.443353e+01   1.822579e+00   1.820129e+00  
275       1.461546e+01   1.438504e+01   1.829139e+00   1.826613e+00  
276       1.465716e+01   1.442610e+01   1.834445e+00   1.831594e+00  
277       1.461855e+01   1.438605e+01   1.837637e+00   1.834856e+00  
278       1.465862e+01   1.442502e+01   1.844630e+00   1.841495e+00  
279       1.461114e+01   1.437614e+01   1.846685e+00   1.844342e+00  
280       1.466303e+01   1.442755e+01   1.852332e+00   1.849089e+00  
281       1.461539e+01   1.437857e+01   1.854373e+00   1.851384e+00  
282       1.466610e+01   1.442953e+01   1.856974e+00   1.853292e+00  
283       1.462504e+01   1.438711e+01   1.859512e+00   1.856142e+00  
284       1.466216e+01   1.442434e+01   1.861382e+00   1.858113e+00  
285       1.462488e+01   1.438663e+01   1.860893e+00   1.857203e+00  
286       1.466198e+01   1.442366e+01   1.863490e+00   1.859843e+00  
287       1.462035e+01   1.438101e+01   1.864755e+00   1.861085e+00  
288       1.466361e+01   1.442412e+01   1.868236e+00   1.864401e+00  
289       1.461364e+01   1.437360e+01   1.867345e+00   1.863054e+00  
290       1.466293e+01   1.442346e+01   1.868103e+00   1.864205e+00  
291       1.461989e+01   1.437968e+01   1.868560e+00   1.864002e+00  
292       1.465938e+01   1.442000e+01   1.867496e+00   1.863788e+00  
293       1.461783e+01   1.437733e+01   1.869269e+00   1.865187e+00  
294       1.465136e+01   1.441176e+01   1.868080e+00   1.863826e+00  
295       1.461749e+01   1.437734e+01   1.867357e+00   1.864435e+00  
296       1.466354e+01   1.442484e+01   1.864899e+00   1.861671e+00  
297       1.460419e+01   1.436410e+01   1.865668e+00   1.863884e+00  
298       1.465011e+01   1.441151e+01   1.863526e+00   1.860502e+00  
299       1.460819e+01   1.436915e+01   1.862184e+00   1.859848e+00  
300       1.463110e+01   1.439278e+01   1.860749e+00   1.858670e+00  
301       1.460355e+01   1.436518e+01   1.858329e+00   1.857939e+00  
302       1.463067e+01   1.439299e+01   1.858382e+00   1.856035e+00  
303       1.459273e+01   1.435500e+01   1.855593e+00   1.854288e+00  
304       1.462933e+01   1.439274e+01   1.853875e+00   1.851872e+00  
305       1.459607e+01   1.435967e+01   1.850336e+00   1.849742e+00  
306       1.462596e+01   1.439062e+01   1.848382e+00   1.847212e+00  
307       1.458780e+01   1.435216e+01   1.846691e+00   1.846391e+00  
308       1.462679e+01   1.439329e+01   1.841460e+00   1.839956e+00  
309       1.459588e+01   1.436147e+01   1.841742e+00   1.842822e+00  
310       1.461646e+01   1.438424e+01   1.835446e+00   1.834611e+00  
311       1.459017e+01   1.435720e+01   1.836668e+00   1.835945e+00  
312       1.462591e+01   1.439551e+01   1.828935e+00   1.827978e+00  
313       1.457777e+01   1.434572e+01   1.832013e+00   1.831783e+00  
314       1.462215e+01   1.439259e+01   1.825301e+00   1.824537e+00  
315       1.458480e+01   1.435449e+01   1.826327e+00   1.824716e+00  
316       1.461915e+01   1.439065e+01   1.820649e+00   1.820417e+00  
317       1.458254e+01   1.435323e+01   1.821889e+00   1.820921e+00  
318       1.462930e+01   1.440202e+01   1.816450e+00   1.816299e+00  
319       1.459197e+01   1.436405e+01   1.817086e+00   1.816035e+00  
320       1.462050e+01   1.439381e+01   1.814039e+00   1.812872e+00  
321       1.460271e+01   1.437552e+01   1.814459e+00   1.814237e+00  
322       1.462553e+01   1.439977e+01   1.810646e+00   1.809473e+00  
323       1.459535e+01   1.436802e+01   1.814903e+00   1.813903e+00  
324       1.461895e+01   1.439389e+01   1.806904e+00   1.806816e+00  
325       1.459270e+01   1.436541e+01   1.814647e+00   1.813568e+00  
326       1.461709e+01   1.439150e+01   1.809059e+00   1.808611e+00  
327       1.459731e+01   1.436980e+01   1.815276e+00   1.815301e+00  
328       1.461770e+01   1.439113e+01   1.813524e+00   1.812092e+00  
329       1.459312e+01   1.436538e+01   1.816089e+00   1.815711e+00  
330       1.462814e+01   1.440114e+01   1.815676e+00   1.814662e+00  
331       1.458822e+01   1.435937e+01   1.820917e+00   1.819083e+00  
332       1.463533e+01   1.440702e+01   1.821490e+00   1.820142e+00  
333       1.460023e+01   1.437074e+01   1.824278e+00   1.822239e+00  
334       1.464031e+01   1.440989e+01   1.830175e+00   1.828709e+00  
335       1.462277e+01   1.439249e+01   1.828385e+00   1.827210e+00  
336       1.464712e+01   1.441519e+01   1.836764e+00   1.834860e+00  
337       1.462800e+01   1.439533e+01   1.837873e+00   1.837116e+00  
338       1.463370e+01   1.439936e+01   1.845413e+00   1.843365e+00  
339       1.463459e+01   1.439954e+01   1.848145e+00   1.846270e+00  
340       1.462855e+01   1.439201e+01   1.853552e+00   1.851743e+00  
341       1.465308e+01   1.441576e+01   1.857951e+00   1.856501e+00  
342       1.463781e+01   1.439851e+01   1.864460e+00   1.863390e+00  
343       1.465754e+01   1.441771e+01   1.867890e+00   1.866622e+00  
344       1.462706e+01   1.438450e+01   1.876148e+00   1.875372e+00  
345       1.465921e+01   1.441632e+01   1.880337e+00   1.877947e+00  
346       1.463717e+01   1.439177e+01   1.887717e+00   1.886833e+00  
347       1.467156e+01   1.442612e+01   1.890591e+00   1.888790e+00  
348       1.464112e+01   1.439293e+01   1.899187e+00   1.897148e+00  
349       1.466615e+01   1.441807e+01   1.900260e+00   1.898464e+00  
350       1.464159e+01   1.439050e+01   1.909690e+00   1.908604e+00  
351       1.467426e+01   1.442416e+01   1.909084e+00   1.906002e+00  
352       1.463055e+01   1.437697e+01   1.918357e+00   1.917191e+00  
353       1.467682e+01   1.442432e+01   1.918553e+00   1.914935e+00  
354       1.462039e+01   1.436451e+01   1.926034e+00   1.925374e+00  
355       1.466173e+01   1.440675e+01   1.926379e+00   1.923780e+00  
356       1.463082e+01   1.437345e+01   1.932969e+00   1.930876e+00  
357       1.467386e+01   1.441744e+01   1.932354e+00   1.930163e+00  
358       1.461832e+01   1.435930e+01   1.938091e+00   1.936340e+00  
359       1.465993e+01   1.440209e+01   1.936644e+00   1.934621e+00  
360       1.461889e+01   1.435857e+01   1.943681e+00   1.940504e+00  
361       1.466869e+01   1.441032e+01   1.939001e+00   1.937423e+00  
362       1.462287e+01   1.436207e+01   1.945346e+00   1.942924e+00  
363       1.466629e+01   1.440652e+01   1.944270e+00   1.942181e+00  
364       1.462489e+01   1.436338e+01   1.947875e+00   1.945952e+00  
365       1.466824e+01   1.440856e+01   1.944063e+00   1.941998e+00  
366       1.462396e+01   1.436172e+01   1.950030e+00   1.949029e+00  
367       1.467571e+01   1.441625e+01   1.943860e+00   1.941605e+00  
368       1.461663e+01   1.435466e+01   1.948153e+00   1.947896e+00  
369       1.466303e+01   1.440299e+01   1.944442e+00   1.943600e+00  
370       1.461654e+01   1.435487e+01   1.947029e+00   1.946835e+00  
371       1.466524e+01   1.440541e+01   1.943875e+00   1.942812e+00  
372       1.461458e+01   1.435315e+01   1.945180e+00   1.946625e+00  
373       1.466667e+01   1.440667e+01   1.944700e+00   1.943451e+00  
374       1.461424e+01   1.435343e+01   1.942781e+00   1.944365e+00  
375       1.466671e+01   1.440699e+01   1.942698e+00   1.943379e+00  
376       1.460985e+01   1.434941e+01   1.940793e+00   1.943098e+00  
377       1.466220e+01   1.440311e+01   1.940158e+00   1.940689e+00  
378       1.460430e+01   1.434469e+01   1.937630e+00   1.939278e+00  
379       1.465955e+01   1.440150e+01   1.935777e+00   1.936989e+00  
380       1.460564e+01   1.434723e+01   1.933033e+00   1.935180e+00  
381       1.465763e+01   1.440066e+01   1.930965e+00   1.933506e+00  
382       1.460126e+01   1.434371e+01   1.929119e+00   1.932164e+00  
383       1.465086e+01   1.439534e+01   1.925091e+00   1.927680e+00  
384       1.460304e+01   1.434635e+01   1.926072e+00   1.929098e+00  
385       1.465755e+01   1.440379e+01   1.918710e+00   1.921744e+00  
386       1.459587e+01   1.434031e+01   1.920693e+00   1.925090e+00  
387       1.465767e+01   1.440495e+01   1.914985e+00   1.917701e+00  
388       1.459288e+01   1.433873e+01   1.915585e+00   1.919293e+00  
389       1.465587e+01   1.440490e+01   1.907769e+00   1.911496e+00  
390       1.459258e+01   1.433967e+01   1.910786e+00   1.914728e+00  
391       1.464472e+01   1.439445e+01   1.903812e+00   1.908718e+00  
392       1.460420e+01   1.435295e+01   1.905439e+00   1.909120e+00  
393       1.463724e+01   1.438751e+01   1.901587e+00   1.905873e+00  
394       1.460473e+01   1.435490e+01   1.899471e+00   1.904414e+00  
395       1.464213e+01   1.439327e+01   1.897913e+00   1.903603e+00  
396       1.460526e+01   1.435624e+01   1.896948e+00   1.900936e+00  
397       1.463668e+01   1.438824e+01   1.896374e+00   1.901214e+00  
398       1.459994e+01   1.435102e+01   1.895655e+00   1.900772e+00  
399       1.462803e+01   1.438022e+01   1.893673e+00   1.898027e+00  
400       1.459368e+01   1.434495e+01   1.894189e+00   1.900004e+00  
401       1.462053e+01   1.437267e+01   1.893368e+00   1.897700e+00  
402       1.460756e+01   1.435902e+01   1.894695e+00   1.899918e+00  
403       1.462494e+01   1.437676e+01   1.894383e+00   1.899741e+00  
404       1.460481e+01   1.435573e+01   1.896668e+00   1.901588e+00  
405       1.462667e+01   1.437826e+01   1.895841e+00   1.900283e+00  
406       1.462522e+01   1.437589e+01   1.898739e+00   1.904149e+00  
407       1.463011e+01   1.438097e+01   1.898228e+00   1.903814e+00  
408       1.462143e+01   1.437163e+01   1.900396e+00   1.905450e+00  
409       1.464234e+01   1.439226e+01   1.902713e+00   1.908091e+00  
410       1.462045e+01   1.436948e+01   1.904468e+00   1.910197e+00  
411       1.465324e+01   1.440178e+01   1.908666e+00   1.913941e+00  
412       1.462190e+01   1.436918e+01   1.911162e+00   1.916790e+00  
413       1.465809e+01   1.440579e+01   1.912104e+00   1.917466e+00  
414       1.460708e+01   1.435249e+01   1.916608e+00   1.923363e+00  
415       1.466982e+01   1.441562e+01   1.919775e+00   1.925642e+00  
416       1.460413e+01   1.434734e+01   1.925373e+00   1.930646e+00  
417       1.467851e+01   1.442184e+01   1.929443e+00   1.935576e+00  
418       1.460629e+01   1.434775e+01   1.932096e+00   1.937205e+00  
419       1.469543e+01   1.443752e+01   1.936017e+00   1.940497e+00  
420       1.462107e+01   1.436093e+01   1.938709e+00   1.944456e+00  
421       1.469046e+01   1.443006e+01   1.944726e+00   1.949563e+00  
422       1.463125e+01   1.436908e+01   1.946783e+00   1.952671e+00  
423       1.467832e+01   1.441494e+01   1.954913e+00   1.959811e+00  
424       1.463287e+01   1.436913e+01   1.952740e+00   1.958529e+00  
425       1.468673e+01   1.442238e+01   1.959349e+00   1.963613e+00  
426       1.463967e+01   1.437436e+01   1.959265e+00   1.964452e+00  
427       1.467273e+01   1.440615e+01   1.965986e+00   1.971452e+00  
428       1.464247e+01   1.437543e+01   1.965480e+00   1.971213e+00  
429       1.466383e+01   1.439518e+01   1.973727e+00   1.977614e+00  
430       1.464494e+01   1.437667e+01   1.970045e+00   1.975993e+00  
431       1.467309e+01   1.440332e+01   1.978086e+00   1.982742e+00  
432       1.464672e+01   1.437776e+01   1.973346e+00   1.977961e+00  
433       1.466886e+01   1.439805e+01   1.981213e+00   1.986533e+00  
434       1.464785e+01   1.437802e+01   1.976749e+00   1.981079e+00  
435       1.467236e+01   1.440110e+01   1.983186e+00   1.988304e+00  
436       1.465791e+01   1.438801e+01   1.977621e+00   1.982090e+00  
437       1.466405e+01   1.439242e+01   1.984260e+00   1.988751e+00  
438       1.464847e+01   1.437786e+01   1.979763e+00   1.983735e+00  
439       1.465734e+01   1.438513e+01   1.985636e+00   1.990636e+00  
440       1.465273e+01   1.438189e+01   1.980651e+00   1.985107e+00  
441       1.466084e+01   1.438845e+01   1.986702e+00   1.991457e+00  
442       1.465809e+01   1.438788e+01   1.979218e+00   1.982757e+00  
443       1.465298e+01   1.438077e+01   1.985268e+00   1.990454e+00  
444       1.465587e+01   1.438540e+01   1.979858e+00   1.983691e+00  
445       1.464649e+01   1.437437e+01   1.984674e+00   1.989529e+00  
446       1.466603e+01   1.439564e+01   1.980305e+00   1.984093e+00  
447       1.463412e+01   1.436214e+01   1.983331e+00   1.988147e+00  
448       1.465961e+01   1.438965e+01   1.977919e+00   1.982427e+00  
449       1.462134e+01   1.434971e+01   1.981123e+00   1.986047e+00  
450       1.466559e+01   1.439664e+01   1.974928e+00   1.978914e+00  
451       1.463067e+01   1.436010e+01   1.977558e+00   1.983307e+00  
452       1.466357e+01   1.439523e+01   1.972343e+00   1.976742e+00  
453       1.461991e+01   1.434988e+01   1.975572e+00   1.979915e+00  
454       1.466837e+01   1.440181e+01   1.966126e+00   1.970597e+00  
455       1.462848e+01   1.435987e+01   1.970574e+00   1.975697e+00  
456       1.466632e+01   1.440064e+01   1.963124e+00   1.966849e+00  
457       1.461584e+01   1.434841e+01   1.965463e+00   1.970498e+00  
458       1.467289e+01   1.440842e+01   1.959539e+00   1.962522e+00  
459       1.461300e+01   1.434663e+01   1.961080e+00   1.966826e+00  
460       1.467020e+01   1.440693e+01   1.954455e+00   1.958404e+00  
461       1.461378e+01   1.434891e+01   1.956007e+00   1.960950e+00  
462       1.465854e+01   1.439660e+01   1.948536e+00   1.952869e+00  
463       1.461467e+01   1.435120e+01   1.951271e+00   1.955564e+00  
464       1.465926e+01   1.439860e+01   1.944430e+00   1.947657e+00  
465       1.460321e+01   1.434100e+01   1.945597e+00   1.950388e+00  
466       1.466362e+01   1.440447e+01   1.939544e+00   1.942013e+00  
467       1.460240e+01   1.434095e+01   1.942916e+00   1.947360e+00  
468       1.465681e+01   1.439876e+01   1.935292e+00   1.937110e+00  
469       1.459576e+01   1.433511e+01   1.940176e+00   1.943343e+00  
470       1.465328e+01   1.439599e+01   1.931634e+00   1.934675e+00  
471       1.459731e+01   1.433770e+01   1.936612e+00   1.939474e+00  
472       1.464816e+01   1.439160e+01   1.928696e+00   1.931423e+00  
473       1.459788e+01   1.433866e+01   1.935406e+00   1.937812e+00  
474       1.464910e+01   1.439314e+01   1.926391e+00   1.929363e+00  
475       1.460567e+01   1.434720e+01   1.933620e+00   1.935042e+00  
476       1.464573e+01   1.438988e+01   1.925417e+00   1.929112e+00  
477       1.460877e+01   1.435083e+01   1.932141e+00   1.933028e+00  
478       1.464677e+01   1.439156e+01   1.923189e+00   1.926664e+00  
479       1.460947e+01   1.435106e+01   1.933825e+00   1.934933e+00  
480       1.465560e+01   1.440049e+01   1.923763e+00   1.926615e+00  
481       1.460727e+01   1.434849e+01   1.934975e+00   1.936187e+00  
482       1.466111e+01   1.440600e+01   1.924799e+00   1.926246e+00  
483       1.459669e+01   1.433750e+01   1.935731e+00   1.937173e+00  
484       1.464751e+01   1.439163e+01   1.926682e+00   1.928318e+00  
485       1.459728e+01   1.433752e+01   1.937543e+00   1.939575e+00  
486       1.465746e+01   1.440078e+01   1.930835e+00   1.931414e+00  
487       1.459823e+01   1.433734e+01   1.941954e+00   1.943724e+00  
488       1.467337e+01   1.441534e+01   1.937334e+00   1.937166e+00  
489       1.460653e+01   1.434472e+01   1.945890e+00   1.947644e+00  
490       1.466695e+01   1.440734e+01   1.942490e+00   1.942877e+00  
491       1.461134e+01   1.434822e+01   1.951723e+00   1.952082e+00  
492       1.466599e+01   1.440489e+01   1.947833e+00   1.948375e+00  
493       1.461468e+01   1.435009e+01   1.956893e+00   1.958178e+00  
494       1.467613e+01   1.441377e+01   1.953606e+00   1.953345e+00  
495       1.462286e+01   1.435658e+01   1.963986e+00   1.964510e+00  
496       1.468975e+01   1.442631e+01   1.958590e+00   1.958087e+00  
497       1.461623e+01   1.434849e+01   1.969010e+00   1.969321e+00  
498       1.467675e+01   1.441189e+01   1.962697e+00   1.962740e+00  
499       1.462033e+01   1.435100e+01   1.974934e+00   1.975433e+00  
500       1.467657e+01   1.440983e+01   1.969519e+00   1.969700e+00  
501       1.461532e+01   1.434428e+01   1.980728e+00   1.981412e+00  
502       1.467867e+01   1.441066e+01   1.974687e+00   1.974074e+00  
503       1.462838e+01   1.435676e+01   1.983911e+00   1.984231e+00  
504       1.467457e+01   1.440548e+01   1.978490e+00   1.977577e+00  
505       1.464067e+01   1.436838e+01   1.987156e+00   1.987472e+00  
506       1.466671e+01   1.439565e+01   1.984767e+00   1.984488e+00  
507       1.464520e+01   1.437166e+01   1.991843e+00   1.992443e+00  
508       1.465578e+01   1.438331e+01   1.988828e+00   1.989213e+00  
509       1.464779e+01   1.437415e+01   1.992608e+00   1.992762e+00  
510       1.466221e+01   1.439016e+01   1.988024e+00   1.987830e+00  
511       1.465206e+01   1.437834e+01   1.992937e+00   1.993617e+00  
512       1.464302e+01   1.437015e+01   1.989482e+00   1.989723e+00  
513       1.465643e+01   1.438210e+01   1.995546e+00   1.995985e+00  
514       1.463524e+01   1.436173e+01   1.991220e+00   1.991504e+00  
515       1.465230e+01   1.437743e+01   1.997281e+00   1.997584e+00  
516       1.464760e+01   1.437410e+01   1.991830e+00   1.992441e+00  
517       1.464519e+01   1.437035e+01   1.996222e+00   1.997446e+00  
518       1.464035e+01   1.436653e+01   1.992087e+00   1.993519e+00  
519       1.465193e+01   1.437762e+01   1.994576e+00   1.996175e+00  
520       1.464864e+01   1.437508e+01   1.991724e+00   1.993178e+00  
521       1.464940e+01   1.437546e+01   1.993022e+00   1.994702e+00  
522       1.465067e+01   1.437728e+01   1.991066e+00   1.992888e+00  
523       1.464361e+01   1.436980e+01   1.992056e+00   1.993931e+00  
524       1.465397e+01   1.438090e+01   1.990253e+00   1.991831e+00  
525       1.464941e+01   1.437655e+01   1.988768e+00   1.991174e+00  
526       1.465619e+01   1.438394e+01   1.987310e+00   1.989155e+00  
527       1.465203e+01   1.438035e+01   1.984405e+00   1.987366e+00  
528       1.463486e+01   1.436305e+01   1.983827e+00   1.986570e+00  
529       1.465976e+01   1.438876e+01   1.982297e+00   1.985595e+00  
530       1.463051e+01   1.435913e+01   1.982030e+00   1.984629e+00  
531       1.467556e+01   1.440618e+01   1.977781e+00   1.980481e+00  
532       1.462453e+01   1.435400e+01   1.977599e+00   1.982139e+00  
533       1.467362e+01   1.440500e+01   1.974819e+00   1.977670e+00  
534       1.461635e+01   1.434681e+01   1.973026e+00   1.978357e+00  
535       1.468700e+01   1.441981e+01   1.969959e+00   1.973895e+00  
536       1.462028e+01   1.435139e+01   1.970467e+00   1.976724e+00  
537       1.468347e+01   1.441745e+01   1.965479e+00   1.969349e+00  
538       1.461457e+01   1.434657e+01   1.967479e+00   1.972531e+00  
539       1.467846e+01   1.441334e+01   1.961260e+00   1.966245e+00  
540       1.462858e+01   1.436191e+01   1.963508e+00   1.968604e+00  
541       1.468244e+01   1.441856e+01   1.957656e+00   1.961352e+00  
542       1.461611e+01   1.435020e+01   1.959655e+00   1.965297e+00  
543       1.468898e+01   1.442592e+01   1.954702e+00   1.959100e+00  
544       1.462863e+01   1.436394e+01   1.955652e+00   1.961962e+00  
545       1.468855e+01   1.442628e+01   1.951761e+00   1.956179e+00  
546       1.462513e+01   1.436115e+01   1.952843e+00   1.959112e+00  
547       1.468349e+01   1.442196e+01   1.949260e+00   1.952535e+00  
548       1.462944e+01   1.436619e+01   1.950048e+00   1.957128e+00  
549       1.468527e+01   1.442404e+01   1.948144e+00   1.951623e+00  
550       1.461590e+01   1.435248e+01   1.949824e+00   1.956799e+00  
551       1.467615e+01   1.441501e+01   1.947052e+00   1.950855e+00  
552       1.462462e+01   1.436155e+01   1.949509e+00   1.955734e+00  
553       1.467409e+01   1.441300e+01   1.946045e+00   1.951243e+00  
554       1.462718e+01   1.436409e+01   1.949810e+00   1.955885e+00  
555       1.467880e+01   1.441739e+01   1.947403e+00   1.952871e+00  
556       1.463020e+01   1.436720e+01   1.949596e+00   1.955858e+00  
557       1.467588e+01   1.441378e+01   1.949580e+00   1.955375e+00  
558       1.463632e+01   1.437292e+01   1.951543e+00   1.957685e+00  
559       1.467898e+01   1.441674e+01   1.950145e+00   1.956315e+00  
560       1.464099e+01   1.437696e+01   1.953998e+00   1.960480e+00  
561       1.467401e+01   1.441105e+01   1.952412e+00   1.958653e+00  
562       1.463624e+01   1.437111e+01   1.957681e+00   1.964263e+00  
563       1.467525e+01   1.441093e+01   1.957760e+00   1.963466e+00  
564       1.464686e+01   1.438044e+01   1.963038e+00   1.969738e+00  
565       1.468856e+01   1.442322e+01   1.962037e+00   1.968489e+00  
566       1.464398e+01   1.437618e+01   1.968793e+00   1.973720e+00  
567       1.469054e+01   1.442414e+01   1.966006e+00   1.972509e+00  
568       1.465119e+01   1.438274e+01   1.971439e+00   1.976750e+00  
569       1.468330e+01   1.441541e+01   1.971181e+00   1.977273e+00  
570       1.465294e+01   1.438333e+01   1.975516e+00   1.981356e+00  
571       1.469581e+01   1.442662e+01   1.976814e+00   1.982800e+00  
572       1.465090e+01   1.437964e+01   1.981699e+00   1.986872e+00  
573       1.469443e+01   1.442404e+01   1.981281e+00   1.986893e+00  
574       1.465291e+01   1.438060e+01   1.985523e+00   1.990991e+00  
575       1.469586e+01   1.442383e+01   1.987345e+00   1.992909e+00  
576       1.465029e+01   1.437706e+01   1.988420e+00   1.994304e+00  
577       1.469845e+01   1.442526e+01   1.992006e+00   1.997104e+00  
578       1.465821e+01   1.438427e+01   1.991512e+00   1.997421e+00  
579       1.470540e+01   1.443169e+01   1.994115e+00   1.999692e+00  
580       1.467271e+01   1.439817e+01   1.995247e+00   2.000007e+00  
581       1.470388e+01   1.442965e+01   1.996396e+00   2.000910e+00  
582       1.467943e+01   1.440428e+01   1.997819e+00   2.002769e+00  
583       1.469634e+01   1.442147e+01   1.997663e+00   2.003276e+00  
584       1.466702e+01   1.439098e+01   1.999997e+00   2.005264e+00  
585       1.470052e+01   1.442548e+01   1.998589e+00   2.004163e+00  
586       1.466378e+01   1.438807e+01   1.998710e+00   2.003813e+00  
587       1.470371e+01   1.442900e+01   1.998026e+00   2.002674e+00  
588       1.466654e+01   1.439101e+01   1.998140e+00   2.003430e+00  
589       1.470532e+01   1.443078e+01   1.997735e+00   2.002024e+00  
590       1.467697e+01   1.440145e+01   1.998787e+00   2.004089e+00  
591       1.468203e+01   1.440666e+01   1.998194e+00   2.004387e+00  
592       1.468014e+01   1.440484e+01   1.998187e+00   2.003634e+00  
593       1.468586e+01   1.441094e+01   1.996716e+00   2.003031e+00  
594       1.467884e+01   1.440443e+01   1.995110e+00   2.000047e+00  
595       1.468769e+01   1.441368e+01   1.993271e+00   2.000293e+00  
596       1.468213e+01   1.440842e+01   1.992255e+00   1.998315e+00  
597       1.466484e+01   1.439099e+01   1.991149e+00   1.998060e+00  
598       1.467958e+01   1.440620e+01   1.990562e+00   1.997325e+00  
599       1.466442e+01   1.439147e+01   1.987908e+00   1.994735e+00  
600       1.468973e+01   1.441708e+01   1.988588e+00   1.995312e+00  
601       1.466192e+01   1.438951e+01   1.985640e+00   1.992727e+00  
602       1.468330e+01   1.441159e+01   1.984524e+00   1.991793e+00  
603       1.466461e+01   1.439362e+01   1.980326e+00   1.988204e+00  
604       1.468777e+01   1.441718e+01   1.980277e+00   1.988416e+00  
605       1.466134e+01   1.439123e+01   1.977095e+00   1.984621e+00  
606       1.467774e+01   1.440783e+01   1.977014e+00   1.985427e+00  
607       1.465461e+01   1.438535e+01   1.972774e+00   1.981746e+00  
608       1.467160e+01   1.440297e+01   1.972454e+00   1.979884e+00  
609       1.465935e+01   1.439166e+01   1.967828e+00   1.975929e+00  
610       1.468621e+01   1.441901e+01   1.967614e+00   1.976197e+00  
611       1.465185e+01   1.438562e+01   1.961327e+00   1.970731e+00  
612       1.468444e+01   1.441839e+01   1.963471e+00   1.971694e+00  
613       1.463904e+01   1.437389e+01   1.956650e+00   1.965836e+00  
614       1.469027e+01   1.442589e+01   1.957740e+00   1.965961e+00  
615       1.464127e+01   1.437727e+01   1.953144e+00   1.961159e+00  
616       1.469486e+01   1.443169e+01   1.953492e+00   1.961934e+00  
617       1.464499e+01   1.438183e+01   1.950104e+00   1.958546e+00  
618       1.467929e+01   1.441728e+01   1.948335e+00   1.956463e+00  
619       1.464627e+01   1.438421e+01   1.946223e+00   1.954489e+00  
620       1.468904e+01   1.442803e+01   1.944641e+00   1.953965e+00  
621       1.464581e+01   1.438453e+01   1.943026e+00   1.951813e+00  
622       1.466739e+01   1.440684e+01   1.941552e+00   1.950820e+00  
623       1.465403e+01   1.439378e+01   1.939982e+00   1.948370e+00  
624       1.466157e+01   1.440168e+01   1.938389e+00   1.948364e+00  
625       1.465949e+01   1.439968e+01   1.939134e+00   1.946680e+00  
626       1.465619e+01   1.439716e+01   1.935158e+00   1.944425e+00  
627       1.466329e+01   1.440410e+01   1.936348e+00   1.945437e+00  
628       1.464522e+01   1.438627e+01   1.934339e+00   1.943196e+00  
629       1.468270e+01   1.442406e+01   1.935471e+00   1.944797e+00  
630       1.464296e+01   1.438423e+01   1.933155e+00   1.942470e+00  
631       1.467333e+01   1.441455e+01   1.935643e+00   1.944404e+00  
632       1.464152e+01   1.438293e+01   1.932767e+00   1.941567e+00  
633       1.467540e+01   1.441630e+01   1.936679e+00   1.945996e+00  
634       1.464526e+01   1.438591e+01   1.936096e+00   1.944408e+00  
635       1.466993e+01   1.441063e+01   1.937462e+00   1.946026e+00  
636       1.465127e+01   1.439143e+01   1.937955e+00   1.946973e+00  
637       1.467292e+01   1.441278e+01   1.940664e+00   1.949435e+00  
638       1.466057e+01   1.440024e+01   1.940481e+00   1.949355e+00  
639       1.466715e+01   1.440592e+01   1.944465e+00   1.952867e+00  
640       1.466073e+01   1.439926e+01   1.944204e+00   1.954074e+00  
641       1.466107e+01   1.439841e+01   1.949178e+00   1.957887e+00  
642       1.467413e+01   1.441211e+01   1.947192e+00   1.956991e+00  
643       1.465410e+01   1.439046e+01   1.952183e+00   1.961239e+00  
644       1.467812e+01   1.441500e+01   1.951725e+00   1.961027e+00  
645       1.465483e+01   1.439051e+01   1.955207e+00   1.963248e+00  
646       1.466786e+01   1.440302e+01   1.957141e+00   1.966867e+00  
647       1.465363e+01   1.438799e+01   1.960068e+00   1.967949e+00  
648       1.467536e+01   1.440963e+01   1.961096e+00   1.970474e+00  
649       1.466059e+01   1.439403e+01   1.963196e+00   1.972461e+00  
650       1.467738e+01   1.441054e+01   1.965478e+00   1.974555e+00  
651       1.467119e+01   1.440379e+01   1.967141e+00   1.976133e+00  
652       1.466937e+01   1.440162e+01   1.968354e+00   1.977193e+00  
653       1.468899e+01   1.442125e+01   1.969466e+00   1.978670e+00  
654       1.466364e+01   1.439532e+01   1.969910e+00   1.979001e+00  
655       1.468091e+01   1.441213e+01   1.972284e+00   1.982378e+00  
656       1.466782e+01   1.439906e+01   1.972354e+00   1.980410e+00  
657       1.468568e+01   1.441615e+01   1.975547e+00   1.985174e+00  
658       1.465539e+01   1.438543e+01   1.975736e+00   1.984027e+00  
659       1.469246e+01   1.442220e+01   1.978805e+00   1.988203e+00  
660       1.464898e+01   1.437886e+01   1.975226e+00   1.984847e+00  
661       1.469328e+01   1.442305e+01   1.978371e+00   1.988502e+00  
662       1.465326e+01   1.438322e+01   1.975123e+00   1.984897e+00  
663       1.469335e+01   1.442286e+01   1.979446e+00   1.989374e+00  
664       1.466234e+01   1.439242e+01   1.975137e+00   1.985274e+00  
665       1.470614e+01   1.443601e+01   1.979419e+00   1.988534e+00  
666       1.465964e+01   1.438921e+01   1.977178e+00   1.986563e+00  
667       1.470499e+01   1.443492e+01   1.979384e+00   1.987898e+00  
668       1.466239e+01   1.439193e+01   1.976479e+00   1.987865e+00  
669       1.469127e+01   1.442142e+01   1.976871e+00   1.986983e+00  
670       1.465914e+01   1.438895e+01   1.975521e+00   1.986463e+00  
671       1.469010e+01   1.442081e+01   1.974838e+00   1.984766e+00  
672       1.466961e+01   1.439963e+01   1.974935e+00   1.986862e+00  
673       1.469345e+01   1.442497e+01   1.971298e+00   1.982870e+00  
674       1.467432e+01   1.440465e+01   1.974173e+00   1.985974e+00  
675       1.469764e+01   1.442951e+01   1.970728e+00   1.981413e+00  
676       1.466699e+01   1.439752e+01   1.972656e+00   1.985087e+00  
677       1.469106e+01   1.442337e+01   1.968257e+00   1.979805e+00  
678       1.466885e+01   1.440084e+01   1.967287e+00   1.980083e+00  
679       1.469700e+01   1.443014e+01   1.965221e+00   1.977603e+00  
680       1.466123e+01   1.439372e+01   1.965193e+00   1.977488e+00  
681       1.468891e+01   1.442305e+01   1.960394e+00   1.973999e+00  
682       1.465468e+01   1.438837e+01   1.959938e+00   1.973059e+00  
683       1.469054e+01   1.442549e+01   1.958019e+00   1.970587e+00  
684       1.465749e+01   1.439191e+01   1.956929e+00   1.971142e+00  
685       1.468091e+01   1.441671e+01   1.954091e+00   1.967005e+00  
686       1.466155e+01   1.439741e+01   1.952415e+00   1.965648e+00  
687       1.468402e+01   1.442111e+01   1.949010e+00   1.962977e+00  
688       1.466116e+01   1.439821e+01   1.948051e+00   1.961207e+00  
689       1.469138e+01   1.442983e+01   1.944549e+00   1.958361e+00  
690       1.466818e+01   1.440613e+01   1.945020e+00   1.958516e+00  
691       1.467613e+01   1.441524e+01   1.941259e+00   1.954838e+00  
692       1.466694e+01   1.440588e+01   1.941126e+00   1.954938e+00  
693       1.467979e+01   1.441974e+01   1.938115e+00   1.952168e+00  
694       1.467815e+01   1.441826e+01   1.937756e+00   1.951134e+00  
695       1.468144e+01   1.442204e+01   1.935865e+00   1.949900e+00  
696       1.467085e+01   1.441129e+01   1.935956e+00   1.949502e+00  
697       1.467771e+01   1.441899e+01   1.932720e+00   1.947462e+00  
698       1.467327e+01   1.441426e+01   1.934346e+00   1.947372e+00  
699       1.468003e+01   1.442162e+01   1.932302e+00   1.945897e+00  
700       1.468445e+01   1.442588e+01   1.933237e+00   1.946682e+00  
701       1.467693e+01   1.441872e+01   1.931106e+00   1.945123e+00  
702       1.467163e+01   1.441305e+01   1.932868e+00   1.945482e+00  
703       1.468405e+01   1.442622e+01   1.930364e+00   1.944028e+00  
704       1.468438e+01   1.442626e+01   1.931771e+00   1.944784e+00  
705       1.469296e+01   1.443492e+01   1.931944e+00   1.945166e+00  
706       1.467191e+01   1.441318e+01   1.933193e+00   1.946299e+00  
707       1.468950e+01   1.443112e+01   1.933253e+00   1.945948e+00  
708       1.467341e+01   1.441441e+01   1.934541e+00   1.947132e+00  
709       1.469538e+01   1.443655e+01   1.935846e+00   1.947435e+00  
710       1.467738e+01   1.441757e+01   1.938257e+00   1.949909e+00  
711       1.468889e+01   1.442916e+01   1.938371e+00   1.950788e+00  
712       1.467294e+01   1.441254e+01   1.940560e+00   1.951385e+00  
713       1.468684e+01   1.442595e+01   1.942677e+00   1.954793e+00  
714       1.468482e+01   1.442378e+01   1.943665e+00   1.954593e+00  
715       1.467865e+01   1.441631e+01   1.947522e+00   1.959624e+00  
716       1.467726e+01   1.441523e+01   1.947115e+00   1.957476e+00  
717       1.468806e+01   1.442505e+01   1.950473e+00   1.962824e+00  
718       1.467706e+01   1.441368e+01   1.952147e+00   1.962435e+00  
719       1.468541e+01   1.442112e+01   1.955652e+00   1.966715e+00  
720       1.467822e+01   1.441369e+01   1.956330e+00   1.966786e+00  
721       1.467996e+01   1.441464e+01   1.959109e+00   1.970086e+00  
722       1.468597e+01   1.442060e+01   1.960486e+00   1.969931e+00  
723       1.468283e+01   1.441613e+01   1.964697e+00   1.974961e+00  
724       1.468565e+01   1.441903e+01   1.964769e+00   1.974772e+00  
725       1.468425e+01   1.441672e+01   1.967801e+00   1.978169e+00  
726       1.469015e+01   1.442233e+01   1.969848e+00   1.979066e+00  
727       1.469449e+01   1.442634e+01   1.970786e+00   1.981087e+00  
728       1.468519e+01   1.441658e+01   1.972548e+00   1.981445e+00  
729       1.468592e+01   1.441709e+01   1.972954e+00   1.982726e+00  
730       1.468884e+01   1.441950e+01   1.975232e+00   1.984585e+00  
731       1.468019e+01   1.441024e+01   1.976543e+00   1.986551e+00  
732       1.468557e+01   1.441521e+01   1.978737e+00   1.988090e+00  
733       1.467867e+01   1.440804e+01   1.978732e+00   1.989070e+00  
734       1.469029e+01   1.441960e+01   1.980488e+00   1.989379e+00  
735       1.467540e+01   1.440411e+01   1.980484e+00   1.991629e+00  
736       1.469680e+01   1.442612e+01   1.981001e+00   1.989636e+00  
737       1.467271e+01   1.440147e+01   1.980137e+00   1.991312e+00  
738       1.470264e+01   1.443222e+01   1.980142e+00   1.989396e+00  
739       1.468187e+01   1.441096e+01   1.980201e+00   1.990093e+00  
740       1.469884e+01   1.442812e+01   1.981044e+00   1.990164e+00  
741       1.467476e+01   1.440367e+01   1.979935e+00   1.990646e+00  
742       1.469747e+01   1.442643e+01   1.982010e+00   1.991336e+00  
743       1.467373e+01   1.440272e+01   1.980173e+00   1.989737e+00  
744       1.468454e+01   1.441366e+01   1.979818e+00   1.990540e+00  
745       1.467160e+01   1.440074e+01   1.979371e+00   1.989101e+00  
746       1.468956e+01   1.441956e+01   1.976578e+00   1.988161e+00  
747       1.467072e+01   1.440027e+01   1.977591e+00   1.987774e+00  
748       1.468620e+01   1.441624e+01   1.976121e+00   1.987859e+00  
749       1.468286e+01   1.441314e+01   1.975163e+00   1.986604e+00  
750       1.469314e+01   1.442377e+01   1.974402e+00   1.986217e+00  
751       1.468210e+01   1.441297e+01   1.972787e+00   1.984554e+00  
752       1.469377e+01   1.442504e+01   1.971988e+00   1.984060e+00  
753       1.467073e+01   1.440212e+01   1.970415e+00   1.981536e+00  
754       1.469247e+01   1.442486e+01   1.967610e+00   1.980031e+00  
755       1.466610e+01   1.439824e+01   1.966936e+00   1.978996e+00  
756       1.469590e+01   1.442912e+01   1.964646e+00   1.977354e+00  
757       1.466967e+01   1.440263e+01   1.963893e+00   1.976441e+00  
758       1.469849e+01   1.443280e+01   1.960655e+00   1.973719e+00  
759       1.466046e+01   1.439394e+01   1.961873e+00   1.973494e+00  
760       1.470327e+01   1.443844e+01   1.957655e+00   1.971022e+00  
761       1.466134e+01   1.439596e+01   1.958434e+00   1.968669e+00  
762       1.471036e+01   1.444667e+01   1.953617e+00   1.967680e+00  
763       1.465874e+01   1.439412e+01   1.955708e+00   1.965443e+00  
764       1.470953e+01   1.444687e+01   1.950269e+00   1.963311e+00  
765       1.464095e+01   1.437659e+01   1.953122e+00   1.963719e+00  
766       1.471450e+01   1.445294e+01   1.946699e+00   1.959444e+00  
767       1.463347e+01   1.436940e+01   1.951805e+00   1.961978e+00  
768       1.471282e+01   1.445213e+01   1.942964e+00   1.956508e+00  
769       1.463998e+01   1.437654e+01   1.949871e+00   1.960114e+00  
770       1.469620e+01   1.443578e+01   1.941503e+00   1.953706e+00  
771       1.464120e+01   1.437861e+01   1.946576e+00   1.957312e+00  
772       1.470104e+01   1.444085e+01   1.940801e+00   1.953380e+00  
773       1.464574e+01   1.438367e+01   1.944761e+00   1.955930e+00  
774       1.469139e+01   1.443111e+01   1.940918e+00   1.952614e+00  
775       1.464832e+01   1.438667e+01   1.943547e+00   1.954367e+00  
776       1.467903e+01   1.441889e+01   1.939576e+00   1.951302e+00  
777       1.465851e+01   1.439680e+01   1.944712e+00   1.955037e+00  
778       1.467679e+01   1.441626e+01   1.940971e+00   1.952466e+00  
779       1.466071e+01   1.439908e+01   1.944217e+00   1.955210e+00  
780       1.467107e+01   1.441033e+01   1.941485e+00   1.952752e+00  
781       1.465634e+01   1.439444e+01   1.944967e+00   1.955915e+00  
782       1.466458e+01   1.440321e+01   1.943392e+00   1.954695e+00  
783       1.466983e+01   1.440769e+01   1.946842e+00   1.957602e+00  
784       1.466608e+01   1.440422e+01   1.945486e+00   1.956423e+00  
785       1.466283e+01   1.439988e+01   1.949801e+00   1.959733e+00  
786       1.466551e+01   1.440274e+01   1.949314e+00   1.959236e+00  
787       1.466703e+01   1.440346e+01   1.952049e+00   1.962613e+00  
788       1.467649e+01   1.441292e+01   1.953199e+00   1.962735e+00  
789       1.466594e+01   1.440151e+01   1.955515e+00   1.965286e+00  
790       1.467137e+01   1.440670e+01   1.957038e+00   1.966225e+00  
791       1.466298e+01   1.439724e+01   1.959644e+00   1.970407e+00  
792       1.466628e+01   1.440059e+01   1.960315e+00   1.969745e+00  
793       1.467090e+01   1.440403e+01   1.965001e+00   1.974314e+00  
794       1.467615e+01   1.440947e+01   1.964994e+00   1.973670e+00  
795       1.466852e+01   1.440064e+01   1.968083e+00   1.978313e+00  
796       1.467315e+01   1.440529e+01   1.969472e+00   1.977376e+00  
797       1.467746e+01   1.440835e+01   1.973412e+00   1.983108e+00  
798       1.467536e+01   1.440670e+01   1.972220e+00   1.980815e+00  
799       1.467680e+01   1.440657e+01   1.977348e+00   1.987293e+00  
800       1.466639e+01   1.439705e+01   1.973932e+00   1.982810e+00  
801       1.468153e+01   1.441046e+01   1.980478e+00   1.990901e+00  
802       1.465773e+01   1.438732e+01   1.977464e+00   1.985875e+00  
803       1.468951e+01   1.441797e+01   1.983208e+00   1.992707e+00  
804       1.465467e+01   1.438284e+01   1.982499e+00   1.990690e+00  
805       1.468729e+01   1.441485e+01   1.986342e+00   1.995792e+00  
806       1.464423e+01   1.437167e+01   1.984100e+00   1.992982e+00  
807       1.469090e+01   1.441776e+01   1.989703e+00   1.998011e+00  
808       1.465078e+01   1.437805e+01   1.985484e+00   1.993698e+00  
809       1.468394e+01   1.441004e+01   1.991491e+00   2.000708e+00  
810       1.465204e+01   1.437875e+01   1.986914e+00   1.996450e+00  
811       1.468428e+01   1.441055e+01   1.991069e+00   1.999970e+00  
812       1.466213e+01   1.438926e+01   1.985972e+00   1.995772e+00  
813       1.468296e+01   1.440912e+01   1.991573e+00   2.000007e+00  
814       1.466311e+01   1.438994e+01   1.987487e+00   1.996537e+00  
815       1.468245e+01   1.440870e+01   1.991263e+00   1.999635e+00  
816       1.466670e+01   1.439349e+01   1.988152e+00   1.996698e+00  
817       1.468130e+01   1.440731e+01   1.991322e+00   2.001139e+00  
818       1.466992e+01   1.439698e+01   1.987593e+00   1.995775e+00  
819       1.467600e+01   1.440161e+01   1.991860e+00   2.002754e+00  
820       1.466360e+01   1.439091e+01   1.985724e+00   1.994891e+00  
821       1.468449e+01   1.441068e+01   1.990427e+00   2.001254e+00  
822       1.465942e+01   1.438718e+01   1.983025e+00   1.993774e+00  
823       1.468744e+01   1.441405e+01   1.989183e+00   1.999841e+00  
824       1.466754e+01   1.439587e+01   1.981494e+00   1.992281e+00  
825       1.468359e+01   1.441066e+01   1.987229e+00   1.997912e+00  
826       1.466868e+01   1.439740e+01   1.979244e+00   1.991922e+00  
827       1.468948e+01   1.441757e+01   1.983855e+00   1.994700e+00  
828       1.467133e+01   1.440115e+01   1.975281e+00   1.988240e+00  
829       1.467978e+01   1.440876e+01   1.979951e+00   1.990848e+00  
830       1.466577e+01   1.439632e+01   1.972269e+00   1.985224e+00  
831       1.467839e+01   1.440856e+01   1.974651e+00   1.987302e+00  
832       1.466569e+01   1.439714e+01   1.969143e+00   1.981746e+00  
833       1.468101e+01   1.441225e+01   1.970649e+00   1.983818e+00  
834       1.466614e+01   1.439803e+01   1.967905e+00   1.979830e+00  
835       1.469031e+01   1.442291e+01   1.966366e+00   1.979467e+00  
836       1.466903e+01   1.440201e+01   1.963946e+00   1.976219e+00  
837       1.468332e+01   1.441678e+01   1.962362e+00   1.976249e+00  
838       1.466082e+01   1.439455e+01   1.960609e+00   1.972961e+00  
839       1.468725e+01   1.442177e+01   1.958388e+00   1.973009e+00  
840       1.466876e+01   1.440356e+01   1.957070e+00   1.969748e+00  
841       1.468350e+01   1.441894e+01   1.955319e+00   1.968782e+00  
842       1.466090e+01   1.439632e+01   1.954054e+00   1.967111e+00  
843       1.468832e+01   1.442493e+01   1.950967e+00   1.965144e+00  
844       1.466433e+01   1.440055e+01   1.951643e+00   1.964120e+00  
845       1.467730e+01   1.441471e+01   1.946804e+00   1.961950e+00  
846       1.467776e+01   1.441473e+01   1.949736e+00   1.962362e+00  
847       1.467117e+01   1.440916e+01   1.944912e+00   1.958784e+00  
848       1.467126e+01   1.440850e+01   1.948751e+00   1.960464e+00  
849       1.467233e+01   1.441084e+01   1.943016e+00   1.956994e+00  
850       1.466905e+01   1.440665e+01   1.947260e+00   1.958962e+00  
851       1.467918e+01   1.441805e+01   1.941899e+00   1.956304e+00  
852       1.467448e+01   1.441234e+01   1.946417e+00   1.958632e+00  
853       1.467871e+01   1.441744e+01   1.942248e+00   1.956917e+00  
854       1.466956e+01   1.440714e+01   1.947111e+00   1.959356e+00  
855       1.467322e+01   1.441190e+01   1.941566e+00   1.957242e+00  
856       1.468058e+01   1.441830e+01   1.947517e+00   1.959391e+00  
857       1.467852e+01   1.441691e+01   1.943008e+00   1.958659e+00  
858       1.468363e+01   1.442093e+01   1.949099e+00   1.961338e+00  
859       1.467721e+01   1.441513e+01   1.944982e+00   1.960003e+00  
860       1.467136e+01   1.440777e+01   1.952374e+00   1.962963e+00  
861       1.468251e+01   1.441951e+01   1.948886e+00   1.963591e+00  
862       1.467723e+01   1.441310e+01   1.954451e+00   1.965609e+00  
863       1.468855e+01   1.442501e+01   1.951901e+00   1.965422e+00  
864       1.467293e+01   1.440785e+01   1.957769e+00   1.968679e+00  
865       1.468148e+01   1.441687e+01   1.954796e+00   1.969335e+00  
866       1.467681e+01   1.441063e+01   1.962212e+00   1.972874e+00  
867       1.468646e+01   1.442092e+01   1.959068e+00   1.972639e+00  
868       1.467594e+01   1.440874e+01   1.965523e+00   1.976931e+00  
869       1.468678e+01   1.442001e+01   1.963746e+00   1.977054e+00  
870       1.467560e+01   1.440758e+01   1.967960e+00   1.980366e+00  
871       1.468226e+01   1.441436e+01   1.968025e+00   1.980371e+00  
872       1.468213e+01   1.441318e+01   1.971326e+00   1.984674e+00  
873       1.469656e+01   1.442803e+01   1.971576e+00   1.983364e+00  
874       1.467401e+01   1.440355e+01   1.976631e+00   1.989265e+00  
875       1.468359e+01   1.441410e+01   1.974821e+00   1.985363e+00  
876       1.467613e+01   1.440494e+01   1.979357e+00   1.992138e+00  
877       1.469034e+01   1.442035e+01   1.976924e+00   1.987798e+00  
878       1.467790e+01   1.440596e+01   1.982852e+00   1.994311e+00  
879       1.469243e+01   1.442156e+01   1.980022e+00   1.991423e+00  
880       1.467423e+01   1.440141e+01   1.986020e+00   1.997015e+00  
881       1.468934e+01   1.441803e+01   1.981740e+00   1.992392e+00  
882       1.468857e+01   1.441544e+01   1.987597e+00   1.999642e+00  
883       1.468949e+01   1.441738e+01   1.985617e+00   1.994345e+00  
884       1.469393e+01   1.442046e+01   1.989049e+00   2.001425e+00  
885       1.468631e+01   1.441433e+01   1.984103e+00   1.994544e+00  
886       1.469045e+01   1.441696e+01   1.989502e+00   2.000668e+00  
887       1.469149e+01   1.441942e+01   1.984901e+00   1.995110e+00  
888       1.469939e+01   1.442599e+01   1.990830e+00   1.999859e+00  
889       1.467598e+01   1.440358e+01   1.984979e+00   1.995293e+00  
890       1.469872e+01   1.442513e+01   1.990683e+00   2.001267e+00  
891       1.467855e+01   1.440615e+01   1.985318e+00   1.995308e+00  
892       1.469711e+01   1.442373e+01   1.990474e+00   1.999733e+00  
893       1.468303e+01   1.441034e+01   1.986378e+00   1.996957e+00  
894       1.469363e+01   1.442028e+01   1.989896e+00   1.999679e+00  
895       1.468301e+01   1.441066e+01   1.984585e+00   1.996251e+00  
896       1.469339e+01   1.442047e+01   1.988239e+00   1.998167e+00  
897       1.468889e+01   1.441695e+01   1.983178e+00   1.995474e+00  
898       1.469686e+01   1.442460e+01   1.986173e+00   1.995910e+00  
899       1.468257e+01   1.441100e+01   1.981246e+00   1.993881e+00  
900       1.469245e+01   1.442080e+01   1.983774e+00   1.993299e+00  
901       1.469465e+01   1.442369e+01   1.979579e+00   1.992728e+00  
902       1.468879e+01   1.441799e+01   1.980088e+00   1.990337e+00  
903       1.468807e+01   1.441753e+01   1.977275e+00   1.991141e+00  
904       1.467826e+01   1.440803e+01   1.977352e+00   1.987488e+00  
905       1.468151e+01   1.441145e+01   1.975343e+00   1.988714e+00  
906       1.467474e+01   1.440528e+01   1.974032e+00   1.984765e+00  
907       1.467656e+01   1.440698e+01   1.973086e+00   1.986765e+00  
908       1.468430e+01   1.441584e+01   1.971169e+00   1.981593e+00  
909       1.467309e+01   1.440409e+01   1.970718e+00   1.984487e+00  
910       1.468296e+01   1.441524e+01   1.967983e+00   1.979129e+00  
911       1.466887e+01   1.440060e+01   1.967762e+00   1.981538e+00  
912       1.467896e+01   1.441227e+01   1.963504e+00   1.975533e+00  
913       1.466951e+01   1.440256e+01   1.963300e+00   1.976445e+00  
914       1.467556e+01   1.440979e+01   1.960090e+00   1.971814e+00  
915       1.466998e+01   1.440355e+01   1.961796e+00   1.974213e+00  
916       1.467174e+01   1.440647e+01   1.957283e+00   1.970439e+00  
917       1.467546e+01   1.441021e+01   1.957994e+00   1.970083e+00  
918       1.466452e+01   1.439940e+01   1.956845e+00   1.968838e+00  
919       1.467461e+01   1.441005e+01   1.955612e+00   1.967325e+00  
920       1.466370e+01   1.439934e+01   1.954368e+00   1.965611e+00  
921       1.467134e+01   1.440722e+01   1.954204e+00   1.965007e+00  
922       1.466986e+01   1.440570e+01   1.954451e+00   1.964863e+00  
923       1.466529e+01   1.440114e+01   1.952960e+00   1.965700e+00  
924       1.466717e+01   1.440326e+01   1.953515e+00   1.963631e+00  
925       1.467930e+01   1.441566e+01   1.952880e+00   1.963835e+00  
926       1.465348e+01   1.438945e+01   1.952632e+00   1.963493e+00  
927       1.466765e+01   1.440367e+01   1.953803e+00   1.963889e+00  
928       1.466227e+01   1.439856e+01   1.952183e+00   1.962782e+00  
929       1.467345e+01   1.440939e+01   1.954297e+00   1.964826e+00  
930       1.466385e+01   1.439968e+01   1.953735e+00   1.964785e+00  
931       1.466521e+01   1.440086e+01   1.955390e+00   1.964650e+00  
932       1.466757e+01   1.440303e+01   1.955671e+00   1.966125e+00  
933       1.466175e+01   1.439669e+01   1.957665e+00   1.967196e+00  
934       1.468073e+01   1.441573e+01   1.958271e+00   1.968676e+00  
935       1.464818e+01   1.438261e+01   1.959334e+00   1.967414e+00  
936       1.469152e+01   1.442609e+01   1.960893e+00   1.970671e+00  
937       1.466567e+01   1.439963e+01   1.962263e+00   1.970343e+00  
938       1.468182e+01   1.441520e+01   1.964117e+00   1.974870e+00  
939       1.466407e+01   1.439675e+01   1.966626e+00   1.975064e+00  
940       1.468569e+01   1.441832e+01   1.967026e+00   1.977928e+00  
941       1.467012e+01   1.440239e+01   1.968639e+00   1.976854e+00  
942       1.468277e+01   1.441429e+01   1.970999e+00   1.981701e+00  
943       1.466990e+01   1.440090e+01   1.972836e+00   1.981933e+00  
944       1.467346e+01   1.440378e+01   1.974564e+00   1.985647e+00  
945       1.467165e+01   1.440167e+01   1.976898e+00   1.985249e+00  
946       1.467487e+01   1.440396e+01   1.979739e+00   1.989548e+00  
947       1.468572e+01   1.441499e+01   1.980286e+00   1.989241e+00  
948       1.467330e+01   1.440135e+01   1.983694e+00   1.992926e+00  
949       1.467651e+01   1.440435e+01   1.985136e+00   1.993428e+00  
950       1.467546e+01   1.440253e+01   1.987578e+00   1.996492e+00  
951       1.467662e+01   1.440364e+01   1.987998e+00   1.996533e+00  
952       1.468091e+01   1.440715e+01   1.991065e+00   1.999742e+00  
953       1.468552e+01   1.441174e+01   1.991620e+00   1.999875e+00  
954       1.468241e+01   1.440780e+01   1.994519e+00   2.002641e+00  
955       1.467791e+01   1.440318e+01   1.994631e+00   2.002683e+00  
956       1.469504e+01   1.442021e+01   1.996051e+00   2.004437e+00  
957       1.468460e+01   1.440896e+01   1.998569e+00   2.006281e+00  
958       1.469220e+01   1.441678e+01   1.998484e+00   2.005814e+00  
959       1.468320e+01   1.440687e+01   2.001153e+00   2.008414e+00  
960       1.468963e+01   1.441384e+01   1.998862e+00   2.007742e+00  
961       1.468824e+01   1.441169e+01   2.002417e+00   2.009444e+00  
962       1.469103e+01   1.441503e+01   1.999677e+00   2.008566e+00  
963       1.469394e+01   1.441700e+01   2.004148e+00   2.011294e+00  
964       1.468036e+01   1.440385e+01   2.000673e+00   2.009831e+00  
965       1.469186e+01   1.441445e+01   2.005660e+00   2.012880e+00  
966       1.467796e+01   1.440114e+01   2.002105e+00   2.010337e+00  
967       1.470276e+01   1.442542e+01   2.005615e+00   2.013906e+00  
968       1.467016e+01   1.439304e+01   2.002384e+00   2.011083e+00  
969       1.469997e+01   1.442242e+01   2.005982e+00   2.014690e+00  
970       1.467424e+01   1.439746e+01   2.001410e+00   2.010185e+00  
971       1.470176e+01   1.442444e+01   2.005000e+00   2.014273e+00  
972       1.467466e+01   1.439759e+01   2.002253e+00   2.011491e+00  
973       1.469920e+01   1.442229e+01   2.003378e+00   2.012648e+00  
974       1.467383e+01   1.439687e+01   2.001963e+00   2.010850e+00  
975       1.468656e+01   1.440958e+01   2.002216e+00   2.012476e+00  
976       1.467624e+01   1.439945e+01   2.001137e+00   2.010857e+00  
977       1.469341e+01   1.441717e+01   2.000561e+00   2.009858e+00  
978       1.467293e+01   1.439636e+01   1.999926e+00   2.009930e+00  
979       1.468344e+01   1.440712e+01   1.999701e+00   2.009865e+00  
980       1.467360e+01   1.439722e+01   1.998955e+00   2.009674e+00  
981       1.468405e+01   1.440825e+01   1.997693e+00   2.008229e+00  
982       1.467554e+01   1.439945e+01   1.997742e+00   2.009031e+00  
983       1.468622e+01   1.441117e+01   1.995015e+00   2.005791e+00  
984       1.466612e+01   1.439039e+01   1.996173e+00   2.006766e+00  
985       1.469267e+01   1.441789e+01   1.994626e+00   2.005094e+00  
986       1.467789e+01   1.440298e+01   1.993393e+00   2.005232e+00  
987       1.468154e+01   1.440714e+01   1.992101e+00   2.003386e+00  
988       1.467728e+01   1.440321e+01   1.990148e+00   2.002336e+00  
989       1.467752e+01   1.440379e+01   1.989615e+00   2.000415e+00  
990       1.467232e+01   1.439907e+01   1.986825e+00   1.999041e+00  
991       1.468246e+01   1.440960e+01   1.986327e+00   1.998163e+00  
992       1.467884e+01   1.440612e+01   1.985712e+00   1.997275e+00  
993       1.467615e+01   1.440348e+01   1.985266e+00   1.996957e+00  
994       1.467584e+01   1.440316e+01   1.985207e+00   1.997056e+00  
995       1.468691e+01   1.441475e+01   1.983844e+00   1.996211e+00  
996       1.466038e+01   1.438803e+01   1.983249e+00   1.994508e+00  
997       1.468996e+01   1.441849e+01   1.981899e+00   1.993567e+00  
998       1.466729e+01   1.439548e+01   1.981901e+00   1.992917e+00  
999       1.468084e+01   1.440960e+01   1.980486e+00   1.991990e+00  
1000      1.466838e+01   1.439652e+01   1.982144e+00   1.993100e+00  
1001      1.468147e+01   1.441067e+01   1.978382e+00   1.991012e+00  
1002      1.467263e+01   1.440104e+01   1.981657e+00   1.992321e+00  
1003      1.468226e+01   1.441151e+01   1.978912e+00   1.990246e+00  
1004      1.467185e+01   1.440040e+01   1.980583e+00   1.992184e+00  
1005      1.467920e+01   1.440821e+01   1.980159e+00   1.990354e+00  
1006      1.468338e+01   1.441199e+01   1.981216e+00   1.992753e+00  
1007      1.467376e+01   1.440225e+01   1.981295e+00   1.992207e+00  
1008      1.468395e+01   1.441238e+01   1.982528e+00   1.992816e+00  
1009      1.468228e+01   1.441046e+01   1.983036e+00   1.993866e+00  
1010      1.467910e+01   1.440713e+01   1.983537e+00   1.994065e+00  
1011      1.468842e+01   1.441617e+01   1.985762e+00   1.995169e+00  
1012      1.468217e+01   1.440989e+01   1.984644e+00   1.995594e+00  
1013      1.468648e+01   1.441329e+01   1.988590e+00   1.998780e+00  
1014      1.468672e+01   1.441404e+01   1.986907e+00   1.996844e+00  
1015      1.468488e+01   1.441084e+01   1.991387e+00   2.001940e+00  
1016      1.468261e+01   1.440920e+01   1.988710e+00   1.999726e+00  
1017      1.469099e+01   1.441610e+01   1.995103e+00   2.005259e+00  
1018      1.468244e+01   1.440799e+01   1.993365e+00   2.002606e+00  
1019      1.470252e+01   1.442712e+01   1.997417e+00   2.008138e+00  
1020      1.467421e+01   1.439874e+01   1.996330e+00   2.005813e+00  
1021      1.469608e+01   1.441977e+01   2.000557e+00   2.010620e+00  
1022      1.467948e+01   1.440309e+01   2.000423e+00   2.009104e+00  
1023      1.470189e+01   1.442407e+01   2.006941e+00   2.015931e+00  
1024      1.467688e+01   1.439998e+01   2.001636e+00   2.011206e+00  
1025      1.470210e+01   1.442360e+01   2.009934e+00   2.017861e+00  
1026      1.468618e+01   1.440847e+01   2.005335e+00   2.014575e+00  
1027      1.469243e+01   1.441303e+01   2.012949e+00   2.019883e+00  
1028      1.467627e+01   1.439752e+01   2.008205e+00   2.017844e+00  
1029      1.469208e+01   1.441182e+01   2.015621e+00   2.023347e+00  
1030      1.468827e+01   1.440953e+01   2.009067e+00   2.018504e+00  
1031      1.469576e+01   1.441505e+01   2.016933e+00   2.025757e+00  
1032      1.468563e+01   1.440594e+01   2.012751e+00   2.021216e+00  
1033      1.468740e+01   1.440636e+01   2.017496e+00   2.026395e+00  
1034      1.468975e+01   1.440966e+01   2.013984e+00   2.023418e+00  
1035      1.469011e+01   1.440932e+01   2.017205e+00   2.025288e+00  
1036      1.469258e+01   1.441206e+01   2.015859e+00   2.024979e+00  
1037      1.469319e+01   1.441233e+01   2.017599e+00   2.025774e+00  
1038      1.469834e+01   1.441790e+01   2.015485e+00   2.025633e+00  
1039      1.468556e+01   1.440445e+01   2.017573e+00   2.026531e+00  
1040      1.469605e+01   1.441552e+01   2.016113e+00   2.025384e+00  
1041      1.469566e+01   1.441476e+01   2.017152e+00   2.026922e+00  
1042      1.469698e+01   1.441648e+01   2.015796e+00   2.025583e+00  
1043      1.468391e+01   1.440287e+01   2.016851e+00   2.026559e+00  
1044      1.470146e+01   1.442137e+01   2.015049e+00   2.023952e+00  
1045      1.467880e+01   1.439790e+01   2.015600e+00   2.026049e+00  
1046      1.470833e+01   1.442849e+01   2.014795e+00   2.023465e+00  
1047      1.468428e+01   1.440408e+01   2.013025e+00   2.024399e+00  
1048      1.469941e+01   1.441969e+01   2.013305e+00   2.022779e+00  
1049      1.467472e+01   1.439482e+01   2.010538e+00   2.023483e+00  
1050      1.469660e+01   1.441690e+01   2.013209e+00   2.022339e+00  
1051      1.467619e+01   1.439679e+01   2.008669e+00   2.021942e+00  
1052      1.469606e+01   1.441711e+01   2.010118e+00   2.020002e+00  
1053      1.467507e+01   1.439632e+01   2.005956e+00   2.019823e+00  
1054      1.469011e+01   1.441186e+01   2.006871e+00   2.017425e+00  
1055      1.467709e+01   1.439940e+01   2.002609e+00   2.015900e+00  
1056      1.469129e+01   1.441379e+01   2.003385e+00   2.015716e+00  
1057      1.467806e+01   1.440139e+01   1.998526e+00   2.012727e+00  
1058      1.468776e+01   1.441100e+01   2.000175e+00   2.013094e+00  
1059      1.467366e+01   1.439777e+01   1.995597e+00   2.009499e+00  
1060      1.468837e+01   1.441231e+01   1.997912e+00   2.010448e+00  
1061      1.468638e+01   1.441168e+01   1.992112e+00   2.006176e+00  
1062      1.467857e+01   1.440333e+01   1.994416e+00   2.006669e+00  
1063      1.468722e+01   1.441352e+01   1.988535e+00   2.002584e+00  
1064      1.467719e+01   1.440270e+01   1.991905e+00   2.003632e+00  
1065      1.467348e+01   1.440012e+01   1.986611e+00   2.000230e+00  
1066      1.468423e+01   1.441072e+01   1.988367e+00   2.001014e+00  
1067      1.467439e+01   1.440159e+01   1.984919e+00   1.997985e+00  
1068      1.468307e+01   1.441016e+01   1.986586e+00   1.998310e+00  
1069      1.467719e+01   1.440481e+01   1.983611e+00   1.996635e+00  
1070      1.468100e+01   1.440877e+01   1.983317e+00   1.996406e+00  
1071      1.468154e+01   1.440988e+01   1.980695e+00   1.994973e+00  
1072      1.467478e+01   1.440285e+01   1.981809e+00   1.994894e+00  
1073      1.467052e+01   1.439920e+01   1.979005e+00   1.992727e+00  
1074      1.467897e+01   1.440763e+01   1.979777e+00   1.993244e+00  
1075      1.467849e+01   1.440755e+01   1.978474e+00   1.991521e+00  
1076      1.467996e+01   1.440900e+01   1.978487e+00   1.991881e+00  
1077      1.467862e+01   1.440777e+01   1.978019e+00   1.991331e+00  
1078      1.468048e+01   1.440973e+01   1.977848e+00   1.991068e+00  
1079      1.467115e+01   1.440047e+01   1.977364e+00   1.989702e+00  
1080      1.468227e+01   1.441146e+01   1.978566e+00   1.991026e+00  
1081      1.466844e+01   1.439749e+01   1.977806e+00   1.990850e+00  
1082      1.468214e+01   1.441128e+01   1.978811e+00   1.991094e+00  
1083      1.466215e+01   1.439061e+01   1.979399e+00   1.992767e+00  
1084      1.468313e+01   1.441178e+01   1.981047e+00   1.992610e+00  
1085      1.466970e+01   1.439801e+01   1.979494e+00   1.994737e+00  
1086      1.468373e+01   1.441198e+01   1.982870e+00   1.993793e+00  
1087      1.467139e+01   1.439923e+01   1.981085e+00   1.996729e+00  
1088      1.467550e+01   1.440280e+01   1.985803e+00   1.996527e+00  
1089      1.467501e+01   1.440215e+01   1.984366e+00   1.999041e+00  
1090      1.467619e+01   1.440314e+01   1.987238e+00   1.997801e+00  
1091      1.467516e+01   1.440135e+01   1.988105e+00   2.002248e+00  
1092      1.467749e+01   1.440360e+01   1.989945e+00   2.001257e+00  
1093      1.467411e+01   1.439940e+01   1.992026e+00   2.004618e+00  
1094      1.466561e+01   1.439088e+01   1.991819e+00   2.003867e+00  
1095      1.467992e+01   1.440423e+01   1.996106e+00   2.008440e+00  
1096      1.467686e+01   1.440139e+01   1.996113e+00   2.006406e+00  
1097      1.466933e+01   1.439272e+01   1.998851e+00   2.010778e+00  
1098      1.468039e+01   1.440453e+01   1.997727e+00   2.008109e+00  
1099      1.467358e+01   1.439594e+01   2.003081e+00   2.014614e+00  
1100      1.467195e+01   1.439483e+01   2.001920e+00   2.011788e+00  
1101      1.467279e+01   1.439391e+01   2.007306e+00   2.019129e+00  
1102      1.467734e+01   1.439980e+01   2.003464e+00   2.013970e+00  
1103      1.466796e+01   1.438854e+01   2.009531e+00   2.020094e+00  
1104      1.468408e+01   1.440585e+01   2.006714e+00   2.016620e+00  
1105      1.466508e+01   1.438498e+01   2.011038e+00   2.022989e+00  
1106      1.468331e+01   1.440419e+01   2.010006e+00   2.019626e+00  
1107      1.466665e+01   1.438595e+01   2.013740e+00   2.024774e+00  
1108      1.468978e+01   1.441015e+01   2.011524e+00   2.022631e+00  
1109      1.466726e+01   1.438645e+01   2.014481e+00   2.024955e+00  
1110      1.468487e+01   1.440498e+01   2.011888e+00   2.023422e+00  
1111      1.467264e+01   1.439135e+01   2.017221e+00   2.026380e+00  
1112      1.468040e+01   1.440003e+01   2.013029e+00   2.025112e+00  
1113      1.467452e+01   1.439300e+01   2.018273e+00   2.027242e+00  
1114      1.467371e+01   1.439340e+01   2.012143e+00   2.024623e+00  
1115      1.467879e+01   1.439703e+01   2.019326e+00   2.028488e+00  
1116      1.468320e+01   1.440304e+01   2.012151e+00   2.024870e+00  
1117      1.467160e+01   1.438964e+01   2.019071e+00   2.029134e+00  
1118      1.467092e+01   1.438986e+01   2.015258e+00   2.026489e+00  
1119      1.468583e+01   1.440431e+01   2.018254e+00   2.028805e+00  
1120      1.467348e+01   1.439253e+01   2.014968e+00   2.026299e+00  
1121      1.468118e+01   1.439964e+01   2.017762e+00   2.028868e+00  
1122      1.466738e+01   1.438659e+01   2.013395e+00   2.025903e+00  
1123      1.468069e+01   1.439921e+01   2.017111e+00   2.028978e+00  
1124      1.467040e+01   1.438972e+01   2.013257e+00   2.025665e+00  
1125      1.467413e+01   1.439280e+01   2.015975e+00   2.028120e+00  
1126      1.466978e+01   1.438965e+01   2.010655e+00   2.024294e+00  
1127      1.467889e+01   1.439818e+01   2.014064e+00   2.026271e+00  
1128      1.466150e+01   1.438143e+01   2.009540e+00   2.023851e+00  
1129      1.467702e+01   1.439710e+01   2.011365e+00   2.023050e+00  
1130      1.467057e+01   1.439140e+01   2.007628e+00   2.020551e+00  
1131      1.468377e+01   1.440454e+01   2.009091e+00   2.021311e+00  
1132      1.467415e+01   1.439576e+01   2.004532e+00   2.018580e+00  
1133      1.468133e+01   1.440255e+01   2.007426e+00   2.019430e+00  
1134      1.467217e+01   1.439447e+01   2.002060e+00   2.015873e+00  
1135      1.468734e+01   1.440924e+01   2.006035e+00   2.016892e+00  
1136      1.467611e+01   1.439859e+01   2.001099e+00   2.016029e+00  
1137      1.468422e+01   1.440685e+01   2.002978e+00   2.014218e+00  
1138      1.467176e+01   1.439498e+01   1.999350e+00   2.011895e+00  
1139      1.468505e+01   1.440830e+01   2.000515e+00   2.012379e+00  
1140      1.467188e+01   1.439577e+01   1.996914e+00   2.009541e+00  
1141      1.469144e+01   1.441599e+01   1.996070e+00   2.008332e+00  
1142      1.467626e+01   1.440075e+01   1.995173e+00   2.007565e+00  
1143      1.468289e+01   1.440756e+01   1.994804e+00   2.007524e+00  
1144      1.468088e+01   1.440601e+01   1.993238e+00   2.005526e+00  
1145      1.468805e+01   1.441371e+01   1.991928e+00   2.003995e+00  
1146      1.468909e+01   1.441502e+01   1.991019e+00   2.003061e+00  
1147      1.467913e+01   1.440478e+01   1.991032e+00   2.003697e+00  
1148      1.469147e+01   1.441795e+01   1.989682e+00   2.000828e+00  
1149      1.467318e+01   1.439912e+01   1.989691e+00   2.002155e+00  
1150      1.468768e+01   1.441433e+01   1.988459e+00   2.000240e+00  
1151      1.467756e+01   1.440374e+01   1.988985e+00   2.001708e+00  
1152      1.467964e+01   1.440604e+01   1.988927e+00   2.000497e+00  
1153      1.468048e+01   1.440690e+01   1.988236e+00   2.001103e+00  
1154      1.468236e+01   1.440876e+01   1.989442e+00   2.000346e+00  
1155      1.468071e+01   1.440715e+01   1.988207e+00   2.001108e+00  
1156      1.468485e+01   1.441123e+01   1.989497e+00   2.000783e+00  
1157      1.468278e+01   1.440913e+01   1.989239e+00   2.000957e+00  
1158      1.467721e+01   1.440317e+01   1.990586e+00   2.001703e+00  
1159      1.467803e+01   1.440404e+01   1.990330e+00   2.001668e+00  
1160      1.468956e+01   1.441530e+01   1.991828e+00   2.003732e+00  
1161      1.467704e+01   1.440250e+01   1.992676e+00   2.003162e+00  
1162      1.469032e+01   1.441555e+01   1.994476e+00   2.004865e+00  
1163      1.467315e+01   1.439800e+01   1.994975e+00   2.004751e+00  
1164      1.469439e+01   1.441919e+01   1.995819e+00   2.007212e+00  
1165      1.467977e+01   1.440405e+01   1.998191e+00   2.006575e+00  
1166      1.468462e+01   1.440834e+01   1.997980e+00   2.011401e+00  
1167      1.467996e+01   1.440355e+01   2.000943e+00   2.008715e+00  
1168      1.469492e+01   1.441824e+01   2.001248e+00   2.012439e+00  
1169      1.467761e+01   1.440041e+01   2.003500e+00   2.011525e+00  
1170      1.470104e+01   1.442394e+01   2.003543e+00   2.014036e+00  
1171      1.467633e+01   1.439818e+01   2.007083e+00   2.014627e+00  
1172      1.469886e+01   1.442074e+01   2.006220e+00   2.018370e+00  
1173      1.467780e+01   1.439890e+01   2.009899e+00   2.017331e+00  
1174      1.470416e+01   1.442559e+01   2.009276e+00   2.019252e+00  
1175      1.468036e+01   1.440059e+01   2.013026e+00   2.020813e+00  
1176      1.471186e+01   1.443296e+01   2.010744e+00   2.021202e+00  
1177      1.467865e+01   1.439805e+01   2.016748e+00   2.022821e+00  
1178      1.470666e+01   1.442649e+01   2.015470e+00   2.024862e+00  
1179      1.469255e+01   1.441169e+01   2.018812e+00   2.024486e+00  
1180      1.470754e+01   1.442674e+01   2.018071e+00   2.026864e+00  
1181      1.469132e+01   1.441028e+01   2.019753e+00   2.024631e+00  
1182      1.471087e+01   1.443004e+01   2.019190e+00   2.026451e+00  
1183      1.469330e+01   1.441163e+01   2.021525e+00   2.027676e+00  
1184      1.470921e+01   1.442785e+01   2.021369e+00   2.027800e+00  
1185      1.470227e+01   1.442060e+01   2.022150e+00   2.028304e+00  
1186      1.470105e+01   1.441930e+01   2.022256e+00   2.028629e+00  
1187      1.469873e+01   1.441683e+01   2.022924e+00   2.028692e+00  
1188      1.470022e+01   1.441863e+01   2.021685e+00   2.027891e+00  
1189      1.469995e+01   1.441776e+01   2.023980e+00   2.029853e+00  
1190      1.470236e+01   1.442038e+01   2.022962e+00   2.029698e+00  
1191      1.468968e+01   1.440748e+01   2.023987e+00   2.028427e+00  
1192      1.470610e+01   1.442398e+01   2.023741e+00   2.030417e+00  
1193      1.469630e+01   1.441443e+01   2.023235e+00   2.027778e+00  
1194      1.470000e+01   1.441776e+01   2.023798e+00   2.030409e+00  
1195      1.469465e+01   1.441265e+01   2.023305e+00   2.028372e+00  
1196      1.470553e+01   1.442327e+01   2.024683e+00   2.030411e+00  
1197      1.469295e+01   1.441117e+01   2.022534e+00   2.027389e+00  
1198      1.470520e+01   1.442347e+01   2.022603e+00   2.028714e+00  
1199      1.469068e+01   1.440936e+01   2.021348e+00   2.025019e+00  
1200      1.470850e+01   1.442698e+01   2.022278e+00   2.027991e+00  
1201      1.468741e+01   1.440631e+01   2.020132e+00   2.024176e+00  
1202      1.470051e+01   1.441908e+01   2.021124e+00   2.027364e+00  
1203      1.469215e+01   1.441163e+01   2.018436e+00   2.022415e+00  
1204      1.470222e+01   1.442148e+01   2.019091e+00   2.024662e+00  
1205      1.470457e+01   1.442479e+01   2.016441e+00   2.020852e+00  
1206      1.469886e+01   1.441862e+01   2.016912e+00   2.022859e+00  
1207      1.469349e+01   1.441389e+01   2.015071e+00   2.019379e+00  
1208      1.469328e+01   1.441364e+01   2.014687e+00   2.020057e+00  
1209      1.470366e+01   1.442493e+01   2.011837e+00   2.017802e+00  
1210      1.469135e+01   1.441250e+01   2.011856e+00   2.016942e+00  
1211      1.469588e+01   1.441763e+01   2.008971e+00   2.016134e+00  
1212      1.468841e+01   1.440994e+01   2.009526e+00   2.016111e+00  
1213      1.469210e+01   1.441485e+01   2.004746e+00   2.012679e+00  
1214      1.469360e+01   1.441583e+01   2.007687e+00   2.013680e+00  
1215      1.468956e+01   1.441286e+01   2.002409e+00   2.010699e+00  
1216      1.469116e+01   1.441413e+01   2.004480e+00   2.011263e+00  
1217      1.469133e+01   1.441531e+01   2.000548e+00   2.007927e+00  
1218      1.468114e+01   1.440449e+01   2.002708e+00   2.008959e+00  
1219      1.468381e+01   1.440780e+01   1.999977e+00   2.007340e+00  
1220      1.469685e+01   1.442128e+01   1.999825e+00   2.006209e+00  
1221      1.467945e+01   1.440372e+01   1.998386e+00   2.006377e+00  
1222      1.468833e+01   1.441304e+01   1.997095e+00   2.005713e+00  
1223      1.468374e+01   1.440821e+01   1.998249e+00   2.005661e+00  
1224      1.469419e+01   1.441947e+01   1.995876e+00   2.003698e+00  
1225      1.467705e+01   1.440181e+01   1.996851e+00   2.004025e+00  
1226      1.468981e+01   1.441500e+01   1.996116e+00   2.003485e+00  
1227      1.466937e+01   1.439414e+01   1.994947e+00   2.004824e+00  
1228      1.469101e+01   1.441624e+01   1.996738e+00   2.002732e+00  
1229      1.467600e+01   1.440061e+01   1.995497e+00   2.006317e+00  
1230      1.469179e+01   1.441689e+01   1.997034e+00   2.003488e+00  
1231      1.468610e+01   1.441079e+01   1.995645e+00   2.007062e+00  
1232      1.468062e+01   1.440487e+01   1.998923e+00   2.006143e+00  
1233      1.468629e+01   1.441084e+01   1.996243e+00   2.007501e+00  
1234      1.468340e+01   1.440742e+01   1.999287e+00   2.007859e+00  
1235      1.468981e+01   1.441414e+01   1.997234e+00   2.008545e+00  
1236      1.468854e+01   1.441210e+01   2.000962e+00   2.010174e+00  
1237      1.468601e+01   1.440978e+01   1.998000e+00   2.011244e+00  
1238      1.468999e+01   1.441270e+01   2.004167e+00   2.013274e+00  
1239      1.469074e+01   1.441420e+01   1.999739e+00   2.012420e+00  
1240      1.469439e+01   1.441699e+01   2.004114e+00   2.014696e+00  
1241      1.468295e+01   1.440564e+01   2.002625e+00   2.013961e+00  
1242      1.469072e+01   1.441257e+01   2.006056e+00   2.017601e+00  
1243      1.468490e+01   1.440682e+01   2.004919e+00   2.017460e+00  
1244      1.468468e+01   1.440577e+01   2.008328e+00   2.019940e+00  
1245      1.469366e+01   1.441505e+01   2.007037e+00   2.020347e+00  
1246      1.468337e+01   1.440375e+01   2.010581e+00   2.022654e+00  
1247      1.468999e+01   1.441063e+01   2.009283e+00   2.022952e+00  
1248      1.468059e+01   1.439978e+01   2.014816e+00   2.026472e+00  
1249      1.469146e+01   1.441145e+01   2.010648e+00   2.026466e+00  
1250      1.468437e+01   1.440291e+01   2.016798e+00   2.029584e+00  
-------------------------------------------------------------------

