
**********************************************
Real-time propagation in 3D, OPTION = 2
MPI nodes = 8, OMP threads = 16, cores = 128
**********************************************

Interactions
Contact: Natoms = 1.50000000000e+05, as = 6.300000e+01 * a0, G = 1.131784e+04, G * par = 2.263568e+04
Three-body: K3 =  0.000000e+00, g3 = 0.000000e+00
Regular DDI: add = 1.101000e+02 * a0, GD = 4.721954e+03, GD * par =  9.443909e+03, edd = 1.747619e+00
     Dipolar cutoffs Rcut = 4.070366e+00, Lcut = 1.479451e+02

QF = 1, QDEPL = 0: h2 = 1.456453e+05, h4 = 0.000000e+00
        q3 = 0.000000e+00, q5 = 5.933481e+00

GRAD = 0

Trap parameters
GAMMA = 0.000000e+00, NU = 0.000000e+00, LAMBDA = 0.000000e+00
Parameters of rotation: OMEGA = 0.000000e+00, OMEGA * par = 0.000000e+00

Space discretization: NX = 128, NY = 128, NZ = 128
                      DX = 2.311642e+00, DY = 6.359947e-02, DZ = 6.359947e-02
      Unit of length: aho = 5.552380e-07 m

Time discretization: NITER = 2500 (NSNAP = 1250)
                     DT = 2.022446e-03

Initial state: file ./imag3d-finalpsi.bin
ADD_VORTICES = 0, ADD_RANDOM_PHASE = 0


MUREL = 1.000000e-12, MUEND=1.000000e+05

-------------------------------------------------------------------
Snap      Na             QD             mu             <r>
-------------------------------------------------------------------
0         1.50084721072e+05   0.000000e+00   -1.249268e+01  1.490950e+01  
1         1.50084712744e+05   0.000000e+00   -1.250331e+01  1.490949e+01  
2         1.50084714152e+05   0.000000e+00   -1.251291e+01  1.490949e+01  
3         1.50084719830e+05   0.000000e+00   -1.251864e+01  1.490948e+01  
4         1.50084717378e+05   0.000000e+00   -1.251958e+01  1.490947e+01  
5         1.50084724323e+05   0.000000e+00   -1.251599e+01  1.490946e+01  
6         1.50084721638e+05   0.000000e+00   -1.250863e+01  1.490945e+01  
7         1.50084725853e+05   0.000000e+00   -1.249841e+01  1.490943e+01  
8         1.50084722206e+05   0.000000e+00   -1.248606e+01  1.490942e+01  
9         1.50084723404e+05   0.000000e+00   -1.247223e+01  1.490940e+01  
10        1.50084716604e+05   0.000000e+00   -1.245764e+01  1.490939e+01  
11        1.50084716475e+05   0.000000e+00   -1.244280e+01  1.490937e+01  
12        1.50084711005e+05   0.000000e+00   -1.242794e+01  1.490936e+01  
13        1.50084704885e+05   0.000000e+00   -1.241325e+01  1.490934e+01  
14        1.50084702177e+05   0.000000e+00   -1.239902e+01  1.490932e+01  
15        1.50084701767e+05   0.000000e+00   -1.238534e+01  1.490931e+01  
16        1.50084687338e+05   0.000000e+00   -1.237195e+01  1.490929e+01  
17        1.50084682752e+05   0.000000e+00   -1.235853e+01  1.490928e+01  
18        1.50084679237e+05   0.000000e+00   -1.234504e+01  1.490927e+01  
19        1.50084672632e+05   0.000000e+00   -1.233189e+01  1.490925e+01  
20        1.50084666103e+05   0.000000e+00   -1.231988e+01  1.490924e+01  
21        1.50084661144e+05   0.000000e+00   -1.230992e+01  1.490924e+01  
22        1.50084650671e+05   0.000000e+00   -1.230279e+01  1.490923e+01  
23        1.50084646100e+05   0.000000e+00   -1.229902e+01  1.490922e+01  
24        1.50084634330e+05   0.000000e+00   -1.229876e+01  1.490922e+01  
25        1.50084628357e+05   0.000000e+00   -1.230190e+01  1.490922e+01  
26        1.50084617220e+05   0.000000e+00   -1.230806e+01  1.490922e+01  
27        1.50084609993e+05   0.000000e+00   -1.231677e+01  1.490922e+01  
28        1.50084599812e+05   0.000000e+00   -1.232747e+01  1.490922e+01  
29        1.50084591998e+05   0.000000e+00   -1.233965e+01  1.490923e+01  
30        1.50084582919e+05   0.000000e+00   -1.235283e+01  1.490923e+01  
31        1.50084575257e+05   0.000000e+00   -1.236659e+01  1.490924e+01  
32        1.50084567060e+05   0.000000e+00   -1.238058e+01  1.490925e+01  
33        1.50084559473e+05   0.000000e+00   -1.239454e+01  1.490926e+01  
34        1.50084551243e+05   0.000000e+00   -1.240826e+01  1.490926e+01  
35        1.50084543772e+05   0.000000e+00   -1.242159e+01  1.490927e+01  
36        1.50084535932e+05   0.000000e+00   -1.243440e+01  1.490928e+01  
37        1.50084529457e+05   0.000000e+00   -1.244659e+01  1.490929e+01  
38        1.50084522039e+05   0.000000e+00   -1.245809e+01  1.490930e+01  
39        1.50084516418e+05   0.000000e+00   -1.246884e+01  1.490931e+01  
40        1.50084509857e+05   0.000000e+00   -1.247876e+01  1.490932e+01  
41        1.50084505479e+05   0.000000e+00   -1.248782e+01  1.490933e+01  
42        1.50084500068e+05   0.000000e+00   -1.249597e+01  1.490934e+01  
43        1.50084497229e+05   0.000000e+00   -1.250318e+01  1.490934e+01  
44        1.50084493214e+05   0.000000e+00   -1.250942e+01  1.490935e+01  
45        1.50084491059e+05   0.000000e+00   -1.251467e+01  1.490935e+01  
46        1.50084487624e+05   0.000000e+00   -1.251890e+01  1.490936e+01  
47        1.50084486291e+05   0.000000e+00   -1.252211e+01  1.490936e+01  
48        1.50084484680e+05   0.000000e+00   -1.252430e+01  1.490936e+01  
49        1.50084485398e+05   0.000000e+00   -1.252547e+01  1.490935e+01  
50        1.50084485905e+05   0.000000e+00   -1.252561e+01  1.490935e+01  
51        1.50084488214e+05   0.000000e+00   -1.252475e+01  1.490934e+01  
52        1.50084490462e+05   0.000000e+00   -1.252291e+01  1.490934e+01  
53        1.50084494035e+05   0.000000e+00   -1.252011e+01  1.490933e+01  
54        1.50084497649e+05   0.000000e+00   -1.251639e+01  1.490932e+01  
55        1.50084502737e+05   0.000000e+00   -1.251179e+01  1.490931e+01  
56        1.50084508050e+05   0.000000e+00   -1.250638e+01  1.490930e+01  
57        1.50084514656e+05   0.000000e+00   -1.250021e+01  1.490928e+01  
58        1.50084521160e+05   0.000000e+00   -1.249335e+01  1.490927e+01  
59        1.50084529566e+05   0.000000e+00   -1.248587e+01  1.490925e+01  
60        1.50084538807e+05   0.000000e+00   -1.247787e+01  1.490923e+01  
61        1.50084549914e+05   0.000000e+00   -1.246945e+01  1.490922e+01  
62        1.50084560525e+05   0.000000e+00   -1.246068e+01  1.490920e+01  
63        1.50084573468e+05   0.000000e+00   -1.245166e+01  1.490918e+01  
64        1.50084587713e+05   0.000000e+00   -1.244247e+01  1.490916e+01  
65        1.50084605037e+05   0.000000e+00   -1.243321e+01  1.490914e+01  
66        1.50084623199e+05   0.000000e+00   -1.242399e+01  1.490912e+01  
67        1.50084645005e+05   0.000000e+00   -1.241495e+01  1.490910e+01  
68        1.50084668243e+05   0.000000e+00   -1.240617e+01  1.490908e+01  
69        1.50084696661e+05   0.000000e+00   -1.239774e+01  1.490906e+01  
70        1.50084727433e+05   0.000000e+00   -1.238968e+01  1.490904e+01  
71        1.50084765726e+05   0.000000e+00   -1.238203e+01  1.490902e+01  
72        1.50084810774e+05   0.000000e+00   -1.237481e+01  1.490900e+01  
73        1.50084867890e+05   0.000000e+00   -1.236798e+01  1.490898e+01  
74        1.50084935732e+05   0.000000e+00   -1.236147e+01  1.490896e+01  
75        1.50085019689e+05   0.000000e+00   -1.235511e+01  1.490895e+01  
76        1.50085113850e+05   0.000000e+00   -1.234855e+01  1.490893e+01  
77        1.50085222499e+05   0.000000e+00   -1.234113e+01  1.490892e+01  
78        1.50085340839e+05   0.000000e+00   -1.233161e+01  1.490890e+01  
79        1.50085471508e+05   0.000000e+00   -1.231788e+01  1.490889e+01  
80        1.50085592213e+05   0.000000e+00   -1.229666e+01  1.490888e+01  
81        1.50085653051e+05   0.000000e+00   -1.226291e+01  1.490887e+01  
82        1.50085511026e+05   0.000000e+00   -1.220907e+01  1.490888e+01  
83        1.50084882452e+05   0.000000e+00   -1.212424e+01  1.490891e+01  
84        1.50083255065e+05   0.000000e+00   -1.199378e+01  1.490899e+01  
85        1.50079946927e+05   0.000000e+00   -1.179973e+01  1.490915e+01  
86        1.50074291934e+05   0.000000e+00   -1.152178e+01  1.490941e+01  
87        1.50066029520e+05   0.000000e+00   -1.113819e+01  1.490981e+01  
88        1.50055570533e+05   0.000000e+00   -1.062712e+01  1.491031e+01  
89        1.50044179622e+05   0.000000e+00   -9.970755e+00  1.491087e+01  
90        1.50033846646e+05   0.000000e+00   -9.161781e+00  1.491140e+01  
91        1.50026531721e+05   0.000000e+00   -8.208196e+00  1.491184e+01  
92        1.50023546177e+05   0.000000e+00   -7.135626e+00  1.491215e+01  
93        1.50025198062e+05   0.000000e+00   -5.987798e+00  1.491232e+01  
94        1.50030057678e+05   0.000000e+00   -4.819288e+00  1.491245e+01  
95        1.50028387716e+05   0.000000e+00   -3.675774e+00  1.491298e+01  
96        1.49948428319e+05   0.000000e+00   -2.384059e+00  1.491716e+01  
97        1.49870980686e+05   0.000000e+00   2.170973e-01   1.492049e+01  
98        1.50191200774e+05   0.000000e+00   1.772419e-01   1.490792e+01  
99        1.50057967286e+05   0.000000e+00   -1.734307e-01  1.491386e+01  
100       1.50405214373e+05   0.000000e+00   4.692851e-01   1.490028e+01  
101       1.50220192633e+05   0.000000e+00   1.357836e+00   1.490790e+01  
102       1.50673656148e+05   0.000000e+00   1.259419e+00   1.489079e+01  
103       1.50403917797e+05   0.000000e+00   8.779841e-01   1.490146e+01  
104       1.50759625357e+05   0.000000e+00   2.212012e+00   1.488745e+01  
105       1.50488340784e+05   0.000000e+00   1.671844e+00   1.490323e+01  
106       1.50803866731e+05   0.000000e+00   2.331617e+00   1.489022e+01  
107       1.50435255677e+05   0.000000e+00   2.105544e+00   1.490814e+01  
108       1.50826029275e+05   0.000000e+00   2.597534e+00   1.489201e+01  
109       1.50398152109e+05   0.000000e+00   2.450804e+00   1.491092e+01  
110       1.50764179672e+05   0.000000e+00   3.874877e+00   1.489366e+01  
111       1.50510617931e+05   0.000000e+00   3.537255e+00   1.491087e+01  
112       1.50695055209e+05   0.000000e+00   7.417161e+00   1.490255e+01  
113       1.50490775885e+05   0.000000e+00   5.884871e+00   1.491526e+01  
114       1.50848501554e+05   0.000000e+00   5.548290e+00   1.489814e+01  
115       1.50372434269e+05   0.000000e+00   1.145653e+01   1.492042e+01  
116       1.50821075085e+05   0.000000e+00   1.014468e+01   1.490166e+01  
117       1.50674300541e+05   0.000000e+00   7.365614e+00   1.490984e+01  
118       1.50645739097e+05   0.000000e+00   1.491809e+01   1.490823e+01  
119       1.50585317979e+05   0.000000e+00   9.328407e+00   1.491453e+01  
120       1.50949033585e+05   0.000000e+00   8.307815e+00   1.490563e+01  
121       1.50571283968e+05   0.000000e+00   8.174210e+00   1.492183e+01  
122       1.50860249549e+05   0.000000e+00   8.492308e+00   1.491121e+01  
123       1.50376290694e+05   0.000000e+00   1.130329e+01   1.493328e+01  
124       1.50801538490e+05   0.000000e+00   1.019219e+01   1.491691e+01  
125       1.50309574043e+05   0.000000e+00   1.004618e+01   1.493999e+01  
126       1.50817162854e+05   0.000000e+00   1.001569e+01   1.491909e+01  
127       1.50225310519e+05   0.000000e+00   9.959522e+00   1.494662e+01  
128       1.50729495727e+05   0.000000e+00   1.033600e+01   1.492324e+01  
129       1.50090300234e+05   0.000000e+00   1.045620e+01   1.495238e+01  
130       1.50596469779e+05   0.000000e+00   1.078625e+01   1.492736e+01  
131       1.49913427927e+05   0.000000e+00   1.096198e+01   1.495765e+01  
132       1.50418458705e+05   0.000000e+00   1.122886e+01   1.493187e+01  
133       1.49715732877e+05   0.000000e+00   1.140468e+01   1.496226e+01  
134       1.50222954541e+05   0.000000e+00   1.157420e+01   1.493605e+01  
135       1.49530840946e+05   0.000000e+00   1.169213e+01   1.496545e+01  
136       1.49990648557e+05   0.000000e+00   1.179848e+01   1.494070e+01  
137       1.49290808049e+05   0.000000e+00   1.203074e+01   1.496974e+01  
138       1.49644729041e+05   0.000000e+00   1.233723e+01   1.494864e+01  
139       1.49059430051e+05   0.000000e+00   1.270974e+01   1.497266e+01  
140       1.49414198078e+05   0.000000e+00   1.296752e+01   1.495119e+01  
141       1.48840322464e+05   0.000000e+00   1.344374e+01   1.497298e+01  
142       1.48906484261e+05   0.000000e+00   1.433038e+01   1.496215e+01  
143       1.48557435152e+05   0.000000e+00   1.496231e+01   1.497852e+01  
144       1.48816774736e+05   0.000000e+00   1.494379e+01   1.496297e+01  
145       1.48518943181e+05   0.000000e+00   1.553019e+01   1.497249e+01  
146       1.48559872557e+05   0.000000e+00   1.574797e+01   1.496672e+01  
147       1.48538835328e+05   0.000000e+00   1.629493e+01   1.496846e+01  
148       1.48558468147e+05   0.000000e+00   1.655318e+01   1.496318e+01  
149       1.48671312145e+05   0.000000e+00   1.711055e+01   1.495788e+01  
150       1.48520419145e+05   0.000000e+00   1.773346e+01   1.495973e+01  
151       1.49013147067e+05   0.000000e+00   1.872950e+01   1.494512e+01  
152       1.48316095841e+05   0.000000e+00   1.959716e+01   1.496381e+01  
153       1.49348032343e+05   0.000000e+00   2.104248e+01   1.493303e+01  
154       1.48315764493e+05   0.000000e+00   2.236498e+01   1.496198e+01  
155       1.49486135859e+05   0.000000e+00   2.433183e+01   1.492909e+01  
156       1.48078385432e+05   0.000000e+00   2.601761e+01   1.496900e+01  
157       1.49513248011e+05   0.000000e+00   3.132008e+01   1.493201e+01  
158       1.47845842448e+05   0.000000e+00   3.657926e+01   1.497649e+01  
159       1.50078543749e+05   0.000000e+00   4.135326e+01   1.490695e+01  
160       1.48136493958e+05   0.000000e+00   4.127669e+01   1.496145e+01  
161       1.50267759970e+05   0.000000e+00   4.302895e+01   1.489476e+01  
162       1.47614781213e+05   0.000000e+00   5.099552e+01   1.496085e+01  
163       1.49538290484e+05   0.000000e+00   4.845676e+01   1.490652e+01  
164       1.48531114103e+05   0.000000e+00   5.495365e+01   1.493737e+01  
165       1.49619010678e+05   0.000000e+00   4.973468e+01   1.490027e+01  
166       1.49057012933e+05   0.000000e+00   5.315381e+01   1.492049e+01  
167       1.50128207994e+05   0.000000e+00   4.833662e+01   1.492601e+01  
168       1.49118734729e+05   0.000000e+00   5.915674e+01   1.491536e+01  
169       1.50280911773e+05   0.000000e+00   6.164743e+01   1.491974e+01  
170       1.48555405821e+05   0.000000e+00   6.732712e+01   1.492857e+01  
171       1.50507870146e+05   0.000000e+00   6.243804e+01   1.491957e+01  
172       1.49392708865e+05   0.000000e+00   7.672259e+01   1.493977e+01  
173       1.50215158031e+05   0.000000e+00   6.991581e+01   1.493758e+01  
174       1.49219602636e+05   0.000000e+00   7.945026e+01   1.494696e+01  
175       1.50391178491e+05   0.000000e+00   7.468682e+01   1.493275e+01  
176       1.49049174448e+05   0.000000e+00   7.130898e+01   1.493534e+01  
177       1.50492191714e+05   0.000000e+00   6.451643e+01   1.493926e+01  
178       1.49599125876e+05   0.000000e+00   6.574757e+01   1.494308e+01  
179       1.50675102885e+05   0.000000e+00   6.704825e+01   1.493000e+01  
180       1.49400273194e+05   0.000000e+00   6.560753e+01   1.497252e+01  
181       1.50113397335e+05   0.000000e+00   6.630392e+01   1.495832e+01  
182       1.49174239797e+05   0.000000e+00   6.536383e+01   1.499704e+01  
183       1.49954924378e+05   0.000000e+00   7.074807e+01   1.497712e+01  
184       1.49363217424e+05   0.000000e+00   6.884458e+01   1.500301e+01  
185       1.50083194045e+05   0.000000e+00   6.901512e+01   1.496726e+01  
186       1.49176607697e+05   0.000000e+00   7.137092e+01   1.500115e+01  
187       1.49686141932e+05   0.000000e+00   7.137874e+01   1.499589e+01  
188       1.49313307671e+05   0.000000e+00   7.258705e+01   1.500919e+01  
189       1.49763581165e+05   0.000000e+00   7.067446e+01   1.500358e+01  
190       1.49372765007e+05   0.000000e+00   7.132524e+01   1.501873e+01  
191       1.49986182903e+05   0.000000e+00   7.181349e+01   1.501585e+01  
192       1.49480292581e+05   0.000000e+00   7.216556e+01   1.501628e+01  
193       1.49846769361e+05   0.000000e+00   7.188205e+01   1.501636e+01  
194       1.49553195360e+05   0.000000e+00   7.139033e+01   1.501841e+01  
195       1.49729492398e+05   0.000000e+00   7.170255e+01   1.502612e+01  
196       1.49418835348e+05   0.000000e+00   7.202676e+01   1.503448e+01  
197       1.49943588942e+05   0.000000e+00   7.215610e+01   1.502440e+01  
198       1.49598760039e+05   0.000000e+00   7.203185e+01   1.503497e+01  
199       1.49797015881e+05   0.000000e+00   7.275179e+01   1.503680e+01  
200       1.49221100907e+05   0.000000e+00   7.319747e+01   1.506142e+01  
201       1.49736147594e+05   0.000000e+00   7.427147e+01   1.503909e+01  
202       1.49399258060e+05   0.000000e+00   7.373245e+01   1.508248e+01  
203       1.50075302796e+05   0.000000e+00   7.380578e+01   1.504805e+01  
204       1.49044476374e+05   0.000000e+00   7.587502e+01   1.508639e+01  
205       1.50257952358e+05   0.000000e+00   7.741404e+01   1.504990e+01  
206       1.48997235033e+05   0.000000e+00   7.569295e+01   1.509355e+01  
207       1.50531761499e+05   0.000000e+00   7.494901e+01   1.506320e+01  
208       1.48825692594e+05   0.000000e+00   7.556493e+01   1.510776e+01  
209       1.50371318982e+05   0.000000e+00   7.435291e+01   1.509886e+01  
210       1.49399483369e+05   0.000000e+00   7.436346e+01   1.509744e+01  
211       1.50704287892e+05   0.000000e+00   7.357101e+01   1.509265e+01  
212       1.49127071072e+05   0.000000e+00   7.478934e+01   1.511484e+01  
213       1.50808153970e+05   0.000000e+00   7.383586e+01   1.511240e+01  
214       1.49840232135e+05   0.000000e+00   7.443357e+01   1.509351e+01  
215       1.50276502652e+05   0.000000e+00   7.445340e+01   1.512850e+01  
216       1.49639700589e+05   0.000000e+00   7.510332e+01   1.510918e+01  
217       1.50742654804e+05   0.000000e+00   7.446501e+01   1.511975e+01  
218       1.49115401488e+05   0.000000e+00   7.568099e+01   1.512645e+01  
219       1.50507128605e+05   0.000000e+00   7.494068e+01   1.513307e+01  
220       1.49426393677e+05   0.000000e+00   7.543731e+01   1.511908e+01  
221       1.50704146036e+05   0.000000e+00   7.497024e+01   1.514076e+01  
222       1.49499995763e+05   0.000000e+00   7.559149e+01   1.513221e+01  
223       1.50595156049e+05   0.000000e+00   7.504377e+01   1.513493e+01  
224       1.49441526014e+05   0.000000e+00   7.547972e+01   1.514927e+01  
225       1.50843732722e+05   0.000000e+00   7.492800e+01   1.513599e+01  
226       1.49089065017e+05   0.000000e+00   7.572624e+01   1.515827e+01  
227       1.50751684500e+05   0.000000e+00   7.531820e+01   1.514756e+01  
228       1.49119592884e+05   0.000000e+00   7.576485e+01   1.515479e+01  
229       1.50772073540e+05   0.000000e+00   7.538810e+01   1.514809e+01  
230       1.49181476362e+05   0.000000e+00   7.612160e+01   1.515872e+01  
231       1.50762388242e+05   0.000000e+00   7.565719e+01   1.515772e+01  
232       1.48961018183e+05   0.000000e+00   7.650199e+01   1.516047e+01  
233       1.50837905551e+05   0.000000e+00   7.588557e+01   1.515181e+01  
234       1.49007321392e+05   0.000000e+00   7.670495e+01   1.515975e+01  
235       1.50697754283e+05   0.000000e+00   7.626612e+01   1.516191e+01  
236       1.49285941939e+05   0.000000e+00   7.690624e+01   1.514950e+01  
237       1.50543515244e+05   0.000000e+00   7.642454e+01   1.516272e+01  
238       1.49631653761e+05   0.000000e+00   7.678274e+01   1.514055e+01  
239       1.50669110543e+05   0.000000e+00   7.637997e+01   1.516737e+01  
240       1.50013945098e+05   0.000000e+00   7.677263e+01   1.512812e+01  
241       1.50474871408e+05   0.000000e+00   7.668581e+01   1.518240e+01  
242       1.50359129169e+05   0.000000e+00   7.667942e+01   1.512403e+01  
243       1.50339345207e+05   0.000000e+00   7.685669e+01   1.520468e+01  
244       1.50074300977e+05   0.000000e+00   7.711465e+01   1.513769e+01  
245       1.50109258804e+05   0.000000e+00   7.737528e+01   1.521656e+01  
246       1.49926617930e+05   0.000000e+00   7.755255e+01   1.514058e+01  
247       1.50231981294e+05   0.000000e+00   7.767780e+01   1.519206e+01  
248       1.50086406444e+05   0.000000e+00   7.766435e+01   1.514521e+01  
249       1.49866763343e+05   0.000000e+00   7.830627e+01   1.520235e+01  
250       1.50182503579e+05   0.000000e+00   7.938128e+01   1.514476e+01  
251       1.50225826224e+05   0.000000e+00   8.352828e+01   1.518966e+01  
252       1.50198982066e+05   0.000000e+00   7.853146e+01   1.514702e+01  
253       1.49995734074e+05   0.000000e+00   7.886312e+01   1.521882e+01  
254       1.49530004257e+05   0.000000e+00   7.975081e+01   1.515071e+01  
255       1.49343999980e+05   0.000000e+00   7.936687e+01   1.520775e+01  
256       1.49258581322e+05   0.000000e+00   7.944699e+01   1.514903e+01  
257       1.49451501737e+05   0.000000e+00   7.951668e+01   1.521870e+01  
258       1.49720824043e+05   0.000000e+00   7.903298e+01   1.516487e+01  
259       1.49221728076e+05   0.000000e+00   7.978834e+01   1.520098e+01  
260       1.49379720636e+05   0.000000e+00   7.953004e+01   1.516348e+01  
261       1.49232578622e+05   0.000000e+00   8.003401e+01   1.521282e+01  
262       1.50190465638e+05   0.000000e+00   7.886188e+01   1.514561e+01  
263       1.49418487125e+05   0.000000e+00   7.973858e+01   1.519306e+01  
264       1.50132127536e+05   0.000000e+00   7.909372e+01   1.515029e+01  
265       1.49373569334e+05   0.000000e+00   7.998195e+01   1.520108e+01  
266       1.50108614469e+05   0.000000e+00   7.934763e+01   1.515911e+01  
267       1.49161561619e+05   0.000000e+00   8.038003e+01   1.521316e+01  
268       1.50130407980e+05   0.000000e+00   7.947864e+01   1.516626e+01  
269       1.49238510547e+05   0.000000e+00   8.037678e+01   1.521191e+01  
270       1.49912814319e+05   0.000000e+00   7.983066e+01   1.517412e+01  
271       1.49078110231e+05   0.000000e+00   8.070509e+01   1.520413e+01  
272       1.49702237919e+05   0.000000e+00   8.002417e+01   1.515815e+01  
273       1.48792946807e+05   0.000000e+00   8.072675e+01   1.521236e+01  
274       1.49842851785e+05   0.000000e+00   7.995440e+01   1.516156e+01  
275       1.48910398861e+05   0.000000e+00   8.062309e+01   1.521819e+01  
276       1.49738039283e+05   0.000000e+00   8.019257e+01   1.517663e+01  
277       1.49121639553e+05   0.000000e+00   8.046098e+01   1.521273e+01  
278       1.49764947116e+05   0.000000e+00   7.993552e+01   1.516640e+01  
279       1.49689989945e+05   0.000000e+00   8.007436e+01   1.521062e+01  
280       1.50117551003e+05   0.000000e+00   7.984921e+01   1.517412e+01  
281       1.49481689316e+05   0.000000e+00   8.031055e+01   1.521080e+01  
282       1.50351009023e+05   0.000000e+00   7.954357e+01   1.517111e+01  
283       1.49763678258e+05   0.000000e+00   7.991014e+01   1.520246e+01  
284       1.50239348834e+05   0.000000e+00   7.957988e+01   1.517347e+01  
285       1.49563990701e+05   0.000000e+00   8.040593e+01   1.520336e+01  
286       1.50179942196e+05   0.000000e+00   7.961205e+01   1.516748e+01  
287       1.49806988956e+05   0.000000e+00   8.000874e+01   1.519394e+01  
288       1.50596098169e+05   0.000000e+00   7.940468e+01   1.516584e+01  
289       1.49192917172e+05   0.000000e+00   8.051295e+01   1.520288e+01  
290       1.50628037497e+05   0.000000e+00   7.967823e+01   1.516885e+01  
291       1.49291276487e+05   0.000000e+00   8.070044e+01   1.519106e+01  
292       1.50246944577e+05   0.000000e+00   8.004530e+01   1.517321e+01  
293       1.49455201878e+05   0.000000e+00   8.089440e+01   1.518892e+01  
294       1.50094112449e+05   0.000000e+00   8.035026e+01   1.518132e+01  
295       1.49419485467e+05   0.000000e+00   8.097840e+01   1.517637e+01  
296       1.50152675296e+05   0.000000e+00   8.030267e+01   1.517011e+01  
297       1.49595235017e+05   0.000000e+00   8.087452e+01   1.517604e+01  
298       1.50033701587e+05   0.000000e+00   8.067283e+01   1.518431e+01  
299       1.49806019086e+05   0.000000e+00   8.095798e+01   1.515416e+01  
300       1.50056893072e+05   0.000000e+00   8.083653e+01   1.517336e+01  
301       1.49764980202e+05   0.000000e+00   8.133932e+01   1.514781e+01  
302       1.49972921873e+05   0.000000e+00   8.122243e+01   1.518003e+01  
303       1.50168030390e+05   0.000000e+00   8.122512e+01   1.514216e+01  
304       1.49810421050e+05   0.000000e+00   8.166299e+01   1.518066e+01  
305       1.50130935340e+05   0.000000e+00   8.206743e+01   1.512998e+01  
306       1.49811911201e+05   0.000000e+00   8.276734e+01   1.520130e+01  
307       1.50078472930e+05   0.000000e+00   8.252719e+01   1.512347e+01  
308       1.49692526214e+05   0.000000e+00   8.369563e+01   1.518306e+01  
309       1.49673322253e+05   0.000000e+00   8.482221e+01   1.512700e+01  
310       1.49627517963e+05   0.000000e+00   8.440773e+01   1.519326e+01  
311       1.49967862471e+05   0.000000e+00   8.379779e+01   1.511832e+01  
312       1.49424314711e+05   0.000000e+00   8.382873e+01   1.519145e+01  
313       1.49801396503e+05   0.000000e+00   8.364256e+01   1.512429e+01  
314       1.49743219771e+05   0.000000e+00   8.359279e+01   1.518263e+01  
315       1.49878315835e+05   0.000000e+00   8.396792e+01   1.512108e+01  
316       1.49694444519e+05   0.000000e+00   8.398269e+01   1.519356e+01  
317       1.49944255860e+05   0.000000e+00   8.367143e+01   1.511402e+01  
318       1.49716310334e+05   0.000000e+00   8.409807e+01   1.518526e+01  
319       1.49810630440e+05   0.000000e+00   8.407467e+01   1.512612e+01  
320       1.49268616364e+05   0.000000e+00   8.492412e+01   1.518267e+01  
321       1.49885267231e+05   0.000000e+00   8.447304e+01   1.510766e+01  
322       1.48974310949e+05   0.000000e+00   8.527221e+01   1.518808e+01  
323       1.50007728810e+05   0.000000e+00   8.488412e+01   1.508616e+01  
324       1.49096374255e+05   0.000000e+00   8.518124e+01   1.518059e+01  
325       1.49985599323e+05   0.000000e+00   8.509091e+01   1.507472e+01  
326       1.49250016761e+05   0.000000e+00   8.529146e+01   1.518253e+01  
327       1.50106509568e+05   0.000000e+00   8.510994e+01   1.507046e+01  
328       1.49368693425e+05   0.000000e+00   8.529331e+01   1.519377e+01  
329       1.50188313270e+05   0.000000e+00   8.515999e+01   1.507949e+01  
330       1.49499362941e+05   0.000000e+00   8.548873e+01   1.517934e+01  
331       1.49886623579e+05   0.000000e+00   8.558714e+01   1.508799e+01  
332       1.49825863047e+05   0.000000e+00   8.541204e+01   1.516825e+01  
333       1.49795794169e+05   0.000000e+00   8.575145e+01   1.508933e+01  
334       1.49741181736e+05   0.000000e+00   8.581980e+01   1.517662e+01  
335       1.50100131124e+05   0.000000e+00   8.575094e+01   1.508850e+01  
336       1.50021426324e+05   0.000000e+00   8.571050e+01   1.516846e+01  
337       1.50144875992e+05   0.000000e+00   8.583719e+01   1.509892e+01  
338       1.50012085371e+05   0.000000e+00   8.592119e+01   1.516275e+01  
339       1.49722458710e+05   0.000000e+00   8.629887e+01   1.510530e+01  
340       1.49863291709e+05   0.000000e+00   8.631579e+01   1.515022e+01  
341       1.49789129120e+05   0.000000e+00   8.621435e+01   1.511386e+01  
342       1.49712303679e+05   0.000000e+00   8.661772e+01   1.517077e+01  
343       1.50122340061e+05   0.000000e+00   8.607321e+01   1.511759e+01  
344       1.49416723499e+05   0.000000e+00   8.686836e+01   1.516664e+01  
345       1.49994158883e+05   0.000000e+00   8.615473e+01   1.511508e+01  
346       1.49599888386e+05   0.000000e+00   8.675298e+01   1.515523e+01  
347       1.50372149111e+05   0.000000e+00   8.588937e+01   1.511563e+01  
348       1.49833292843e+05   0.000000e+00   8.620918e+01   1.513645e+01  
349       1.50271370169e+05   0.000000e+00   8.598001e+01   1.511553e+01  
350       1.49373011993e+05   0.000000e+00   8.655704e+01   1.514506e+01  
351       1.50559820215e+05   0.000000e+00   8.587293e+01   1.512771e+01  
352       1.49529569820e+05   0.000000e+00   8.643925e+01   1.514598e+01  
353       1.50520390488e+05   0.000000e+00   8.586774e+01   1.514172e+01  
354       1.49321572134e+05   0.000000e+00   8.671116e+01   1.514430e+01  
355       1.50528379144e+05   0.000000e+00   8.597611e+01   1.514448e+01  
356       1.49252397434e+05   0.000000e+00   8.694526e+01   1.514128e+01  
357       1.50132014424e+05   0.000000e+00   8.654678e+01   1.514809e+01  
358       1.48998823160e+05   0.000000e+00   8.714400e+01   1.515191e+01  
359       1.50292777649e+05   0.000000e+00   8.645213e+01   1.515639e+01  
360       1.49182724330e+05   0.000000e+00   8.685682e+01   1.514413e+01  
361       1.50187681505e+05   0.000000e+00   8.653422e+01   1.514930e+01  
362       1.49150120757e+05   0.000000e+00   8.694240e+01   1.513342e+01  
363       1.50128178822e+05   0.000000e+00   8.671522e+01   1.515746e+01  
364       1.49387863710e+05   0.000000e+00   8.696664e+01   1.512976e+01  
365       1.49998748944e+05   0.000000e+00   8.693711e+01   1.516980e+01  
366       1.49494863947e+05   0.000000e+00   8.697581e+01   1.510672e+01  
367       1.50108010099e+05   0.000000e+00   8.706164e+01   1.516914e+01  
368       1.49109113693e+05   0.000000e+00   8.762540e+01   1.512170e+01  
369       1.50254133479e+05   0.000000e+00   8.706073e+01   1.516189e+01  
370       1.49071206506e+05   0.000000e+00   8.767323e+01   1.512405e+01  
371       1.50378135362e+05   0.000000e+00   8.707577e+01   1.516282e+01  
372       1.49345853659e+05   0.000000e+00   8.746453e+01   1.510970e+01  
373       1.50735116644e+05   0.000000e+00   8.675551e+01   1.515815e+01  
374       1.49123445823e+05   0.000000e+00   8.788261e+01   1.512927e+01  
375       1.50466340328e+05   0.000000e+00   8.731632e+01   1.515876e+01  
376       1.49124593685e+05   0.000000e+00   8.793283e+01   1.511878e+01  
377       1.50564321387e+05   0.000000e+00   8.743758e+01   1.517752e+01  
378       1.49004306821e+05   0.000000e+00   8.828849e+01   1.511511e+01  
379       1.50199798898e+05   0.000000e+00   8.801062e+01   1.517956e+01  
380       1.49155434994e+05   0.000000e+00   8.823211e+01   1.512131e+01  
381       1.50341918254e+05   0.000000e+00   8.786614e+01   1.516791e+01  
382       1.49182634453e+05   0.000000e+00   8.848731e+01   1.512162e+01  
383       1.50225906099e+05   0.000000e+00   8.810196e+01   1.517654e+01  
384       1.49647763116e+05   0.000000e+00   8.806053e+01   1.510276e+01  
385       1.50232313676e+05   0.000000e+00   8.806085e+01   1.517850e+01  
386       1.49747232875e+05   0.000000e+00   8.804857e+01   1.509963e+01  
387       1.50308971619e+05   0.000000e+00   8.820809e+01   1.518630e+01  
388       1.49646484117e+05   0.000000e+00   8.817824e+01   1.509025e+01  
389       1.50344968858e+05   0.000000e+00   8.810077e+01   1.518100e+01  
390       1.49624867409e+05   0.000000e+00   8.815951e+01   1.508535e+01  
391       1.50331680166e+05   0.000000e+00   8.810445e+01   1.518678e+01  
392       1.49849335948e+05   0.000000e+00   8.828974e+01   1.508555e+01  
393       1.50319803809e+05   0.000000e+00   8.815376e+01   1.518436e+01  
394       1.49794133617e+05   0.000000e+00   8.834605e+01   1.508712e+01  
395       1.50276244738e+05   0.000000e+00   8.827240e+01   1.519351e+01  
396       1.49820319278e+05   0.000000e+00   8.844027e+01   1.508478e+01  
397       1.50672125783e+05   0.000000e+00   8.785611e+01   1.518985e+01  
398       1.49853819657e+05   0.000000e+00   8.848753e+01   1.509086e+01  
399       1.50731552422e+05   0.000000e+00   8.793985e+01   1.518621e+01  
400       1.49897966459e+05   0.000000e+00   8.851396e+01   1.509849e+01  
401       1.51035172867e+05   0.000000e+00   8.791512e+01   1.518328e+01  
402       1.49783964893e+05   0.000000e+00   8.858712e+01   1.511089e+01  
403       1.50945804707e+05   0.000000e+00   8.813655e+01   1.519074e+01  
404       1.49843865421e+05   0.000000e+00   8.891314e+01   1.511732e+01  
405       1.50660163172e+05   0.000000e+00   8.844007e+01   1.519406e+01  
406       1.49914599237e+05   0.000000e+00   8.913474e+01   1.510730e+01  
407       1.50658285651e+05   0.000000e+00   8.836666e+01   1.520496e+01  
408       1.50171619128e+05   0.000000e+00   8.894575e+01   1.510295e+01  
409       1.50461004385e+05   0.000000e+00   8.874578e+01   1.519906e+01  
410       1.50261518893e+05   0.000000e+00   8.899483e+01   1.510647e+01  
411       1.50552972592e+05   0.000000e+00   8.877696e+01   1.519993e+01  
412       1.50610867813e+05   0.000000e+00   8.885925e+01   1.510317e+01  
413       1.50252978489e+05   0.000000e+00   8.929550e+01   1.521120e+01  
414       1.50502261582e+05   0.000000e+00   8.917869e+01   1.511407e+01  
415       1.50114280167e+05   0.000000e+00   8.958751e+01   1.519987e+01  
416       1.50130551776e+05   0.000000e+00   8.970397e+01   1.511988e+01  
417       1.49688884513e+05   0.000000e+00   9.022830e+01   1.520729e+01  
418       1.49910271183e+05   0.000000e+00   8.997390e+01   1.512616e+01  
419       1.49793047491e+05   0.000000e+00   9.000722e+01   1.521242e+01  
420       1.50214372351e+05   0.000000e+00   8.974348e+01   1.512851e+01  
421       1.49943962933e+05   0.000000e+00   8.955801e+01   1.520099e+01  
422       1.50483038624e+05   0.000000e+00   8.953853e+01   1.513100e+01  
423       1.49648034955e+05   0.000000e+00   8.993159e+01   1.521312e+01  
424       1.50458012542e+05   0.000000e+00   8.952323e+01   1.512298e+01  
425       1.49797823241e+05   0.000000e+00   8.977595e+01   1.521474e+01  
426       1.50658222292e+05   0.000000e+00   8.937536e+01   1.513461e+01  
427       1.49610509678e+05   0.000000e+00   9.008277e+01   1.521550e+01  
428       1.50509804790e+05   0.000000e+00   8.979014e+01   1.513381e+01  
429       1.49295493716e+05   0.000000e+00   9.047292e+01   1.522123e+01  
430       1.50659882800e+05   0.000000e+00   8.989411e+01   1.511751e+01  
431       1.49239098975e+05   0.000000e+00   9.079649e+01   1.521523e+01  
432       1.50711964741e+05   0.000000e+00   8.994289e+01   1.512381e+01  
433       1.49143158019e+05   0.000000e+00   9.084045e+01   1.520543e+01  
434       1.50507366093e+05   0.000000e+00   9.008653e+01   1.512411e+01  
435       1.49155022565e+05   0.000000e+00   9.078489e+01   1.521237e+01  
436       1.50584982712e+05   0.000000e+00   8.992901e+01   1.513186e+01  
437       1.49258696221e+05   0.000000e+00   9.062838e+01   1.520072e+01  
438       1.50527614341e+05   0.000000e+00   8.991471e+01   1.513996e+01  
439       1.49066714990e+05   0.000000e+00   9.098575e+01   1.518439e+01  
440       1.50666703987e+05   0.000000e+00   8.996699e+01   1.515016e+01  
441       1.49319614840e+05   0.000000e+00   9.093128e+01   1.516442e+01  
442       1.50761271372e+05   0.000000e+00   8.989706e+01   1.514981e+01  
443       1.49126145144e+05   0.000000e+00   9.127685e+01   1.517513e+01  
444       1.50785793991e+05   0.000000e+00   9.014608e+01   1.515969e+01  
445       1.49265970140e+05   0.000000e+00   9.136835e+01   1.515595e+01  
446       1.50629131620e+05   0.000000e+00   9.044282e+01   1.515958e+01  
447       1.48952844633e+05   0.000000e+00   9.175300e+01   1.514746e+01  
448       1.50833300953e+05   0.000000e+00   9.018750e+01   1.517434e+01  
449       1.49052990289e+05   0.000000e+00   9.166349e+01   1.513004e+01  
450       1.50866682765e+05   0.000000e+00   9.035092e+01   1.517242e+01  
451       1.48726483972e+05   0.000000e+00   9.205364e+01   1.512265e+01  
452       1.50826743881e+05   0.000000e+00   9.035716e+01   1.518655e+01  
453       1.48926621089e+05   0.000000e+00   9.200752e+01   1.512963e+01  
454       1.50752084845e+05   0.000000e+00   9.055816e+01   1.518959e+01  
455       1.48769013900e+05   0.000000e+00   9.213103e+01   1.513092e+01  
456       1.51340286187e+05   0.000000e+00   9.012623e+01   1.518507e+01  
457       1.48851528654e+05   0.000000e+00   9.188620e+01   1.512385e+01  
458       1.51318293631e+05   0.000000e+00   9.029058e+01   1.519495e+01  
459       1.48647344083e+05   0.000000e+00   9.226994e+01   1.512657e+01  
460       1.51258766918e+05   0.000000e+00   9.047240e+01   1.519695e+01  
461       1.48536772356e+05   0.000000e+00   9.235923e+01   1.511251e+01  
462       1.51333862249e+05   0.000000e+00   9.043699e+01   1.519271e+01  
463       1.48482603128e+05   0.000000e+00   9.240296e+01   1.511616e+01  
464       1.50910793257e+05   0.000000e+00   9.111458e+01   1.520303e+01  
465       1.48580253619e+05   0.000000e+00   9.244853e+01   1.511263e+01  
466       1.50792613937e+05   0.000000e+00   9.111062e+01   1.521084e+01  
467       1.48837284433e+05   0.000000e+00   9.235264e+01   1.510612e+01  
468       1.50293366066e+05   0.000000e+00   9.162474e+01   1.523322e+01  
469       1.49017239222e+05   0.000000e+00   9.242086e+01   1.509528e+01  
470       1.50569301541e+05   0.000000e+00   9.136113e+01   1.523031e+01  
471       1.49073719915e+05   0.000000e+00   9.238932e+01   1.509641e+01  
472       1.50336090741e+05   0.000000e+00   9.191319e+01   1.523667e+01  
473       1.48890278752e+05   0.000000e+00   9.262119e+01   1.509304e+01  
474       1.50465620104e+05   0.000000e+00   9.189304e+01   1.523470e+01  
475       1.48811606648e+05   0.000000e+00   9.291182e+01   1.509761e+01  
476       1.50577438922e+05   0.000000e+00   9.163053e+01   1.522450e+01  
477       1.49062459156e+05   0.000000e+00   9.270190e+01   1.509427e+01  
478       1.50394755284e+05   0.000000e+00   9.179436e+01   1.523174e+01  
479       1.48874645112e+05   0.000000e+00   9.306862e+01   1.509230e+01  
480       1.50335957080e+05   0.000000e+00   9.199805e+01   1.522921e+01  
481       1.48812317396e+05   0.000000e+00   9.333598e+01   1.510591e+01  
482       1.50433168862e+05   0.000000e+00   9.188852e+01   1.521137e+01  
483       1.48949189777e+05   0.000000e+00   9.312747e+01   1.510543e+01  
484       1.50203145111e+05   0.000000e+00   9.214954e+01   1.521334e+01  
485       1.49193692454e+05   0.000000e+00   9.287313e+01   1.510231e+01  
486       1.50160992274e+05   0.000000e+00   9.233846e+01   1.520265e+01  
487       1.49324819225e+05   0.000000e+00   9.285146e+01   1.511482e+01  
488       1.49959300420e+05   0.000000e+00   9.267090e+01   1.519881e+01  
489       1.49340006755e+05   0.000000e+00   9.310148e+01   1.513065e+01  
490       1.49840927402e+05   0.000000e+00   9.278212e+01   1.519735e+01  
491       1.49459512916e+05   0.000000e+00   9.300463e+01   1.512177e+01  
492       1.49662844345e+05   0.000000e+00   9.269444e+01   1.521014e+01  
493       1.49854953223e+05   0.000000e+00   9.274170e+01   1.511798e+01  
494       1.49541687056e+05   0.000000e+00   9.272753e+01   1.520641e+01  
495       1.50056437726e+05   0.000000e+00   9.252102e+01   1.512095e+01  
496       1.49736605824e+05   0.000000e+00   9.245714e+01   1.520832e+01  
497       1.50063870025e+05   0.000000e+00   9.234759e+01   1.513498e+01  
498       1.49817765923e+05   0.000000e+00   9.253244e+01   1.520283e+01  
499       1.49735137470e+05   0.000000e+00   9.284505e+01   1.515325e+01  
500       1.49536640243e+05   0.000000e+00   9.279349e+01   1.518761e+01  
501       1.49726692425e+05   0.000000e+00   9.285670e+01   1.516622e+01  
502       1.49370488521e+05   0.000000e+00   9.318408e+01   1.518450e+01  
503       1.49557469217e+05   0.000000e+00   9.308318e+01   1.518001e+01  
504       1.49661437101e+05   0.000000e+00   9.292707e+01   1.518348e+01  
505       1.49696156642e+05   0.000000e+00   9.297432e+01   1.517349e+01  
506       1.49531400852e+05   0.000000e+00   9.306311e+01   1.518163e+01  
507       1.49768357334e+05   0.000000e+00   9.298679e+01   1.517784e+01  
508       1.49616495332e+05   0.000000e+00   9.290593e+01   1.517959e+01  
509       1.49928523626e+05   0.000000e+00   9.276853e+01   1.518271e+01  
510       1.49847107769e+05   0.000000e+00   9.261026e+01   1.517384e+01  
511       1.50070233085e+05   0.000000e+00   9.268744e+01   1.519553e+01  
512       1.49501966187e+05   0.000000e+00   9.291533e+01   1.517724e+01  
513       1.50138520915e+05   0.000000e+00   9.284147e+01   1.518851e+01  
514       1.49317333038e+05   0.000000e+00   9.319218e+01   1.517867e+01  
515       1.50431321147e+05   0.000000e+00   9.269431e+01   1.517935e+01  
516       1.49282930532e+05   0.000000e+00   9.342032e+01   1.518461e+01  
517       1.50222345951e+05   0.000000e+00   9.306820e+01   1.517855e+01  
518       1.48949924426e+05   0.000000e+00   9.389156e+01   1.518274e+01  
519       1.50093515855e+05   0.000000e+00   9.318471e+01   1.519351e+01  
520       1.49019629196e+05   0.000000e+00   9.395317e+01   1.518280e+01  
521       1.50222735743e+05   0.000000e+00   9.307459e+01   1.520944e+01  
522       1.49236039272e+05   0.000000e+00   9.366016e+01   1.516023e+01  
523       1.50168984202e+05   0.000000e+00   9.308986e+01   1.520877e+01  
524       1.49177107258e+05   0.000000e+00   9.387651e+01   1.516203e+01  
525       1.50268694637e+05   0.000000e+00   9.281922e+01   1.519831e+01  
526       1.49525301337e+05   0.000000e+00   9.349256e+01   1.517624e+01  
527       1.50242596880e+05   0.000000e+00   9.280128e+01   1.518901e+01  
528       1.49394773612e+05   0.000000e+00   9.374285e+01   1.518027e+01  
529       1.50141814948e+05   0.000000e+00   9.311174e+01   1.518863e+01  
530       1.49236864376e+05   0.000000e+00   9.399013e+01   1.518032e+01  
531       1.50261352224e+05   0.000000e+00   9.306117e+01   1.517879e+01  
532       1.49066192036e+05   0.000000e+00   9.409128e+01   1.518681e+01  
533       1.50235136236e+05   0.000000e+00   9.336671e+01   1.518820e+01  
534       1.49181770963e+05   0.000000e+00   9.394200e+01   1.518041e+01  
535       1.50294765601e+05   0.000000e+00   9.339724e+01   1.517252e+01  
536       1.48877048847e+05   0.000000e+00   9.425172e+01   1.518940e+01  
537       1.49965848498e+05   0.000000e+00   9.379668e+01   1.517943e+01  
538       1.49234313189e+05   0.000000e+00   9.415793e+01   1.519456e+01  
539       1.49796566063e+05   0.000000e+00   9.408969e+01   1.518073e+01  
540       1.49353016399e+05   0.000000e+00   9.405737e+01   1.518084e+01  
541       1.49962902532e+05   0.000000e+00   9.380711e+01   1.519046e+01  
542       1.49485806774e+05   0.000000e+00   9.392389e+01   1.518416e+01  
543       1.50231831911e+05   0.000000e+00   9.364609e+01   1.519279e+01  
544       1.49399429893e+05   0.000000e+00   9.400342e+01   1.518974e+01  
545       1.50158275850e+05   0.000000e+00   9.391736e+01   1.519406e+01  
546       1.49818908691e+05   0.000000e+00   9.355538e+01   1.517540e+01  
547       1.50109184132e+05   0.000000e+00   9.408926e+01   1.519238e+01  
548       1.49537338046e+05   0.000000e+00   9.410816e+01   1.518292e+01  
549       1.50010250047e+05   0.000000e+00   9.423105e+01   1.518596e+01  
550       1.49863910384e+05   0.000000e+00   9.396280e+01   1.517883e+01  
551       1.49988775406e+05   0.000000e+00   9.433379e+01   1.518118e+01  
552       1.49875877016e+05   0.000000e+00   9.419170e+01   1.517951e+01  
553       1.49856796565e+05   0.000000e+00   9.436862e+01   1.518242e+01  
554       1.50079825589e+05   0.000000e+00   9.408027e+01   1.516926e+01  
555       1.49865764095e+05   0.000000e+00   9.441434e+01   1.518235e+01  
556       1.50100029133e+05   0.000000e+00   9.408951e+01   1.516981e+01  
557       1.49974912242e+05   0.000000e+00   9.443996e+01   1.518564e+01  
558       1.49885876292e+05   0.000000e+00   9.433071e+01   1.517032e+01  
559       1.50312272850e+05   0.000000e+00   9.411438e+01   1.517795e+01  
560       1.49936645674e+05   0.000000e+00   9.419008e+01   1.517815e+01  
561       1.50237688813e+05   0.000000e+00   9.429826e+01   1.518397e+01  
562       1.49719082504e+05   0.000000e+00   9.451037e+01   1.519011e+01  
563       1.50420631872e+05   0.000000e+00   9.400683e+01   1.518655e+01  
564       1.49987669751e+05   0.000000e+00   9.424366e+01   1.518905e+01  
565       1.49924650918e+05   0.000000e+00   9.464049e+01   1.519898e+01  
566       1.50042955046e+05   0.000000e+00   9.449937e+01   1.519112e+01  
567       1.49798528355e+05   0.000000e+00   9.464931e+01   1.520240e+01  
568       1.50039621593e+05   0.000000e+00   9.461296e+01   1.518466e+01  
569       1.49569565350e+05   0.000000e+00   9.499809e+01   1.519303e+01  
570       1.50308840207e+05   0.000000e+00   9.431556e+01   1.518799e+01  
571       1.49601871849e+05   0.000000e+00   9.490202e+01   1.518446e+01  
572       1.50406593321e+05   0.000000e+00   9.415320e+01   1.519255e+01  
573       1.49211196429e+05   0.000000e+00   9.544844e+01   1.518730e+01  
574       1.50307625855e+05   0.000000e+00   9.437918e+01   1.519249e+01  
575       1.49042636675e+05   0.000000e+00   9.561282e+01   1.519619e+01  
576       1.50247324778e+05   0.000000e+00   9.465473e+01   1.518135e+01  
577       1.49093956158e+05   0.000000e+00   9.539062e+01   1.519994e+01  
578       1.50415466936e+05   0.000000e+00   9.448571e+01   1.517078e+01  
579       1.49205726228e+05   0.000000e+00   9.515252e+01   1.520428e+01  
580       1.50532139165e+05   0.000000e+00   9.434219e+01   1.516173e+01  
581       1.49462572902e+05   0.000000e+00   9.475826e+01   1.520975e+01  
582       1.50382173253e+05   0.000000e+00   9.455038e+01   1.517757e+01  
583       1.49525963505e+05   0.000000e+00   9.486805e+01   1.520996e+01  
584       1.50203582378e+05   0.000000e+00   9.480535e+01   1.517351e+01  
585       1.49422591452e+05   0.000000e+00   9.501056e+01   1.521296e+01  
586       1.50104246637e+05   0.000000e+00   9.485323e+01   1.517303e+01  
587       1.49583950887e+05   0.000000e+00   9.496049e+01   1.522954e+01  
588       1.50082940363e+05   0.000000e+00   9.488534e+01   1.517278e+01  
589       1.49552432626e+05   0.000000e+00   9.500686e+01   1.523443e+01  
590       1.50094893162e+05   0.000000e+00   9.502276e+01   1.518142e+01  
591       1.49362402622e+05   0.000000e+00   9.533282e+01   1.522192e+01  
592       1.50137718345e+05   0.000000e+00   9.498408e+01   1.518121e+01  
593       1.49281388228e+05   0.000000e+00   9.556103e+01   1.521138e+01  
594       1.50153941185e+05   0.000000e+00   9.496042e+01   1.518614e+01  
595       1.49536086366e+05   0.000000e+00   9.524069e+01   1.520613e+01  
596       1.49993818177e+05   0.000000e+00   9.520794e+01   1.519508e+01  
597       1.49336851837e+05   0.000000e+00   9.549735e+01   1.522068e+01  
598       1.50350839646e+05   0.000000e+00   9.474472e+01   1.516731e+01  
599       1.49725357712e+05   0.000000e+00   9.519011e+01   1.521704e+01  
600       1.50440933448e+05   0.000000e+00   9.485148e+01   1.515513e+01  
601       1.49689086262e+05   0.000000e+00   9.518832e+01   1.521410e+01  
602       1.50223300275e+05   0.000000e+00   9.513234e+01   1.516012e+01  
603       1.49457869783e+05   0.000000e+00   9.566880e+01   1.520957e+01  
604       1.50262461842e+05   0.000000e+00   9.520805e+01   1.515989e+01  
605       1.49658239972e+05   0.000000e+00   9.551228e+01   1.520639e+01  
606       1.50049375906e+05   0.000000e+00   9.563243e+01   1.516837e+01  
607       1.49547632592e+05   0.000000e+00   9.590210e+01   1.519856e+01  
608       1.49811772602e+05   0.000000e+00   9.580556e+01   1.516765e+01  
609       1.49807956012e+05   0.000000e+00   9.568870e+01   1.519319e+01  
610       1.49808663738e+05   0.000000e+00   9.577738e+01   1.517839e+01  
611       1.49794531151e+05   0.000000e+00   9.586481e+01   1.520352e+01  
612       1.49815710570e+05   0.000000e+00   9.579053e+01   1.518061e+01  
613       1.49656426062e+05   0.000000e+00   9.600892e+01   1.520563e+01  
614       1.49993110055e+05   0.000000e+00   9.577694e+01   1.517206e+01  
615       1.49608783975e+05   0.000000e+00   9.596299e+01   1.520370e+01  
616       1.50218439044e+05   0.000000e+00   9.558024e+01   1.517719e+01  
617       1.49643232751e+05   0.000000e+00   9.594925e+01   1.520082e+01  
618       1.50150397629e+05   0.000000e+00   9.586188e+01   1.517974e+01  
619       1.49668850764e+05   0.000000e+00   9.577877e+01   1.519094e+01  
620       1.50056345636e+05   0.000000e+00   9.590647e+01   1.516092e+01  
621       1.49426804035e+05   0.000000e+00   9.635074e+01   1.519787e+01  
622       1.49896850795e+05   0.000000e+00   9.609953e+01   1.516570e+01  
623       1.49637292203e+05   0.000000e+00   9.652498e+01   1.519798e+01  
624       1.49615718528e+05   0.000000e+00   9.644502e+01   1.516795e+01  
625       1.49823095217e+05   0.000000e+00   9.648624e+01   1.518494e+01  
626       1.49424431996e+05   0.000000e+00   9.659779e+01   1.518044e+01  
627       1.49925494031e+05   0.000000e+00   9.660978e+01   1.519750e+01  
628       1.49410784160e+05   0.000000e+00   9.679676e+01   1.518656e+01  
629       1.49820760074e+05   0.000000e+00   9.673569e+01   1.517970e+01  
630       1.49555025749e+05   0.000000e+00   9.667839e+01   1.519555e+01  
631       1.49735790077e+05   0.000000e+00   9.668482e+01   1.518262e+01  
632       1.49839775708e+05   0.000000e+00   9.648721e+01   1.519226e+01  
633       1.49610567845e+05   0.000000e+00   9.684916e+01   1.518913e+01  
634       1.49767581614e+05   0.000000e+00   9.658254e+01   1.519403e+01  
635       1.49809474541e+05   0.000000e+00   9.663852e+01   1.517949e+01  
636       1.49925878196e+05   0.000000e+00   9.648141e+01   1.519449e+01  
637       1.49546727973e+05   0.000000e+00   9.709163e+01   1.518661e+01  
638       1.49723745456e+05   0.000000e+00   9.678002e+01   1.519944e+01  
639       1.49748040784e+05   0.000000e+00   9.690032e+01   1.517901e+01  
640       1.49707025570e+05   0.000000e+00   9.698285e+01   1.520221e+01  
641       1.49656230483e+05   0.000000e+00   9.694411e+01   1.517810e+01  
642       1.49628633718e+05   0.000000e+00   9.725970e+01   1.520605e+01  
643       1.49596559476e+05   0.000000e+00   9.711091e+01   1.517935e+01  
644       1.49963647156e+05   0.000000e+00   9.696549e+01   1.519045e+01  
645       1.49627167559e+05   0.000000e+00   9.694008e+01   1.518099e+01  
646       1.49781419236e+05   0.000000e+00   9.732610e+01   1.520044e+01  
647       1.49563509302e+05   0.000000e+00   9.691256e+01   1.517282e+01  
648       1.50000513207e+05   0.000000e+00   9.694714e+01   1.520814e+01  
649       1.49523443176e+05   0.000000e+00   9.705435e+01   1.517337e+01  
650       1.50172769082e+05   0.000000e+00   9.667207e+01   1.521603e+01  
651       1.49451443096e+05   0.000000e+00   9.722901e+01   1.517403e+01  
652       1.50286492085e+05   0.000000e+00   9.651828e+01   1.521865e+01  
653       1.49732491934e+05   0.000000e+00   9.691812e+01   1.516776e+01  
654       1.50317827379e+05   0.000000e+00   9.648986e+01   1.521624e+01  
655       1.49700817218e+05   0.000000e+00   9.697609e+01   1.518301e+01  
656       1.50484059604e+05   0.000000e+00   9.637210e+01   1.520551e+01  
657       1.49884584822e+05   0.000000e+00   9.660636e+01   1.518412e+01  
658       1.50161954850e+05   0.000000e+00   9.673691e+01   1.521253e+01  
659       1.49645115173e+05   0.000000e+00   9.706016e+01   1.518517e+01  
660       1.49965482807e+05   0.000000e+00   9.704463e+01   1.522095e+01  
661       1.49812065763e+05   0.000000e+00   9.701129e+01   1.518123e+01  
662       1.49695594630e+05   0.000000e+00   9.732164e+01   1.521196e+01  
663       1.49782941693e+05   0.000000e+00   9.717090e+01   1.519202e+01  
664       1.49892056845e+05   0.000000e+00   9.692896e+01   1.519940e+01  
665       1.49893343924e+05   0.000000e+00   9.705433e+01   1.520655e+01  
666       1.49870327906e+05   0.000000e+00   9.689409e+01   1.519803e+01  
667       1.50138919052e+05   0.000000e+00   9.689560e+01   1.521117e+01  
668       1.49957150866e+05   0.000000e+00   9.682291e+01   1.519162e+01  
669       1.49944326727e+05   0.000000e+00   9.717341e+01   1.520565e+01  
670       1.50049268844e+05   0.000000e+00   9.676295e+01   1.518771e+01  
671       1.50017057507e+05   0.000000e+00   9.700973e+01   1.521829e+01  
672       1.49878752544e+05   0.000000e+00   9.713431e+01   1.519864e+01  
673       1.49960337563e+05   0.000000e+00   9.725240e+01   1.521973e+01  
674       1.49916314163e+05   0.000000e+00   9.704130e+01   1.517874e+01  
675       1.49933032467e+05   0.000000e+00   9.724370e+01   1.522415e+01  
676       1.49870040832e+05   0.000000e+00   9.724495e+01   1.516752e+01  
677       1.50029911495e+05   0.000000e+00   9.727434e+01   1.522504e+01  
678       1.49773838237e+05   0.000000e+00   9.737468e+01   1.515917e+01  
679       1.49776426261e+05   0.000000e+00   9.776404e+01   1.524062e+01  
680       1.49590685766e+05   0.000000e+00   9.767424e+01   1.516817e+01  
681       1.49600041130e+05   0.000000e+00   9.795995e+01   1.523993e+01  
682       1.49652696653e+05   0.000000e+00   9.755241e+01   1.516595e+01  
683       1.49782679737e+05   0.000000e+00   9.762871e+01   1.523248e+01  
684       1.49944113716e+05   0.000000e+00   9.732197e+01   1.516241e+01  
685       1.49860823510e+05   0.000000e+00   9.765182e+01   1.523000e+01  
686       1.49495786759e+05   0.000000e+00   9.800081e+01   1.517611e+01  
687       1.49785109294e+05   0.000000e+00   9.784502e+01   1.522921e+01  
688       1.49704864974e+05   0.000000e+00   9.772137e+01   1.517193e+01  
689       1.49971167418e+05   0.000000e+00   9.771249e+01   1.523274e+01  
690       1.49861789771e+05   0.000000e+00   9.740954e+01   1.516817e+01  
691       1.49839447008e+05   0.000000e+00   9.796789e+01   1.522770e+01  
692       1.49902697758e+05   0.000000e+00   9.742622e+01   1.516424e+01  
693       1.49945809566e+05   0.000000e+00   9.790144e+01   1.521925e+01  
694       1.50066720883e+05   0.000000e+00   9.739384e+01   1.517663e+01  
695       1.49852262663e+05   0.000000e+00   9.802173e+01   1.522645e+01  
696       1.50226949674e+05   0.000000e+00   9.742051e+01   1.518357e+01  
697       1.49515985220e+05   0.000000e+00   9.843672e+01   1.522854e+01  
698       1.50128396936e+05   0.000000e+00   9.761839e+01   1.516882e+01  
699       1.49700652047e+05   0.000000e+00   9.825176e+01   1.522888e+01  
700       1.49982908786e+05   0.000000e+00   9.780284e+01   1.517960e+01  
701       1.49805376258e+05   0.000000e+00   9.828850e+01   1.522688e+01  
702       1.50007529109e+05   0.000000e+00   9.766854e+01   1.516645e+01  
703       1.49959850568e+05   0.000000e+00   9.829954e+01   1.523002e+01  
704       1.49758387581e+05   0.000000e+00   9.811151e+01   1.517124e+01  
705       1.49929795700e+05   0.000000e+00   9.820906e+01   1.522377e+01  
706       1.49818736047e+05   0.000000e+00   9.811237e+01   1.518332e+01  
707       1.49639466553e+05   0.000000e+00   9.852231e+01   1.522853e+01  
708       1.49996616653e+05   0.000000e+00   9.812637e+01   1.518584e+01  
709       1.49497620279e+05   0.000000e+00   9.853005e+01   1.521995e+01  
710       1.50246952639e+05   0.000000e+00   9.791060e+01   1.518686e+01  
711       1.49410055298e+05   0.000000e+00   9.864217e+01   1.523040e+01  
712       1.50330783091e+05   0.000000e+00   9.798161e+01   1.519766e+01  
713       1.49571070395e+05   0.000000e+00   9.857143e+01   1.522357e+01  
714       1.50478111486e+05   0.000000e+00   9.787695e+01   1.519370e+01  
715       1.49388566616e+05   0.000000e+00   9.881208e+01   1.522434e+01  
716       1.50371500295e+05   0.000000e+00   9.794565e+01   1.521750e+01  
717       1.49733359637e+05   0.000000e+00   9.863763e+01   1.521367e+01  
718       1.50232633045e+05   0.000000e+00   9.807780e+01   1.521677e+01  
719       1.49861918699e+05   0.000000e+00   9.862000e+01   1.520152e+01  
720       1.50305502255e+05   0.000000e+00   9.790606e+01   1.521762e+01  
721       1.50149481037e+05   0.000000e+00   9.830363e+01   1.520038e+01  
722       1.50163444341e+05   0.000000e+00   9.806600e+01   1.521577e+01  
723       1.50155032376e+05   0.000000e+00   9.827670e+01   1.520626e+01  
724       1.50212474084e+05   0.000000e+00   9.806574e+01   1.521824e+01  
725       1.50095432012e+05   0.000000e+00   9.834451e+01   1.520935e+01  
726       1.50081536526e+05   0.000000e+00   9.830593e+01   1.522380e+01  
727       1.49942981549e+05   0.000000e+00   9.852199e+01   1.520326e+01  
728       1.50180260018e+05   0.000000e+00   9.832574e+01   1.522620e+01  
729       1.50068852866e+05   0.000000e+00   9.836274e+01   1.519544e+01  
730       1.50165757638e+05   0.000000e+00   9.838500e+01   1.522403e+01  
731       1.49546869732e+05   0.000000e+00   9.899732e+01   1.522257e+01  
732       1.50454559904e+05   0.000000e+00   9.826874e+01   1.521658e+01  
733       1.49762398152e+05   0.000000e+00   9.860447e+01   1.520930e+01  
734       1.50323281378e+05   0.000000e+00   9.855814e+01   1.523041e+01  
735       1.49386709789e+05   0.000000e+00   9.918009e+01   1.521223e+01  
736       1.50120644085e+05   0.000000e+00   9.901095e+01   1.523070e+01  
737       1.49571093750e+05   0.000000e+00   9.891276e+01   1.520029e+01  
738       1.50084000645e+05   0.000000e+00   9.904836e+01   1.522746e+01  
739       1.49858653615e+05   0.000000e+00   9.852911e+01   1.519168e+01  
740       1.50356843286e+05   0.000000e+00   9.862504e+01   1.522896e+01  
741       1.49940610203e+05   0.000000e+00   9.851640e+01   1.518145e+01  
742       1.50365821002e+05   0.000000e+00   9.856210e+01   1.522665e+01  
743       1.49897095649e+05   0.000000e+00   9.865742e+01   1.519524e+01  
744       1.50310657238e+05   0.000000e+00   9.882472e+01   1.522546e+01  
745       1.49782301216e+05   0.000000e+00   9.900844e+01   1.519564e+01  
746       1.50329969516e+05   0.000000e+00   9.889272e+01   1.522238e+01  
747       1.49744128046e+05   0.000000e+00   9.913428e+01   1.519766e+01  
748       1.50174684092e+05   0.000000e+00   9.917373e+01   1.523016e+01  
749       1.49641342976e+05   0.000000e+00   9.919855e+01   1.520678e+01  
750       1.50231791577e+05   0.000000e+00   9.915684e+01   1.522671e+01  
751       1.49882881552e+05   0.000000e+00   9.892683e+01   1.519360e+01  
752       1.49888621227e+05   0.000000e+00   9.955756e+01   1.522893e+01  
753       1.49960332480e+05   0.000000e+00   9.903421e+01   1.519043e+01  
754       1.50032481902e+05   0.000000e+00   9.920301e+01   1.521419e+01  
755       1.49950212721e+05   0.000000e+00   9.901817e+01   1.519222e+01  
756       1.49986304335e+05   0.000000e+00   9.921722e+01   1.521634e+01  
757       1.49970495442e+05   0.000000e+00   9.912200e+01   1.519010e+01  
758       1.50006313145e+05   0.000000e+00   9.929453e+01   1.521064e+01  
759       1.49941713827e+05   0.000000e+00   9.913809e+01   1.518098e+01  
760       1.50169154379e+05   0.000000e+00   9.908034e+01   1.520678e+01  
761       1.50134523125e+05   0.000000e+00   9.892624e+01   1.518115e+01  
762       1.50271431581e+05   0.000000e+00   9.907269e+01   1.520394e+01  
763       1.49844474642e+05   0.000000e+00   9.937835e+01   1.518350e+01  
764       1.50112071446e+05   0.000000e+00   9.933719e+01   1.521062e+01  
765       1.49929082591e+05   0.000000e+00   9.936905e+01   1.519370e+01  
766       1.49972891391e+05   0.000000e+00   9.956761e+01   1.520856e+01  
767       1.50225303654e+05   0.000000e+00   9.918648e+01   1.518398e+01  
768       1.50072679889e+05   0.000000e+00   9.954989e+01   1.520026e+01  
769       1.50158696525e+05   0.000000e+00   9.950131e+01   1.518584e+01  
770       1.49852018562e+05   0.000000e+00   1.000645e+02   1.519869e+01  
771       1.50073277668e+05   0.000000e+00   9.963255e+01   1.517904e+01  
772       1.49911725386e+05   0.000000e+00   1.000961e+02   1.519795e+01  
773       1.50057686950e+05   0.000000e+00   9.967360e+01   1.518410e+01  
774       1.50062722471e+05   0.000000e+00   1.001168e+02   1.519972e+01  
775       1.50032094008e+05   0.000000e+00   9.975977e+01   1.517259e+01  
776       1.49823554346e+05   0.000000e+00   1.003161e+02   1.519625e+01  
777       1.50320145548e+05   0.000000e+00   9.949423e+01   1.516917e+01  
778       1.49983239535e+05   0.000000e+00   1.000344e+02   1.518954e+01  
779       1.50364984301e+05   0.000000e+00   9.968322e+01   1.517483e+01  
780       1.49513110313e+05   0.000000e+00   1.004683e+02   1.519704e+01  
781       1.50478234863e+05   0.000000e+00   9.980064e+01   1.516637e+01  
782       1.49234460922e+05   0.000000e+00   1.006503e+02   1.519946e+01  
783       1.50652479427e+05   0.000000e+00   9.975271e+01   1.516738e+01  
784       1.49343982075e+05   0.000000e+00   1.006067e+02   1.520959e+01  
785       1.50683919778e+05   0.000000e+00   9.971896e+01   1.516507e+01  
786       1.49489166638e+05   0.000000e+00   1.004173e+02   1.520371e+01  
787       1.50653644011e+05   0.000000e+00   9.976869e+01   1.516476e+01  
788       1.49633261404e+05   0.000000e+00   1.003734e+02   1.520176e+01  
789       1.50460808040e+05   0.000000e+00   1.000046e+02   1.517919e+01  
790       1.49598942164e+05   0.000000e+00   1.006477e+02   1.519438e+01  
791       1.50340777415e+05   0.000000e+00   1.002138e+02   1.517328e+01  
792       1.49675646421e+05   0.000000e+00   1.005397e+02   1.520059e+01  
793       1.50491848179e+05   0.000000e+00   1.001709e+02   1.516953e+01  
794       1.49398915686e+05   0.000000e+00   1.006960e+02   1.520765e+01  
795       1.50599126756e+05   0.000000e+00   1.002706e+02   1.516366e+01  
796       1.49296943792e+05   0.000000e+00   1.007420e+02   1.521300e+01  
797       1.50719659029e+05   0.000000e+00   1.002196e+02   1.516910e+01  
798       1.49342932151e+05   0.000000e+00   1.006526e+02   1.519969e+01  
799       1.50823588972e+05   0.000000e+00   9.998278e+01   1.516496e+01  
800       1.49309007298e+05   0.000000e+00   1.007501e+02   1.520256e+01  
801       1.50572657052e+05   0.000000e+00   1.002969e+02   1.517857e+01  
802       1.49330234366e+05   0.000000e+00   1.007922e+02   1.519586e+01  
803       1.50785587196e+05   0.000000e+00   1.000102e+02   1.516033e+01  
804       1.49402869289e+05   0.000000e+00   1.007086e+02   1.520092e+01  
805       1.50575812268e+05   0.000000e+00   1.001735e+02   1.516106e+01  
806       1.49838120723e+05   0.000000e+00   1.002395e+02   1.519475e+01  
807       1.50451247725e+05   0.000000e+00   1.003657e+02   1.516297e+01  
808       1.49767955976e+05   0.000000e+00   1.004334e+02   1.519738e+01  
809       1.50426720963e+05   0.000000e+00   1.002283e+02   1.517502e+01  
810       1.49716212825e+05   0.000000e+00   1.004863e+02   1.520805e+01  
811       1.50573311680e+05   0.000000e+00   1.000132e+02   1.516984e+01  
812       1.49740162903e+05   0.000000e+00   1.003770e+02   1.520602e+01  
813       1.50571940298e+05   0.000000e+00   9.994511e+01   1.518566e+01  
814       1.49862056182e+05   0.000000e+00   1.002321e+02   1.520402e+01  
815       1.50789042835e+05   0.000000e+00   9.980732e+01   1.517867e+01  
816       1.49625102413e+05   0.000000e+00   1.005580e+02   1.520891e+01  
817       1.50961692915e+05   0.000000e+00   9.960615e+01   1.517477e+01  
818       1.49723725812e+05   0.000000e+00   1.005480e+02   1.520098e+01  
819       1.50689769468e+05   0.000000e+00   1.002353e+02   1.518112e+01  
820       1.49313458728e+05   0.000000e+00   1.013144e+02   1.520439e+01  
821       1.50583066310e+05   0.000000e+00   1.005026e+02   1.518649e+01  
822       1.49410215644e+05   0.000000e+00   1.012609e+02   1.519875e+01  
823       1.50492750752e+05   0.000000e+00   1.007589e+02   1.518445e+01  
824       1.49593051125e+05   0.000000e+00   1.011016e+02   1.519424e+01  
825       1.50317558817e+05   0.000000e+00   1.008737e+02   1.518688e+01  
826       1.49951361398e+05   0.000000e+00   1.007101e+02   1.518468e+01  
827       1.50492334680e+05   0.000000e+00   1.004559e+02   1.518257e+01  
828       1.49957744595e+05   0.000000e+00   1.007198e+02   1.518906e+01  
829       1.50459402316e+05   0.000000e+00   1.004644e+02   1.519014e+01  
830       1.49903525956e+05   0.000000e+00   1.008537e+02   1.518420e+01  
831       1.50272119529e+05   0.000000e+00   1.005887e+02   1.519292e+01  
832       1.49866430252e+05   0.000000e+00   1.010148e+02   1.519577e+01  
833       1.50478718896e+05   0.000000e+00   1.004442e+02   1.519898e+01  
834       1.50015358470e+05   0.000000e+00   1.008023e+02   1.519789e+01  
835       1.50496007043e+05   0.000000e+00   1.006643e+02   1.519511e+01  
836       1.50002789785e+05   0.000000e+00   1.009485e+02   1.519724e+01  
837       1.50280456991e+05   0.000000e+00   1.011482e+02   1.519492e+01  
838       1.49788463399e+05   0.000000e+00   1.012692e+02   1.520768e+01  
839       1.50423326451e+05   0.000000e+00   1.009128e+02   1.518933e+01  
840       1.49907126322e+05   0.000000e+00   1.010822e+02   1.520137e+01  
841       1.50248932883e+05   0.000000e+00   1.012890e+02   1.519296e+01  
842       1.49770878982e+05   0.000000e+00   1.012762e+02   1.519626e+01  
843       1.50274951686e+05   0.000000e+00   1.013492e+02   1.518619e+01  
844       1.49821524719e+05   0.000000e+00   1.011523e+02   1.519172e+01  
845       1.50516616824e+05   0.000000e+00   1.011035e+02   1.518675e+01  
846       1.49717213782e+05   0.000000e+00   1.012623e+02   1.518485e+01  
847       1.50500587702e+05   0.000000e+00   1.012728e+02   1.519645e+01  
848       1.49759549316e+05   0.000000e+00   1.013169e+02   1.518459e+01  
849       1.50273747772e+05   0.000000e+00   1.014571e+02   1.519676e+01  
850       1.49786050667e+05   0.000000e+00   1.014814e+02   1.519771e+01  
851       1.50381596876e+05   0.000000e+00   1.012362e+02   1.518585e+01  
852       1.49941745698e+05   0.000000e+00   1.013939e+02   1.519567e+01  
853       1.50002218972e+05   0.000000e+00   1.016808e+02   1.519879e+01  
854       1.50074177836e+05   0.000000e+00   1.013207e+02   1.519371e+01  
855       1.49977024939e+05   0.000000e+00   1.018190e+02   1.519968e+01  
856       1.49965720235e+05   0.000000e+00   1.014686e+02   1.519316e+01  
857       1.49885641163e+05   0.000000e+00   1.018882e+02   1.520444e+01  
858       1.50191280526e+05   0.000000e+00   1.013268e+02   1.519913e+01  
859       1.49722011075e+05   0.000000e+00   1.021472e+02   1.520436e+01  
860       1.49847720850e+05   0.000000e+00   1.019043e+02   1.520047e+01  
861       1.49946082942e+05   0.000000e+00   1.018183e+02   1.518897e+01  
862       1.50141256136e+05   0.000000e+00   1.015336e+02   1.519891e+01  
863       1.50124712870e+05   0.000000e+00   1.016598e+02   1.518753e+01  
864       1.50031630052e+05   0.000000e+00   1.017742e+02   1.519441e+01  
865       1.50063669652e+05   0.000000e+00   1.016739e+02   1.519315e+01  
866       1.50098399772e+05   0.000000e+00   1.017821e+02   1.518514e+01  
867       1.49845571518e+05   0.000000e+00   1.020036e+02   1.520601e+01  
868       1.50176472073e+05   0.000000e+00   1.018119e+02   1.518499e+01  
869       1.50013306838e+05   0.000000e+00   1.019363e+02   1.520044e+01  
870       1.50016382871e+05   0.000000e+00   1.018882e+02   1.519305e+01  
871       1.50143646831e+05   0.000000e+00   1.017822e+02   1.519504e+01  
872       1.50083376518e+05   0.000000e+00   1.017064e+02   1.519641e+01  
873       1.50045135698e+05   0.000000e+00   1.019588e+02   1.520552e+01  
874       1.49756519813e+05   0.000000e+00   1.020616e+02   1.520685e+01  
875       1.50361724879e+05   0.000000e+00   1.016994e+02   1.519706e+01  
876       1.49848497916e+05   0.000000e+00   1.018135e+02   1.520532e+01  
877       1.50336271308e+05   0.000000e+00   1.017615e+02   1.519686e+01  
878       1.50056332051e+05   0.000000e+00   1.015376e+02   1.520768e+01  
879       1.50330439651e+05   0.000000e+00   1.016545e+02   1.519659e+01  
880       1.49854016707e+05   0.000000e+00   1.018869e+02   1.521073e+01  
881       1.50472517439e+05   0.000000e+00   1.015036e+02   1.520068e+01  
882       1.50059730218e+05   0.000000e+00   1.016240e+02   1.521302e+01  
883       1.50490552707e+05   0.000000e+00   1.015193e+02   1.520054e+01  
884       1.50106199698e+05   0.000000e+00   1.016432e+02   1.521033e+01  
885       1.50418402597e+05   0.000000e+00   1.016767e+02   1.521449e+01  
886       1.49827383852e+05   0.000000e+00   1.020645e+02   1.521871e+01  
887       1.50267475162e+05   0.000000e+00   1.019667e+02   1.522152e+01  
888       1.49894118762e+05   0.000000e+00   1.020131e+02   1.520309e+01  
889       1.50424904542e+05   0.000000e+00   1.016332e+02   1.522022e+01  
890       1.49816740106e+05   0.000000e+00   1.020894e+02   1.521190e+01  
891       1.50548305217e+05   0.000000e+00   1.015992e+02   1.521361e+01  
892       1.49788843664e+05   0.000000e+00   1.022553e+02   1.521096e+01  
893       1.50285908349e+05   0.000000e+00   1.020433e+02   1.522136e+01  
894       1.49695254437e+05   0.000000e+00   1.026101e+02   1.522223e+01  
895       1.50198600869e+05   0.000000e+00   1.022269e+02   1.521984e+01  
896       1.49681327616e+05   0.000000e+00   1.026227e+02   1.522377e+01  
897       1.50343975099e+05   0.000000e+00   1.021208e+02   1.520875e+01  
898       1.49579502968e+05   0.000000e+00   1.026133e+02   1.522918e+01  
899       1.50453424944e+05   0.000000e+00   1.020846e+02   1.521380e+01  
900       1.49772580393e+05   0.000000e+00   1.024101e+02   1.522153e+01  
901       1.50377669851e+05   0.000000e+00   1.021076e+02   1.520837e+01  
902       1.50049621489e+05   0.000000e+00   1.021163e+02   1.522283e+01  
903       1.50282494879e+05   0.000000e+00   1.022156e+02   1.521162e+01  
904       1.50112980663e+05   0.000000e+00   1.023060e+02   1.522175e+01  
905       1.49926453741e+05   0.000000e+00   1.028036e+02   1.522448e+01  
906       1.50075135701e+05   0.000000e+00   1.023367e+02   1.521339e+01  
907       1.50135530421e+05   0.000000e+00   1.025337e+02   1.521796e+01  
908       1.49850624699e+05   0.000000e+00   1.026669e+02   1.521379e+01  
909       1.49991226645e+05   0.000000e+00   1.029379e+02   1.520601e+01  
910       1.49647119662e+05   0.000000e+00   1.028389e+02   1.521555e+01  
911       1.50138226734e+05   0.000000e+00   1.028238e+02   1.520096e+01  
912       1.49651102453e+05   0.000000e+00   1.029221e+02   1.520696e+01  
913       1.50260596670e+05   0.000000e+00   1.027287e+02   1.519625e+01  
914       1.49577178955e+05   0.000000e+00   1.030325e+02   1.520875e+01  
915       1.50073186797e+05   0.000000e+00   1.029743e+02   1.519704e+01  
916       1.49905506060e+05   0.000000e+00   1.027011e+02   1.520761e+01  
917       1.50099508221e+05   0.000000e+00   1.027731e+02   1.520552e+01  
918       1.50161047631e+05   0.000000e+00   1.025626e+02   1.520444e+01  
919       1.50080315825e+05   0.000000e+00   1.027929e+02   1.519696e+01  
920       1.50112167689e+05   0.000000e+00   1.027904e+02   1.519282e+01  
921       1.50120722577e+05   0.000000e+00   1.028945e+02   1.519863e+01  
922       1.49968328174e+05   0.000000e+00   1.029410e+02   1.518799e+01  
923       1.50113364777e+05   0.000000e+00   1.030594e+02   1.520068e+01  
924       1.49893481944e+05   0.000000e+00   1.030383e+02   1.518551e+01  
925       1.50179519513e+05   0.000000e+00   1.030266e+02   1.519957e+01  
926       1.49616886528e+05   0.000000e+00   1.033750e+02   1.519175e+01  
927       1.50129885724e+05   0.000000e+00   1.032218e+02   1.518841e+01  
928       1.49690968961e+05   0.000000e+00   1.033400e+02   1.519339e+01  
929       1.50096379959e+05   0.000000e+00   1.032248e+02   1.518809e+01  
930       1.49822617685e+05   0.000000e+00   1.033283e+02   1.519321e+01  
931       1.49928867629e+05   0.000000e+00   1.035695e+02   1.519341e+01  
932       1.49791992751e+05   0.000000e+00   1.034450e+02   1.519956e+01  
933       1.50132504111e+05   0.000000e+00   1.032065e+02   1.519261e+01  
934       1.49957319033e+05   0.000000e+00   1.031573e+02   1.519790e+01  
935       1.50125311310e+05   0.000000e+00   1.033194e+02   1.519732e+01  
936       1.49930107665e+05   0.000000e+00   1.033049e+02   1.519967e+01  
937       1.50316003585e+05   0.000000e+00   1.031893e+02   1.518988e+01  
938       1.49796872573e+05   0.000000e+00   1.034607e+02   1.520411e+01  
939       1.50406344137e+05   0.000000e+00   1.031846e+02   1.518857e+01  
940       1.49769529726e+05   0.000000e+00   1.035954e+02   1.520134e+01  
941       1.50456992307e+05   0.000000e+00   1.031600e+02   1.519099e+01  
942       1.49772010166e+05   0.000000e+00   1.039173e+02   1.520475e+01  
943       1.50288741322e+05   0.000000e+00   1.033108e+02   1.520422e+01  
944       1.49783623258e+05   0.000000e+00   1.040728e+02   1.520428e+01  
945       1.50211010412e+05   0.000000e+00   1.034731e+02   1.519925e+01  
946       1.49970604538e+05   0.000000e+00   1.037331e+02   1.519961e+01  
947       1.50209179540e+05   0.000000e+00   1.035453e+02   1.520216e+01  
948       1.50000449798e+05   0.000000e+00   1.036244e+02   1.520548e+01  
949       1.50442711614e+05   0.000000e+00   1.032586e+02   1.518947e+01  
950       1.49582083150e+05   0.000000e+00   1.039852e+02   1.521303e+01  
951       1.50490821243e+05   0.000000e+00   1.033367e+02   1.519498e+01  
952       1.49775646330e+05   0.000000e+00   1.036449e+02   1.522210e+01  
953       1.50518529564e+05   0.000000e+00   1.034512e+02   1.518587e+01  
954       1.49634246758e+05   0.000000e+00   1.038063e+02   1.522924e+01  
955       1.50679691669e+05   0.000000e+00   1.031929e+02   1.518157e+01  
956       1.49679496011e+05   0.000000e+00   1.035134e+02   1.522452e+01  
957       1.50388266584e+05   0.000000e+00   1.035889e+02   1.519445e+01  
958       1.49665359667e+05   0.000000e+00   1.038269e+02   1.522694e+01  
959       1.50440084666e+05   0.000000e+00   1.035216e+02   1.518958e+01  
960       1.49747209539e+05   0.000000e+00   1.038132e+02   1.522669e+01  
961       1.50376582662e+05   0.000000e+00   1.035425e+02   1.518669e+01  
962       1.49988465372e+05   0.000000e+00   1.036251e+02   1.521788e+01  
963       1.50457454670e+05   0.000000e+00   1.034589e+02   1.519554e+01  
964       1.49792364033e+05   0.000000e+00   1.039764e+02   1.521129e+01  
965       1.50654384851e+05   0.000000e+00   1.033908e+02   1.519007e+01  
966       1.50077946745e+05   0.000000e+00   1.034879e+02   1.520357e+01  
967       1.50480431375e+05   0.000000e+00   1.035522e+02   1.519165e+01  
968       1.50139823864e+05   0.000000e+00   1.034894e+02   1.520455e+01  
969       1.50623726247e+05   0.000000e+00   1.033705e+02   1.519192e+01  
970       1.50110223381e+05   0.000000e+00   1.037378e+02   1.520313e+01  
971       1.50333563428e+05   0.000000e+00   1.037459e+02   1.519853e+01  
972       1.50407349530e+05   0.000000e+00   1.034592e+02   1.519536e+01  
973       1.50353335070e+05   0.000000e+00   1.036940e+02   1.519262e+01  
974       1.50253968882e+05   0.000000e+00   1.035796e+02   1.519454e+01  
975       1.50489264477e+05   0.000000e+00   1.035379e+02   1.519555e+01  
976       1.50173212282e+05   0.000000e+00   1.037847e+02   1.519151e+01  
977       1.50397113419e+05   0.000000e+00   1.036900e+02   1.520086e+01  
978       1.50033629286e+05   0.000000e+00   1.039500e+02   1.518735e+01  
979       1.50399057722e+05   0.000000e+00   1.038460e+02   1.520689e+01  
980       1.49919822731e+05   0.000000e+00   1.042901e+02   1.518977e+01  
981       1.50260697535e+05   0.000000e+00   1.041593e+02   1.520202e+01  
982       1.50152424413e+05   0.000000e+00   1.041022e+02   1.518462e+01  
983       1.50192478878e+05   0.000000e+00   1.040342e+02   1.520884e+01  
984       1.50269544213e+05   0.000000e+00   1.043026e+02   1.518612e+01  
985       1.50345043471e+05   0.000000e+00   1.037839e+02   1.518907e+01  
986       1.50332429589e+05   0.000000e+00   1.041548e+02   1.519008e+01  
987       1.50216519271e+05   0.000000e+00   1.040059e+02   1.518757e+01  
988       1.50274538144e+05   0.000000e+00   1.042816e+02   1.520007e+01  
989       1.50229359886e+05   0.000000e+00   1.040354e+02   1.519034e+01  
990       1.50219522053e+05   0.000000e+00   1.043410e+02   1.519331e+01  
991       1.50109860438e+05   0.000000e+00   1.042572e+02   1.519828e+01  
992       1.50331274617e+05   0.000000e+00   1.042356e+02   1.520064e+01  
993       1.49987865966e+05   0.000000e+00   1.043111e+02   1.519364e+01  
994       1.50497880672e+05   0.000000e+00   1.041268e+02   1.520728e+01  
995       1.49814145499e+05   0.000000e+00   1.045542e+02   1.519604e+01  
996       1.50750932609e+05   0.000000e+00   1.039931e+02   1.520116e+01  
997       1.49833757471e+05   0.000000e+00   1.045565e+02   1.519338e+01  
998       1.50611438382e+05   0.000000e+00   1.043004e+02   1.520005e+01  
999       1.49519130511e+05   0.000000e+00   1.050288e+02   1.520138e+01  
1000      1.50641627463e+05   0.000000e+00   1.040828e+02   1.520183e+01  
1001      1.49858167991e+05   0.000000e+00   1.047037e+02   1.520185e+01  
1002      1.50408293691e+05   0.000000e+00   1.044692e+02   1.520564e+01  
1003      1.50022048423e+05   0.000000e+00   1.046626e+02   1.519530e+01  
1004      1.50330915238e+05   0.000000e+00   1.045043e+02   1.520623e+01  
1005      1.50038509944e+05   0.000000e+00   1.047717e+02   1.519394e+01  
1006      1.50321923518e+05   0.000000e+00   1.046304e+02   1.520638e+01  
1007      1.50285560128e+05   0.000000e+00   1.045006e+02   1.519550e+01  
1008      1.50396517354e+05   0.000000e+00   1.045479e+02   1.520393e+01  
1009      1.50323416096e+05   0.000000e+00   1.045609e+02   1.519650e+01  
1010      1.50605701897e+05   0.000000e+00   1.044016e+02   1.519960e+01  
1011      1.49953095317e+05   0.000000e+00   1.049551e+02   1.520677e+01  
1012      1.50723238592e+05   0.000000e+00   1.043735e+02   1.519698e+01  
1013      1.50094878350e+05   0.000000e+00   1.047463e+02   1.519498e+01  
1014      1.50726337379e+05   0.000000e+00   1.043704e+02   1.520168e+01  
1015      1.50107307713e+05   0.000000e+00   1.048266e+02   1.520233e+01  
1016      1.50524906412e+05   0.000000e+00   1.048053e+02   1.521287e+01  
1017      1.49953207259e+05   0.000000e+00   1.049823e+02   1.519706e+01  
1018      1.50719049986e+05   0.000000e+00   1.046345e+02   1.521911e+01  
1019      1.49939975965e+05   0.000000e+00   1.049038e+02   1.519060e+01  
1020      1.50745186248e+05   0.000000e+00   1.046629e+02   1.521680e+01  
1021      1.49960457894e+05   0.000000e+00   1.048797e+02   1.519632e+01  
1022      1.51020113535e+05   0.000000e+00   1.043470e+02   1.521597e+01  
1023      1.49963078375e+05   0.000000e+00   1.047649e+02   1.519532e+01  
1024      1.51121855471e+05   0.000000e+00   1.041369e+02   1.520915e+01  
1025      1.50082419018e+05   0.000000e+00   1.047858e+02   1.519099e+01  
1026      1.51087252891e+05   0.000000e+00   1.041738e+02   1.521694e+01  
1027      1.49937194134e+05   0.000000e+00   1.049607e+02   1.519113e+01  
1028      1.51023900595e+05   0.000000e+00   1.041466e+02   1.522056e+01  
1029      1.49960496571e+05   0.000000e+00   1.049951e+02   1.519220e+01  
1030      1.51016543896e+05   0.000000e+00   1.040343e+02   1.521655e+01  
1031      1.50445976920e+05   0.000000e+00   1.044530e+02   1.517723e+01  
1032      1.50873924695e+05   0.000000e+00   1.041399e+02   1.523231e+01  
1033      1.50428494622e+05   0.000000e+00   1.045492e+02   1.518026e+01  
1034      1.50734420455e+05   0.000000e+00   1.044381e+02   1.522743e+01  
1035      1.50286081110e+05   0.000000e+00   1.046804e+02   1.518639e+01  
1036      1.50825312716e+05   0.000000e+00   1.044864e+02   1.523055e+01  
1037      1.50386922937e+05   0.000000e+00   1.045320e+02   1.519021e+01  
1038      1.50982145968e+05   0.000000e+00   1.044722e+02   1.521940e+01  
1039      1.50097871930e+05   0.000000e+00   1.048804e+02   1.519130e+01  
1040      1.50994234706e+05   0.000000e+00   1.044488e+02   1.521801e+01  
1041      1.50181867373e+05   0.000000e+00   1.047386e+02   1.519371e+01  
1042      1.50929571025e+05   0.000000e+00   1.046056e+02   1.521994e+01  
1043      1.50213114212e+05   0.000000e+00   1.050068e+02   1.519304e+01  
1044      1.50824840050e+05   0.000000e+00   1.047541e+02   1.522701e+01  
1045      1.50296042508e+05   0.000000e+00   1.050095e+02   1.518268e+01  
1046      1.50740276780e+05   0.000000e+00   1.049621e+02   1.523236e+01  
1047      1.50237636409e+05   0.000000e+00   1.053054e+02   1.518823e+01  
1048      1.50588078535e+05   0.000000e+00   1.051913e+02   1.523361e+01  
1049      1.50365151586e+05   0.000000e+00   1.051044e+02   1.518063e+01  
1050      1.50732323056e+05   0.000000e+00   1.049916e+02   1.523351e+01  
1051      1.50363196565e+05   0.000000e+00   1.050914e+02   1.517724e+01  
1052      1.50806228544e+05   0.000000e+00   1.048883e+02   1.523499e+01  
1053      1.50328347450e+05   0.000000e+00   1.052586e+02   1.518431e+01  
1054      1.50549624642e+05   0.000000e+00   1.053342e+02   1.523560e+01  
1055      1.50372413180e+05   0.000000e+00   1.054300e+02   1.518661e+01  
1056      1.50586668695e+05   0.000000e+00   1.052773e+02   1.522626e+01  
1057      1.50276848103e+05   0.000000e+00   1.056005e+02   1.519347e+01  
1058      1.50708597975e+05   0.000000e+00   1.053225e+02   1.521681e+01  
1059      1.50277128993e+05   0.000000e+00   1.055688e+02   1.519489e+01  
1060      1.50933739324e+05   0.000000e+00   1.050682e+02   1.520843e+01  
1061      1.50128657068e+05   0.000000e+00   1.056503e+02   1.519689e+01  
1062      1.51297596739e+05   0.000000e+00   1.048056e+02   1.520701e+01  
1063      1.50076778941e+05   0.000000e+00   1.056145e+02   1.518577e+01  
1064      1.51136903836e+05   0.000000e+00   1.051526e+02   1.521913e+01  
1065      1.49920946382e+05   0.000000e+00   1.060769e+02   1.518685e+01  
1066      1.51067891276e+05   0.000000e+00   1.052884e+02   1.521742e+01  
1067      1.50025110837e+05   0.000000e+00   1.059581e+02   1.519033e+01  
1068      1.50809182712e+05   0.000000e+00   1.056512e+02   1.521436e+01  
1069      1.50181157506e+05   0.000000e+00   1.058960e+02   1.518827e+01  
1070      1.50948691246e+05   0.000000e+00   1.054351e+02   1.520788e+01  
1071      1.50007501432e+05   0.000000e+00   1.061291e+02   1.518739e+01  
1072      1.50840617175e+05   0.000000e+00   1.055298e+02   1.520871e+01  
1073      1.50272693436e+05   0.000000e+00   1.058418e+02   1.518681e+01  
1074      1.50688250875e+05   0.000000e+00   1.058675e+02   1.520057e+01  
1075      1.50219861314e+05   0.000000e+00   1.059884e+02   1.518546e+01  
1076      1.50956749183e+05   0.000000e+00   1.054457e+02   1.519611e+01  
1077      1.50206289131e+05   0.000000e+00   1.060820e+02   1.518947e+01  
1078      1.50850629555e+05   0.000000e+00   1.056911e+02   1.520125e+01  
1079      1.50270235378e+05   0.000000e+00   1.061546e+02   1.518536e+01  
1080      1.50768113893e+05   0.000000e+00   1.057569e+02   1.519645e+01  
1081      1.50417473637e+05   0.000000e+00   1.060211e+02   1.518084e+01  
1082      1.50633118766e+05   0.000000e+00   1.060764e+02   1.519562e+01  
1083      1.50204087117e+05   0.000000e+00   1.063788e+02   1.518049e+01  
1084      1.50416408699e+05   0.000000e+00   1.063417e+02   1.520858e+01  
1085      1.50163823537e+05   0.000000e+00   1.064579e+02   1.518587e+01  
1086      1.50715617167e+05   0.000000e+00   1.060559e+02   1.520662e+01  
1087      1.50109138209e+05   0.000000e+00   1.064286e+02   1.519078e+01  
1088      1.50607361665e+05   0.000000e+00   1.063866e+02   1.520431e+01  
1089      1.50006504602e+05   0.000000e+00   1.066641e+02   1.519325e+01  
1090      1.50796409905e+05   0.000000e+00   1.059888e+02   1.520120e+01  
1091      1.49983424350e+05   0.000000e+00   1.067797e+02   1.519175e+01  
1092      1.50772752502e+05   0.000000e+00   1.062122e+02   1.520652e+01  
1093      1.50000522490e+05   0.000000e+00   1.066644e+02   1.519902e+01  
1094      1.50685377942e+05   0.000000e+00   1.064076e+02   1.519958e+01  
1095      1.50066604720e+05   0.000000e+00   1.065351e+02   1.519558e+01  
1096      1.50695247222e+05   0.000000e+00   1.063150e+02   1.519546e+01  
1097      1.50105989664e+05   0.000000e+00   1.064949e+02   1.519154e+01  
1098      1.50760604646e+05   0.000000e+00   1.062242e+02   1.519435e+01  
1099      1.50079287101e+05   0.000000e+00   1.066104e+02   1.519534e+01  
1100      1.50752335770e+05   0.000000e+00   1.063159e+02   1.519713e+01  
1101      1.50046616491e+05   0.000000e+00   1.065894e+02   1.520413e+01  
1102      1.50856448858e+05   0.000000e+00   1.062244e+02   1.519892e+01  
1103      1.50124155670e+05   0.000000e+00   1.066068e+02   1.519447e+01  
1104      1.50751474178e+05   0.000000e+00   1.062937e+02   1.520558e+01  
1105      1.50124921575e+05   0.000000e+00   1.067454e+02   1.519938e+01  
1106      1.50641406684e+05   0.000000e+00   1.064745e+02   1.520925e+01  
1107      1.50282954177e+05   0.000000e+00   1.064057e+02   1.518972e+01  
1108      1.50600284113e+05   0.000000e+00   1.064132e+02   1.521208e+01  
1109      1.50253834406e+05   0.000000e+00   1.066093e+02   1.518356e+01  
1110      1.50455287411e+05   0.000000e+00   1.066353e+02   1.521138e+01  
1111      1.50270760194e+05   0.000000e+00   1.067432e+02   1.518365e+01  
1112      1.50287306954e+05   0.000000e+00   1.067584e+02   1.521318e+01  
1113      1.50309026966e+05   0.000000e+00   1.067858e+02   1.518763e+01  
1114      1.50301178196e+05   0.000000e+00   1.068890e+02   1.520301e+01  
1115      1.50363666373e+05   0.000000e+00   1.066656e+02   1.518592e+01  
1116      1.50688976181e+05   0.000000e+00   1.065454e+02   1.519646e+01  
1117      1.49992831767e+05   0.000000e+00   1.069908e+02   1.519058e+01  
1118      1.50510546644e+05   0.000000e+00   1.068167e+02   1.519743e+01  
1119      1.50024220655e+05   0.000000e+00   1.072170e+02   1.519084e+01  
1120      1.50550318312e+05   0.000000e+00   1.067062e+02   1.519395e+01  
1121      1.50256649095e+05   0.000000e+00   1.069627e+02   1.518972e+01  
1122      1.50575552247e+05   0.000000e+00   1.066764e+02   1.519351e+01  
1123      1.50222872942e+05   0.000000e+00   1.072730e+02   1.519290e+01  
1124      1.50313945343e+05   0.000000e+00   1.068355e+02   1.518933e+01  
1125      1.50469770193e+05   0.000000e+00   1.069729e+02   1.518992e+01  
1126      1.50278984006e+05   0.000000e+00   1.068269e+02   1.519880e+01  
1127      1.50647813939e+05   0.000000e+00   1.067270e+02   1.519167e+01  
1128      1.50297317599e+05   0.000000e+00   1.069164e+02   1.519158e+01  
1129      1.50647118293e+05   0.000000e+00   1.066860e+02   1.519102e+01  
1130      1.50206432918e+05   0.000000e+00   1.070423e+02   1.519350e+01  
1131      1.50795508077e+05   0.000000e+00   1.066277e+02   1.519125e+01  
1132      1.49930100959e+05   0.000000e+00   1.075128e+02   1.519523e+01  
1133      1.50826128947e+05   0.000000e+00   1.067310e+02   1.519836e+01  
1134      1.50079519137e+05   0.000000e+00   1.072996e+02   1.518339e+01  
1135      1.50953417340e+05   0.000000e+00   1.064869e+02   1.519238e+01  
1136      1.50136249582e+05   0.000000e+00   1.072958e+02   1.518681e+01  
1137      1.50723487856e+05   0.000000e+00   1.068434e+02   1.519755e+01  
1138      1.50161347444e+05   0.000000e+00   1.072815e+02   1.519119e+01  
1139      1.50526379263e+05   0.000000e+00   1.071079e+02   1.519542e+01  
1140      1.49968464773e+05   0.000000e+00   1.077493e+02   1.519852e+01  
1141      1.50639273114e+05   0.000000e+00   1.071114e+02   1.519107e+01  
1142      1.49941494791e+05   0.000000e+00   1.076883e+02   1.520185e+01  
1143      1.50714352336e+05   0.000000e+00   1.070806e+02   1.518949e+01  
1144      1.50120348356e+05   0.000000e+00   1.074841e+02   1.519745e+01  
1145      1.50901111611e+05   0.000000e+00   1.067751e+02   1.518847e+01  
1146      1.49995243966e+05   0.000000e+00   1.075007e+02   1.520073e+01  
1147      1.51031460991e+05   0.000000e+00   1.068112e+02   1.517920e+01  
1148      1.49804074914e+05   0.000000e+00   1.077617e+02   1.520911e+01  
1149      1.51051218783e+05   0.000000e+00   1.067892e+02   1.517816e+01  
1150      1.49777359131e+05   0.000000e+00   1.079462e+02   1.521838e+01  
1151      1.50868729223e+05   0.000000e+00   1.070361e+02   1.518099e+01  
1152      1.50044974809e+05   0.000000e+00   1.076753e+02   1.521337e+01  
1153      1.50758220810e+05   0.000000e+00   1.071570e+02   1.518271e+01  
1154      1.50059998360e+05   0.000000e+00   1.078080e+02   1.521804e+01  
1155      1.50680831499e+05   0.000000e+00   1.073173e+02   1.518197e+01  
1156      1.50113877034e+05   0.000000e+00   1.078023e+02   1.522075e+01  
1157      1.50546830968e+05   0.000000e+00   1.073639e+02   1.518319e+01  
1158      1.50105180690e+05   0.000000e+00   1.079545e+02   1.522342e+01  
1159      1.50618162151e+05   0.000000e+00   1.073314e+02   1.517689e+01  
1160      1.50264854352e+05   0.000000e+00   1.077443e+02   1.522097e+01  
1161      1.50408248346e+05   0.000000e+00   1.076299e+02   1.518438e+01  
1162      1.50136533731e+05   0.000000e+00   1.080331e+02   1.523344e+01  
1163      1.50619202208e+05   0.000000e+00   1.074452e+02   1.518430e+01  
1164      1.50231803869e+05   0.000000e+00   1.078488e+02   1.522386e+01  
1165      1.50516236222e+05   0.000000e+00   1.075650e+02   1.518357e+01  
1166      1.50422131411e+05   0.000000e+00   1.077406e+02   1.522026e+01  
1167      1.50358125531e+05   0.000000e+00   1.078068e+02   1.519296e+01  
1168      1.50486597867e+05   0.000000e+00   1.076769e+02   1.521647e+01  
1169      1.50307258074e+05   0.000000e+00   1.078476e+02   1.520102e+01  
1170      1.50552679323e+05   0.000000e+00   1.074742e+02   1.521400e+01  
1171      1.50431586493e+05   0.000000e+00   1.077545e+02   1.520452e+01  
1172      1.50403691227e+05   0.000000e+00   1.077405e+02   1.520539e+01  
1173      1.50379041918e+05   0.000000e+00   1.078653e+02   1.521023e+01  
1174      1.50495229418e+05   0.000000e+00   1.075897e+02   1.520197e+01  
1175      1.50404464776e+05   0.000000e+00   1.079059e+02   1.521439e+01  
1176      1.50422526923e+05   0.000000e+00   1.078047e+02   1.520732e+01  
1177      1.50257750520e+05   0.000000e+00   1.081457e+02   1.522182e+01  
1178      1.50273959079e+05   0.000000e+00   1.079638e+02   1.520780e+01  
1179      1.50400948153e+05   0.000000e+00   1.078962e+02   1.521870e+01  
1180      1.50262051679e+05   0.000000e+00   1.079297e+02   1.519931e+01  
1181      1.50345383620e+05   0.000000e+00   1.079464e+02   1.521924e+01  
1182      1.50454333409e+05   0.000000e+00   1.078628e+02   1.519827e+01  
1183      1.50343708355e+05   0.000000e+00   1.078665e+02   1.521811e+01  
1184      1.50510101242e+05   0.000000e+00   1.077777e+02   1.520383e+01  
1185      1.50326261775e+05   0.000000e+00   1.080960e+02   1.522340e+01  
1186      1.50556005125e+05   0.000000e+00   1.077735e+02   1.520469e+01  
1187      1.50479133190e+05   0.000000e+00   1.078453e+02   1.521424e+01  
1188      1.50534775224e+05   0.000000e+00   1.077671e+02   1.519839e+01  
1189      1.50513068826e+05   0.000000e+00   1.080924e+02   1.521774e+01  
1190      1.50480114866e+05   0.000000e+00   1.078773e+02   1.519917e+01  
1191      1.50649921232e+05   0.000000e+00   1.077431e+02   1.522055e+01  
1192      1.50548815280e+05   0.000000e+00   1.078140e+02   1.518998e+01  
1193      1.50577481947e+05   0.000000e+00   1.078216e+02   1.521543e+01  
1194      1.50673751085e+05   0.000000e+00   1.077363e+02   1.519255e+01  
1195      1.50477605917e+05   0.000000e+00   1.081083e+02   1.521974e+01  
1196      1.50550261645e+05   0.000000e+00   1.080246e+02   1.520063e+01  
1197      1.50528570770e+05   0.000000e+00   1.081182e+02   1.521652e+01  
1198      1.50290532902e+05   0.000000e+00   1.082507e+02   1.521414e+01  
1199      1.50858559626e+05   0.000000e+00   1.078869e+02   1.520746e+01  
1200      1.50344517818e+05   0.000000e+00   1.081512e+02   1.521279e+01  
1201      1.50758013995e+05   0.000000e+00   1.080384e+02   1.521069e+01  
1202      1.50093595589e+05   0.000000e+00   1.084888e+02   1.521562e+01  
1203      1.50600322579e+05   0.000000e+00   1.082970e+02   1.520699e+01  
1204      1.50201941969e+05   0.000000e+00   1.084860e+02   1.521060e+01  
1205      1.50793803698e+05   0.000000e+00   1.080470e+02   1.520851e+01  
1206      1.50250960297e+05   0.000000e+00   1.085565e+02   1.521643e+01  
1207      1.50562344220e+05   0.000000e+00   1.083354e+02   1.520444e+01  
1208      1.50167633514e+05   0.000000e+00   1.087116e+02   1.521452e+01  
1209      1.50656662300e+05   0.000000e+00   1.082582e+02   1.520062e+01  
1210      1.50372962541e+05   0.000000e+00   1.084964e+02   1.521077e+01  
1211      1.50467234511e+05   0.000000e+00   1.084803e+02   1.521213e+01  
1212      1.50347316199e+05   0.000000e+00   1.085053e+02   1.520803e+01  
1213      1.50493059910e+05   0.000000e+00   1.086280e+02   1.521328e+01  
1214      1.50150783098e+05   0.000000e+00   1.086908e+02   1.520892e+01  
1215      1.50535008476e+05   0.000000e+00   1.086469e+02   1.520999e+01  
1216      1.50067288493e+05   0.000000e+00   1.089154e+02   1.521503e+01  
1217      1.50508664368e+05   0.000000e+00   1.087197e+02   1.520233e+01  
1218      1.50121546523e+05   0.000000e+00   1.089282e+02   1.521122e+01  
1219      1.50585910472e+05   0.000000e+00   1.084880e+02   1.520119e+01  
1220      1.50336025980e+05   0.000000e+00   1.086487e+02   1.521029e+01  
1221      1.50585406555e+05   0.000000e+00   1.085558e+02   1.519802e+01  
1222      1.50162470283e+05   0.000000e+00   1.089781e+02   1.522087e+01  
1223      1.50617309973e+05   0.000000e+00   1.085752e+02   1.519520e+01  
1224      1.50065247632e+05   0.000000e+00   1.093480e+02   1.522249e+01  
1225      1.50632638295e+05   0.000000e+00   1.085901e+02   1.518990e+01  
1226      1.49949322391e+05   0.000000e+00   1.095143e+02   1.522467e+01  
1227      1.50459451650e+05   0.000000e+00   1.089667e+02   1.519666e+01  
1228      1.50007519223e+05   0.000000e+00   1.094352e+02   1.522463e+01  
1229      1.50674196714e+05   0.000000e+00   1.086862e+02   1.518826e+01  
1230      1.49968435177e+05   0.000000e+00   1.095934e+02   1.522719e+01  
1231      1.50531111046e+05   0.000000e+00   1.089819e+02   1.518926e+01  
1232      1.50138871790e+05   0.000000e+00   1.094067e+02   1.522343e+01  
1233      1.50309941744e+05   0.000000e+00   1.092261e+02   1.519137e+01  
1234      1.50267185679e+05   0.000000e+00   1.094527e+02   1.523064e+01  
1235      1.50368863002e+05   0.000000e+00   1.092815e+02   1.518720e+01  
1236      1.50054065821e+05   0.000000e+00   1.095359e+02   1.523397e+01  
1237      1.50520902156e+05   0.000000e+00   1.092759e+02   1.518249e+01  
1238      1.50228479676e+05   0.000000e+00   1.092815e+02   1.522718e+01  
1239      1.50558103352e+05   0.000000e+00   1.091634e+02   1.517608e+01  
1240      1.49971030700e+05   0.000000e+00   1.097284e+02   1.523456e+01  
1241      1.50380130320e+05   0.000000e+00   1.095718e+02   1.517010e+01  
1242      1.49903798586e+05   0.000000e+00   1.098900e+02   1.523560e+01  
1243      1.50260290124e+05   0.000000e+00   1.097714e+02   1.517433e+01  
1244      1.50068751045e+05   0.000000e+00   1.097558e+02   1.523018e+01  
1245      1.50401754028e+05   0.000000e+00   1.094661e+02   1.517458e+01  
1246      1.49927590239e+05   0.000000e+00   1.098923e+02   1.523062e+01  
1247      1.50141134252e+05   0.000000e+00   1.098257e+02   1.519123e+01  
1248      1.50146844384e+05   0.000000e+00   1.096398e+02   1.522169e+01  
1249      1.50359193607e+05   0.000000e+00   1.094480e+02   1.519306e+01  
1250      1.50231191696e+05   0.000000e+00   1.095650e+02   1.521311e+01  
-------------------------------------------------------------------

Initialization/allocation wall-clock time: 2.903 seconds
Calculation (iterations) wall-clock time : 251.777 seconds

