
**********************************************
Real-time propagation in 3D, OPTION = 2
MPI nodes = 8, OMP threads = 16, cores = 128
**********************************************

Interactions
Contact: Natoms = 1.50000000000e+05, as = 7.100000e+01 * a0, G = 1.275503e+04, G * par = 2.551006e+04
Three-body: K3 =  0.000000e+00, g3 = 0.000000e+00
Regular DDI: add = 1.101000e+02 * a0, GD = 4.721954e+03, GD * par = 9.443909e+03, edd = 1.550704e+00
     Dipolar cutoff Rcut = 5.127652e+00, Lcut = 1.757198e+02

QF = 1: h2 = 1.613433e+05, h4 = 0.000000e+00
        q3 = 0.000000e+00, q5 = 4.874946e+00

GRAD = 0

Trap parameters:
GAMMA = 0.000000e+00, NU = 0.000000e+00, LAMBDA = 0.000000e+00
Parameters of rotation: OMEGA = 0.000000e+00, OMEGA * par = 0.000000e+00

Space discretization: NX = 128, NY = 128, NZ = 128
                      DX = 2.745622e+00, DY = 8.011956e-02, DZ = 8.011956e-02
      Unit of length: aho = 5.552380e-07 m

Time discretization: NITER = 2500 (NSNAP = 1250)
                     DT = 3.209572e-03

Initial state: file ./imag3d-finalpsi.bin
ADD_VORTICES = 0, ADD_RANDOM_PHASE = 0


MUREL = 1.000000e-12, MUEND=1.000000e+05

-------------------------------------------------------------------
Snap      <r>            <x>            <y>            <z>
-------------------------------------------------------------------
0         1.758925e+01   1.757429e+01   5.128392e-01   5.128392e-01  
1         1.758924e+01   1.757429e+01   5.127346e-01   5.127346e-01  
2         1.758923e+01   1.757429e+01   5.126129e-01   5.126129e-01  
3         1.758922e+01   1.757429e+01   5.124743e-01   5.124743e-01  
4         1.758921e+01   1.757428e+01   5.123193e-01   5.123193e-01  
5         1.758920e+01   1.757428e+01   5.121486e-01   5.121486e-01  
6         1.758919e+01   1.757428e+01   5.119634e-01   5.119634e-01  
7         1.758917e+01   1.757428e+01   5.117648e-01   5.117648e-01  
8         1.758916e+01   1.757427e+01   5.115546e-01   5.115546e-01  
9         1.758914e+01   1.757427e+01   5.113342e-01   5.113342e-01  
10        1.758912e+01   1.757427e+01   5.111057e-01   5.111057e-01  
11        1.758911e+01   1.757426e+01   5.108711e-01   5.108711e-01  
12        1.758909e+01   1.757426e+01   5.106324e-01   5.106324e-01  
13        1.758907e+01   1.757425e+01   5.103918e-01   5.103918e-01  
14        1.758905e+01   1.757425e+01   5.101514e-01   5.101514e-01  
15        1.758903e+01   1.757424e+01   5.099134e-01   5.099134e-01  
16        1.758901e+01   1.757424e+01   5.096800e-01   5.096800e-01  
17        1.758900e+01   1.757423e+01   5.094533e-01   5.094533e-01  
18        1.758898e+01   1.757423e+01   5.092357e-01   5.092357e-01  
19        1.758896e+01   1.757422e+01   5.090292e-01   5.090292e-01  
20        1.758895e+01   1.757422e+01   5.088362e-01   5.088362e-01  
21        1.758893e+01   1.757422e+01   5.086587e-01   5.086587e-01  
22        1.758892e+01   1.757421e+01   5.084988e-01   5.084988e-01  
23        1.758891e+01   1.757421e+01   5.083583e-01   5.083583e-01  
24        1.758890e+01   1.757421e+01   5.082388e-01   5.082388e-01  
25        1.758889e+01   1.757420e+01   5.081417e-01   5.081417e-01  
26        1.758888e+01   1.757420e+01   5.080680e-01   5.080680e-01  
27        1.758888e+01   1.757420e+01   5.080184e-01   5.080184e-01  
28        1.758888e+01   1.757420e+01   5.079933e-01   5.079933e-01  
29        1.758888e+01   1.757420e+01   5.079929e-01   5.079929e-01  
30        1.758888e+01   1.757420e+01   5.080170e-01   5.080170e-01  
31        1.758888e+01   1.757420e+01   5.080649e-01   5.080649e-01  
32        1.758889e+01   1.757420e+01   5.081359e-01   5.081359e-01  
33        1.758889e+01   1.757420e+01   5.082290e-01   5.082290e-01  
34        1.758890e+01   1.757420e+01   5.083430e-01   5.083430e-01  
35        1.758891e+01   1.757420e+01   5.084765e-01   5.084765e-01  
36        1.758892e+01   1.757421e+01   5.086279e-01   5.086279e-01  
37        1.758893e+01   1.757421e+01   5.087955e-01   5.087955e-01  
38        1.758895e+01   1.757421e+01   5.089775e-01   5.089775e-01  
39        1.758896e+01   1.757421e+01   5.091721e-01   5.091721e-01  
40        1.758897e+01   1.757422e+01   5.093773e-01   5.093773e-01  
41        1.758899e+01   1.757422e+01   5.095912e-01   5.095912e-01  
42        1.758901e+01   1.757422e+01   5.098118e-01   5.098118e-01  
43        1.758902e+01   1.757423e+01   5.100371e-01   5.100371e-01  
44        1.758904e+01   1.757423e+01   5.102651e-01   5.102651e-01  
45        1.758905e+01   1.757423e+01   5.104940e-01   5.104940e-01  
46        1.758907e+01   1.757423e+01   5.107218e-01   5.107218e-01  
47        1.758909e+01   1.757424e+01   5.109468e-01   5.109468e-01  
48        1.758910e+01   1.757424e+01   5.111672e-01   5.111672e-01  
49        1.758912e+01   1.757424e+01   5.113814e-01   5.113814e-01  
50        1.758913e+01   1.757425e+01   5.115877e-01   5.115877e-01  
51        1.758915e+01   1.757425e+01   5.117846e-01   5.117846e-01  
52        1.758916e+01   1.757425e+01   5.119708e-01   5.119708e-01  
53        1.758917e+01   1.757425e+01   5.121450e-01   5.121450e-01  
54        1.758918e+01   1.757425e+01   5.123061e-01   5.123061e-01  
55        1.758919e+01   1.757426e+01   5.124530e-01   5.124530e-01  
56        1.758920e+01   1.757426e+01   5.125849e-01   5.125849e-01  
57        1.758921e+01   1.757426e+01   5.127009e-01   5.127009e-01  
58        1.758921e+01   1.757426e+01   5.128006e-01   5.128006e-01  
59        1.758922e+01   1.757426e+01   5.128834e-01   5.128834e-01  
60        1.758922e+01   1.757426e+01   5.129489e-01   5.129489e-01  
61        1.758923e+01   1.757426e+01   5.129969e-01   5.129969e-01  
62        1.758923e+01   1.757426e+01   5.130275e-01   5.130275e-01  
63        1.758923e+01   1.757426e+01   5.130405e-01   5.130405e-01  
64        1.758923e+01   1.757426e+01   5.130362e-01   5.130362e-01  
65        1.758922e+01   1.757426e+01   5.130149e-01   5.130149e-01  
66        1.758922e+01   1.757425e+01   5.129770e-01   5.129770e-01  
67        1.758922e+01   1.757425e+01   5.129229e-01   5.129229e-01  
68        1.758921e+01   1.757425e+01   5.128534e-01   5.128534e-01  
69        1.758920e+01   1.757425e+01   5.127691e-01   5.127691e-01  
70        1.758920e+01   1.757425e+01   5.126709e-01   5.126709e-01  
71        1.758919e+01   1.757424e+01   5.125596e-01   5.125596e-01  
72        1.758918e+01   1.757424e+01   5.124364e-01   5.124364e-01  
73        1.758917e+01   1.757424e+01   5.123021e-01   5.123021e-01  
74        1.758916e+01   1.757424e+01   5.121580e-01   5.121580e-01  
75        1.758915e+01   1.757424e+01   5.120053e-01   5.120053e-01  
76        1.758913e+01   1.757423e+01   5.118452e-01   5.118452e-01  
77        1.758912e+01   1.757423e+01   5.116790e-01   5.116790e-01  
78        1.758911e+01   1.757423e+01   5.115080e-01   5.115080e-01  
79        1.758910e+01   1.757423e+01   5.113335e-01   5.113335e-01  
80        1.758909e+01   1.757422e+01   5.111570e-01   5.111570e-01  
81        1.758907e+01   1.757422e+01   5.109797e-01   5.109797e-01  
82        1.758906e+01   1.757422e+01   5.108031e-01   5.108031e-01  
83        1.758905e+01   1.757422e+01   5.106284e-01   5.106284e-01  
84        1.758904e+01   1.757422e+01   5.104570e-01   5.104570e-01  
85        1.758903e+01   1.757422e+01   5.102901e-01   5.102901e-01  
86        1.758902e+01   1.757422e+01   5.101290e-01   5.101290e-01  
87        1.758901e+01   1.757422e+01   5.099749e-01   5.099749e-01  
88        1.758900e+01   1.757422e+01   5.098289e-01   5.098289e-01  
89        1.758899e+01   1.757422e+01   5.096920e-01   5.096920e-01  
90        1.758898e+01   1.757422e+01   5.095652e-01   5.095652e-01  
91        1.758898e+01   1.757422e+01   5.094494e-01   5.094494e-01  
92        1.758897e+01   1.757422e+01   5.093455e-01   5.093455e-01  
93        1.758897e+01   1.757422e+01   5.092542e-01   5.092542e-01  
94        1.758897e+01   1.757422e+01   5.091760e-01   5.091760e-01  
95        1.758897e+01   1.757422e+01   5.091116e-01   5.091116e-01  
96        1.758896e+01   1.757423e+01   5.090613e-01   5.090613e-01  
97        1.758897e+01   1.757423e+01   5.090254e-01   5.090254e-01  
98        1.758897e+01   1.757423e+01   5.090040e-01   5.090040e-01  
99        1.758897e+01   1.757424e+01   5.089972e-01   5.089972e-01  
100       1.758898e+01   1.757424e+01   5.090050e-01   5.090050e-01  
101       1.758898e+01   1.757424e+01   5.090272e-01   5.090272e-01  
102       1.758899e+01   1.757425e+01   5.090634e-01   5.090634e-01  
103       1.758900e+01   1.757425e+01   5.091134e-01   5.091134e-01  
104       1.758901e+01   1.757426e+01   5.091768e-01   5.091768e-01  
105       1.758902e+01   1.757427e+01   5.092530e-01   5.092530e-01  
106       1.758903e+01   1.757427e+01   5.093414e-01   5.093414e-01  
107       1.758904e+01   1.757428e+01   5.094414e-01   5.094414e-01  
108       1.758906e+01   1.757429e+01   5.095520e-01   5.095520e-01  
109       1.758907e+01   1.757430e+01   5.096725e-01   5.096725e-01  
110       1.758909e+01   1.757431e+01   5.098020e-01   5.098020e-01  
111       1.758911e+01   1.757432e+01   5.099394e-01   5.099394e-01  
112       1.758913e+01   1.757433e+01   5.100835e-01   5.100835e-01  
113       1.758915e+01   1.757434e+01   5.102331e-01   5.102331e-01  
114       1.758917e+01   1.757435e+01   5.103872e-01   5.103872e-01  
115       1.758919e+01   1.757437e+01   5.105446e-01   5.105446e-01  
116       1.758922e+01   1.757438e+01   5.107041e-01   5.107041e-01  
117       1.758925e+01   1.757440e+01   5.108646e-01   5.108646e-01  
118       1.758928e+01   1.757443e+01   5.110250e-01   5.110250e-01  
119       1.758931e+01   1.757445e+01   5.111841e-01   5.111841e-01  
120       1.758935e+01   1.757448e+01   5.113411e-01   5.113411e-01  
121       1.758939e+01   1.757451e+01   5.114951e-01   5.114951e-01  
122       1.758944e+01   1.757455e+01   5.116451e-01   5.116451e-01  
123       1.758950e+01   1.757460e+01   5.117907e-01   5.117907e-01  
124       1.758957e+01   1.757466e+01   5.119314e-01   5.119314e-01  
125       1.758965e+01   1.757473e+01   5.120674e-01   5.120674e-01  
126       1.758975e+01   1.757482e+01   5.121990e-01   5.121990e-01  
127       1.758987e+01   1.757494e+01   5.123276e-01   5.123276e-01  
128       1.759004e+01   1.757510e+01   5.124547e-01   5.124547e-01  
129       1.759025e+01   1.757531e+01   5.125834e-01   5.125834e-01  
130       1.759053e+01   1.757558e+01   5.127177e-01   5.127177e-01  
131       1.759090e+01   1.757594e+01   5.128628e-01   5.128628e-01  
132       1.759137e+01   1.757641e+01   5.130258e-01   5.130258e-01  
133       1.759197e+01   1.757699e+01   5.132152e-01   5.132152e-01  
134       1.759271e+01   1.757772e+01   5.134412e-01   5.134412e-01  
135       1.759359e+01   1.757859e+01   5.137157e-01   5.137157e-01  
136       1.759462e+01   1.757959e+01   5.140520e-01   5.140520e-01  
137       1.759578e+01   1.758073e+01   5.144650e-01   5.144650e-01  
138       1.759706e+01   1.758199e+01   5.149710e-01   5.149710e-01  
139       1.759846e+01   1.758334e+01   5.155873e-01   5.155873e-01  
140       1.759994e+01   1.758479e+01   5.163319e-01   5.163319e-01  
141       1.760150e+01   1.758629e+01   5.172227e-01   5.172227e-01  
142       1.760310e+01   1.758784e+01   5.182771e-01   5.182771e-01  
143       1.760473e+01   1.758939e+01   5.195116e-01   5.195116e-01  
144       1.760633e+01   1.759091e+01   5.209410e-01   5.209410e-01  
145       1.760788e+01   1.759237e+01   5.225789e-01   5.225789e-01  
146       1.760938e+01   1.759376e+01   5.244371e-01   5.244371e-01  
147       1.761083e+01   1.759508e+01   5.265253e-01   5.265253e-01  
148       1.761223e+01   1.759634e+01   5.288506e-01   5.288506e-01  
149       1.761360e+01   1.759756e+01   5.314173e-01   5.314173e-01  
150       1.761496e+01   1.759875e+01   5.342262e-01   5.342262e-01  
151       1.761628e+01   1.759988e+01   5.372749e-01   5.372749e-01  
152       1.761754e+01   1.760095e+01   5.405574e-01   5.405574e-01  
153       1.761870e+01   1.760189e+01   5.440650e-01   5.440650e-01  
154       1.761973e+01   1.760269e+01   5.477869e-01   5.477869e-01  
155       1.762066e+01   1.760338e+01   5.517123e-01   5.517123e-01  
156       1.762156e+01   1.760402e+01   5.558294e-01   5.558294e-01  
157       1.762243e+01   1.760462e+01   5.601228e-01   5.601228e-01  
158       1.762327e+01   1.760518e+01   5.645748e-01   5.645748e-01  
159       1.762410e+01   1.760571e+01   5.691683e-01   5.691683e-01  
160       1.762503e+01   1.760633e+01   5.738909e-01   5.738909e-01  
161       1.762652e+01   1.760751e+01   5.787511e-01   5.787511e-01  
162       1.763223e+01   1.761288e+01   5.839551e-01   5.839551e-01  
163       1.763433e+01   1.761465e+01   5.889232e-01   5.889232e-01  
164       1.763193e+01   1.761192e+01   5.938578e-01   5.938578e-01  
165       1.762997e+01   1.760961e+01   5.989239e-01   5.989239e-01  
166       1.762357e+01   1.760286e+01   6.039759e-01   6.039759e-01  
167       1.762901e+01   1.760790e+01   6.097332e-01   6.097332e-01  
168       1.762517e+01   1.760370e+01   6.149794e-01   6.149794e-01  
169       1.762898e+01   1.760708e+01   6.210666e-01   6.210666e-01  
170       1.762509e+01   1.760280e+01   6.264652e-01   6.264652e-01  
171       1.762902e+01   1.760628e+01   6.329635e-01   6.329635e-01  
172       1.762378e+01   1.760064e+01   6.384093e-01   6.384093e-01  
173       1.762813e+01   1.760449e+01   6.452339e-01   6.452339e-01  
174       1.762170e+01   1.759766e+01   6.506462e-01   6.506462e-01  
175       1.762601e+01   1.760145e+01   6.577303e-01   6.577303e-01  
176       1.761875e+01   1.759378e+01   6.629985e-01   6.629985e-01  
177       1.762294e+01   1.759742e+01   6.702851e-01   6.702851e-01  
178       1.761494e+01   1.758903e+01   6.753891e-01   6.753891e-01  
179       1.761904e+01   1.759255e+01   6.828251e-01   6.828251e-01  
180       1.761045e+01   1.758357e+01   6.878057e-01   6.878057e-01  
181       1.761433e+01   1.758686e+01   6.953886e-01   6.953886e-01  
182       1.760532e+01   1.757744e+01   7.002687e-01   7.002687e-01  
183       1.760906e+01   1.758057e+01   7.080146e-01   7.080146e-01  
184       1.759966e+01   1.757077e+01   7.128090e-01   7.128090e-01  
185       1.760345e+01   1.757392e+01   7.207415e-01   7.207415e-01  
186       1.759371e+01   1.756377e+01   7.254683e-01   7.254683e-01  
187       1.759774e+01   1.756713e+01   7.336083e-01   7.336083e-01  
188       1.758778e+01   1.755677e+01   7.382836e-01   7.382836e-01  
189       1.759217e+01   1.756045e+01   7.466459e-01   7.466459e-01  
190       1.758219e+01   1.755005e+01   7.512957e-01   7.512957e-01  
191       1.758693e+01   1.755406e+01   7.599015e-01   7.599015e-01  
192       1.757713e+01   1.754384e+01   7.645678e-01   7.645678e-01  
193       1.758212e+01   1.754806e+01   7.734504e-01   7.734504e-01  
194       1.757270e+01   1.753821e+01   7.781827e-01   7.781827e-01  
195       1.757780e+01   1.754250e+01   7.873793e-01   7.873793e-01  
196       1.756897e+01   1.753321e+01   7.922249e-01   7.922249e-01  
197       1.757406e+01   1.753744e+01   8.017963e-01   8.017963e-01  
198       1.756595e+01   1.752884e+01   8.068783e-01   8.068783e-01  
199       1.757083e+01   1.753280e+01   8.170298e-01   8.170298e-01  
200       1.756341e+01   1.752486e+01   8.223635e-01   8.223635e-01  
201       1.756800e+01   1.752851e+01   8.324631e-01   8.324631e-01  
202       1.756142e+01   1.752150e+01   8.367529e-01   8.367528e-01  
203       1.756582e+01   1.752510e+01   8.452971e-01   8.452970e-01  
204       1.755944e+01   1.751837e+01   8.487907e-01   8.487907e-01  
205       1.756288e+01   1.752101e+01   8.570470e-01   8.570469e-01  
206       1.755686e+01   1.751466e+01   8.602116e-01   8.602116e-01  
207       1.756159e+01   1.751885e+01   8.658113e-01   8.658114e-01  
208       1.755714e+01   1.751430e+01   8.667087e-01   8.667087e-01  
209       1.756129e+01   1.751772e+01   8.741863e-01   8.741863e-01  
210       1.755555e+01   1.751147e+01   8.791470e-01   8.791470e-01  
211       1.756097e+01   1.751624e+01   8.857358e-01   8.857358e-01  
212       1.755960e+01   1.751461e+01   8.882968e-01   8.882968e-01  
213       1.756818e+01   1.752242e+01   8.960713e-01   8.960713e-01  
214       1.757089e+01   1.752456e+01   9.015679e-01   9.015679e-01  
215       1.757218e+01   1.752520e+01   9.079158e-01   9.079158e-01  
216       1.757484e+01   1.752739e+01   9.125552e-01   9.125552e-01  
217       1.758529e+01   1.753692e+01   9.215877e-01   9.215877e-01  
218       1.756944e+01   1.752053e+01   9.262881e-01   9.262881e-01  
219       1.759397e+01   1.754438e+01   9.334415e-01   9.334414e-01  
220       1.757122e+01   1.752082e+01   9.403598e-01   9.403597e-01  
221       1.761416e+01   1.756277e+01   9.507157e-01   9.507157e-01  
222       1.758703e+01   1.753515e+01   9.544923e-01   9.544923e-01  
223       1.761137e+01   1.755814e+01   9.674956e-01   9.674955e-01  
224       1.758239e+01   1.752852e+01   9.725161e-01   9.725160e-01  
225       1.761138e+01   1.755631e+01   9.840439e-01   9.840438e-01  
226       1.759233e+01   1.753590e+01   9.955247e-01   9.955247e-01  
227       1.761486e+01   1.755752e+01   1.004180e+00   1.004180e+00  
228       1.759178e+01   1.753287e+01   1.017166e+00   1.017167e+00  
229       1.762134e+01   1.756111e+01   1.029262e+00   1.029262e+00  
230       1.759460e+01   1.753295e+01   1.040623e+00   1.040623e+00  
231       1.762913e+01   1.756567e+01   1.056754e+00   1.056754e+00  
232       1.761729e+01   1.755248e+01   1.067568e+00   1.067568e+00  
233       1.765399e+01   1.758718e+01   1.084951e+00   1.084951e+00  
234       1.762583e+01   1.755723e+01   1.098542e+00   1.098542e+00  
235       1.766300e+01   1.759242e+01   1.115360e+00   1.115359e+00  
236       1.763826e+01   1.756538e+01   1.132570e+00   1.132569e+00  
237       1.767613e+01   1.760132e+01   1.148762e+00   1.148762e+00  
238       1.764694e+01   1.756960e+01   1.166963e+00   1.166962e+00  
239       1.768335e+01   1.760385e+01   1.184305e+00   1.184303e+00  
240       1.766094e+01   1.757893e+01   1.202134e+00   1.202133e+00  
241       1.769065e+01   1.760598e+01   1.222453e+00   1.222451e+00  
242       1.767349e+01   1.758632e+01   1.239633e+00   1.239631e+00  
243       1.769618e+01   1.760606e+01   1.261262e+00   1.261260e+00  
244       1.768969e+01   1.759706e+01   1.278375e+00   1.278371e+00  
245       1.771329e+01   1.761745e+01   1.301174e+00   1.301171e+00  
246       1.770428e+01   1.760594e+01   1.317699e+00   1.317697e+00  
247       1.772858e+01   1.762716e+01   1.339022e+00   1.339022e+00  
248       1.772316e+01   1.761895e+01   1.357038e+00   1.357047e+00  
249       1.772918e+01   1.762112e+01   1.382012e+00   1.382022e+00  
250       1.773946e+01   1.762848e+01   1.400923e+00   1.400949e+00  
251       1.773829e+01   1.762338e+01   1.425349e+00   1.425377e+00  
252       1.774931e+01   1.763146e+01   1.443855e+00   1.443903e+00  
253       1.774353e+01   1.762161e+01   1.468295e+00   1.468346e+00  
254       1.774018e+01   1.761479e+01   1.488766e+00   1.488843e+00  
255       1.774944e+01   1.762007e+01   1.512524e+00   1.512598e+00  
256       1.774877e+01   1.761577e+01   1.533487e+00   1.533600e+00  
257       1.773613e+01   1.759965e+01   1.552759e+00   1.552870e+00  
258       1.772355e+01   1.758313e+01   1.574398e+00   1.574549e+00  
259       1.775419e+01   1.761032e+01   1.594946e+00   1.595066e+00  
260       1.773443e+01   1.758665e+01   1.615458e+00   1.615635e+00  
261       1.775804e+01   1.760642e+01   1.637321e+00   1.637447e+00  
262       1.774682e+01   1.759182e+01   1.654838e+00   1.655033e+00  
263       1.776118e+01   1.760267e+01   1.674092e+00   1.674208e+00  
264       1.774731e+01   1.758518e+01   1.692271e+00   1.692477e+00  
265       1.777200e+01   1.760640e+01   1.711452e+00   1.711537e+00  
266       1.776055e+01   1.759287e+01   1.721523e+00   1.721744e+00  
267       1.779728e+01   1.762764e+01   1.733382e+00   1.733422e+00  
268       1.777725e+01   1.760472e+01   1.746938e+00   1.747163e+00  
269       1.780633e+01   1.763122e+01   1.761457e+00   1.761452e+00  
270       1.777906e+01   1.760143e+01   1.772546e+00   1.772756e+00  
271       1.780259e+01   1.762257e+01   1.785709e+00   1.785628e+00  
272       1.777956e+01   1.759711e+01   1.796366e+00   1.796559e+00  
273       1.780630e+01   1.762175e+01   1.808179e+00   1.808032e+00  
274       1.778251e+01   1.759580e+01   1.817243e+00   1.817427e+00  
275       1.780475e+01   1.761586e+01   1.829102e+00   1.828884e+00  
276       1.779142e+01   1.760024e+01   1.839201e+00   1.839417e+00  
277       1.781185e+01   1.761856e+01   1.850620e+00   1.850301e+00  
278       1.779294e+01   1.759772e+01   1.858510e+00   1.858798e+00  
279       1.782892e+01   1.763161e+01   1.870522e+00   1.870295e+00  
280       1.779707e+01   1.759796e+01   1.876782e+00   1.877492e+00  
281       1.781631e+01   1.761539e+01   1.886634e+00   1.886713e+00  
282       1.779958e+01   1.759669e+01   1.894770e+00   1.895106e+00  
283       1.781887e+01   1.761374e+01   1.906480e+00   1.906227e+00  
284       1.780633e+01   1.759975e+01   1.912357e+00   1.912364e+00  
285       1.782944e+01   1.762104e+01   1.922221e+00   1.921685e+00  
286       1.781298e+01   1.760217e+01   1.931883e+00   1.932239e+00  
287       1.783471e+01   1.762320e+01   1.936732e+00   1.936200e+00  
288       1.782090e+01   1.760656e+01   1.948647e+00   1.948443e+00  
289       1.784376e+01   1.762819e+01   1.955968e+00   1.954648e+00  
290       1.782799e+01   1.760968e+01   1.966596e+00   1.966931e+00  
291       1.784517e+01   1.762549e+01   1.974277e+00   1.973409e+00  
292       1.783426e+01   1.761326e+01   1.979393e+00   1.978895e+00  
293       1.784064e+01   1.761711e+01   1.991616e+00   1.989794e+00  
294       1.783675e+01   1.761203e+01   1.996527e+00   1.994941e+00  
295       1.785052e+01   1.762348e+01   2.007561e+00   2.005962e+00  
296       1.783846e+01   1.761105e+01   2.008453e+00   2.006941e+00  
297       1.785743e+01   1.762859e+01   2.016155e+00   2.013866e+00  
298       1.783524e+01   1.760516e+01   2.019189e+00   2.019177e+00  
299       1.785964e+01   1.762921e+01   2.023020e+00   2.021232e+00  
300       1.783652e+01   1.760482e+01   2.026222e+00   2.026381e+00  
301       1.786172e+01   1.762967e+01   2.029936e+00   2.028509e+00  
302       1.784460e+01   1.761119e+01   2.034777e+00   2.033616e+00  
303       1.787229e+01   1.763853e+01   2.038400e+00   2.036139e+00  
304       1.785183e+01   1.761732e+01   2.039636e+00   2.039046e+00  
305       1.787936e+01   1.764402e+01   2.044658e+00   2.044360e+00  
306       1.786792e+01   1.763334e+01   2.040719e+00   2.040470e+00  
307       1.788557e+01   1.764921e+01   2.049998e+00   2.048516e+00  
308       1.787263e+01   1.763712e+01   2.044576e+00   2.045120e+00  
309       1.788954e+01   1.765278e+01   2.051667e+00   2.050753e+00  
310       1.787336e+01   1.763709e+01   2.048390e+00   2.047894e+00  
311       1.788472e+01   1.764615e+01   2.059257e+00   2.058133e+00  
312       1.787492e+01   1.763738e+01   2.053157e+00   2.054340e+00  
313       1.787676e+01   1.763738e+01   2.061430e+00   2.061949e+00  
314       1.786336e+01   1.762442e+01   2.058506e+00   2.059621e+00  
315       1.786867e+01   1.762848e+01   2.063897e+00   2.065533e+00  
316       1.786377e+01   1.762321e+01   2.064681e+00   2.067281e+00  
317       1.787041e+01   1.762877e+01   2.070594e+00   2.071327e+00  
318       1.787369e+01   1.763253e+01   2.067666e+00   2.070604e+00  
319       1.786125e+01   1.761867e+01   2.073695e+00   2.075178e+00  
320       1.786759e+01   1.762467e+01   2.074379e+00   2.078127e+00  
321       1.788036e+01   1.763619e+01   2.081030e+00   2.083611e+00  
322       1.787375e+01   1.762962e+01   2.080283e+00   2.083229e+00  
323       1.787918e+01   1.763368e+01   2.086305e+00   2.089405e+00  
324       1.787400e+01   1.762814e+01   2.087225e+00   2.090966e+00  
325       1.789227e+01   1.764511e+01   2.094165e+00   2.097126e+00  
326       1.787100e+01   1.762331e+01   2.094659e+00   2.098549e+00  
327       1.788914e+01   1.763967e+01   2.103442e+00   2.106938e+00  
328       1.787999e+01   1.763026e+01   2.103966e+00   2.107395e+00  
329       1.788179e+01   1.762912e+01   2.115757e+00   2.120417e+00  
330       1.787897e+01   1.762742e+01   2.110814e+00   2.115637e+00  
331       1.788282e+01   1.762812e+01   2.124868e+00   2.128266e+00  
332       1.788246e+01   1.762866e+01   2.120367e+00   2.125221e+00  
333       1.787085e+01   1.761355e+01   2.134198e+00   2.139023e+00  
334       1.789682e+01   1.764128e+01   2.128218e+00   2.133550e+00  
335       1.788530e+01   1.762620e+01   2.142695e+00   2.147111e+00  
336       1.789788e+01   1.764078e+01   2.134649e+00   2.140156e+00  
337       1.788578e+01   1.762511e+01   2.148917e+00   2.153797e+00  
338       1.790387e+01   1.764467e+01   2.144093e+00   2.148727e+00  
339       1.789969e+01   1.763765e+01   2.155197e+00   2.160377e+00  
340       1.791087e+01   1.765010e+01   2.150904e+00   2.155676e+00  
341       1.790086e+01   1.763699e+01   2.162696e+00   2.167960e+00  
342       1.791238e+01   1.765073e+01   2.154792e+00   2.159211e+00  
343       1.790772e+01   1.764301e+01   2.166572e+00   2.171807e+00  
344       1.790952e+01   1.764553e+01   2.164294e+00   2.168389e+00  
345       1.791632e+01   1.765066e+01   2.171115e+00   2.176011e+00  
346       1.791754e+01   1.765263e+01   2.168191e+00   2.172998e+00  
347       1.791682e+01   1.764973e+01   2.176760e+00   2.182009e+00  
348       1.792214e+01   1.765636e+01   2.172198e+00   2.176648e+00  
349       1.792137e+01   1.765306e+01   2.182221e+00   2.186970e+00  
350       1.792376e+01   1.765736e+01   2.175005e+00   2.179024e+00  
351       1.793682e+01   1.766861e+01   2.183271e+00   2.187015e+00  
352       1.792702e+01   1.765960e+01   2.179408e+00   2.183246e+00  
353       1.793199e+01   1.766224e+01   2.189626e+00   2.192512e+00  
354       1.793687e+01   1.766899e+01   2.181492e+00   2.186127e+00  
355       1.793523e+01   1.766444e+01   2.193759e+00   2.197188e+00  
356       1.794052e+01   1.767206e+01   2.184267e+00   2.188523e+00  
357       1.794486e+01   1.767350e+01   2.197145e+00   2.199556e+00  
358       1.794667e+01   1.767783e+01   2.186828e+00   2.189809e+00  
359       1.795554e+01   1.768346e+01   2.200592e+00   2.203199e+00  
360       1.795224e+01   1.768281e+01   2.189546e+00   2.192491e+00  
361       1.795913e+01   1.768634e+01   2.203736e+00   2.206213e+00  
362       1.795997e+01   1.768988e+01   2.193379e+00   2.194958e+00  
363       1.796108e+01   1.768761e+01   2.206799e+00   2.208832e+00  
364       1.796935e+01   1.769855e+01   2.196964e+00   2.198185e+00  
365       1.795473e+01   1.768046e+01   2.209429e+00   2.211787e+00  
366       1.797591e+01   1.770405e+01   2.201391e+00   2.203146e+00  
367       1.795926e+01   1.768443e+01   2.212142e+00   2.214189e+00  
368       1.797746e+01   1.770512e+01   2.203394e+00   2.205225e+00  
369       1.796714e+01   1.769189e+01   2.214273e+00   2.216363e+00  
370       1.799065e+01   1.771805e+01   2.205999e+00   2.206350e+00  
371       1.796877e+01   1.769350e+01   2.214644e+00   2.216385e+00  
372       1.799496e+01   1.772231e+01   2.205865e+00   2.207307e+00  
373       1.797600e+01   1.770094e+01   2.214638e+00   2.215601e+00  
374       1.800614e+01   1.773387e+01   2.206003e+00   2.205518e+00  
375       1.798447e+01   1.770990e+01   2.213321e+00   2.213973e+00  
376       1.800800e+01   1.773593e+01   2.205438e+00   2.204756e+00  
377       1.799165e+01   1.771799e+01   2.209974e+00   2.210890e+00  
378       1.800610e+01   1.773431e+01   2.204391e+00   2.203314e+00  
379       1.799197e+01   1.771804e+01   2.211884e+00   2.211290e+00  
380       1.800246e+01   1.773085e+01   2.204012e+00   2.201808e+00  
381       1.798701e+01   1.771369e+01   2.209166e+00   2.208490e+00  
382       1.799445e+01   1.772274e+01   2.203717e+00   2.201929e+00  
383       1.797694e+01   1.770374e+01   2.207831e+00   2.207600e+00  
384       1.799277e+01   1.772146e+01   2.202108e+00   2.200073e+00  
385       1.797082e+01   1.769795e+01   2.205965e+00   2.206009e+00  
386       1.799814e+01   1.772706e+01   2.201485e+00   2.199526e+00  
387       1.797111e+01   1.769800e+01   2.207570e+00   2.206401e+00  
388       1.800057e+01   1.772978e+01   2.200521e+00   2.198419e+00  
389       1.796909e+01   1.769628e+01   2.205930e+00   2.205357e+00  
390       1.799969e+01   1.772898e+01   2.199662e+00   2.198574e+00  
391       1.797554e+01   1.770277e+01   2.206460e+00   2.205322e+00  
392       1.800968e+01   1.773871e+01   2.201173e+00   2.200293e+00  
393       1.798440e+01   1.771156e+01   2.207404e+00   2.206099e+00  
394       1.800652e+01   1.773540e+01   2.201425e+00   2.200958e+00  
395       1.799164e+01   1.771877e+01   2.208193e+00   2.206429e+00  
396       1.800386e+01   1.773241e+01   2.202505e+00   2.202219e+00  
397       1.798867e+01   1.771551e+01   2.209074e+00   2.207530e+00  
398       1.800337e+01   1.773201e+01   2.201735e+00   2.202131e+00  
399       1.798380e+01   1.771041e+01   2.209376e+00   2.208374e+00  
400       1.800475e+01   1.773284e+01   2.204092e+00   2.204406e+00  
401       1.799250e+01   1.771841e+01   2.212418e+00   2.212039e+00  
402       1.799980e+01   1.772677e+01   2.208071e+00   2.208818e+00  
403       1.799688e+01   1.772193e+01   2.216332e+00   2.215634e+00  
404       1.799857e+01   1.772504e+01   2.209986e+00   2.210752e+00  
405       1.799327e+01   1.771649e+01   2.223275e+00   2.222736e+00  
406       1.800207e+01   1.772717e+01   2.215527e+00   2.216598e+00  
407       1.799797e+01   1.772047e+01   2.225932e+00   2.226460e+00  
408       1.798714e+01   1.771113e+01   2.219034e+00   2.220141e+00  
409       1.799531e+01   1.771665e+01   2.230504e+00   2.230824e+00  
410       1.798847e+01   1.771025e+01   2.228033e+00   2.228878e+00  
411       1.800144e+01   1.772162e+01   2.235356e+00   2.235893e+00  
412       1.799304e+01   1.771436e+01   2.230066e+00   2.231053e+00  
413       1.799965e+01   1.771857e+01   2.239908e+00   2.241109e+00  
414       1.800443e+01   1.772480e+01   2.234463e+00   2.235593e+00  
415       1.800916e+01   1.772713e+01   2.243960e+00   2.245805e+00  
416       1.799993e+01   1.771977e+01   2.236239e+00   2.237540e+00  
417       1.800466e+01   1.772161e+01   2.247530e+00   2.249652e+00  
418       1.799450e+01   1.771256e+01   2.242788e+00   2.244400e+00  
419       1.801580e+01   1.773185e+01   2.251505e+00   2.254166e+00  
420       1.798947e+01   1.770639e+01   2.246285e+00   2.249227e+00  
421       1.800861e+01   1.772369e+01   2.254640e+00   2.257765e+00  
422       1.798425e+01   1.769989e+01   2.251315e+00   2.253571e+00  
423       1.800095e+01   1.771434e+01   2.259974e+00   2.264658e+00  
424       1.798138e+01   1.769572e+01   2.255945e+00   2.258745e+00  
425       1.800552e+01   1.771844e+01   2.262145e+00   2.266806e+00  
426       1.797776e+01   1.769082e+01   2.260260e+00   2.264079e+00  
427       1.799549e+01   1.770765e+01   2.264843e+00   2.268702e+00  
428       1.798148e+01   1.769328e+01   2.265476e+00   2.269166e+00  
429       1.799544e+01   1.770637e+01   2.269312e+00   2.273876e+00  
430       1.796719e+01   1.767747e+01   2.270547e+00   2.274054e+00  
431       1.798540e+01   1.769537e+01   2.271911e+00   2.277485e+00  
432       1.797186e+01   1.768058e+01   2.277466e+00   2.279886e+00  
433       1.798621e+01   1.769533e+01   2.275247e+00   2.280887e+00  
434       1.796475e+01   1.767240e+01   2.280916e+00   2.283810e+00  
435       1.798500e+01   1.769285e+01   2.280060e+00   2.285768e+00  
436       1.796371e+01   1.767023e+01   2.284889e+00   2.288476e+00  
437       1.799429e+01   1.770174e+01   2.282600e+00   2.287495e+00  
438       1.794851e+01   1.765275e+01   2.292418e+00   2.296587e+00  
439       1.799489e+01   1.770092e+01   2.288085e+00   2.293099e+00  
440       1.793598e+01   1.763914e+01   2.295802e+00   2.299872e+00  
441       1.799676e+01   1.770124e+01   2.293744e+00   2.299622e+00  
442       1.792696e+01   1.762826e+01   2.302484e+00   2.306290e+00  
443       1.799416e+01   1.769767e+01   2.297552e+00   2.302906e+00  
444       1.792037e+01   1.762033e+01   2.306967e+00   2.311197e+00  
445       1.799800e+01   1.769943e+01   2.305953e+00   2.311021e+00  
446       1.791426e+01   1.761299e+01   2.311267e+00   2.315456e+00  
447       1.800132e+01   1.770231e+01   2.308092e+00   2.312695e+00  
448       1.791462e+01   1.761176e+01   2.317606e+00   2.321248e+00  
449       1.800269e+01   1.770331e+01   2.309388e+00   2.314448e+00  
450       1.791230e+01   1.760871e+01   2.320350e+00   2.323749e+00  
451       1.799473e+01   1.769438e+01   2.312481e+00   2.317676e+00  
452       1.791338e+01   1.760967e+01   2.320672e+00   2.324465e+00  
453       1.798711e+01   1.768576e+01   2.315940e+00   2.320877e+00  
454       1.790449e+01   1.759965e+01   2.324642e+00   2.327892e+00  
455       1.799090e+01   1.768909e+01   2.318278e+00   2.322570e+00  
456       1.790225e+01   1.759723e+01   2.325181e+00   2.328440e+00  
457       1.798309e+01   1.768037e+01   2.320827e+00   2.325921e+00  
458       1.790536e+01   1.759939e+01   2.328909e+00   2.332336e+00  
459       1.798769e+01   1.768452e+01   2.323389e+00   2.327416e+00  
460       1.790519e+01   1.759845e+01   2.331589e+00   2.335389e+00  
461       1.798441e+01   1.768073e+01   2.325509e+00   2.328734e+00  
462       1.790713e+01   1.759975e+01   2.334145e+00   2.337906e+00  
463       1.798537e+01   1.768111e+01   2.328345e+00   2.330395e+00  
464       1.791185e+01   1.760435e+01   2.334740e+00   2.338874e+00  
465       1.798567e+01   1.768117e+01   2.330187e+00   2.330367e+00  
466       1.791512e+01   1.760677e+01   2.338349e+00   2.342081e+00  
467       1.798655e+01   1.768198e+01   2.330043e+00   2.331202e+00  
468       1.791355e+01   1.760441e+01   2.341887e+00   2.344290e+00  
469       1.799230e+01   1.768696e+01   2.333543e+00   2.334243e+00  
470       1.792240e+01   1.761275e+01   2.344070e+00   2.347105e+00  
471       1.800081e+01   1.769531e+01   2.334786e+00   2.335336e+00  
472       1.792042e+01   1.760963e+01   2.348687e+00   2.350772e+00  
473       1.799484e+01   1.768854e+01   2.337272e+00   2.338189e+00  
474       1.791208e+01   1.760025e+01   2.351934e+00   2.354170e+00  
475       1.799726e+01   1.769043e+01   2.339977e+00   2.339772e+00  
476       1.790022e+01   1.758733e+01   2.354918e+00   2.357547e+00  
477       1.800624e+01   1.769888e+01   2.342399e+00   2.342598e+00  
478       1.789973e+01   1.758604e+01   2.358492e+00   2.359854e+00  
479       1.799715e+01   1.768787e+01   2.348956e+00   2.349308e+00  
480       1.790641e+01   1.759193e+01   2.361937e+00   2.363195e+00  
481       1.800143e+01   1.769174e+01   2.350932e+00   2.350986e+00  
482       1.791223e+01   1.759703e+01   2.365322e+00   2.365980e+00  
483       1.800078e+01   1.769081e+01   2.351828e+00   2.352058e+00  
484       1.791556e+01   1.759858e+01   2.371935e+00   2.373016e+00  
485       1.800343e+01   1.769261e+01   2.355275e+00   2.355349e+00  
486       1.791032e+01   1.759188e+01   2.377338e+00   2.377692e+00  
487       1.800394e+01   1.769312e+01   2.355988e+00   2.354688e+00  
488       1.790374e+01   1.758488e+01   2.378391e+00   2.378914e+00  
489       1.799883e+01   1.768683e+01   2.360037e+00   2.358849e+00  
490       1.791037e+01   1.759104e+01   2.380818e+00   2.380788e+00  
491       1.800669e+01   1.769445e+01   2.361352e+00   2.360343e+00  
492       1.790711e+01   1.758719e+01   2.382572e+00   2.382997e+00  
493       1.799907e+01   1.768679e+01   2.360919e+00   2.360127e+00  
494       1.791017e+01   1.758897e+01   2.387762e+00   2.387704e+00  
495       1.799618e+01   1.768285e+01   2.364728e+00   2.363773e+00  
496       1.791102e+01   1.758975e+01   2.388129e+00   2.387923e+00  
497       1.799450e+01   1.768091e+01   2.365265e+00   2.364928e+00  
498       1.790963e+01   1.758862e+01   2.387262e+00   2.386682e+00  
499       1.799689e+01   1.768275e+01   2.368124e+00   2.366462e+00  
500       1.791750e+01   1.759636e+01   2.388015e+00   2.387974e+00  
501       1.799409e+01   1.767996e+01   2.367946e+00   2.366216e+00  
502       1.791879e+01   1.759736e+01   2.389450e+00   2.388889e+00  
503       1.800191e+01   1.768701e+01   2.371740e+00   2.369278e+00  
504       1.793638e+01   1.761502e+01   2.389956e+00   2.390168e+00  
505       1.800288e+01   1.768784e+01   2.372543e+00   2.369650e+00  
506       1.792680e+01   1.760479e+01   2.392173e+00   2.391470e+00  
507       1.800578e+01   1.768961e+01   2.376723e+00   2.374277e+00  
508       1.792946e+01   1.760690e+01   2.394339e+00   2.393684e+00  
509       1.800072e+01   1.768390e+01   2.379413e+00   2.375711e+00  
510       1.793207e+01   1.760996e+01   2.393078e+00   2.391994e+00  
511       1.800390e+01   1.768688e+01   2.379762e+00   2.377265e+00  
512       1.792953e+01   1.760677e+01   2.395615e+00   2.393861e+00  
513       1.800306e+01   1.768557e+01   2.381068e+00   2.379387e+00  
514       1.792684e+01   1.760327e+01   2.398442e+00   2.396671e+00  
515       1.800623e+01   1.768848e+01   2.382256e+00   2.380510e+00  
516       1.792365e+01   1.759989e+01   2.399007e+00   2.397075e+00  
517       1.799725e+01   1.767896e+01   2.384279e+00   2.381283e+00  
518       1.792414e+01   1.759947e+01   2.402168e+00   2.400648e+00  
519       1.799836e+01   1.767929e+01   2.387457e+00   2.384026e+00  
520       1.792347e+01   1.759865e+01   2.402744e+00   2.401068e+00  
521       1.799518e+01   1.767572e+01   2.388947e+00   2.385075e+00  
522       1.792827e+01   1.760353e+01   2.403058e+00   2.400797e+00  
523       1.799633e+01   1.767654e+01   2.390459e+00   2.386085e+00  
524       1.792372e+01   1.759903e+01   2.403459e+00   2.399460e+00  
525       1.800186e+01   1.768248e+01   2.388716e+00   2.385501e+00  
526       1.793345e+01   1.760894e+01   2.403084e+00   2.399803e+00  
527       1.799469e+01   1.767479e+01   2.390268e+00   2.386887e+00  
528       1.792154e+01   1.759694e+01   2.403558e+00   2.398406e+00  
529       1.799941e+01   1.767939e+01   2.391095e+00   2.387568e+00  
530       1.792691e+01   1.760292e+01   2.401532e+00   2.396686e+00  
531       1.799121e+01   1.767123e+01   2.390476e+00   2.386792e+00  
532       1.793341e+01   1.760962e+01   2.400845e+00   2.396749e+00  
533       1.799679e+01   1.767712e+01   2.390629e+00   2.385087e+00  
534       1.792560e+01   1.760165e+01   2.400713e+00   2.396976e+00  
535       1.799649e+01   1.767689e+01   2.390863e+00   2.384326e+00  
536       1.792575e+01   1.760174e+01   2.400533e+00   2.397579e+00  
537       1.799403e+01   1.767412e+01   2.392101e+00   2.385001e+00  
538       1.792134e+01   1.759818e+01   2.397791e+00   2.393593e+00  
539       1.798398e+01   1.766333e+01   2.394163e+00   2.387094e+00  
540       1.792899e+01   1.760660e+01   2.395921e+00   2.390787e+00  
541       1.797067e+01   1.764974e+01   2.394494e+00   2.387015e+00  
542       1.792426e+01   1.760212e+01   2.394724e+00   2.389541e+00  
543       1.796078e+01   1.763957e+01   2.394939e+00   2.387360e+00  
544       1.792657e+01   1.760478e+01   2.393783e+00   2.388194e+00  
545       1.794813e+01   1.762667e+01   2.395414e+00   2.387035e+00  
546       1.793334e+01   1.761145e+01   2.394708e+00   2.388908e+00  
547       1.794051e+01   1.761884e+01   2.395052e+00   2.387910e+00  
548       1.794246e+01   1.761991e+01   2.397496e+00   2.392177e+00  
549       1.794519e+01   1.762338e+01   2.395779e+00   2.388874e+00  
550       1.794923e+01   1.762646e+01   2.399462e+00   2.392768e+00  
551       1.794988e+01   1.762789e+01   2.396737e+00   2.389854e+00  
552       1.795720e+01   1.763382e+01   2.402714e+00   2.395048e+00  
553       1.796516e+01   1.764265e+01   2.399299e+00   2.393189e+00  
554       1.796554e+01   1.764219e+01   2.403084e+00   2.395669e+00  
555       1.797009e+01   1.764658e+01   2.403759e+00   2.396775e+00  
556       1.796368e+01   1.764005e+01   2.403717e+00   2.396853e+00  
557       1.796242e+01   1.763703e+01   2.409661e+00   2.403602e+00  
558       1.795604e+01   1.763215e+01   2.404019e+00   2.397388e+00  
559       1.796417e+01   1.763773e+01   2.414339e+00   2.406828e+00  
560       1.796110e+01   1.763699e+01   2.404974e+00   2.398668e+00  
561       1.795974e+01   1.763210e+01   2.418177e+00   2.411115e+00  
562       1.796111e+01   1.763566e+01   2.410222e+00   2.403243e+00  
563       1.796579e+01   1.763722e+01   2.422282e+00   2.414669e+00  
564       1.796039e+01   1.763402e+01   2.413634e+00   2.406477e+00  
565       1.797798e+01   1.764972e+01   2.421595e+00   2.414717e+00  
566       1.795911e+01   1.763286e+01   2.413010e+00   2.406070e+00  
567       1.798130e+01   1.765240e+01   2.424286e+00   2.417230e+00  
568       1.795883e+01   1.763178e+01   2.415306e+00   2.409608e+00  
569       1.798549e+01   1.765560e+01   2.428215e+00   2.421063e+00  
570       1.795640e+01   1.762876e+01   2.416934e+00   2.411967e+00  
571       1.799204e+01   1.766178e+01   2.430349e+00   2.422522e+00  
572       1.794994e+01   1.762219e+01   2.416726e+00   2.412133e+00  
573       1.798656e+01   1.765539e+01   2.433416e+00   2.425281e+00  
574       1.795225e+01   1.762362e+01   2.419924e+00   2.415612e+00  
575       1.798420e+01   1.765280e+01   2.434029e+00   2.426054e+00  
576       1.794891e+01   1.762025e+01   2.419686e+00   2.415641e+00  
577       1.798094e+01   1.764902e+01   2.435783e+00   2.427585e+00  
578       1.794761e+01   1.761864e+01   2.420745e+00   2.416692e+00  
579       1.797748e+01   1.764435e+01   2.439468e+00   2.432243e+00  
580       1.794526e+01   1.761582e+01   2.422822e+00   2.417701e+00  
581       1.798072e+01   1.764745e+01   2.439928e+00   2.433218e+00  
582       1.794179e+01   1.761194e+01   2.424198e+00   2.418855e+00  
583       1.796971e+01   1.763594e+01   2.440992e+00   2.434275e+00  
584       1.794418e+01   1.761347e+01   2.427407e+00   2.422147e+00  
585       1.796725e+01   1.763295e+01   2.442573e+00   2.436230e+00  
586       1.794277e+01   1.761182e+01   2.428169e+00   2.422961e+00  
587       1.795570e+01   1.762059e+01   2.444709e+00   2.438355e+00  
588       1.795372e+01   1.762171e+01   2.432371e+00   2.427913e+00  
589       1.795829e+01   1.762311e+01   2.445462e+00   2.438441e+00  
590       1.795801e+01   1.762549e+01   2.434227e+00   2.430330e+00  
591       1.795573e+01   1.761946e+01   2.448950e+00   2.442444e+00  
592       1.795971e+01   1.762607e+01   2.438958e+00   2.434007e+00  
593       1.796423e+01   1.762763e+01   2.450710e+00   2.444234e+00  
594       1.796429e+01   1.763039e+01   2.440217e+00   2.435282e+00  
595       1.796125e+01   1.762431e+01   2.451597e+00   2.445361e+00  
596       1.796667e+01   1.763216e+01   2.442785e+00   2.437444e+00  
597       1.796688e+01   1.762906e+01   2.454765e+00   2.449357e+00  
598       1.798128e+01   1.764674e+01   2.443483e+00   2.438941e+00  
599       1.796179e+01   1.762369e+01   2.455472e+00   2.449951e+00  
600       1.797585e+01   1.764076e+01   2.445414e+00   2.440194e+00  
601       1.796648e+01   1.762826e+01   2.456355e+00   2.450548e+00  
602       1.797686e+01   1.764135e+01   2.446583e+00   2.442207e+00  
603       1.796347e+01   1.762478e+01   2.457888e+00   2.451970e+00  
604       1.798256e+01   1.764688e+01   2.447141e+00   2.443687e+00  
605       1.796230e+01   1.762367e+01   2.457697e+00   2.451605e+00  
606       1.798248e+01   1.764651e+01   2.448208e+00   2.444661e+00  
607       1.795612e+01   1.761681e+01   2.460166e+00   2.453174e+00  
608       1.799053e+01   1.765439e+01   2.449617e+00   2.445603e+00  
609       1.795665e+01   1.761738e+01   2.459793e+00   2.453290e+00  
610       1.798740e+01   1.765030e+01   2.452925e+00   2.448767e+00  
611       1.795259e+01   1.761317e+01   2.459465e+00   2.454102e+00  
612       1.799189e+01   1.765427e+01   2.455420e+00   2.450621e+00  
613       1.794120e+01   1.760133e+01   2.460872e+00   2.454343e+00  
614       1.799070e+01   1.765254e+01   2.457433e+00   2.452351e+00  
615       1.794670e+01   1.760645e+01   2.462255e+00   2.456529e+00  
616       1.799530e+01   1.765651e+01   2.459781e+00   2.455153e+00  
617       1.794081e+01   1.760062e+01   2.461900e+00   2.455551e+00  
618       1.799866e+01   1.765912e+01   2.462934e+00   2.457859e+00  
619       1.794555e+01   1.760514e+01   2.463083e+00   2.456658e+00  
620       1.800674e+01   1.766667e+01   2.464712e+00   2.461067e+00  
621       1.794870e+01   1.760756e+01   2.465870e+00   2.459553e+00  
622       1.800829e+01   1.766799e+01   2.465622e+00   2.462004e+00  
623       1.796000e+01   1.761860e+01   2.466713e+00   2.462089e+00  
624       1.800881e+01   1.766848e+01   2.466124e+00   2.461724e+00  
625       1.795433e+01   1.761195e+01   2.469323e+00   2.465684e+00  
626       1.801616e+01   1.767582e+01   2.466625e+00   2.462377e+00  
627       1.795901e+01   1.761670e+01   2.469640e+00   2.465510e+00  
628       1.801274e+01   1.767150e+01   2.469567e+00   2.465419e+00  
629       1.796358e+01   1.762105e+01   2.470636e+00   2.466689e+00  
630       1.801498e+01   1.767296e+01   2.472050e+00   2.468765e+00  
631       1.796615e+01   1.762300e+01   2.473515e+00   2.468615e+00  
632       1.800820e+01   1.766545e+01   2.474206e+00   2.470950e+00  
633       1.797219e+01   1.762880e+01   2.473784e+00   2.470897e+00  
634       1.800527e+01   1.766170e+01   2.477243e+00   2.473331e+00  
635       1.796513e+01   1.762145e+01   2.474965e+00   2.470795e+00  
636       1.800484e+01   1.766018e+01   2.480846e+00   2.477409e+00  
637       1.796984e+01   1.762577e+01   2.476232e+00   2.473021e+00  
638       1.800810e+01   1.766256e+01   2.483998e+00   2.480963e+00  
639       1.797308e+01   1.762825e+01   2.478732e+00   2.476384e+00  
640       1.800540e+01   1.765957e+01   2.484400e+00   2.482316e+00  
641       1.796410e+01   1.761811e+01   2.482054e+00   2.480035e+00  
642       1.800736e+01   1.766121e+01   2.485197e+00   2.484071e+00  
643       1.797280e+01   1.762712e+01   2.481130e+00   2.479917e+00  
644       1.800860e+01   1.766277e+01   2.483724e+00   2.483464e+00  
645       1.798028e+01   1.763434e+01   2.482854e+00   2.481083e+00  
646       1.801403e+01   1.766773e+01   2.485451e+00   2.485805e+00  
647       1.798826e+01   1.764181e+01   2.484435e+00   2.484325e+00  
648       1.801353e+01   1.766731e+01   2.485046e+00   2.485560e+00  
649       1.799466e+01   1.764926e+01   2.480821e+00   2.481336e+00  
650       1.800764e+01   1.766115e+01   2.485977e+00   2.485691e+00  
651       1.799250e+01   1.764710e+01   2.480717e+00   2.481081e+00  
652       1.799580e+01   1.764917e+01   2.485648e+00   2.485432e+00  
653       1.799691e+01   1.765114e+01   2.480816e+00   2.484272e+00  
654       1.799686e+01   1.765012e+01   2.485866e+00   2.486087e+00  
655       1.799123e+01   1.764561e+01   2.479794e+00   2.483415e+00  
656       1.799919e+01   1.765228e+01   2.486687e+00   2.486816e+00  
657       1.799373e+01   1.764794e+01   2.480549e+00   2.484230e+00  
658       1.799991e+01   1.765295e+01   2.486525e+00   2.487436e+00  
659       1.800632e+01   1.766111e+01   2.479271e+00   2.483153e+00  
660       1.800780e+01   1.766099e+01   2.486347e+00   2.487673e+00  
661       1.801053e+01   1.766533e+01   2.479856e+00   2.483034e+00  
662       1.800576e+01   1.765915e+01   2.485563e+00   2.486723e+00  
663       1.801096e+01   1.766536e+01   2.480743e+00   2.485079e+00  
664       1.801381e+01   1.766671e+01   2.487930e+00   2.488942e+00  
665       1.800980e+01   1.766365e+01   2.482499e+00   2.487072e+00  
666       1.801362e+01   1.766665e+01   2.487460e+00   2.488434e+00  
667       1.800791e+01   1.766117e+01   2.484549e+00   2.488960e+00  
668       1.801673e+01   1.766938e+01   2.489226e+00   2.489825e+00  
669       1.801627e+01   1.766964e+01   2.484726e+00   2.489152e+00  
670       1.801351e+01   1.766620e+01   2.488911e+00   2.489436e+00  
671       1.800844e+01   1.766123e+01   2.486011e+00   2.490895e+00  
672       1.802218e+01   1.767546e+01   2.487093e+00   2.488305e+00  
673       1.801230e+01   1.766525e+01   2.485541e+00   2.490753e+00  
674       1.802173e+01   1.767496e+01   2.487237e+00   2.488448e+00  
675       1.800862e+01   1.766198e+01   2.483580e+00   2.489257e+00  
676       1.802377e+01   1.767783e+01   2.484140e+00   2.485923e+00  
677       1.801315e+01   1.766729e+01   2.481509e+00   2.486493e+00  
678       1.803215e+01   1.768692e+01   2.482100e+00   2.484075e+00  
679       1.801683e+01   1.767223e+01   2.477053e+00   2.482487e+00  
680       1.802536e+01   1.767994e+01   2.482617e+00   2.483951e+00  
681       1.801759e+01   1.767357e+01   2.475289e+00   2.480223e+00  
682       1.802996e+01   1.768468e+01   2.482077e+00   2.484135e+00  
683       1.801436e+01   1.767108e+01   2.473069e+00   2.476722e+00  
684       1.802729e+01   1.768249e+01   2.479811e+00   2.482604e+00  
685       1.800585e+01   1.766254e+01   2.472142e+00   2.476640e+00  
686       1.802904e+01   1.768412e+01   2.479997e+00   2.483496e+00  
687       1.801529e+01   1.767305e+01   2.469018e+00   2.473501e+00  
688       1.802546e+01   1.768117e+01   2.477095e+00   2.481416e+00  
689       1.800740e+01   1.766485e+01   2.469468e+00   2.474131e+00  
690       1.802619e+01   1.768288e+01   2.473783e+00   2.477825e+00  
691       1.801940e+01   1.767721e+01   2.469500e+00   2.473176e+00  
692       1.803485e+01   1.769229e+01   2.471909e+00   2.475579e+00  
693       1.802193e+01   1.767990e+01   2.468919e+00   2.472992e+00  
694       1.804533e+01   1.770326e+01   2.470831e+00   2.474557e+00  
695       1.802372e+01   1.768254e+01   2.465580e+00   2.470441e+00  
696       1.804395e+01   1.770203e+01   2.470373e+00   2.473807e+00  
697       1.802127e+01   1.768027e+01   2.464158e+00   2.470223e+00  
698       1.804988e+01   1.770874e+01   2.468433e+00   2.470941e+00  
699       1.802071e+01   1.767931e+01   2.465859e+00   2.471369e+00  
700       1.804919e+01   1.770874e+01   2.465330e+00   2.468999e+00  
701       1.801133e+01   1.766893e+01   2.468506e+00   2.474608e+00  
702       1.805044e+01   1.771090e+01   2.462512e+00   2.465441e+00  
703       1.799828e+01   1.765513e+01   2.470428e+00   2.476150e+00  
704       1.805002e+01   1.770996e+01   2.463946e+00   2.467716e+00  
705       1.800033e+01   1.765700e+01   2.471420e+00   2.476776e+00  
706       1.805121e+01   1.771105e+01   2.464257e+00   2.468258e+00  
707       1.799440e+01   1.765101e+01   2.470682e+00   2.477100e+00  
708       1.805699e+01   1.771686e+01   2.464682e+00   2.468391e+00  
709       1.800093e+01   1.765795e+01   2.469204e+00   2.476576e+00  
710       1.806171e+01   1.772165e+01   2.464906e+00   2.468333e+00  
711       1.800058e+01   1.765732e+01   2.469998e+00   2.477730e+00  
712       1.807477e+01   1.773543e+01   2.463300e+00   2.466601e+00  
713       1.801189e+01   1.766874e+01   2.470359e+00   2.478117e+00  
714       1.807861e+01   1.773935e+01   2.463349e+00   2.466443e+00  
715       1.800857e+01   1.766526e+01   2.470597e+00   2.478539e+00  
716       1.808080e+01   1.774180e+01   2.461913e+00   2.466362e+00  
717       1.800851e+01   1.766516e+01   2.470614e+00   2.478838e+00  
718       1.807617e+01   1.773713e+01   2.461168e+00   2.466759e+00  
719       1.800045e+01   1.765691e+01   2.470941e+00   2.478757e+00  
720       1.807694e+01   1.773836e+01   2.459643e+00   2.465065e+00  
721       1.799671e+01   1.765327e+01   2.470384e+00   2.478024e+00  
722       1.808385e+01   1.774526e+01   2.460043e+00   2.465698e+00  
723       1.800536e+01   1.766210e+01   2.470298e+00   2.478032e+00  
724       1.807903e+01   1.774062e+01   2.458788e+00   2.464932e+00  
725       1.801172e+01   1.766869e+01   2.469715e+00   2.477881e+00  
726       1.807149e+01   1.773270e+01   2.459736e+00   2.465769e+00  
727       1.802081e+01   1.767835e+01   2.468606e+00   2.476244e+00  
728       1.807087e+01   1.773205e+01   2.459433e+00   2.466163e+00  
729       1.801478e+01   1.767226e+01   2.468024e+00   2.476305e+00  
730       1.807025e+01   1.773155e+01   2.459015e+00   2.465637e+00  
731       1.801860e+01   1.767600e+01   2.468043e+00   2.477450e+00  
732       1.806346e+01   1.772475e+01   2.458084e+00   2.465656e+00  
733       1.801909e+01   1.767709e+01   2.466154e+00   2.475149e+00  
734       1.806098e+01   1.772214e+01   2.458461e+00   2.465947e+00  
735       1.801542e+01   1.767346e+01   2.465714e+00   2.474749e+00  
736       1.806015e+01   1.772114e+01   2.459143e+00   2.466322e+00  
737       1.801967e+01   1.767792e+01   2.465394e+00   2.474162e+00  
738       1.805922e+01   1.772034e+01   2.458094e+00   2.466332e+00  
739       1.802123e+01   1.767876e+01   2.467764e+00   2.477165e+00  
740       1.805537e+01   1.771621e+01   2.458570e+00   2.467311e+00  
741       1.802228e+01   1.767986e+01   2.468027e+00   2.476741e+00  
742       1.805570e+01   1.771673e+01   2.457614e+00   2.466961e+00  
743       1.802774e+01   1.768541e+01   2.467945e+00   2.476897e+00  
744       1.805716e+01   1.771823e+01   2.458068e+00   2.466416e+00  
745       1.802061e+01   1.767814e+01   2.467906e+00   2.476933e+00  
746       1.805618e+01   1.771744e+01   2.457248e+00   2.465781e+00  
747       1.802393e+01   1.768188e+01   2.466279e+00   2.476036e+00  
748       1.805368e+01   1.771494e+01   2.457489e+00   2.465202e+00  
749       1.802805e+01   1.768617e+01   2.465649e+00   2.476027e+00  
750       1.805478e+01   1.771604e+01   2.457538e+00   2.465218e+00  
751       1.802397e+01   1.768236e+01   2.464027e+00   2.475110e+00  
752       1.805048e+01   1.771238e+01   2.455130e+00   2.462505e+00  
753       1.802854e+01   1.768740e+01   2.463533e+00   2.472842e+00  
754       1.804336e+01   1.770505e+01   2.455151e+00   2.463007e+00  
755       1.802374e+01   1.768343e+01   2.459926e+00   2.469848e+00  
756       1.803617e+01   1.769781e+01   2.455300e+00   2.462190e+00  
757       1.802761e+01   1.768796e+01   2.457895e+00   2.467685e+00  
758       1.803111e+01   1.769299e+01   2.454379e+00   2.460762e+00  
759       1.802157e+01   1.768215e+01   2.456532e+00   2.466584e+00  
760       1.801908e+01   1.768104e+01   2.453251e+00   2.459631e+00  
761       1.802302e+01   1.768384e+01   2.455554e+00   2.466054e+00  
762       1.801572e+01   1.767739e+01   2.454338e+00   2.460157e+00  
763       1.803015e+01   1.769188e+01   2.452418e+00   2.463631e+00  
764       1.801111e+01   1.767279e+01   2.454045e+00   2.459705e+00  
765       1.802868e+01   1.769077e+01   2.451642e+00   2.461584e+00  
766       1.801586e+01   1.767816e+01   2.452023e+00   2.457912e+00  
767       1.803192e+01   1.769431e+01   2.451408e+00   2.460083e+00  
768       1.801437e+01   1.767677e+01   2.451409e+00   2.457649e+00  
769       1.803580e+01   1.769867e+01   2.450647e+00   2.457934e+00  
770       1.801610e+01   1.767863e+01   2.451036e+00   2.457363e+00  
771       1.803881e+01   1.770188e+01   2.450242e+00   2.457307e+00  
772       1.802207e+01   1.768490e+01   2.450283e+00   2.456669e+00  
773       1.803283e+01   1.769607e+01   2.449470e+00   2.456062e+00  
774       1.801151e+01   1.767380e+01   2.451495e+00   2.457911e+00  
775       1.803662e+01   1.769948e+01   2.450872e+00   2.457858e+00  
776       1.801809e+01   1.768056e+01   2.451560e+00   2.457435e+00  
777       1.803780e+01   1.770045e+01   2.451942e+00   2.458511e+00  
778       1.801553e+01   1.767794e+01   2.452075e+00   2.457068e+00  
779       1.803730e+01   1.769969e+01   2.452830e+00   2.459483e+00  
780       1.802480e+01   1.768709e+01   2.453104e+00   2.458155e+00  
781       1.804501e+01   1.770703e+01   2.455060e+00   2.460933e+00  
782       1.803020e+01   1.769245e+01   2.453355e+00   2.458945e+00  
783       1.804648e+01   1.770847e+01   2.455554e+00   2.460838e+00  
784       1.803504e+01   1.769725e+01   2.453841e+00   2.459406e+00  
785       1.804369e+01   1.770589e+01   2.454892e+00   2.459669e+00  
786       1.803626e+01   1.769764e+01   2.456290e+00   2.463056e+00  
787       1.803142e+01   1.769261e+01   2.457589e+00   2.462482e+00  
788       1.804173e+01   1.770308e+01   2.457229e+00   2.463170e+00  
789       1.803049e+01   1.769164e+01   2.458070e+00   2.462221e+00  
790       1.803176e+01   1.769286e+01   2.457699e+00   2.463119e+00  
791       1.802734e+01   1.768841e+01   2.457535e+00   2.462895e+00  
792       1.803152e+01   1.769275e+01   2.457153e+00   2.462655e+00  
793       1.802216e+01   1.768318e+01   2.457661e+00   2.462367e+00  
794       1.803082e+01   1.769184e+01   2.458189e+00   2.463065e+00  
795       1.801811e+01   1.767894e+01   2.458403e+00   2.462395e+00  
796       1.802974e+01   1.769085e+01   2.457520e+00   2.462926e+00  
797       1.801207e+01   1.767225e+01   2.460466e+00   2.464220e+00  
798       1.804152e+01   1.770232e+01   2.459653e+00   2.464661e+00  
799       1.801336e+01   1.767348e+01   2.461161e+00   2.464155e+00  
800       1.803746e+01   1.769813e+01   2.459420e+00   2.465232e+00  
801       1.801322e+01   1.767281e+01   2.462747e+00   2.466277e+00  
802       1.804101e+01   1.770189e+01   2.459219e+00   2.464392e+00  
803       1.801173e+01   1.767112e+01   2.463669e+00   2.466583e+00  
804       1.802507e+01   1.768572e+01   2.459077e+00   2.464037e+00  
805       1.801025e+01   1.766959e+01   2.464012e+00   2.466471e+00  
806       1.803331e+01   1.769406e+01   2.459333e+00   2.464156e+00  
807       1.801007e+01   1.766902e+01   2.465528e+00   2.467735e+00  
808       1.803034e+01   1.769119e+01   2.458880e+00   2.463543e+00  
809       1.800603e+01   1.766456e+01   2.466580e+00   2.469036e+00  
810       1.803157e+01   1.769229e+01   2.459867e+00   2.463572e+00  
811       1.799797e+01   1.765623e+01   2.466602e+00   2.469932e+00  
812       1.802941e+01   1.768970e+01   2.461519e+00   2.464703e+00  
813       1.800498e+01   1.766301e+01   2.467657e+00   2.471406e+00  
814       1.802333e+01   1.768345e+01   2.461709e+00   2.464920e+00  
815       1.800275e+01   1.766043e+01   2.468917e+00   2.472386e+00  
816       1.801707e+01   1.767658e+01   2.463315e+00   2.466929e+00  
817       1.800294e+01   1.766045e+01   2.469525e+00   2.473000e+00  
818       1.801458e+01   1.767382e+01   2.464227e+00   2.467510e+00  
819       1.799796e+01   1.765547e+01   2.469242e+00   2.472610e+00  
820       1.801614e+01   1.767526e+01   2.464626e+00   2.468203e+00  
821       1.800307e+01   1.766090e+01   2.469334e+00   2.470946e+00  
822       1.800712e+01   1.766602e+01   2.464666e+00   2.468523e+00  
823       1.799750e+01   1.765508e+01   2.469866e+00   2.471431e+00  
824       1.800704e+01   1.766557e+01   2.466110e+00   2.469681e+00  
825       1.799362e+01   1.765123e+01   2.469142e+00   2.471416e+00  
826       1.800696e+01   1.766548e+01   2.465693e+00   2.470205e+00  
827       1.799452e+01   1.765274e+01   2.467853e+00   2.468476e+00  
828       1.801083e+01   1.766966e+01   2.465250e+00   2.468895e+00  
829       1.798478e+01   1.764291e+01   2.467368e+00   2.468254e+00  
830       1.801094e+01   1.766966e+01   2.465922e+00   2.469112e+00  
831       1.797753e+01   1.763606e+01   2.465365e+00   2.466353e+00  
832       1.801795e+01   1.767721e+01   2.465147e+00   2.466976e+00  
833       1.797431e+01   1.763274e+01   2.465570e+00   2.466466e+00  
834       1.801506e+01   1.767422e+01   2.465672e+00   2.466735e+00  
835       1.797259e+01   1.763101e+01   2.465106e+00   2.466699e+00  
836       1.801036e+01   1.766974e+01   2.464358e+00   2.465853e+00  
837       1.797837e+01   1.763684e+01   2.466208e+00   2.466103e+00  
838       1.801310e+01   1.767270e+01   2.463964e+00   2.464995e+00  
839       1.797837e+01   1.763716e+01   2.465487e+00   2.464469e+00  
840       1.801264e+01   1.767206e+01   2.464208e+00   2.466004e+00  
841       1.798598e+01   1.764521e+01   2.464599e+00   2.463325e+00  
842       1.800728e+01   1.766682e+01   2.463830e+00   2.464789e+00  
843       1.799191e+01   1.765107e+01   2.465569e+00   2.463633e+00  
844       1.800058e+01   1.766007e+01   2.463744e+00   2.464322e+00  
845       1.798439e+01   1.764313e+01   2.466364e+00   2.464806e+00  
846       1.800466e+01   1.766418e+01   2.464599e+00   2.463740e+00  
847       1.799587e+01   1.765445e+01   2.467175e+00   2.466680e+00  
848       1.800012e+01   1.765908e+01   2.466599e+00   2.465186e+00  
849       1.799430e+01   1.765268e+01   2.467646e+00   2.467478e+00  
850       1.800357e+01   1.766231e+01   2.468090e+00   2.465736e+00  
851       1.800483e+01   1.766320e+01   2.468541e+00   2.468085e+00  
852       1.799944e+01   1.765786e+01   2.469033e+00   2.466541e+00  
853       1.800578e+01   1.766380e+01   2.469376e+00   2.469943e+00  
854       1.799076e+01   1.764851e+01   2.471105e+00   2.468086e+00  
855       1.800880e+01   1.766649e+01   2.470925e+00   2.471188e+00  
856       1.798703e+01   1.764438e+01   2.472408e+00   2.469074e+00  
857       1.801037e+01   1.766769e+01   2.472537e+00   2.472383e+00  
858       1.797184e+01   1.762836e+01   2.474407e+00   2.470930e+00  
859       1.801291e+01   1.766977e+01   2.474799e+00   2.473811e+00  
860       1.796958e+01   1.762464e+01   2.478978e+00   2.476396e+00  
861       1.801075e+01   1.766685e+01   2.477477e+00   2.476229e+00  
862       1.797077e+01   1.762513e+01   2.482105e+00   2.478399e+00  
863       1.800191e+01   1.765731e+01   2.479556e+00   2.477869e+00  
864       1.796887e+01   1.762296e+01   2.482263e+00   2.479883e+00  
865       1.800278e+01   1.765769e+01   2.481414e+00   2.479652e+00  
866       1.797533e+01   1.762949e+01   2.482129e+00   2.480467e+00  
867       1.799665e+01   1.765177e+01   2.480189e+00   2.478522e+00  
868       1.797463e+01   1.762831e+01   2.483378e+00   2.482502e+00  
869       1.800377e+01   1.765878e+01   2.480950e+00   2.479546e+00  
870       1.797528e+01   1.762833e+01   2.485085e+00   2.485336e+00  
871       1.800531e+01   1.765970e+01   2.483329e+00   2.481814e+00  
872       1.797250e+01   1.762444e+01   2.489277e+00   2.488714e+00  
873       1.801550e+01   1.766962e+01   2.484929e+00   2.483506e+00  
874       1.798084e+01   1.763249e+01   2.491051e+00   2.490079e+00  
875       1.801228e+01   1.766584e+01   2.486087e+00   2.485851e+00  
876       1.798601e+01   1.763712e+01   2.493259e+00   2.492408e+00  
877       1.801571e+01   1.766873e+01   2.487993e+00   2.488314e+00  
878       1.798974e+01   1.764046e+01   2.495262e+00   2.493710e+00  
879       1.801523e+01   1.766797e+01   2.488559e+00   2.489624e+00  
880       1.798461e+01   1.763473e+01   2.496748e+00   2.495797e+00  
881       1.801538e+01   1.766776e+01   2.489517e+00   2.491249e+00  
882       1.798951e+01   1.763942e+01   2.497154e+00   2.497535e+00  
883       1.801634e+01   1.766880e+01   2.490197e+00   2.490207e+00  
884       1.798422e+01   1.763298e+01   2.500608e+00   2.501375e+00  
885       1.801976e+01   1.767157e+01   2.492204e+00   2.493258e+00  
886       1.797919e+01   1.762767e+01   2.500534e+00   2.502739e+00  
887       1.801925e+01   1.767035e+01   2.494538e+00   2.495854e+00  
888       1.797680e+01   1.762483e+01   2.501962e+00   2.504193e+00  
889       1.801826e+01   1.766902e+01   2.495021e+00   2.497683e+00  
890       1.798111e+01   1.762849e+01   2.504100e+00   2.507229e+00  
891       1.801551e+01   1.766566e+01   2.497105e+00   2.499573e+00  
892       1.799253e+01   1.763983e+01   2.505486e+00   2.507986e+00  
893       1.801068e+01   1.766037e+01   2.498147e+00   2.501084e+00  
894       1.798574e+01   1.763235e+01   2.506946e+00   2.510388e+00  
895       1.801188e+01   1.766174e+01   2.497799e+00   2.500369e+00  
896       1.799468e+01   1.764083e+01   2.509418e+00   2.512434e+00  
897       1.800809e+01   1.765771e+01   2.497788e+00   2.501535e+00  
898       1.799893e+01   1.764521e+01   2.509382e+00   2.512155e+00  
899       1.800737e+01   1.765653e+01   2.498966e+00   2.503543e+00  
900       1.799965e+01   1.764580e+01   2.509404e+00   2.513142e+00  
901       1.799970e+01   1.764836e+01   2.499630e+00   2.505267e+00  
902       1.799763e+01   1.764395e+01   2.508306e+00   2.512774e+00  
903       1.799987e+01   1.764837e+01   2.499499e+00   2.506589e+00  
904       1.799886e+01   1.764530e+01   2.507940e+00   2.512544e+00  
905       1.799951e+01   1.764739e+01   2.501611e+00   2.508763e+00  
906       1.800186e+01   1.764868e+01   2.507527e+00   2.510586e+00  
907       1.799348e+01   1.764131e+01   2.500851e+00   2.509017e+00  
908       1.799887e+01   1.764584e+01   2.506447e+00   2.510262e+00  
909       1.799056e+01   1.763803e+01   2.501643e+00   2.510366e+00  
910       1.800583e+01   1.765318e+01   2.505405e+00   2.509616e+00  
911       1.799169e+01   1.763902e+01   2.502816e+00   2.510390e+00  
912       1.800462e+01   1.765227e+01   2.503462e+00   2.509265e+00  
913       1.799341e+01   1.764054e+01   2.503490e+00   2.511303e+00  
914       1.801049e+01   1.765855e+01   2.501685e+00   2.508993e+00  
915       1.799799e+01   1.764535e+01   2.503228e+00   2.510655e+00  
916       1.801316e+01   1.766122e+01   2.501878e+00   2.509139e+00  
917       1.800708e+01   1.765469e+01   2.502804e+00   2.510538e+00  
918       1.801702e+01   1.766510e+01   2.501630e+00   2.509794e+00  
919       1.799777e+01   1.764486e+01   2.503569e+00   2.512128e+00  
920       1.801422e+01   1.766195e+01   2.502213e+00   2.511258e+00  
921       1.799658e+01   1.764374e+01   2.503194e+00   2.511837e+00  
922       1.801295e+01   1.766043e+01   2.502977e+00   2.512102e+00  
923       1.798989e+01   1.763672e+01   2.503432e+00   2.512974e+00  
924       1.801492e+01   1.766195e+01   2.504240e+00   2.514328e+00  
925       1.798926e+01   1.763631e+01   2.502711e+00   2.512069e+00  
926       1.801601e+01   1.766299e+01   2.504625e+00   2.514394e+00  
927       1.799339e+01   1.764060e+01   2.502336e+00   2.511864e+00  
928       1.801255e+01   1.765921e+01   2.505509e+00   2.515309e+00  
929       1.799037e+01   1.763757e+01   2.501256e+00   2.512610e+00  
930       1.801223e+01   1.765859e+01   2.507034e+00   2.515834e+00  
931       1.799473e+01   1.764199e+01   2.501014e+00   2.513027e+00  
932       1.801290e+01   1.765884e+01   2.508438e+00   2.517469e+00  
933       1.799868e+01   1.764557e+01   2.502296e+00   2.514914e+00  
934       1.801107e+01   1.765666e+01   2.509316e+00   2.518757e+00  
935       1.799969e+01   1.764640e+01   2.503133e+00   2.515529e+00  
936       1.800870e+01   1.765406e+01   2.509279e+00   2.520120e+00  
937       1.800408e+01   1.765056e+01   2.504275e+00   2.516613e+00  
938       1.800160e+01   1.764650e+01   2.510120e+00   2.521497e+00  
939       1.800887e+01   1.765511e+01   2.505521e+00   2.517702e+00  
940       1.800616e+01   1.765044e+01   2.512751e+00   2.523811e+00  
941       1.801444e+01   1.766053e+01   2.505849e+00   2.519204e+00  
942       1.800887e+01   1.765330e+01   2.512138e+00   2.523774e+00  
943       1.800678e+01   1.765227e+01   2.507536e+00   2.520652e+00  
944       1.801059e+01   1.765474e+01   2.512664e+00   2.525501e+00  
945       1.800559e+01   1.765048e+01   2.509590e+00   2.522647e+00  
946       1.800875e+01   1.765266e+01   2.513199e+00   2.526356e+00  
947       1.800464e+01   1.764975e+01   2.509039e+00   2.521558e+00  
948       1.800594e+01   1.764966e+01   2.513679e+00   2.526820e+00  
949       1.800254e+01   1.764735e+01   2.509617e+00   2.522720e+00  
950       1.800994e+01   1.765402e+01   2.512994e+00   2.525554e+00  
951       1.800048e+01   1.764566e+01   2.508033e+00   2.521409e+00  
952       1.800792e+01   1.765216e+01   2.512625e+00   2.524500e+00  
953       1.799774e+01   1.764308e+01   2.507584e+00   2.520375e+00  
954       1.801256e+01   1.765642e+01   2.514313e+00   2.526159e+00  
955       1.799248e+01   1.763781e+01   2.506829e+00   2.520482e+00  
956       1.801534e+01   1.765896e+01   2.514992e+00   2.527553e+00  
957       1.799171e+01   1.763676e+01   2.507597e+00   2.521551e+00  
958       1.801802e+01   1.766169e+01   2.515781e+00   2.526753e+00  
959       1.799511e+01   1.764010e+01   2.507302e+00   2.522764e+00  
960       1.801626e+01   1.765968e+01   2.516803e+00   2.527251e+00  
961       1.799335e+01   1.763854e+01   2.506142e+00   2.522236e+00  
962       1.801520e+01   1.765850e+01   2.517201e+00   2.527564e+00  
963       1.800007e+01   1.764553e+01   2.506376e+00   2.521046e+00  
964       1.800753e+01   1.765098e+01   2.516046e+00   2.526544e+00  
965       1.799562e+01   1.764100e+01   2.506387e+00   2.521020e+00  
966       1.800941e+01   1.765310e+01   2.514988e+00   2.526248e+00  
967       1.800779e+01   1.765359e+01   2.505416e+00   2.520799e+00  
968       1.799873e+01   1.764235e+01   2.514728e+00   2.525421e+00  
969       1.800128e+01   1.764684e+01   2.506294e+00   2.520682e+00  
970       1.799419e+01   1.763757e+01   2.515095e+00   2.526145e+00  
971       1.799629e+01   1.764163e+01   2.506686e+00   2.521094e+00  
972       1.798727e+01   1.763051e+01   2.514639e+00   2.526538e+00  
973       1.799773e+01   1.764332e+01   2.506649e+00   2.519609e+00  
974       1.798889e+01   1.763274e+01   2.513076e+00   2.524124e+00  
975       1.800634e+01   1.765248e+01   2.504899e+00   2.518624e+00  
976       1.799651e+01   1.764109e+01   2.511059e+00   2.522065e+00  
977       1.800268e+01   1.764921e+01   2.503743e+00   2.516609e+00  
978       1.799986e+01   1.764491e+01   2.509318e+00   2.521028e+00  
979       1.800076e+01   1.764740e+01   2.503029e+00   2.516271e+00  
980       1.800685e+01   1.765269e+01   2.507182e+00   2.518606e+00  
981       1.800990e+01   1.765684e+01   2.503039e+00   2.515384e+00  
982       1.801043e+01   1.765714e+01   2.504219e+00   2.515886e+00  
983       1.801099e+01   1.765837e+01   2.501647e+00   2.513879e+00  
984       1.800382e+01   1.765105e+01   2.502191e+00   2.513359e+00  
985       1.801310e+01   1.766065e+01   2.501331e+00   2.513275e+00  
986       1.800372e+01   1.765181e+01   2.499648e+00   2.509822e+00  
987       1.801339e+01   1.766157e+01   2.499427e+00   2.510764e+00  
988       1.799575e+01   1.764376e+01   2.499665e+00   2.509262e+00  
989       1.802080e+01   1.766950e+01   2.498938e+00   2.508649e+00  
990       1.798432e+01   1.763215e+01   2.499684e+00   2.508949e+00  
991       1.801506e+01   1.766432e+01   2.496245e+00   2.506633e+00  
992       1.798046e+01   1.762856e+01   2.499032e+00   2.507137e+00  
993       1.802238e+01   1.767193e+01   2.495239e+00   2.506612e+00  
994       1.797808e+01   1.762600e+01   2.499952e+00   2.507170e+00  
995       1.802094e+01   1.767050e+01   2.495229e+00   2.506300e+00  
996       1.798208e+01   1.763018e+01   2.499121e+00   2.507225e+00  
997       1.802027e+01   1.766975e+01   2.495331e+00   2.506680e+00  
998       1.797624e+01   1.762421e+01   2.499004e+00   2.507474e+00  
999       1.802567e+01   1.767542e+01   2.495250e+00   2.505615e+00  
1000      1.797800e+01   1.762605e+01   2.498801e+00   2.507343e+00  
1001      1.802335e+01   1.767336e+01   2.494692e+00   2.504036e+00  
1002      1.797775e+01   1.762563e+01   2.499898e+00   2.507460e+00  
1003      1.802978e+01   1.767982e+01   2.496071e+00   2.503302e+00  
1004      1.798044e+01   1.762858e+01   2.498660e+00   2.507175e+00  
1005      1.802756e+01   1.767765e+01   2.496208e+00   2.502526e+00  
1006      1.798607e+01   1.763360e+01   2.501454e+00   2.509519e+00  
1007      1.802396e+01   1.767400e+01   2.496209e+00   2.502366e+00  
1008      1.798937e+01   1.763696e+01   2.501425e+00   2.509530e+00  
1009      1.802189e+01   1.767148e+01   2.498158e+00   2.503301e+00  
1010      1.798865e+01   1.763597e+01   2.502157e+00   2.510692e+00  
1011      1.802837e+01   1.767804e+01   2.498346e+00   2.503455e+00  
1012      1.798401e+01   1.763120e+01   2.501882e+00   2.511150e+00  
1013      1.802796e+01   1.767762e+01   2.497922e+00   2.503845e+00  
1014      1.798026e+01   1.762733e+01   2.502612e+00   2.510712e+00  
1015      1.802991e+01   1.767938e+01   2.498435e+00   2.504987e+00  
1016      1.797592e+01   1.762277e+01   2.503088e+00   2.511216e+00  
1017      1.802438e+01   1.767379e+01   2.498636e+00   2.504403e+00  
1018      1.798177e+01   1.762858e+01   2.503631e+00   2.511806e+00  
1019      1.802086e+01   1.767046e+01   2.497324e+00   2.503930e+00  
1020      1.797688e+01   1.762328e+01   2.504864e+00   2.512742e+00  
1021      1.800961e+01   1.765869e+01   2.498143e+00   2.505181e+00  
1022      1.797715e+01   1.762379e+01   2.503981e+00   2.511984e+00  
1023      1.799747e+01   1.764614e+01   2.498859e+00   2.505662e+00  
1024      1.797842e+01   1.762491e+01   2.504457e+00   2.512783e+00  
1025      1.800023e+01   1.764904e+01   2.498377e+00   2.505570e+00  
1026      1.798031e+01   1.762710e+01   2.503861e+00   2.511496e+00  
1027      1.799207e+01   1.764091e+01   2.497160e+00   2.505416e+00  
1028      1.798348e+01   1.763008e+01   2.505050e+00   2.512141e+00  
1029      1.799423e+01   1.764263e+01   2.498204e+00   2.507828e+00  
1030      1.799718e+01   1.764379e+01   2.506251e+00   2.512752e+00  
1031      1.799695e+01   1.764559e+01   2.498201e+00   2.506465e+00  
1032      1.800169e+01   1.764834e+01   2.506115e+00   2.513247e+00  
1033      1.799186e+01   1.763996e+01   2.500015e+00   2.507753e+00  
1034      1.800586e+01   1.765274e+01   2.505323e+00   2.512986e+00  
1035      1.799905e+01   1.764754e+01   2.498853e+00   2.507158e+00  
1036      1.800787e+01   1.765502e+01   2.504645e+00   2.512054e+00  
1037      1.799568e+01   1.764389e+01   2.499661e+00   2.507880e+00  
1038      1.800606e+01   1.765333e+01   2.504456e+00   2.511130e+00  
1039      1.799693e+01   1.764491e+01   2.500609e+00   2.508711e+00  
1040      1.800093e+01   1.764789e+01   2.505188e+00   2.511892e+00  
1041      1.800000e+01   1.764816e+01   2.499686e+00   2.508791e+00  
1042      1.800086e+01   1.764795e+01   2.504974e+00   2.511168e+00  
1043      1.800611e+01   1.765411e+01   2.501258e+00   2.509266e+00  
1044      1.800222e+01   1.764950e+01   2.504744e+00   2.510222e+00  
1045      1.800361e+01   1.765148e+01   2.501733e+00   2.509252e+00  
1046      1.800637e+01   1.765377e+01   2.504675e+00   2.510116e+00  
1047      1.799787e+01   1.764577e+01   2.501959e+00   2.508072e+00  
1048      1.801053e+01   1.765792e+01   2.505078e+00   2.510291e+00  
1049      1.799321e+01   1.764114e+01   2.501755e+00   2.507381e+00  
1050      1.801167e+01   1.765918e+01   2.504405e+00   2.510316e+00  
1051      1.799490e+01   1.764298e+01   2.501356e+00   2.506903e+00  
1052      1.801940e+01   1.766723e+01   2.504096e+00   2.509405e+00  
1053      1.799536e+01   1.764358e+01   2.500307e+00   2.507076e+00  
1054      1.800897e+01   1.765684e+01   2.503937e+00   2.507863e+00  
1055      1.799822e+01   1.764588e+01   2.502313e+00   2.509440e+00  
1056      1.800088e+01   1.764872e+01   2.502765e+00   2.508085e+00  
1057      1.800612e+01   1.765416e+01   2.501862e+00   2.508353e+00  
1058      1.799296e+01   1.764043e+01   2.503397e+00   2.508953e+00  
1059      1.800941e+01   1.765732e+01   2.503247e+00   2.508305e+00  
1060      1.799626e+01   1.764442e+01   2.500904e+00   2.507064e+00  
1061      1.800588e+01   1.765373e+01   2.502806e+00   2.508656e+00  
1062      1.797837e+01   1.762621e+01   2.500488e+00   2.507216e+00  
1063      1.800445e+01   1.765264e+01   2.501415e+00   2.507487e+00  
1064      1.797677e+01   1.762459e+01   2.500339e+00   2.507205e+00  
1065      1.800116e+01   1.764961e+01   2.500216e+00   2.506329e+00  
1066      1.797780e+01   1.762594e+01   2.498948e+00   2.506597e+00  
1067      1.799469e+01   1.764316e+01   2.499396e+00   2.506178e+00  
1068      1.797497e+01   1.762337e+01   2.498336e+00   2.504958e+00  
1069      1.799186e+01   1.764034e+01   2.498962e+00   2.506128e+00  
1070      1.797946e+01   1.762778e+01   2.498970e+00   2.505549e+00  
1071      1.799449e+01   1.764345e+01   2.497164e+00   2.504939e+00  
1072      1.797492e+01   1.762278e+01   2.499891e+00   2.507196e+00  
1073      1.798664e+01   1.763520e+01   2.498301e+00   2.505510e+00  
1074      1.798151e+01   1.762934e+01   2.500276e+00   2.507862e+00  
1075      1.798172e+01   1.762990e+01   2.499274e+00   2.506537e+00  
1076      1.798621e+01   1.763436e+01   2.499755e+00   2.506897e+00  
1077      1.798222e+01   1.762992e+01   2.501445e+00   2.507780e+00  
1078      1.799223e+01   1.764057e+01   2.499316e+00   2.506798e+00  
1079      1.798256e+01   1.762997e+01   2.502173e+00   2.509119e+00  
1080      1.799170e+01   1.763972e+01   2.500437e+00   2.507852e+00  
1081      1.797811e+01   1.762516e+01   2.503082e+00   2.510139e+00  
1082      1.799019e+01   1.763785e+01   2.501234e+00   2.509439e+00  
1083      1.798416e+01   1.763109e+01   2.503358e+00   2.511568e+00  
1084      1.798824e+01   1.763533e+01   2.503546e+00   2.510826e+00  
1085      1.798427e+01   1.763107e+01   2.503050e+00   2.512776e+00  
1086      1.799413e+01   1.764103e+01   2.504726e+00   2.511803e+00  
1087      1.798602e+01   1.763276e+01   2.503649e+00   2.512858e+00  
1088      1.799324e+01   1.763975e+01   2.506008e+00   2.513167e+00  
1089      1.798702e+01   1.763357e+01   2.504206e+00   2.513759e+00  
1090      1.799586e+01   1.764214e+01   2.506718e+00   2.514376e+00  
1091      1.799177e+01   1.763813e+01   2.505156e+00   2.514821e+00  
1092      1.798809e+01   1.763424e+01   2.506487e+00   2.514481e+00  
1093      1.799747e+01   1.764359e+01   2.506314e+00   2.516153e+00  
1094      1.798820e+01   1.763435e+01   2.506541e+00   2.514412e+00  
1095      1.799353e+01   1.763908e+01   2.507887e+00   2.518082e+00  
1096      1.799473e+01   1.764093e+01   2.506864e+00   2.514654e+00  
1097      1.800279e+01   1.764900e+01   2.505572e+00   2.517043e+00  
1098      1.799443e+01   1.764060e+01   2.507733e+00   2.513963e+00  
1099      1.800319e+01   1.764897e+01   2.506378e+00   2.519275e+00  
1100      1.800059e+01   1.764699e+01   2.507250e+00   2.513685e+00  
1101      1.800845e+01   1.765383e+01   2.507735e+00   2.521452e+00  
1102      1.800318e+01   1.764971e+01   2.507578e+00   2.512843e+00  
1103      1.801670e+01   1.766235e+01   2.507170e+00   2.521311e+00  
1104      1.800994e+01   1.765620e+01   2.508477e+00   2.514788e+00  
1105      1.801714e+01   1.766306e+01   2.506242e+00   2.520387e+00  
1106      1.800679e+01   1.765277e+01   2.508943e+00   2.515852e+00  
1107      1.801979e+01   1.766564e+01   2.506633e+00   2.520831e+00  
1108      1.800868e+01   1.765463e+01   2.509260e+00   2.516006e+00  
1109      1.802106e+01   1.766655e+01   2.507739e+00   2.522492e+00  
1110      1.799903e+01   1.764470e+01   2.508924e+00   2.516987e+00  
1111      1.801668e+01   1.766223e+01   2.507372e+00   2.521855e+00  
1112      1.800231e+01   1.764813e+01   2.508638e+00   2.516625e+00  
1113      1.801453e+01   1.765954e+01   2.508699e+00   2.523950e+00  
1114      1.800308e+01   1.764882e+01   2.509481e+00   2.516465e+00  
1115      1.802225e+01   1.766736e+01   2.508503e+00   2.524495e+00  
1116      1.799835e+01   1.764373e+01   2.510366e+00   2.517434e+00  
1117      1.801289e+01   1.765792e+01   2.508328e+00   2.523997e+00  
1118      1.800228e+01   1.764754e+01   2.510508e+00   2.518681e+00  
1119      1.801740e+01   1.766256e+01   2.508489e+00   2.523517e+00  
1120      1.800806e+01   1.765343e+01   2.510395e+00   2.518874e+00  
1121      1.801685e+01   1.766225e+01   2.507538e+00   2.522683e+00  
1122      1.800005e+01   1.764499e+01   2.511054e+00   2.520078e+00  
1123      1.801034e+01   1.765550e+01   2.507787e+00   2.523235e+00  
1124      1.800397e+01   1.764900e+01   2.511409e+00   2.519624e+00  
1125      1.800405e+01   1.764927e+01   2.506431e+00   2.523292e+00  
1126      1.800515e+01   1.765022e+01   2.510919e+00   2.520007e+00  
1127      1.800339e+01   1.764843e+01   2.507318e+00   2.523560e+00  
1128      1.800442e+01   1.764931e+01   2.511494e+00   2.520604e+00  
1129      1.800645e+01   1.765204e+01   2.505546e+00   2.521887e+00  
1130      1.800011e+01   1.764517e+01   2.510163e+00   2.520118e+00  
1131      1.800384e+01   1.764958e+01   2.505091e+00   2.520954e+00  
1132      1.800257e+01   1.764780e+01   2.509241e+00   2.520253e+00  
1133      1.800587e+01   1.765154e+01   2.506248e+00   2.520580e+00  
1134      1.799920e+01   1.764433e+01   2.509276e+00   2.520413e+00  
1135      1.801341e+01   1.765958e+01   2.505178e+00   2.519195e+00  
1136      1.800036e+01   1.764566e+01   2.508336e+00   2.520294e+00  
1137      1.801385e+01   1.766022e+01   2.504269e+00   2.518732e+00  
1138      1.800017e+01   1.764582e+01   2.506705e+00   2.519435e+00  
1139      1.800195e+01   1.764802e+01   2.504634e+00   2.518806e+00  
1140      1.800377e+01   1.764971e+01   2.505823e+00   2.518802e+00  
1141      1.800110e+01   1.764718e+01   2.503982e+00   2.519310e+00  
1142      1.800914e+01   1.765513e+01   2.505442e+00   2.519562e+00  
1143      1.800161e+01   1.764783e+01   2.503536e+00   2.518757e+00  
1144      1.800578e+01   1.765177e+01   2.505727e+00   2.518862e+00  
1145      1.801035e+01   1.765688e+01   2.503557e+00   2.517826e+00  
1146      1.800088e+01   1.764663e+01   2.504832e+00   2.520684e+00  
1147      1.800867e+01   1.765531e+01   2.502401e+00   2.517946e+00  
1148      1.799775e+01   1.764375e+01   2.503798e+00   2.519498e+00  
1149      1.801850e+01   1.766512e+01   2.503189e+00   2.518731e+00  
1150      1.799970e+01   1.764573e+01   2.503663e+00   2.519765e+00  
1151      1.801889e+01   1.766520e+01   2.504346e+00   2.519787e+00  
1152      1.799600e+01   1.764205e+01   2.503136e+00   2.519648e+00  
1153      1.802242e+01   1.766837e+01   2.505602e+00   2.521539e+00  
1154      1.800440e+01   1.765054e+01   2.503725e+00   2.519602e+00  
1155      1.802298e+01   1.766887e+01   2.505138e+00   2.522475e+00  
1156      1.800508e+01   1.765072e+01   2.504997e+00   2.521909e+00  
1157      1.802997e+01   1.767615e+01   2.504493e+00   2.522131e+00  
1158      1.800347e+01   1.764881e+01   2.505411e+00   2.523314e+00  
1159      1.803451e+01   1.768053e+01   2.504666e+00   2.523682e+00  
1160      1.800007e+01   1.764527e+01   2.505586e+00   2.523665e+00  
1161      1.803951e+01   1.768565e+01   2.504451e+00   2.523767e+00  
1162      1.800416e+01   1.764931e+01   2.506094e+00   2.524067e+00  
1163      1.804093e+01   1.768687e+01   2.504584e+00   2.525235e+00  
1164      1.801513e+01   1.766025e+01   2.506688e+00   2.525241e+00  
1165      1.803769e+01   1.768377e+01   2.503747e+00   2.524622e+00  
1166      1.801419e+01   1.765908e+01   2.507489e+00   2.525892e+00  
1167      1.803952e+01   1.768589e+01   2.502825e+00   2.523765e+00  
1168      1.802335e+01   1.766827e+01   2.507452e+00   2.527073e+00  
1169      1.803339e+01   1.767954e+01   2.502705e+00   2.524590e+00  
1170      1.802838e+01   1.767399e+01   2.505050e+00   2.525350e+00  
1171      1.803653e+01   1.768279e+01   2.502693e+00   2.524270e+00  
1172      1.802913e+01   1.767532e+01   2.502587e+00   2.523770e+00  
1173      1.804205e+01   1.768806e+01   2.504111e+00   2.525410e+00  
1174      1.802847e+01   1.767481e+01   2.501483e+00   2.523788e+00  
1175      1.804061e+01   1.768604e+01   2.505945e+00   2.527401e+00  
1176      1.803374e+01   1.768043e+01   2.500762e+00   2.522760e+00  
1177      1.803909e+01   1.768433e+01   2.506599e+00   2.527857e+00  
1178      1.802768e+01   1.767444e+01   2.500005e+00   2.522183e+00  
1179      1.803865e+01   1.768376e+01   2.506576e+00   2.528760e+00  
1180      1.802245e+01   1.766901e+01   2.500491e+00   2.522354e+00  
1181      1.803915e+01   1.768422e+01   2.506336e+00   2.529308e+00  
1182      1.801912e+01   1.766558e+01   2.500185e+00   2.522889e+00  
1183      1.803664e+01   1.768176e+01   2.506197e+00   2.528815e+00  
1184      1.802070e+01   1.766724e+01   2.500223e+00   2.522582e+00  
1185      1.803010e+01   1.767502e+01   2.506169e+00   2.529323e+00  
1186      1.802767e+01   1.767436e+01   2.499471e+00   2.523186e+00  
1187      1.804019e+01   1.768545e+01   2.505873e+00   2.528639e+00  
1188      1.803438e+01   1.768096e+01   2.500315e+00   2.524116e+00  
1189      1.803796e+01   1.768350e+01   2.505238e+00   2.526976e+00  
1190      1.805022e+01   1.769703e+01   2.500112e+00   2.524917e+00  
1191      1.803336e+01   1.767888e+01   2.505395e+00   2.526363e+00  
1192      1.805905e+01   1.770589e+01   2.500368e+00   2.525645e+00  
1193      1.802646e+01   1.767193e+01   2.505112e+00   2.525987e+00  
1194      1.806769e+01   1.771474e+01   2.499650e+00   2.526040e+00  
1195      1.801599e+01   1.766142e+01   2.504364e+00   2.525557e+00  
1196      1.806392e+01   1.771072e+01   2.500903e+00   2.526052e+00  
1197      1.801342e+01   1.765868e+01   2.504642e+00   2.526098e+00  
1198      1.807351e+01   1.772088e+01   2.499954e+00   2.524373e+00  
1199      1.800321e+01   1.764826e+01   2.505321e+00   2.525480e+00  
1200      1.807058e+01   1.771798e+01   2.499556e+00   2.524100e+00  
1201      1.800619e+01   1.765160e+01   2.504059e+00   2.524609e+00  
1202      1.806793e+01   1.771548e+01   2.499531e+00   2.522689e+00  
1203      1.801055e+01   1.765656e+01   2.501703e+00   2.523348e+00  
1204      1.807474e+01   1.772279e+01   2.498804e+00   2.520886e+00  
1205      1.801741e+01   1.766348e+01   2.502382e+00   2.523187e+00  
1206      1.807336e+01   1.772184e+01   2.496695e+00   2.519796e+00  
1207      1.801262e+01   1.765873e+01   2.502792e+00   2.521921e+00  
1208      1.807808e+01   1.772654e+01   2.497669e+00   2.519592e+00  
1209      1.801947e+01   1.766615e+01   2.501092e+00   2.520552e+00  
1210      1.808209e+01   1.773088e+01   2.496421e+00   2.519081e+00  
1211      1.801372e+01   1.766045e+01   2.500871e+00   2.519583e+00  
1212      1.808275e+01   1.773141e+01   2.496942e+00   2.519580e+00  
1213      1.802354e+01   1.767031e+01   2.502017e+00   2.519530e+00  
1214      1.807880e+01   1.772788e+01   2.495350e+00   2.517640e+00  
1215      1.801871e+01   1.766514e+01   2.502898e+00   2.520338e+00  
1216      1.807773e+01   1.772710e+01   2.494032e+00   2.516755e+00  
1217      1.801759e+01   1.766381e+01   2.503835e+00   2.520786e+00  
1218      1.807363e+01   1.772313e+01   2.493764e+00   2.515589e+00  
1219      1.801761e+01   1.766382e+01   2.503897e+00   2.520798e+00  
1220      1.807491e+01   1.772461e+01   2.493234e+00   2.514780e+00  
1221      1.801555e+01   1.766172e+01   2.502898e+00   2.521749e+00  
1222      1.807493e+01   1.772468e+01   2.493904e+00   2.513846e+00  
1223      1.801595e+01   1.766233e+01   2.501566e+00   2.521609e+00  
1224      1.806680e+01   1.771587e+01   2.496545e+00   2.514865e+00  
1225      1.802418e+01   1.767053e+01   2.502097e+00   2.522485e+00  
1226      1.807075e+01   1.772002e+01   2.496091e+00   2.514440e+00  
1227      1.802957e+01   1.767597e+01   2.501956e+00   2.523047e+00  
1228      1.807057e+01   1.771953e+01   2.497078e+00   2.515619e+00  
1229      1.803127e+01   1.767757e+01   2.502876e+00   2.523024e+00  
1230      1.806852e+01   1.771688e+01   2.499111e+00   2.517575e+00  
1231      1.802961e+01   1.767580e+01   2.502809e+00   2.523664e+00  
1232      1.806110e+01   1.770852e+01   2.501443e+00   2.520764e+00  
1233      1.803195e+01   1.767816e+01   2.503587e+00   2.523094e+00  
1234      1.806794e+01   1.771516e+01   2.502798e+00   2.521830e+00  
1235      1.802980e+01   1.767543e+01   2.505210e+00   2.525280e+00  
1236      1.806663e+01   1.771350e+01   2.504404e+00   2.522535e+00  
1237      1.802933e+01   1.767475e+01   2.505956e+00   2.525863e+00  
1238      1.807121e+01   1.771786e+01   2.504787e+00   2.524314e+00  
1239      1.804104e+01   1.768673e+01   2.506361e+00   2.525219e+00  
1240      1.806760e+01   1.771372e+01   2.506205e+00   2.526063e+00  
1241      1.804272e+01   1.768849e+01   2.506023e+00   2.525222e+00  
1242      1.806852e+01   1.771435e+01   2.507758e+00   2.526745e+00  
1243      1.804342e+01   1.768931e+01   2.505916e+00   2.524594e+00  
1244      1.806097e+01   1.770655e+01   2.508393e+00   2.526771e+00  
1245      1.804569e+01   1.769179e+01   2.505622e+00   2.523781e+00  
1246      1.806016e+01   1.770563e+01   2.509004e+00   2.526845e+00  
1247      1.805437e+01   1.770083e+01   2.505083e+00   2.523020e+00  
1248      1.805637e+01   1.770190e+01   2.508389e+00   2.526486e+00  
1249      1.805263e+01   1.769949e+01   2.503344e+00   2.521599e+00  
1250      1.805292e+01   1.769850e+01   2.508499e+00   2.525591e+00  
-------------------------------------------------------------------

