
**********************************************
Real-time propagation in 3D, OPTION = 2
MPI nodes = 8, OMP threads = 16, cores = 128
**********************************************

Interactions
Contact: Natoms = 1.50000000000e+05, as = 7.100000e+01 * a0, G = 1.275503e+04, G * par = 2.551006e+04
Three-body: K3 =  0.000000e+00, g3 = 0.000000e+00
Regular DDI: add = 1.101000e+02 * a0, GD = 4.721954e+03, GD * par =  9.443909e+03, edd = 1.550704e+00
     Dipolar cutoffs Rcut = 5.127652e+00, Lcut = 1.757198e+02

QF = 1, QDEPL = 0: h2 = 1.613433e+05, h4 = 0.000000e+00
        q3 = 0.000000e+00, q5 = 4.874946e+00

GRAD = 0

Trap parameters
GAMMA = 0.000000e+00, NU = 0.000000e+00, LAMBDA = 0.000000e+00
Parameters of rotation: OMEGA = 0.000000e+00, OMEGA * par = 0.000000e+00

Space discretization: NX = 128, NY = 128, NZ = 128
                      DX = 2.745622e+00, DY = 8.011956e-02, DZ = 8.011956e-02
      Unit of length: aho = 5.552380e-07 m

Time discretization: NITER = 2500 (NSNAP = 1250)
                     DT = 3.209572e-03

Initial state: file ./imag3d-finalpsi.bin
ADD_VORTICES = 0, ADD_RANDOM_PHASE = 0


MUREL = 1.000000e-12, MUEND=1.000000e+05

-------------------------------------------------------------------
Snap      Na             QD             mu             <r>
-------------------------------------------------------------------
0         1.50063031223e+05   0.000000e+00   -5.619237e+00  1.758925e+01  
1         1.50063030765e+05   0.000000e+00   -5.622539e+00  1.758924e+01  
2         1.50063029885e+05   0.000000e+00   -5.625834e+00  1.758923e+01  
3         1.50063029547e+05   0.000000e+00   -5.628408e+00  1.758922e+01  
4         1.50063027691e+05   0.000000e+00   -5.629848e+00  1.758921e+01  
5         1.50063026251e+05   0.000000e+00   -5.630014e+00  1.758920e+01  
6         1.50063023021e+05   0.000000e+00   -5.628940e+00  1.758919e+01  
7         1.50063019932e+05   0.000000e+00   -5.626748e+00  1.758917e+01  
8         1.50063015248e+05   0.000000e+00   -5.623579e+00  1.758916e+01  
9         1.50063010815e+05   0.000000e+00   -5.619598e+00  1.758914e+01  
10        1.50063004934e+05   0.000000e+00   -5.615001e+00  1.758912e+01  
11        1.50062999716e+05   0.000000e+00   -5.609960e+00  1.758911e+01  
12        1.50062993657e+05   0.000000e+00   -5.604601e+00  1.758909e+01  
13        1.50062987385e+05   0.000000e+00   -5.599015e+00  1.758907e+01  
14        1.50062980851e+05   0.000000e+00   -5.593266e+00  1.758905e+01  
15        1.50062975491e+05   0.000000e+00   -5.587363e+00  1.758903e+01  
16        1.50062967989e+05   0.000000e+00   -5.581269e+00  1.758901e+01  
17        1.50062960616e+05   0.000000e+00   -5.574957e+00  1.758900e+01  
18        1.50062953253e+05   0.000000e+00   -5.568472e+00  1.758898e+01  
19        1.50062945359e+05   0.000000e+00   -5.561950e+00  1.758896e+01  
20        1.50062936905e+05   0.000000e+00   -5.555608e+00  1.758895e+01  
21        1.50062928315e+05   0.000000e+00   -5.549698e+00  1.758893e+01  
22        1.50062918600e+05   0.000000e+00   -5.544464e+00  1.758892e+01  
23        1.50062908750e+05   0.000000e+00   -5.540106e+00  1.758891e+01  
24        1.50062897872e+05   0.000000e+00   -5.536756e+00  1.758890e+01  
25        1.50062886442e+05   0.000000e+00   -5.534475e+00  1.758889e+01  
26        1.50062874333e+05   0.000000e+00   -5.533259e+00  1.758888e+01  
27        1.50062861320e+05   0.000000e+00   -5.533056e+00  1.758888e+01  
28        1.50062847918e+05   0.000000e+00   -5.533776e+00  1.758888e+01  
29        1.50062833416e+05   0.000000e+00   -5.535309e+00  1.758888e+01  
30        1.50062818750e+05   0.000000e+00   -5.537536e+00  1.758888e+01  
31        1.50062802929e+05   0.000000e+00   -5.540339e+00  1.758888e+01  
32        1.50062787058e+05   0.000000e+00   -5.543608e+00  1.758889e+01  
33        1.50062769977e+05   0.000000e+00   -5.547243e+00  1.758889e+01  
34        1.50062752803e+05   0.000000e+00   -5.551156e+00  1.758890e+01  
35        1.50062734447e+05   0.000000e+00   -5.555272e+00  1.758891e+01  
36        1.50062716056e+05   0.000000e+00   -5.559530e+00  1.758892e+01  
37        1.50062696620e+05   0.000000e+00   -5.563875e+00  1.758893e+01  
38        1.50062677120e+05   0.000000e+00   -5.568262e+00  1.758895e+01  
39        1.50062656637e+05   0.000000e+00   -5.572651e+00  1.758896e+01  
40        1.50062636136e+05   0.000000e+00   -5.577008e+00  1.758897e+01  
41        1.50062614795e+05   0.000000e+00   -5.581303e+00  1.758899e+01  
42        1.50062593437e+05   0.000000e+00   -5.585507e+00  1.758901e+01  
43        1.50062571329e+05   0.000000e+00   -5.589596e+00  1.758902e+01  
44        1.50062549131e+05   0.000000e+00   -5.593549e+00  1.758904e+01  
45        1.50062526168e+05   0.000000e+00   -5.597345e+00  1.758905e+01  
46        1.50062503173e+05   0.000000e+00   -5.600967e+00  1.758907e+01  
47        1.50062479762e+05   0.000000e+00   -5.604400e+00  1.758909e+01  
48        1.50062456542e+05   0.000000e+00   -5.607629e+00  1.758910e+01  
49        1.50062433007e+05   0.000000e+00   -5.610642e+00  1.758912e+01  
50        1.50062409568e+05   0.000000e+00   -5.613428e+00  1.758913e+01  
51        1.50062385828e+05   0.000000e+00   -5.615976e+00  1.758915e+01  
52        1.50062362197e+05   0.000000e+00   -5.618278e+00  1.758916e+01  
53        1.50062338290e+05   0.000000e+00   -5.620327e+00  1.758917e+01  
54        1.50062314522e+05   0.000000e+00   -5.622116e+00  1.758918e+01  
55        1.50062290633e+05   0.000000e+00   -5.623642e+00  1.758919e+01  
56        1.50062266946e+05   0.000000e+00   -5.624901e+00  1.758920e+01  
57        1.50062243248e+05   0.000000e+00   -5.625892e+00  1.758921e+01  
58        1.50062219846e+05   0.000000e+00   -5.626616e+00  1.758921e+01  
59        1.50062196518e+05   0.000000e+00   -5.627073e+00  1.758922e+01  
60        1.50062173572e+05   0.000000e+00   -5.627266e+00  1.758922e+01  
61        1.50062150943e+05   0.000000e+00   -5.627198e+00  1.758923e+01  
62        1.50062128726e+05   0.000000e+00   -5.626876e+00  1.758923e+01  
63        1.50062106741e+05   0.000000e+00   -5.626309e+00  1.758923e+01  
64        1.50062085184e+05   0.000000e+00   -5.625507e+00  1.758923e+01  
65        1.50062064115e+05   0.000000e+00   -5.624476e+00  1.758922e+01  
66        1.50062043519e+05   0.000000e+00   -5.623225e+00  1.758922e+01  
67        1.50062023426e+05   0.000000e+00   -5.621761e+00  1.758922e+01  
68        1.50062003743e+05   0.000000e+00   -5.620096e+00  1.758921e+01  
69        1.50061984590e+05   0.000000e+00   -5.618250e+00  1.758920e+01  
70        1.50061965878e+05   0.000000e+00   -5.616241e+00  1.758920e+01  
71        1.50061947742e+05   0.000000e+00   -5.614089e+00  1.758919e+01  
72        1.50061930004e+05   0.000000e+00   -5.611810e+00  1.758918e+01  
73        1.50061912972e+05   0.000000e+00   -5.609418e+00  1.758917e+01  
74        1.50061896255e+05   0.000000e+00   -5.606923e+00  1.758916e+01  
75        1.50061880242e+05   0.000000e+00   -5.604331e+00  1.758915e+01  
76        1.50061864601e+05   0.000000e+00   -5.601654e+00  1.758913e+01  
77        1.50061849580e+05   0.000000e+00   -5.598910e+00  1.758912e+01  
78        1.50061834898e+05   0.000000e+00   -5.596134e+00  1.758911e+01  
79        1.50061820855e+05   0.000000e+00   -5.593364e+00  1.758910e+01  
80        1.50061807013e+05   0.000000e+00   -5.590630e+00  1.758909e+01  
81        1.50061793918e+05   0.000000e+00   -5.587944e+00  1.758907e+01  
82        1.50061780894e+05   0.000000e+00   -5.585309e+00  1.758906e+01  
83        1.50061768501e+05   0.000000e+00   -5.582730e+00  1.758905e+01  
84        1.50061756234e+05   0.000000e+00   -5.580227e+00  1.758904e+01  
85        1.50061744507e+05   0.000000e+00   -5.577821e+00  1.758903e+01  
86        1.50061732874e+05   0.000000e+00   -5.575530e+00  1.758902e+01  
87        1.50061721620e+05   0.000000e+00   -5.573369e+00  1.758901e+01  
88        1.50061710350e+05   0.000000e+00   -5.571346e+00  1.758900e+01  
89        1.50061699422e+05   0.000000e+00   -5.569463e+00  1.758899e+01  
90        1.50061688122e+05   0.000000e+00   -5.567717e+00  1.758898e+01  
91        1.50061677079e+05   0.000000e+00   -5.566116e+00  1.758898e+01  
92        1.50061665396e+05   0.000000e+00   -5.564686e+00  1.758897e+01  
93        1.50061653721e+05   0.000000e+00   -5.563472e+00  1.758897e+01  
94        1.50061641389e+05   0.000000e+00   -5.562515e+00  1.758897e+01  
95        1.50061628798e+05   0.000000e+00   -5.561836e+00  1.758897e+01  
96        1.50061615344e+05   0.000000e+00   -5.561441e+00  1.758896e+01  
97        1.50061601176e+05   0.000000e+00   -5.561318e+00  1.758897e+01  
98        1.50061585935e+05   0.000000e+00   -5.561450e+00  1.758897e+01  
99        1.50061569546e+05   0.000000e+00   -5.561801e+00  1.758897e+01  
100       1.50061551568e+05   0.000000e+00   -5.562323e+00  1.758898e+01  
101       1.50061531662e+05   0.000000e+00   -5.562969e+00  1.758898e+01  
102       1.50061509091e+05   0.000000e+00   -5.563713e+00  1.758899e+01  
103       1.50061483475e+05   0.000000e+00   -5.564557e+00  1.758900e+01  
104       1.50061454046e+05   0.000000e+00   -5.565527e+00  1.758901e+01  
105       1.50061420595e+05   0.000000e+00   -5.566666e+00  1.758902e+01  
106       1.50061381634e+05   0.000000e+00   -5.568017e+00  1.758903e+01  
107       1.50061336619e+05   0.000000e+00   -5.569604e+00  1.758904e+01  
108       1.50061284046e+05   0.000000e+00   -5.571422e+00  1.758906e+01  
109       1.50061224206e+05   0.000000e+00   -5.573440e+00  1.758907e+01  
110       1.50061155786e+05   0.000000e+00   -5.575617e+00  1.758909e+01  
111       1.50061077375e+05   0.000000e+00   -5.577904e+00  1.758911e+01  
112       1.50060985687e+05   0.000000e+00   -5.580252e+00  1.758913e+01  
113       1.50060877219e+05   0.000000e+00   -5.582609e+00  1.758915e+01  
114       1.50060747061e+05   0.000000e+00   -5.584918e+00  1.758917e+01  
115       1.50060590090e+05   0.000000e+00   -5.587115e+00  1.758919e+01  
116       1.50060400539e+05   0.000000e+00   -5.589131e+00  1.758922e+01  
117       1.50060172502e+05   0.000000e+00   -5.590901e+00  1.758925e+01  
118       1.50059898515e+05   0.000000e+00   -5.592356e+00  1.758928e+01  
119       1.50059569801e+05   0.000000e+00   -5.593410e+00  1.758931e+01  
120       1.50059174691e+05   0.000000e+00   -5.593931e+00  1.758935e+01  
121       1.50058697906e+05   0.000000e+00   -5.593705e+00  1.758939e+01  
122       1.50058117498e+05   0.000000e+00   -5.592404e+00  1.758944e+01  
123       1.50057403423e+05   0.000000e+00   -5.589556e+00  1.758950e+01  
124       1.50056512614e+05   0.000000e+00   -5.584513e+00  1.758957e+01  
125       1.50055384003e+05   0.000000e+00   -5.576418e+00  1.758965e+01  
126       1.50053928661e+05   0.000000e+00   -5.564179e+00  1.758975e+01  
127       1.50052019553e+05   0.000000e+00   -5.546444e+00  1.758987e+01  
128       1.50049481619e+05   0.000000e+00   -5.521604e+00  1.759004e+01  
129       1.50046084921e+05   0.000000e+00   -5.487827e+00  1.759025e+01  
130       1.50041547327e+05   0.000000e+00   -5.443130e+00  1.759053e+01  
131       1.50035547190e+05   0.000000e+00   -5.385476e+00  1.759090e+01  
132       1.50027753824e+05   0.000000e+00   -5.312857e+00  1.759137e+01  
133       1.50017867109e+05   0.000000e+00   -5.223364e+00  1.759197e+01  
134       1.50005670008e+05   0.000000e+00   -5.115276e+00  1.759271e+01  
135       1.49991074351e+05   0.000000e+00   -4.987180e+00  1.759359e+01  
136       1.49974151398e+05   0.000000e+00   -4.838180e+00  1.759462e+01  
137       1.49955123285e+05   0.000000e+00   -4.668162e+00  1.759578e+01  
138       1.49934316635e+05   0.000000e+00   -4.478036e+00  1.759706e+01  
139       1.49912108419e+05   0.000000e+00   -4.269804e+00  1.759846e+01  
140       1.49888917284e+05   0.000000e+00   -4.046471e+00  1.759994e+01  
141       1.49865242454e+05   0.000000e+00   -3.811842e+00  1.760150e+01  
142       1.49841704695e+05   0.000000e+00   -3.570154e+00  1.760310e+01  
143       1.49819050208e+05   0.000000e+00   -3.325592e+00  1.760473e+01  
144       1.49798042091e+05   0.000000e+00   -3.082023e+00  1.760633e+01  
145       1.49779251126e+05   0.000000e+00   -2.843106e+00  1.760788e+01  
146       1.49762923817e+05   0.000000e+00   -2.612330e+00  1.760938e+01  
147       1.49749052338e+05   0.000000e+00   -2.392828e+00  1.761083e+01  
148       1.49737475735e+05   0.000000e+00   -2.187280e+00  1.761223e+01  
149       1.49727925475e+05   0.000000e+00   -1.998199e+00  1.761360e+01  
150       1.49720176294e+05   0.000000e+00   -1.827961e+00  1.761496e+01  
151       1.49714283139e+05   0.000000e+00   -1.678622e+00  1.761628e+01  
152       1.49710520115e+05   0.000000e+00   -1.551870e+00  1.761754e+01  
153       1.49709348520e+05   0.000000e+00   -1.448952e+00  1.761870e+01  
154       1.49710933741e+05   0.000000e+00   -1.370748e+00  1.761973e+01  
155       1.49714373837e+05   0.000000e+00   -1.317179e+00  1.762066e+01  
156       1.49718196944e+05   0.000000e+00   -1.285953e+00  1.762156e+01  
157       1.49721948477e+05   0.000000e+00   -1.272042e+00  1.762243e+01  
158       1.49725540173e+05   0.000000e+00   -1.269208e+00  1.762327e+01  
159       1.49727898215e+05   0.000000e+00   -1.271201e+00  1.762410e+01  
160       1.49725591785e+05   0.000000e+00   -1.269802e+00  1.762503e+01  
161       1.49704078660e+05   0.000000e+00   -1.238345e+00  1.762652e+01  
162       1.49545690644e+05   0.000000e+00   -6.266769e-01  1.763223e+01  
163       1.49556131956e+05   0.000000e+00   -2.297747e-01  1.763433e+01  
164       1.49631455601e+05   0.000000e+00   -4.963838e-01  1.763193e+01  
165       1.49725675804e+05   0.000000e+00   -2.382566e-01  1.762997e+01  
166       1.49839516864e+05   0.000000e+00   -5.418095e-01  1.762357e+01  
167       1.49730238345e+05   0.000000e+00   -3.374336e-01  1.762901e+01  
168       1.49808136407e+05   0.000000e+00   -3.626715e-01  1.762517e+01  
169       1.49704602504e+05   0.000000e+00   -1.016639e-01  1.762898e+01  
170       1.49785238659e+05   0.000000e+00   -2.662169e-01  1.762509e+01  
171       1.49663007563e+05   0.000000e+00   -8.295098e-02  1.762902e+01  
172       1.49787586903e+05   0.000000e+00   -2.201109e-01  1.762378e+01  
173       1.49643544131e+05   0.000000e+00   -6.639378e-02  1.762813e+01  
174       1.49810221920e+05   0.000000e+00   -1.858686e-01  1.762170e+01  
175       1.49655873835e+05   0.000000e+00   -4.804161e-02  1.762601e+01  
176       1.49849610539e+05   0.000000e+00   -1.376043e-01  1.761875e+01  
177       1.49688173741e+05   0.000000e+00   -3.637983e-05  1.762294e+01  
178       1.49896453069e+05   0.000000e+00   -4.905401e-02  1.761494e+01  
179       1.49729457283e+05   0.000000e+00   9.473060e-02   1.761904e+01  
180       1.49941920152e+05   0.000000e+00   7.915535e-02   1.761045e+01  
181       1.49774832827e+05   0.000000e+00   2.248771e-01   1.761433e+01  
182       1.49984921050e+05   0.000000e+00   2.308832e-01   1.760532e+01  
183       1.49816634488e+05   0.000000e+00   3.811673e-01   1.760906e+01  
184       1.50023817150e+05   0.000000e+00   4.006044e-01   1.759966e+01  
185       1.49849319689e+05   0.000000e+00   5.600121e-01   1.760345e+01  
186       1.50053963306e+05   0.000000e+00   5.931688e-01   1.759371e+01  
187       1.49868886385e+05   0.000000e+00   7.668794e-01   1.759774e+01  
188       1.50069639704e+05   0.000000e+00   8.162406e-01   1.758778e+01  
189       1.49872721310e+05   0.000000e+00   1.008790e+00   1.759217e+01  
190       1.50066023812e+05   0.000000e+00   1.078206e+00   1.758219e+01  
191       1.49859543980e+05   0.000000e+00   1.291799e+00   1.758693e+01  
192       1.50041268241e+05   0.000000e+00   1.383189e+00   1.757713e+01  
193       1.49829917859e+05   0.000000e+00   1.618613e+00   1.758212e+01  
194       1.49996781932e+05   0.000000e+00   1.732496e+00   1.757270e+01  
195       1.49785068551e+05   0.000000e+00   1.989105e+00   1.757780e+01  
196       1.49934827793e+05   0.000000e+00   2.125197e+00   1.756897e+01  
197       1.49727039799e+05   0.000000e+00   2.400775e+00   1.757406e+01  
198       1.49861253847e+05   0.000000e+00   2.554760e+00   1.756595e+01  
199       1.49665699351e+05   0.000000e+00   2.837476e+00   1.757083e+01  
200       1.49789814809e+05   0.000000e+00   3.000866e+00   1.756341e+01  
201       1.49606040828e+05   0.000000e+00   3.286466e+00   1.756800e+01  
202       1.49711213016e+05   0.000000e+00   3.481822e+00   1.756142e+01  
203       1.49531861139e+05   0.000000e+00   3.817796e+00   1.756582e+01  
204       1.49642741323e+05   0.000000e+00   4.071009e+00   1.755944e+01  
205       1.49502107237e+05   0.000000e+00   4.434288e+00   1.756288e+01  
206       1.49614836951e+05   0.000000e+00   4.676519e+00   1.755686e+01  
207       1.49423551417e+05   0.000000e+00   5.035983e+00   1.756159e+01  
208       1.49483855351e+05   0.000000e+00   5.297992e+00   1.755714e+01  
209       1.49348907636e+05   0.000000e+00   5.629701e+00   1.756129e+01  
210       1.49500161444e+05   0.000000e+00   5.839882e+00   1.755555e+01  
211       1.49326073171e+05   0.000000e+00   6.171967e+00   1.756097e+01  
212       1.49363669923e+05   0.000000e+00   6.536805e+00   1.755960e+01  
213       1.49170529800e+05   0.000000e+00   7.304545e+00   1.756818e+01  
214       1.49188699450e+05   0.000000e+00   9.339399e+00   1.757089e+01  
215       1.49105504875e+05   0.000000e+00   9.279202e+00   1.757218e+01  
216       1.49106739294e+05   0.000000e+00   1.126039e+01   1.757484e+01  
217       1.48933848871e+05   0.000000e+00   1.113985e+01   1.758529e+01  
218       1.49274525867e+05   0.000000e+00   1.234981e+01   1.756944e+01  
219       1.48867336869e+05   0.000000e+00   1.284792e+01   1.759397e+01  
220       1.49372600499e+05   0.000000e+00   1.855122e+01   1.757122e+01  
221       1.48571649131e+05   0.000000e+00   2.564748e+01   1.761416e+01  
222       1.49232949386e+05   0.000000e+00   1.817355e+01   1.758703e+01  
223       1.48895886611e+05   0.000000e+00   1.499487e+01   1.761137e+01  
224       1.49455337955e+05   0.000000e+00   1.659518e+01   1.758239e+01  
225       1.48900584508e+05   0.000000e+00   1.611523e+01   1.761138e+01  
226       1.49122914983e+05   0.000000e+00   2.588366e+01   1.759233e+01  
227       1.48924685075e+05   0.000000e+00   2.205565e+01   1.761486e+01  
228       1.49222138526e+05   0.000000e+00   1.943949e+01   1.759178e+01  
229       1.49039779421e+05   0.000000e+00   1.977120e+01   1.762134e+01  
230       1.49228044570e+05   0.000000e+00   2.107706e+01   1.759460e+01  
231       1.49270216755e+05   0.000000e+00   2.055739e+01   1.762913e+01  
232       1.49454484455e+05   0.000000e+00   2.057868e+01   1.761729e+01  
233       1.49376344446e+05   0.000000e+00   1.876976e+01   1.765399e+01  
234       1.49614473787e+05   0.000000e+00   1.869638e+01   1.762583e+01  
235       1.49279069244e+05   0.000000e+00   1.853422e+01   1.766300e+01  
236       1.49583345263e+05   0.000000e+00   1.872497e+01   1.763826e+01  
237       1.49110262269e+05   0.000000e+00   1.988295e+01   1.767613e+01  
238       1.49558893708e+05   0.000000e+00   1.918425e+01   1.764694e+01  
239       1.49048199479e+05   0.000000e+00   1.977848e+01   1.768335e+01  
240       1.49475027314e+05   0.000000e+00   2.018141e+01   1.766094e+01  
241       1.48941116276e+05   0.000000e+00   2.031243e+01   1.769065e+01  
242       1.49445219767e+05   0.000000e+00   2.128349e+01   1.767349e+01  
243       1.49127437205e+05   0.000000e+00   2.090142e+01   1.769618e+01  
244       1.49585577260e+05   0.000000e+00   2.163847e+01   1.768969e+01  
245       1.48916025831e+05   0.000000e+00   2.264873e+01   1.771329e+01  
246       1.49313041579e+05   0.000000e+00   2.327575e+01   1.770428e+01  
247       1.48795338438e+05   0.000000e+00   2.295859e+01   1.772858e+01  
248       1.49437645417e+05   0.000000e+00   2.296583e+01   1.772316e+01  
249       1.48628567674e+05   0.000000e+00   2.502192e+01   1.772918e+01  
250       1.49765752083e+05   0.000000e+00   2.385024e+01   1.773946e+01  
251       1.48726513710e+05   0.000000e+00   2.670718e+01   1.773829e+01  
252       1.49617300429e+05   0.000000e+00   2.551421e+01   1.774931e+01  
253       1.48784795158e+05   0.000000e+00   2.867261e+01   1.774353e+01  
254       1.49716126552e+05   0.000000e+00   3.249049e+01   1.774018e+01  
255       1.49263517857e+05   0.000000e+00   3.336210e+01   1.774944e+01  
256       1.49739339341e+05   0.000000e+00   3.294462e+01   1.774877e+01  
257       1.49632793139e+05   0.000000e+00   3.001560e+01   1.773613e+01  
258       1.50173530586e+05   0.000000e+00   3.311609e+01   1.772355e+01  
259       1.49816055479e+05   0.000000e+00   3.364833e+01   1.775419e+01  
260       1.50439397169e+05   0.000000e+00   3.102491e+01   1.773443e+01  
261       1.49695321519e+05   0.000000e+00   3.103398e+01   1.775804e+01  
262       1.50275977792e+05   0.000000e+00   2.929278e+01   1.774682e+01  
263       1.49810110216e+05   0.000000e+00   3.072577e+01   1.776118e+01  
264       1.50328326898e+05   0.000000e+00   2.951572e+01   1.774731e+01  
265       1.50139271665e+05   0.000000e+00   2.997735e+01   1.777200e+01  
266       1.50321678063e+05   0.000000e+00   3.061187e+01   1.776055e+01  
267       1.49756622586e+05   0.000000e+00   3.076704e+01   1.779728e+01  
268       1.50128493505e+05   0.000000e+00   3.213343e+01   1.777725e+01  
269       1.49891395045e+05   0.000000e+00   3.305513e+01   1.780633e+01  
270       1.50239108807e+05   0.000000e+00   3.194807e+01   1.777906e+01  
271       1.50036747311e+05   0.000000e+00   3.164868e+01   1.780259e+01  
272       1.50510745108e+05   0.000000e+00   3.272502e+01   1.777956e+01  
273       1.50054106577e+05   0.000000e+00   3.289739e+01   1.780630e+01  
274       1.50529481925e+05   0.000000e+00   3.269087e+01   1.778251e+01  
275       1.50121971781e+05   0.000000e+00   3.181847e+01   1.780475e+01  
276       1.50577468477e+05   0.000000e+00   3.199167e+01   1.779142e+01  
277       1.50163853967e+05   0.000000e+00   3.194055e+01   1.781185e+01  
278       1.50598387970e+05   0.000000e+00   3.219407e+01   1.779294e+01  
279       1.50047030796e+05   0.000000e+00   3.401915e+01   1.782892e+01  
280       1.50796711905e+05   0.000000e+00   3.226793e+01   1.779707e+01  
281       1.50429019735e+05   0.000000e+00   3.238822e+01   1.781631e+01  
282       1.50917552288e+05   0.000000e+00   3.423199e+01   1.779958e+01  
283       1.50535668083e+05   0.000000e+00   3.246232e+01   1.781887e+01  
284       1.50889792687e+05   0.000000e+00   3.263228e+01   1.780633e+01  
285       1.50477980379e+05   0.000000e+00   3.269498e+01   1.782944e+01  
286       1.51007989079e+05   0.000000e+00   3.269457e+01   1.781298e+01  
287       1.50330831106e+05   0.000000e+00   3.354778e+01   1.783471e+01  
288       1.50926391333e+05   0.000000e+00   3.290664e+01   1.782090e+01  
289       1.50572257929e+05   0.000000e+00   3.316645e+01   1.784376e+01  
290       1.51025200663e+05   0.000000e+00   3.331533e+01   1.782799e+01  
291       1.50737043302e+05   0.000000e+00   3.322418e+01   1.784517e+01  
292       1.50833503866e+05   0.000000e+00   3.342630e+01   1.783426e+01  
293       1.51000943202e+05   0.000000e+00   3.402655e+01   1.784064e+01  
294       1.50938083864e+05   0.000000e+00   3.413797e+01   1.783675e+01  
295       1.50898940853e+05   0.000000e+00   3.325502e+01   1.785052e+01  
296       1.51167973919e+05   0.000000e+00   3.319419e+01   1.783846e+01  
297       1.50702077305e+05   0.000000e+00   3.343064e+01   1.785743e+01  
298       1.51444931661e+05   0.000000e+00   3.324125e+01   1.783524e+01  
299       1.50731347215e+05   0.000000e+00   3.342201e+01   1.785964e+01  
300       1.51496726503e+05   0.000000e+00   3.342213e+01   1.783652e+01  
301       1.50658968627e+05   0.000000e+00   3.354398e+01   1.786172e+01  
302       1.51477947447e+05   0.000000e+00   3.353799e+01   1.784460e+01  
303       1.50540963962e+05   0.000000e+00   3.367246e+01   1.787229e+01  
304       1.51363805974e+05   0.000000e+00   3.371432e+01   1.785183e+01  
305       1.50613662144e+05   0.000000e+00   3.454147e+01   1.787936e+01  
306       1.51263097284e+05   0.000000e+00   3.485281e+01   1.786792e+01  
307       1.50863678623e+05   0.000000e+00   3.415468e+01   1.788557e+01  
308       1.51423362108e+05   0.000000e+00   3.421302e+01   1.787263e+01  
309       1.50813803748e+05   0.000000e+00   3.454609e+01   1.788954e+01  
310       1.51164340003e+05   0.000000e+00   3.469582e+01   1.787336e+01  
311       1.50709573875e+05   0.000000e+00   3.455122e+01   1.788472e+01  
312       1.51043811475e+05   0.000000e+00   3.451490e+01   1.787492e+01  
313       1.50577861804e+05   0.000000e+00   3.457515e+01   1.787676e+01  
314       1.51200848155e+05   0.000000e+00   3.468872e+01   1.786336e+01  
315       1.50340160120e+05   0.000000e+00   3.471953e+01   1.786867e+01  
316       1.51439029929e+05   0.000000e+00   3.465657e+01   1.786377e+01  
317       1.50437745795e+05   0.000000e+00   3.479583e+01   1.787041e+01  
318       1.51390586028e+05   0.000000e+00   3.476394e+01   1.787369e+01  
319       1.50292760227e+05   0.000000e+00   3.500876e+01   1.786125e+01  
320       1.51443382722e+05   0.000000e+00   3.475154e+01   1.786759e+01  
321       1.50303484460e+05   0.000000e+00   3.512806e+01   1.788036e+01  
322       1.51160028338e+05   0.000000e+00   3.536848e+01   1.787375e+01  
323       1.50178164597e+05   0.000000e+00   3.576074e+01   1.787918e+01  
324       1.51217461692e+05   0.000000e+00   3.525617e+01   1.787400e+01  
325       1.50052859528e+05   0.000000e+00   3.621015e+01   1.789227e+01  
326       1.51478457130e+05   0.000000e+00   3.531924e+01   1.787100e+01  
327       1.50141646599e+05   0.000000e+00   3.572810e+01   1.788914e+01  
328       1.51332194635e+05   0.000000e+00   3.633547e+01   1.787999e+01  
329       1.50231060226e+05   0.000000e+00   3.695584e+01   1.788179e+01  
330       1.51373769641e+05   0.000000e+00   3.541502e+01   1.787897e+01  
331       1.50181429396e+05   0.000000e+00   3.566819e+01   1.788282e+01  
332       1.51372175345e+05   0.000000e+00   3.539331e+01   1.788246e+01  
333       1.50190162453e+05   0.000000e+00   3.563492e+01   1.787085e+01  
334       1.51566418592e+05   0.000000e+00   3.521656e+01   1.789682e+01  
335       1.50271614119e+05   0.000000e+00   3.564940e+01   1.788530e+01  
336       1.51426958151e+05   0.000000e+00   3.534293e+01   1.789788e+01  
337       1.50063441012e+05   0.000000e+00   3.582424e+01   1.788578e+01  
338       1.51724308353e+05   0.000000e+00   3.533435e+01   1.790387e+01  
339       1.49759907405e+05   0.000000e+00   3.595617e+01   1.789969e+01  
340       1.51725214867e+05   0.000000e+00   3.542193e+01   1.791087e+01  
341       1.49905590548e+05   0.000000e+00   3.586095e+01   1.790086e+01  
342       1.51724311514e+05   0.000000e+00   3.554645e+01   1.791238e+01  
343       1.49800214749e+05   0.000000e+00   3.596589e+01   1.790772e+01  
344       1.52127118926e+05   0.000000e+00   3.542318e+01   1.790952e+01  
345       1.49719837207e+05   0.000000e+00   3.605239e+01   1.791632e+01  
346       1.51903301923e+05   0.000000e+00   3.567316e+01   1.791754e+01  
347       1.49837512459e+05   0.000000e+00   3.635027e+01   1.791682e+01  
348       1.51788257520e+05   0.000000e+00   3.762025e+01   1.792214e+01  
349       1.49788221497e+05   0.000000e+00   3.752113e+01   1.792137e+01  
350       1.51761667544e+05   0.000000e+00   3.617297e+01   1.792376e+01  
351       1.49616803863e+05   0.000000e+00   3.678793e+01   1.793682e+01  
352       1.51809661366e+05   0.000000e+00   3.619093e+01   1.792702e+01  
353       1.49784094190e+05   0.000000e+00   3.665258e+01   1.793199e+01  
354       1.51598041628e+05   0.000000e+00   3.642641e+01   1.793687e+01  
355       1.49821097158e+05   0.000000e+00   3.749341e+01   1.793523e+01  
356       1.51564775460e+05   0.000000e+00   3.682949e+01   1.794052e+01  
357       1.49849252784e+05   0.000000e+00   3.715290e+01   1.794486e+01  
358       1.51468548942e+05   0.000000e+00   3.679055e+01   1.794667e+01  
359       1.49618248506e+05   0.000000e+00   3.752990e+01   1.795554e+01  
360       1.51499258363e+05   0.000000e+00   3.690498e+01   1.795224e+01  
361       1.49616351662e+05   0.000000e+00   3.766790e+01   1.795913e+01  
362       1.51566449952e+05   0.000000e+00   3.685576e+01   1.795997e+01  
363       1.49631428533e+05   0.000000e+00   3.757059e+01   1.796108e+01  
364       1.51441414002e+05   0.000000e+00   3.717406e+01   1.796935e+01  
365       1.49858761083e+05   0.000000e+00   3.745395e+01   1.795473e+01  
366       1.51658278070e+05   0.000000e+00   3.703298e+01   1.797591e+01  
367       1.49594629615e+05   0.000000e+00   3.771442e+01   1.795926e+01  
368       1.51705538160e+05   0.000000e+00   3.721632e+01   1.797746e+01  
369       1.49565528021e+05   0.000000e+00   3.774622e+01   1.796714e+01  
370       1.51682161998e+05   0.000000e+00   3.725674e+01   1.799065e+01  
371       1.49480047322e+05   0.000000e+00   3.787274e+01   1.796877e+01  
372       1.51508913446e+05   0.000000e+00   3.751100e+01   1.799496e+01  
373       1.49560415709e+05   0.000000e+00   3.795551e+01   1.797600e+01  
374       1.51412427622e+05   0.000000e+00   3.760527e+01   1.800614e+01  
375       1.49521313446e+05   0.000000e+00   3.816320e+01   1.798447e+01  
376       1.51347864110e+05   0.000000e+00   3.777649e+01   1.800800e+01  
377       1.49369394158e+05   0.000000e+00   3.837317e+01   1.799165e+01  
378       1.51234330308e+05   0.000000e+00   3.793242e+01   1.800610e+01  
379       1.49683232483e+05   0.000000e+00   3.829368e+01   1.799197e+01  
380       1.51346519916e+05   0.000000e+00   3.784040e+01   1.800246e+01  
381       1.49710536710e+05   0.000000e+00   3.836354e+01   1.798701e+01  
382       1.51280778432e+05   0.000000e+00   3.789724e+01   1.799445e+01  
383       1.49958804684e+05   0.000000e+00   3.820650e+01   1.797694e+01  
384       1.51241505518e+05   0.000000e+00   3.789879e+01   1.799277e+01  
385       1.49930573603e+05   0.000000e+00   3.839702e+01   1.797082e+01  
386       1.50917868248e+05   0.000000e+00   3.800799e+01   1.799814e+01  
387       1.49994672095e+05   0.000000e+00   3.843535e+01   1.797111e+01  
388       1.50709567096e+05   0.000000e+00   3.827995e+01   1.800057e+01  
389       1.49901640413e+05   0.000000e+00   3.859082e+01   1.796909e+01  
390       1.50975828785e+05   0.000000e+00   3.834234e+01   1.799969e+01  
391       1.49773368830e+05   0.000000e+00   3.868115e+01   1.797554e+01  
392       1.51133047423e+05   0.000000e+00   3.828109e+01   1.800968e+01  
393       1.49881514166e+05   0.000000e+00   3.855284e+01   1.798440e+01  
394       1.51222079795e+05   0.000000e+00   3.827942e+01   1.800652e+01  
395       1.49755224302e+05   0.000000e+00   3.871872e+01   1.799164e+01  
396       1.51236122418e+05   0.000000e+00   3.829991e+01   1.800386e+01  
397       1.49946671656e+05   0.000000e+00   3.886350e+01   1.798867e+01  
398       1.50797912083e+05   0.000000e+00   3.867376e+01   1.800337e+01  
399       1.50023033542e+05   0.000000e+00   3.885843e+01   1.798380e+01  
400       1.50938044029e+05   0.000000e+00   3.858939e+01   1.800475e+01  
401       1.50029994447e+05   0.000000e+00   3.895000e+01   1.799250e+01  
402       1.51013095383e+05   0.000000e+00   3.861895e+01   1.799980e+01  
403       1.49859041486e+05   0.000000e+00   3.909789e+01   1.799688e+01  
404       1.50808151127e+05   0.000000e+00   3.875983e+01   1.799857e+01  
405       1.49939017745e+05   0.000000e+00   3.906901e+01   1.799327e+01  
406       1.50742163046e+05   0.000000e+00   3.887076e+01   1.800207e+01  
407       1.49707306731e+05   0.000000e+00   3.928044e+01   1.799797e+01  
408       1.50713184916e+05   0.000000e+00   3.895856e+01   1.798714e+01  
409       1.49935602708e+05   0.000000e+00   3.921008e+01   1.799531e+01  
410       1.50683797890e+05   0.000000e+00   3.923361e+01   1.798847e+01  
411       1.49884925456e+05   0.000000e+00   3.988173e+01   1.800144e+01  
412       1.50458300708e+05   0.000000e+00   3.926510e+01   1.799304e+01  
413       1.49953543325e+05   0.000000e+00   3.968119e+01   1.799965e+01  
414       1.50549058917e+05   0.000000e+00   3.928115e+01   1.800443e+01  
415       1.49781771238e+05   0.000000e+00   3.980963e+01   1.800916e+01  
416       1.50066440842e+05   0.000000e+00   3.960442e+01   1.799993e+01  
417       1.49885828430e+05   0.000000e+00   3.974698e+01   1.800466e+01  
418       1.50300045494e+05   0.000000e+00   3.943857e+01   1.799450e+01  
419       1.49806814522e+05   0.000000e+00   3.981318e+01   1.801580e+01  
420       1.50071483376e+05   0.000000e+00   3.967866e+01   1.798947e+01  
421       1.50020267720e+05   0.000000e+00   3.979921e+01   1.800861e+01  
422       1.49817128311e+05   0.000000e+00   3.975629e+01   1.798425e+01  
423       1.50198773392e+05   0.000000e+00   3.974475e+01   1.800095e+01  
424       1.49877015332e+05   0.000000e+00   3.974639e+01   1.798138e+01  
425       1.50012207502e+05   0.000000e+00   3.987878e+01   1.800552e+01  
426       1.49693773305e+05   0.000000e+00   3.994553e+01   1.797776e+01  
427       1.49955203879e+05   0.000000e+00   4.000292e+01   1.799549e+01  
428       1.49799455101e+05   0.000000e+00   3.982942e+01   1.798148e+01  
429       1.50054492152e+05   0.000000e+00   3.999829e+01   1.799544e+01  
430       1.49689148345e+05   0.000000e+00   3.994277e+01   1.796719e+01  
431       1.50010019639e+05   0.000000e+00   4.009339e+01   1.798540e+01  
432       1.49532169876e+05   0.000000e+00   4.039733e+01   1.797186e+01  
433       1.49954086495e+05   0.000000e+00   4.106628e+01   1.798621e+01  
434       1.49425118701e+05   0.000000e+00   4.067551e+01   1.796475e+01  
435       1.49755019834e+05   0.000000e+00   4.054656e+01   1.798500e+01  
436       1.49299562509e+05   0.000000e+00   4.065008e+01   1.796371e+01  
437       1.49430699226e+05   0.000000e+00   4.058132e+01   1.799429e+01  
438       1.49494259354e+05   0.000000e+00   4.045436e+01   1.794851e+01  
439       1.49530901957e+05   0.000000e+00   4.046734e+01   1.799489e+01  
440       1.49430753152e+05   0.000000e+00   4.047759e+01   1.793598e+01  
441       1.49583021066e+05   0.000000e+00   4.050009e+01   1.799676e+01  
442       1.49578722951e+05   0.000000e+00   4.044249e+01   1.792696e+01  
443       1.49332337772e+05   0.000000e+00   4.064918e+01   1.799416e+01  
444       1.49469379954e+05   0.000000e+00   4.042026e+01   1.792037e+01  
445       1.49645749104e+05   0.000000e+00   4.043729e+01   1.799800e+01  
446       1.49353681928e+05   0.000000e+00   4.051939e+01   1.791426e+01  
447       1.49424134851e+05   0.000000e+00   4.058773e+01   1.800132e+01  
448       1.49260435978e+05   0.000000e+00   4.066139e+01   1.791462e+01  
449       1.49366942490e+05   0.000000e+00   4.072939e+01   1.800269e+01  
450       1.49134961336e+05   0.000000e+00   4.072858e+01   1.791230e+01  
451       1.49511876131e+05   0.000000e+00   4.078212e+01   1.799473e+01  
452       1.48874283072e+05   0.000000e+00   4.083099e+01   1.791338e+01  
453       1.49619864443e+05   0.000000e+00   4.081247e+01   1.798711e+01  
454       1.49072804888e+05   0.000000e+00   4.067426e+01   1.790449e+01  
455       1.49681694488e+05   0.000000e+00   4.076215e+01   1.799090e+01  
456       1.48946197979e+05   0.000000e+00   4.075359e+01   1.790225e+01  
457       1.49597288213e+05   0.000000e+00   4.085401e+01   1.798309e+01  
458       1.48923761814e+05   0.000000e+00   4.083936e+01   1.790536e+01  
459       1.49720338838e+05   0.000000e+00   4.077498e+01   1.798769e+01  
460       1.48813560396e+05   0.000000e+00   4.087535e+01   1.790519e+01  
461       1.49582160718e+05   0.000000e+00   4.090077e+01   1.798441e+01  
462       1.48706242247e+05   0.000000e+00   4.096289e+01   1.790713e+01  
463       1.49894436157e+05   0.000000e+00   4.085580e+01   1.798537e+01  
464       1.48404528173e+05   0.000000e+00   4.110334e+01   1.791185e+01  
465       1.49813572301e+05   0.000000e+00   4.103812e+01   1.798567e+01  
466       1.48450901409e+05   0.000000e+00   4.111331e+01   1.791512e+01  
467       1.49735217573e+05   0.000000e+00   4.111832e+01   1.798655e+01  
468       1.48370637699e+05   0.000000e+00   4.128550e+01   1.791355e+01  
469       1.49809229246e+05   0.000000e+00   4.109955e+01   1.799230e+01  
470       1.48206869241e+05   0.000000e+00   4.142022e+01   1.792240e+01  
471       1.49375929644e+05   0.000000e+00   4.143366e+01   1.800081e+01  
472       1.48132249042e+05   0.000000e+00   4.169409e+01   1.792042e+01  
473       1.49434793935e+05   0.000000e+00   4.143742e+01   1.799484e+01  
474       1.48108704359e+05   0.000000e+00   4.186863e+01   1.791208e+01  
475       1.49295365284e+05   0.000000e+00   4.163962e+01   1.799726e+01  
476       1.48137860120e+05   0.000000e+00   4.187217e+01   1.790022e+01  
477       1.49587773163e+05   0.000000e+00   4.153791e+01   1.800624e+01  
478       1.48079324062e+05   0.000000e+00   4.189855e+01   1.789973e+01  
479       1.49956479195e+05   0.000000e+00   4.146974e+01   1.799715e+01  
480       1.47958150716e+05   0.000000e+00   4.198635e+01   1.790641e+01  
481       1.49829446860e+05   0.000000e+00   4.161321e+01   1.800143e+01  
482       1.47781447756e+05   0.000000e+00   4.231270e+01   1.791223e+01  
483       1.49716548835e+05   0.000000e+00   4.167908e+01   1.800078e+01  
484       1.48156681941e+05   0.000000e+00   4.218346e+01   1.791556e+01  
485       1.49629810145e+05   0.000000e+00   4.178147e+01   1.800343e+01  
486       1.48326253584e+05   0.000000e+00   4.270514e+01   1.791032e+01  
487       1.49728286452e+05   0.000000e+00   4.210431e+01   1.800394e+01  
488       1.48300891965e+05   0.000000e+00   4.270050e+01   1.790374e+01  
489       1.49790672146e+05   0.000000e+00   4.207509e+01   1.799883e+01  
490       1.48530316402e+05   0.000000e+00   4.245342e+01   1.791037e+01  
491       1.49754988755e+05   0.000000e+00   4.210682e+01   1.800669e+01  
492       1.48418314836e+05   0.000000e+00   4.251009e+01   1.790711e+01  
493       1.49870733393e+05   0.000000e+00   4.194016e+01   1.799907e+01  
494       1.48642255268e+05   0.000000e+00   4.245517e+01   1.791017e+01  
495       1.49844667449e+05   0.000000e+00   4.205894e+01   1.799618e+01  
496       1.48573461849e+05   0.000000e+00   4.262444e+01   1.791102e+01  
497       1.49952644263e+05   0.000000e+00   4.212795e+01   1.799450e+01  
498       1.48563217050e+05   0.000000e+00   4.274552e+01   1.790963e+01  
499       1.50174033851e+05   0.000000e+00   4.206271e+01   1.799689e+01  
500       1.48600293921e+05   0.000000e+00   4.284830e+01   1.791750e+01  
501       1.49969983333e+05   0.000000e+00   4.224535e+01   1.799409e+01  
502       1.48527919328e+05   0.000000e+00   4.286144e+01   1.791879e+01  
503       1.50246458581e+05   0.000000e+00   4.211190e+01   1.800191e+01  
504       1.48370238253e+05   0.000000e+00   4.304909e+01   1.793638e+01  
505       1.49936225133e+05   0.000000e+00   4.234525e+01   1.800288e+01  
506       1.48447868936e+05   0.000000e+00   4.300290e+01   1.792680e+01  
507       1.50123233806e+05   0.000000e+00   4.227276e+01   1.800578e+01  
508       1.48682776447e+05   0.000000e+00   4.291741e+01   1.792946e+01  
509       1.50006646236e+05   0.000000e+00   4.239555e+01   1.800072e+01  
510       1.48524652180e+05   0.000000e+00   4.311727e+01   1.793207e+01  
511       1.50011326307e+05   0.000000e+00   4.246020e+01   1.800390e+01  
512       1.48714280402e+05   0.000000e+00   4.308754e+01   1.792953e+01  
513       1.49922688591e+05   0.000000e+00   4.247927e+01   1.800306e+01  
514       1.48838002541e+05   0.000000e+00   4.317013e+01   1.792684e+01  
515       1.49748024514e+05   0.000000e+00   4.257011e+01   1.800623e+01  
516       1.48778040285e+05   0.000000e+00   4.322056e+01   1.792365e+01  
517       1.49883858425e+05   0.000000e+00   4.255615e+01   1.799725e+01  
518       1.49018000127e+05   0.000000e+00   4.310881e+01   1.792414e+01  
519       1.49618551799e+05   0.000000e+00   4.280597e+01   1.799836e+01  
520       1.48759169225e+05   0.000000e+00   4.339532e+01   1.792347e+01  
521       1.49657427232e+05   0.000000e+00   4.284580e+01   1.799518e+01  
522       1.48897296167e+05   0.000000e+00   4.332068e+01   1.792827e+01  
523       1.49621250352e+05   0.000000e+00   4.290269e+01   1.799633e+01  
524       1.49037220124e+05   0.000000e+00   4.343829e+01   1.792372e+01  
525       1.49362198952e+05   0.000000e+00   4.305803e+01   1.800186e+01  
526       1.49036290974e+05   0.000000e+00   4.353165e+01   1.793345e+01  
527       1.49335020789e+05   0.000000e+00   4.314271e+01   1.799469e+01  
528       1.49189999034e+05   0.000000e+00   4.354775e+01   1.792154e+01  
529       1.49402386861e+05   0.000000e+00   4.327469e+01   1.799941e+01  
530       1.49085803826e+05   0.000000e+00   4.371003e+01   1.792691e+01  
531       1.49328619299e+05   0.000000e+00   4.350733e+01   1.799121e+01  
532       1.49108884130e+05   0.000000e+00   4.375363e+01   1.793341e+01  
533       1.49133180547e+05   0.000000e+00   4.365052e+01   1.799679e+01  
534       1.49191225935e+05   0.000000e+00   4.381913e+01   1.792560e+01  
535       1.48982416405e+05   0.000000e+00   4.373932e+01   1.799649e+01  
536       1.49421488162e+05   0.000000e+00   4.374241e+01   1.792575e+01  
537       1.48935395288e+05   0.000000e+00   4.390857e+01   1.799403e+01  
538       1.49374174934e+05   0.000000e+00   4.388577e+01   1.792134e+01  
539       1.49199686815e+05   0.000000e+00   4.380839e+01   1.798398e+01  
540       1.49486713096e+05   0.000000e+00   4.389509e+01   1.792899e+01  
541       1.49139744331e+05   0.000000e+00   4.392735e+01   1.797067e+01  
542       1.49584306521e+05   0.000000e+00   4.387236e+01   1.792426e+01  
543       1.49381600381e+05   0.000000e+00   4.393565e+01   1.796078e+01  
544       1.49636644986e+05   0.000000e+00   4.390710e+01   1.792657e+01  
545       1.49464528705e+05   0.000000e+00   4.406876e+01   1.794813e+01  
546       1.49550454619e+05   0.000000e+00   4.409551e+01   1.793334e+01  
547       1.49492977804e+05   0.000000e+00   4.411307e+01   1.794051e+01  
548       1.49650146280e+05   0.000000e+00   4.408203e+01   1.794246e+01  
549       1.49458037999e+05   0.000000e+00   4.416765e+01   1.794519e+01  
550       1.49465046553e+05   0.000000e+00   4.427226e+01   1.794923e+01  
551       1.49337392285e+05   0.000000e+00   4.422890e+01   1.794988e+01  
552       1.49903490463e+05   0.000000e+00   4.410439e+01   1.795720e+01  
553       1.49320858373e+05   0.000000e+00   4.420835e+01   1.796516e+01  
554       1.49786806490e+05   0.000000e+00   4.417050e+01   1.796554e+01  
555       1.49579392136e+05   0.000000e+00   4.418430e+01   1.797009e+01  
556       1.49789955788e+05   0.000000e+00   4.419633e+01   1.796368e+01  
557       1.49924198224e+05   0.000000e+00   4.407504e+01   1.796242e+01  
558       1.49882206038e+05   0.000000e+00   4.414590e+01   1.795604e+01  
559       1.49744854474e+05   0.000000e+00   4.421092e+01   1.796417e+01  
560       1.50000504603e+05   0.000000e+00   4.414136e+01   1.796110e+01  
561       1.49743773941e+05   0.000000e+00   4.411866e+01   1.795974e+01  
562       1.50335955609e+05   0.000000e+00   4.404401e+01   1.796111e+01  
563       1.49787055904e+05   0.000000e+00   4.417210e+01   1.796579e+01  
564       1.50317780919e+05   0.000000e+00   4.422675e+01   1.796039e+01  
565       1.49321957540e+05   0.000000e+00   4.459847e+01   1.797798e+01  
566       1.50194504456e+05   0.000000e+00   4.437893e+01   1.795911e+01  
567       1.49459888253e+05   0.000000e+00   4.461312e+01   1.798130e+01  
568       1.50013782720e+05   0.000000e+00   4.441098e+01   1.795883e+01  
569       1.49502272856e+05   0.000000e+00   4.471381e+01   1.798549e+01  
570       1.50047041025e+05   0.000000e+00   4.446272e+01   1.795640e+01  
571       1.49390851817e+05   0.000000e+00   4.482211e+01   1.799204e+01  
572       1.49942506987e+05   0.000000e+00   4.462016e+01   1.794994e+01  
573       1.49496511419e+05   0.000000e+00   4.477876e+01   1.798656e+01  
574       1.49895241093e+05   0.000000e+00   4.462506e+01   1.795225e+01  
575       1.49473552127e+05   0.000000e+00   4.486175e+01   1.798420e+01  
576       1.49839335755e+05   0.000000e+00   4.470190e+01   1.794891e+01  
577       1.49584872381e+05   0.000000e+00   4.478361e+01   1.798094e+01  
578       1.49944977484e+05   0.000000e+00   4.461356e+01   1.794761e+01  
579       1.49690551690e+05   0.000000e+00   4.480001e+01   1.797748e+01  
580       1.50080564116e+05   0.000000e+00   4.458345e+01   1.794526e+01  
581       1.49614207934e+05   0.000000e+00   4.487319e+01   1.798072e+01  
582       1.50015604132e+05   0.000000e+00   4.468036e+01   1.794179e+01  
583       1.49732633504e+05   0.000000e+00   4.489711e+01   1.796971e+01  
584       1.50101803451e+05   0.000000e+00   4.468080e+01   1.794418e+01  
585       1.49893052400e+05   0.000000e+00   4.494732e+01   1.796725e+01  
586       1.49862827749e+05   0.000000e+00   4.489089e+01   1.794277e+01  
587       1.49954843610e+05   0.000000e+00   4.499165e+01   1.795570e+01  
588       1.50081130274e+05   0.000000e+00   4.476141e+01   1.795372e+01  
589       1.49806988495e+05   0.000000e+00   4.508378e+01   1.795829e+01  
590       1.49929953311e+05   0.000000e+00   4.493989e+01   1.795801e+01  
591       1.49793762768e+05   0.000000e+00   4.504460e+01   1.795573e+01  
592       1.50082646068e+05   0.000000e+00   4.484309e+01   1.795971e+01  
593       1.49815244503e+05   0.000000e+00   4.501938e+01   1.796423e+01  
594       1.49915058193e+05   0.000000e+00   4.493654e+01   1.796429e+01  
595       1.49649490433e+05   0.000000e+00   4.526239e+01   1.796125e+01  
596       1.49811667421e+05   0.000000e+00   4.502668e+01   1.796667e+01  
597       1.49971279739e+05   0.000000e+00   4.505256e+01   1.796688e+01  
598       1.49642812422e+05   0.000000e+00   4.513001e+01   1.798128e+01  
599       1.49793266165e+05   0.000000e+00   4.519031e+01   1.796179e+01  
600       1.49899382244e+05   0.000000e+00   4.496057e+01   1.797585e+01  
601       1.49986911773e+05   0.000000e+00   4.510037e+01   1.796648e+01  
602       1.50043783933e+05   0.000000e+00   4.490407e+01   1.797686e+01  
603       1.49904754839e+05   0.000000e+00   4.514569e+01   1.796347e+01  
604       1.49982934700e+05   0.000000e+00   4.508218e+01   1.798256e+01  
605       1.49798798823e+05   0.000000e+00   4.527652e+01   1.796230e+01  
606       1.50054817297e+05   0.000000e+00   4.503895e+01   1.798248e+01  
607       1.49989772701e+05   0.000000e+00   4.515598e+01   1.795612e+01  
608       1.49985112065e+05   0.000000e+00   4.512402e+01   1.799053e+01  
609       1.49772685195e+05   0.000000e+00   4.527121e+01   1.795665e+01  
610       1.50100938845e+05   0.000000e+00   4.513116e+01   1.798740e+01  
611       1.49800089013e+05   0.000000e+00   4.534760e+01   1.795259e+01  
612       1.50292816507e+05   0.000000e+00   4.508732e+01   1.799189e+01  
613       1.49860857819e+05   0.000000e+00   4.535971e+01   1.794120e+01  
614       1.50364584225e+05   0.000000e+00   4.508992e+01   1.799070e+01  
615       1.50069082443e+05   0.000000e+00   4.525102e+01   1.794670e+01  
616       1.50450493357e+05   0.000000e+00   4.509828e+01   1.799530e+01  
617       1.50028144716e+05   0.000000e+00   4.526039e+01   1.794081e+01  
618       1.50631954608e+05   0.000000e+00   4.501021e+01   1.799866e+01  
619       1.50137074996e+05   0.000000e+00   4.520498e+01   1.794555e+01  
620       1.50382615292e+05   0.000000e+00   4.516260e+01   1.800674e+01  
621       1.50237654205e+05   0.000000e+00   4.527433e+01   1.794870e+01  
622       1.50272864189e+05   0.000000e+00   4.521729e+01   1.800829e+01  
623       1.50283329533e+05   0.000000e+00   4.532579e+01   1.796000e+01  
624       1.50142636147e+05   0.000000e+00   4.534696e+01   1.800881e+01  
625       1.50404354346e+05   0.000000e+00   4.540537e+01   1.795433e+01  
626       1.50042207622e+05   0.000000e+00   4.544690e+01   1.801616e+01  
627       1.50307715130e+05   0.000000e+00   4.544552e+01   1.795901e+01  
628       1.50456665430e+05   0.000000e+00   4.530528e+01   1.801274e+01  
629       1.50185184440e+05   0.000000e+00   4.550223e+01   1.796358e+01  
630       1.50388586619e+05   0.000000e+00   4.543888e+01   1.801498e+01  
631       1.50124086301e+05   0.000000e+00   4.560842e+01   1.796615e+01  
632       1.50254876227e+05   0.000000e+00   4.560277e+01   1.800820e+01  
633       1.50328089681e+05   0.000000e+00   4.559295e+01   1.797219e+01  
634       1.49945483464e+05   0.000000e+00   4.585870e+01   1.800527e+01  
635       1.50496330019e+05   0.000000e+00   4.561835e+01   1.796513e+01  
636       1.50079354758e+05   0.000000e+00   4.577707e+01   1.800484e+01  
637       1.50796410202e+05   0.000000e+00   4.547778e+01   1.796984e+01  
638       1.50184067821e+05   0.000000e+00   4.575664e+01   1.800810e+01  
639       1.50866780286e+05   0.000000e+00   4.546251e+01   1.797308e+01  
640       1.50321218664e+05   0.000000e+00   4.575583e+01   1.800540e+01  
641       1.51096423370e+05   0.000000e+00   4.544827e+01   1.796410e+01  
642       1.50441045762e+05   0.000000e+00   4.571962e+01   1.800736e+01  
643       1.50977429078e+05   0.000000e+00   4.558719e+01   1.797280e+01  
644       1.50197580459e+05   0.000000e+00   4.592841e+01   1.800860e+01  
645       1.51180041891e+05   0.000000e+00   4.551513e+01   1.798028e+01  
646       1.50400847841e+05   0.000000e+00   4.571754e+01   1.801403e+01  
647       1.51212381966e+05   0.000000e+00   4.555309e+01   1.798826e+01  
648       1.50264423631e+05   0.000000e+00   4.595420e+01   1.801353e+01  
649       1.51119863402e+05   0.000000e+00   4.567534e+01   1.799466e+01  
650       1.50211103032e+05   0.000000e+00   4.602704e+01   1.800764e+01  
651       1.51081752841e+05   0.000000e+00   4.569464e+01   1.799250e+01  
652       1.50504031986e+05   0.000000e+00   4.580316e+01   1.799580e+01  
653       1.51159281938e+05   0.000000e+00   4.564511e+01   1.799691e+01  
654       1.50404143891e+05   0.000000e+00   4.586883e+01   1.799686e+01  
655       1.51171234915e+05   0.000000e+00   4.563659e+01   1.799123e+01  
656       1.50603041908e+05   0.000000e+00   4.583251e+01   1.799919e+01  
657       1.50927143879e+05   0.000000e+00   4.577453e+01   1.799373e+01  
658       1.50712336437e+05   0.000000e+00   4.588111e+01   1.799991e+01  
659       1.50708457608e+05   0.000000e+00   4.586594e+01   1.800632e+01  
660       1.50722592191e+05   0.000000e+00   4.595949e+01   1.800780e+01  
661       1.50567547493e+05   0.000000e+00   4.598179e+01   1.801053e+01  
662       1.50852048547e+05   0.000000e+00   4.595148e+01   1.800576e+01  
663       1.50693567779e+05   0.000000e+00   4.593424e+01   1.801096e+01  
664       1.50968747368e+05   0.000000e+00   4.586786e+01   1.801381e+01  
665       1.50726577292e+05   0.000000e+00   4.592295e+01   1.800980e+01  
666       1.50759979711e+05   0.000000e+00   4.603028e+01   1.801362e+01  
667       1.50944280161e+05   0.000000e+00   4.577742e+01   1.800791e+01  
668       1.50887832038e+05   0.000000e+00   4.596640e+01   1.801673e+01  
669       1.50660689319e+05   0.000000e+00   4.597080e+01   1.801627e+01  
670       1.50787816367e+05   0.000000e+00   4.610625e+01   1.801351e+01  
671       1.50857989152e+05   0.000000e+00   4.582788e+01   1.800844e+01  
672       1.50526018155e+05   0.000000e+00   4.623330e+01   1.802218e+01  
673       1.50980034720e+05   0.000000e+00   4.585211e+01   1.801230e+01  
674       1.50559252573e+05   0.000000e+00   4.618597e+01   1.802173e+01  
675       1.50901456076e+05   0.000000e+00   4.589395e+01   1.800862e+01  
676       1.50612587737e+05   0.000000e+00   4.619574e+01   1.802377e+01  
677       1.50989963876e+05   0.000000e+00   4.589590e+01   1.801315e+01  
678       1.50510226317e+05   0.000000e+00   4.629353e+01   1.803215e+01  
679       1.50697265149e+05   0.000000e+00   4.616787e+01   1.801683e+01  
680       1.50514576893e+05   0.000000e+00   4.636255e+01   1.802536e+01  
681       1.50856025135e+05   0.000000e+00   4.606228e+01   1.801759e+01  
682       1.50645073013e+05   0.000000e+00   4.630937e+01   1.802996e+01  
683       1.50780658874e+05   0.000000e+00   4.618650e+01   1.801436e+01  
684       1.50570765608e+05   0.000000e+00   4.640959e+01   1.802729e+01  
685       1.51045063640e+05   0.000000e+00   4.601518e+01   1.800585e+01  
686       1.50833989487e+05   0.000000e+00   4.630049e+01   1.802904e+01  
687       1.50915590880e+05   0.000000e+00   4.621813e+01   1.801529e+01  
688       1.50631186876e+05   0.000000e+00   4.642733e+01   1.802546e+01  
689       1.51131537759e+05   0.000000e+00   4.623552e+01   1.800740e+01  
690       1.50666842929e+05   0.000000e+00   4.641648e+01   1.802619e+01  
691       1.51285278214e+05   0.000000e+00   4.618731e+01   1.801940e+01  
692       1.50497776254e+05   0.000000e+00   4.648337e+01   1.803485e+01  
693       1.51149208150e+05   0.000000e+00   4.633811e+01   1.802193e+01  
694       1.50496168800e+05   0.000000e+00   4.656670e+01   1.804533e+01  
695       1.51166821478e+05   0.000000e+00   4.634037e+01   1.802372e+01  
696       1.50626553412e+05   0.000000e+00   4.646799e+01   1.804395e+01  
697       1.51108522420e+05   0.000000e+00   4.634997e+01   1.802127e+01  
698       1.50570776822e+05   0.000000e+00   4.647541e+01   1.804988e+01  
699       1.51165012132e+05   0.000000e+00   4.647794e+01   1.802071e+01  
700       1.50535226493e+05   0.000000e+00   4.643918e+01   1.804919e+01  
701       1.51427601693e+05   0.000000e+00   4.639366e+01   1.801133e+01  
702       1.50454667695e+05   0.000000e+00   4.651665e+01   1.805044e+01  
703       1.51380637848e+05   0.000000e+00   4.639827e+01   1.799828e+01  
704       1.50745974727e+05   0.000000e+00   4.637022e+01   1.805002e+01  
705       1.51212599776e+05   0.000000e+00   4.645920e+01   1.800033e+01  
706       1.50827248723e+05   0.000000e+00   4.642888e+01   1.805121e+01  
707       1.50924164363e+05   0.000000e+00   4.656841e+01   1.799440e+01  
708       1.50996932094e+05   0.000000e+00   4.643455e+01   1.805699e+01  
709       1.50849191593e+05   0.000000e+00   4.657087e+01   1.800093e+01  
710       1.50865803923e+05   0.000000e+00   4.647252e+01   1.806171e+01  
711       1.50953495310e+05   0.000000e+00   4.658277e+01   1.800058e+01  
712       1.50851006688e+05   0.000000e+00   4.641752e+01   1.807477e+01  
713       1.50978463772e+05   0.000000e+00   4.654641e+01   1.801189e+01  
714       1.50747114639e+05   0.000000e+00   4.644679e+01   1.807861e+01  
715       1.50989288411e+05   0.000000e+00   4.657455e+01   1.800857e+01  
716       1.50749867005e+05   0.000000e+00   4.650822e+01   1.808080e+01  
717       1.51072001848e+05   0.000000e+00   4.649638e+01   1.800851e+01  
718       1.50811275678e+05   0.000000e+00   4.648674e+01   1.807617e+01  
719       1.51186276734e+05   0.000000e+00   4.649075e+01   1.800045e+01  
720       1.50752210358e+05   0.000000e+00   4.653718e+01   1.807694e+01  
721       1.51161724447e+05   0.000000e+00   4.655908e+01   1.799671e+01  
722       1.50907521839e+05   0.000000e+00   4.646236e+01   1.808385e+01  
723       1.51187074762e+05   0.000000e+00   4.653475e+01   1.800536e+01  
724       1.50735699133e+05   0.000000e+00   4.658373e+01   1.807903e+01  
725       1.51116886893e+05   0.000000e+00   4.662923e+01   1.801172e+01  
726       1.50948647596e+05   0.000000e+00   4.651142e+01   1.807149e+01  
727       1.50911412295e+05   0.000000e+00   4.668353e+01   1.802081e+01  
728       1.50853108910e+05   0.000000e+00   4.658339e+01   1.807087e+01  
729       1.51077268400e+05   0.000000e+00   4.667164e+01   1.801478e+01  
730       1.50929421635e+05   0.000000e+00   4.650087e+01   1.807025e+01  
731       1.51239866255e+05   0.000000e+00   4.660706e+01   1.801860e+01  
732       1.50925150378e+05   0.000000e+00   4.661819e+01   1.806346e+01  
733       1.50901638848e+05   0.000000e+00   4.688249e+01   1.801909e+01  
734       1.50989738460e+05   0.000000e+00   4.670843e+01   1.806098e+01  
735       1.50985315346e+05   0.000000e+00   4.685384e+01   1.801542e+01  
736       1.51206149103e+05   0.000000e+00   4.655439e+01   1.806015e+01  
737       1.50971961652e+05   0.000000e+00   4.682326e+01   1.801967e+01  
738       1.51154023825e+05   0.000000e+00   4.662211e+01   1.805922e+01  
739       1.51001595824e+05   0.000000e+00   4.684490e+01   1.802123e+01  
740       1.51200804992e+05   0.000000e+00   4.656119e+01   1.805537e+01  
741       1.50992793877e+05   0.000000e+00   4.691009e+01   1.802228e+01  
742       1.51101251670e+05   0.000000e+00   4.663889e+01   1.805570e+01  
743       1.51064611643e+05   0.000000e+00   4.690238e+01   1.802774e+01  
744       1.50987238251e+05   0.000000e+00   4.670687e+01   1.805716e+01  
745       1.51248070083e+05   0.000000e+00   4.686667e+01   1.802061e+01  
746       1.51059280792e+05   0.000000e+00   4.659363e+01   1.805618e+01  
747       1.51353652689e+05   0.000000e+00   4.677082e+01   1.802393e+01  
748       1.50948539651e+05   0.000000e+00   4.666995e+01   1.805368e+01  
749       1.51469042970e+05   0.000000e+00   4.670366e+01   1.802805e+01  
750       1.50819116204e+05   0.000000e+00   4.677471e+01   1.805478e+01  
751       1.51342786798e+05   0.000000e+00   4.681583e+01   1.802397e+01  
752       1.50863240311e+05   0.000000e+00   4.677997e+01   1.805048e+01  
753       1.51370328004e+05   0.000000e+00   4.678668e+01   1.802854e+01  
754       1.50867744314e+05   0.000000e+00   4.682243e+01   1.804336e+01  
755       1.51189022383e+05   0.000000e+00   4.691642e+01   1.802374e+01  
756       1.50830255364e+05   0.000000e+00   4.684529e+01   1.803617e+01  
757       1.51366824175e+05   0.000000e+00   4.683323e+01   1.802761e+01  
758       1.50870260114e+05   0.000000e+00   4.681232e+01   1.803111e+01  
759       1.51477752682e+05   0.000000e+00   4.679315e+01   1.802157e+01  
760       1.50967495353e+05   0.000000e+00   4.684831e+01   1.801908e+01  
761       1.51694546366e+05   0.000000e+00   4.654439e+01   1.802302e+01  
762       1.51155453678e+05   0.000000e+00   4.672028e+01   1.801572e+01  
763       1.51621036417e+05   0.000000e+00   4.665272e+01   1.803015e+01  
764       1.51030826091e+05   0.000000e+00   4.682397e+01   1.801111e+01  
765       1.51862347586e+05   0.000000e+00   4.651317e+01   1.802868e+01  
766       1.50907891865e+05   0.000000e+00   4.685348e+01   1.801586e+01  
767       1.51993118210e+05   0.000000e+00   4.653185e+01   1.803192e+01  
768       1.50745515063e+05   0.000000e+00   4.692306e+01   1.801437e+01  
769       1.51772960963e+05   0.000000e+00   4.670416e+01   1.803580e+01  
770       1.50789833470e+05   0.000000e+00   4.693974e+01   1.801610e+01  
771       1.51805831818e+05   0.000000e+00   4.668997e+01   1.803881e+01  
772       1.50881395949e+05   0.000000e+00   4.700075e+01   1.802207e+01  
773       1.51393230804e+05   0.000000e+00   4.692071e+01   1.803283e+01  
774       1.51362890832e+05   0.000000e+00   4.681134e+01   1.801151e+01  
775       1.51727782874e+05   0.000000e+00   4.662727e+01   1.803662e+01  
776       1.51290009618e+05   0.000000e+00   4.682933e+01   1.801809e+01  
777       1.51718660644e+05   0.000000e+00   4.675324e+01   1.803780e+01  
778       1.51189249248e+05   0.000000e+00   4.690361e+01   1.801553e+01  
779       1.51881158434e+05   0.000000e+00   4.666317e+01   1.803730e+01  
780       1.51311470213e+05   0.000000e+00   4.683972e+01   1.802480e+01  
781       1.51773364294e+05   0.000000e+00   4.669605e+01   1.804501e+01  
782       1.51046261201e+05   0.000000e+00   4.701464e+01   1.803020e+01  
783       1.51671265816e+05   0.000000e+00   4.676393e+01   1.804648e+01  
784       1.51180662138e+05   0.000000e+00   4.702274e+01   1.803504e+01  
785       1.51541225302e+05   0.000000e+00   4.680256e+01   1.804369e+01  
786       1.51287498215e+05   0.000000e+00   4.697089e+01   1.803626e+01  
787       1.51733784807e+05   0.000000e+00   4.671254e+01   1.803142e+01  
788       1.51123594590e+05   0.000000e+00   4.703332e+01   1.804173e+01  
789       1.51847652731e+05   0.000000e+00   4.675477e+01   1.803049e+01  
790       1.51047233534e+05   0.000000e+00   4.717797e+01   1.803176e+01  
791       1.51828120293e+05   0.000000e+00   4.682647e+01   1.802734e+01  
792       1.50920732782e+05   0.000000e+00   4.727331e+01   1.803152e+01  
793       1.51751854664e+05   0.000000e+00   4.692271e+01   1.802216e+01  
794       1.50886058499e+05   0.000000e+00   4.731087e+01   1.803082e+01  
795       1.51861958054e+05   0.000000e+00   4.688009e+01   1.801811e+01  
796       1.50863939921e+05   0.000000e+00   4.734594e+01   1.802974e+01  
797       1.51944960373e+05   0.000000e+00   4.683349e+01   1.801207e+01  
798       1.51037953858e+05   0.000000e+00   4.725024e+01   1.804152e+01  
799       1.51829119330e+05   0.000000e+00   4.689234e+01   1.801336e+01  
800       1.51092443705e+05   0.000000e+00   4.725926e+01   1.803746e+01  
801       1.51718283260e+05   0.000000e+00   4.688927e+01   1.801322e+01  
802       1.51269995273e+05   0.000000e+00   4.720084e+01   1.804101e+01  
803       1.51432899735e+05   0.000000e+00   4.705683e+01   1.801173e+01  
804       1.51248157104e+05   0.000000e+00   4.724692e+01   1.802507e+01  
805       1.51431936494e+05   0.000000e+00   4.708383e+01   1.801025e+01  
806       1.51270240232e+05   0.000000e+00   4.722303e+01   1.803331e+01  
807       1.51422415496e+05   0.000000e+00   4.702619e+01   1.801007e+01  
808       1.51154534540e+05   0.000000e+00   4.725608e+01   1.803034e+01  
809       1.51377713610e+05   0.000000e+00   4.713453e+01   1.800603e+01  
810       1.51006909069e+05   0.000000e+00   4.729489e+01   1.803157e+01  
811       1.51403563724e+05   0.000000e+00   4.714291e+01   1.799797e+01  
812       1.50991372018e+05   0.000000e+00   4.733355e+01   1.802941e+01  
813       1.51243878268e+05   0.000000e+00   4.721486e+01   1.800498e+01  
814       1.50869492359e+05   0.000000e+00   4.736659e+01   1.802333e+01  
815       1.51318164121e+05   0.000000e+00   4.713728e+01   1.800275e+01  
816       1.51042752554e+05   0.000000e+00   4.727383e+01   1.801707e+01  
817       1.51083774447e+05   0.000000e+00   4.722829e+01   1.800294e+01  
818       1.50795520862e+05   0.000000e+00   4.748769e+01   1.801458e+01  
819       1.51104828375e+05   0.000000e+00   4.726131e+01   1.799796e+01  
820       1.51006429606e+05   0.000000e+00   4.731280e+01   1.801614e+01  
821       1.50879172305e+05   0.000000e+00   4.740946e+01   1.800307e+01  
822       1.50939507194e+05   0.000000e+00   4.740483e+01   1.800712e+01  
823       1.51036177402e+05   0.000000e+00   4.735700e+01   1.799750e+01  
824       1.50993988280e+05   0.000000e+00   4.740163e+01   1.800704e+01  
825       1.51131941488e+05   0.000000e+00   4.728719e+01   1.799362e+01  
826       1.51150333892e+05   0.000000e+00   4.742215e+01   1.800696e+01  
827       1.51076847840e+05   0.000000e+00   4.732614e+01   1.799452e+01  
828       1.51087333593e+05   0.000000e+00   4.756491e+01   1.801083e+01  
829       1.51166189413e+05   0.000000e+00   4.731723e+01   1.798478e+01  
830       1.51335920861e+05   0.000000e+00   4.749716e+01   1.801094e+01  
831       1.50952238551e+05   0.000000e+00   4.746714e+01   1.797753e+01  
832       1.51309231497e+05   0.000000e+00   4.756394e+01   1.801795e+01  
833       1.51080597362e+05   0.000000e+00   4.744518e+01   1.797431e+01  
834       1.51083894049e+05   0.000000e+00   4.767989e+01   1.801506e+01  
835       1.51284585490e+05   0.000000e+00   4.740505e+01   1.797259e+01  
836       1.51224997385e+05   0.000000e+00   4.755021e+01   1.801036e+01  
837       1.51104769974e+05   0.000000e+00   4.752692e+01   1.797837e+01  
838       1.51346341113e+05   0.000000e+00   4.762987e+01   1.801310e+01  
839       1.50999078272e+05   0.000000e+00   4.764511e+01   1.797837e+01  
840       1.51322926665e+05   0.000000e+00   4.772150e+01   1.801264e+01  
841       1.50983350112e+05   0.000000e+00   4.767247e+01   1.798598e+01  
842       1.51413174451e+05   0.000000e+00   4.777816e+01   1.800728e+01  
843       1.51124326769e+05   0.000000e+00   4.767111e+01   1.799191e+01  
844       1.51338711342e+05   0.000000e+00   4.776736e+01   1.800058e+01  
845       1.51319278315e+05   0.000000e+00   4.767706e+01   1.798439e+01  
846       1.51384654473e+05   0.000000e+00   4.765898e+01   1.800466e+01  
847       1.51408213603e+05   0.000000e+00   4.766920e+01   1.799587e+01  
848       1.51309507935e+05   0.000000e+00   4.780690e+01   1.800012e+01  
849       1.51203709456e+05   0.000000e+00   4.777333e+01   1.799430e+01  
850       1.51623056660e+05   0.000000e+00   4.766231e+01   1.800357e+01  
851       1.51039890754e+05   0.000000e+00   4.783272e+01   1.800483e+01  
852       1.51713923927e+05   0.000000e+00   4.768145e+01   1.799944e+01  
853       1.50974863632e+05   0.000000e+00   4.792040e+01   1.800578e+01  
854       1.51650940603e+05   0.000000e+00   4.772689e+01   1.799076e+01  
855       1.51290983437e+05   0.000000e+00   4.779141e+01   1.800880e+01  
856       1.51626903523e+05   0.000000e+00   4.771231e+01   1.798703e+01  
857       1.51194459600e+05   0.000000e+00   4.796633e+01   1.801037e+01  
858       1.51658947762e+05   0.000000e+00   4.771993e+01   1.797184e+01  
859       1.51285798148e+05   0.000000e+00   4.781853e+01   1.801291e+01  
860       1.51747305482e+05   0.000000e+00   4.768960e+01   1.796958e+01  
861       1.51213309144e+05   0.000000e+00   4.794466e+01   1.801075e+01  
862       1.51571251318e+05   0.000000e+00   4.779029e+01   1.797077e+01  
863       1.51123847472e+05   0.000000e+00   4.802460e+01   1.800191e+01  
864       1.51771960089e+05   0.000000e+00   4.768340e+01   1.796887e+01  
865       1.51190972105e+05   0.000000e+00   4.794874e+01   1.800278e+01  
866       1.51486632433e+05   0.000000e+00   4.784059e+01   1.797533e+01  
867       1.51055854370e+05   0.000000e+00   4.812331e+01   1.799665e+01  
868       1.51499353947e+05   0.000000e+00   4.781984e+01   1.797463e+01  
869       1.51158883245e+05   0.000000e+00   4.802990e+01   1.800377e+01  
870       1.51459879135e+05   0.000000e+00   4.775377e+01   1.797528e+01  
871       1.51255834924e+05   0.000000e+00   4.798354e+01   1.800531e+01  
872       1.51529230801e+05   0.000000e+00   4.769769e+01   1.797250e+01  
873       1.51173241787e+05   0.000000e+00   4.801684e+01   1.801550e+01  
874       1.51401650476e+05   0.000000e+00   4.775147e+01   1.798084e+01  
875       1.51322173725e+05   0.000000e+00   4.782845e+01   1.801228e+01  
876       1.51178993690e+05   0.000000e+00   4.789315e+01   1.798601e+01  
877       1.50966995455e+05   0.000000e+00   4.805948e+01   1.801571e+01  
878       1.51235142002e+05   0.000000e+00   4.790771e+01   1.798974e+01  
879       1.50803620611e+05   0.000000e+00   4.809224e+01   1.801523e+01  
880       1.51164617410e+05   0.000000e+00   4.794302e+01   1.798461e+01  
881       1.50897757072e+05   0.000000e+00   4.807484e+01   1.801538e+01  
882       1.51137983100e+05   0.000000e+00   4.801239e+01   1.798951e+01  
883       1.50809661751e+05   0.000000e+00   4.808365e+01   1.801634e+01  
884       1.51298649608e+05   0.000000e+00   4.794227e+01   1.798422e+01  
885       1.50771519764e+05   0.000000e+00   4.812545e+01   1.801976e+01  
886       1.51213250289e+05   0.000000e+00   4.798895e+01   1.797919e+01  
887       1.50951869333e+05   0.000000e+00   4.807548e+01   1.801925e+01  
888       1.51276242831e+05   0.000000e+00   4.797266e+01   1.797680e+01  
889       1.50776738933e+05   0.000000e+00   4.819578e+01   1.801826e+01  
890       1.51360404586e+05   0.000000e+00   4.794378e+01   1.798111e+01  
891       1.50938818351e+05   0.000000e+00   4.807047e+01   1.801551e+01  
892       1.51242026797e+05   0.000000e+00   4.802114e+01   1.799253e+01  
893       1.50781043362e+05   0.000000e+00   4.812561e+01   1.801068e+01  
894       1.51328977166e+05   0.000000e+00   4.803426e+01   1.798574e+01  
895       1.50529057837e+05   0.000000e+00   4.820367e+01   1.801188e+01  
896       1.51604515525e+05   0.000000e+00   4.792935e+01   1.799468e+01  
897       1.50171019038e+05   0.000000e+00   4.841650e+01   1.800809e+01  
898       1.51697189820e+05   0.000000e+00   4.789096e+01   1.799893e+01  
899       1.50284098425e+05   0.000000e+00   4.834141e+01   1.800737e+01  
900       1.51776847107e+05   0.000000e+00   4.783851e+01   1.799965e+01  
901       1.50362560572e+05   0.000000e+00   4.835098e+01   1.799970e+01  
902       1.51692841098e+05   0.000000e+00   4.787430e+01   1.799763e+01  
903       1.50358416084e+05   0.000000e+00   4.843007e+01   1.799987e+01  
904       1.51654627655e+05   0.000000e+00   4.786538e+01   1.799886e+01  
905       1.50570792351e+05   0.000000e+00   4.834713e+01   1.799951e+01  
906       1.51512927106e+05   0.000000e+00   4.803314e+01   1.800186e+01  
907       1.50532835467e+05   0.000000e+00   4.837986e+01   1.799348e+01  
908       1.51512560840e+05   0.000000e+00   4.799865e+01   1.799887e+01  
909       1.50761714765e+05   0.000000e+00   4.828735e+01   1.799056e+01  
910       1.51426227715e+05   0.000000e+00   4.797001e+01   1.800583e+01  
911       1.50727103180e+05   0.000000e+00   4.838045e+01   1.799169e+01  
912       1.51108034560e+05   0.000000e+00   4.816562e+01   1.800462e+01  
913       1.50824224564e+05   0.000000e+00   4.845089e+01   1.799341e+01  
914       1.51008246097e+05   0.000000e+00   4.815416e+01   1.801049e+01  
915       1.50711934034e+05   0.000000e+00   4.850894e+01   1.799799e+01  
916       1.51024410180e+05   0.000000e+00   4.827697e+01   1.801316e+01  
917       1.50646568377e+05   0.000000e+00   4.850878e+01   1.800708e+01  
918       1.50876349034e+05   0.000000e+00   4.835222e+01   1.801702e+01  
919       1.50760766416e+05   0.000000e+00   4.852197e+01   1.799777e+01  
920       1.51031242237e+05   0.000000e+00   4.826584e+01   1.801422e+01  
921       1.51021766780e+05   0.000000e+00   4.836652e+01   1.799658e+01  
922       1.50927589849e+05   0.000000e+00   4.837134e+01   1.801295e+01  
923       1.51218005123e+05   0.000000e+00   4.838475e+01   1.798989e+01  
924       1.50855164601e+05   0.000000e+00   4.844501e+01   1.801492e+01  
925       1.51110422372e+05   0.000000e+00   4.843187e+01   1.798926e+01  
926       1.50986483562e+05   0.000000e+00   4.841850e+01   1.801601e+01  
927       1.51138557308e+05   0.000000e+00   4.832522e+01   1.799339e+01  
928       1.51113439306e+05   0.000000e+00   4.836738e+01   1.801255e+01  
929       1.50993855779e+05   0.000000e+00   4.842792e+01   1.799037e+01  
930       1.51167782594e+05   0.000000e+00   4.831501e+01   1.801223e+01  
931       1.50892620532e+05   0.000000e+00   4.855043e+01   1.799473e+01  
932       1.51036984010e+05   0.000000e+00   4.841159e+01   1.801290e+01  
933       1.50906064641e+05   0.000000e+00   4.856328e+01   1.799868e+01  
934       1.50908629336e+05   0.000000e+00   4.849072e+01   1.801107e+01  
935       1.51048397514e+05   0.000000e+00   4.847130e+01   1.799969e+01  
936       1.51097816361e+05   0.000000e+00   4.840756e+01   1.800870e+01  
937       1.51023465643e+05   0.000000e+00   4.849377e+01   1.800408e+01  
938       1.50994432054e+05   0.000000e+00   4.843499e+01   1.800160e+01  
939       1.51019602410e+05   0.000000e+00   4.852471e+01   1.800887e+01  
940       1.51277251049e+05   0.000000e+00   4.832778e+01   1.800616e+01  
941       1.50805732781e+05   0.000000e+00   4.862522e+01   1.801444e+01  
942       1.51176474768e+05   0.000000e+00   4.849908e+01   1.800887e+01  
943       1.50849592300e+05   0.000000e+00   4.863227e+01   1.800678e+01  
944       1.51303574591e+05   0.000000e+00   4.835082e+01   1.801059e+01  
945       1.51064938828e+05   0.000000e+00   4.851320e+01   1.800559e+01  
946       1.51176193982e+05   0.000000e+00   4.852761e+01   1.800875e+01  
947       1.50980538367e+05   0.000000e+00   4.855565e+01   1.800464e+01  
948       1.51375042285e+05   0.000000e+00   4.839761e+01   1.800594e+01  
949       1.51130179316e+05   0.000000e+00   4.844875e+01   1.800254e+01  
950       1.51167657173e+05   0.000000e+00   4.856170e+01   1.800994e+01  
951       1.50961391821e+05   0.000000e+00   4.861002e+01   1.800048e+01  
952       1.50959405397e+05   0.000000e+00   4.874795e+01   1.800792e+01  
953       1.50788170694e+05   0.000000e+00   4.858820e+01   1.799774e+01  
954       1.51219060598e+05   0.000000e+00   4.854302e+01   1.801256e+01  
955       1.50574368405e+05   0.000000e+00   4.875027e+01   1.799248e+01  
956       1.51179502369e+05   0.000000e+00   4.854442e+01   1.801534e+01  
957       1.50631851440e+05   0.000000e+00   4.868626e+01   1.799171e+01  
958       1.51285634386e+05   0.000000e+00   4.848218e+01   1.801802e+01  
959       1.50657480811e+05   0.000000e+00   4.857180e+01   1.799511e+01  
960       1.51185429423e+05   0.000000e+00   4.853526e+01   1.801626e+01  
961       1.50602800002e+05   0.000000e+00   4.870673e+01   1.799335e+01  
962       1.51191804545e+05   0.000000e+00   4.848210e+01   1.801520e+01  
963       1.50534871020e+05   0.000000e+00   4.870756e+01   1.800007e+01  
964       1.50988495113e+05   0.000000e+00   4.864230e+01   1.800753e+01  
965       1.50744606780e+05   0.000000e+00   4.866005e+01   1.799562e+01  
966       1.50953995051e+05   0.000000e+00   4.859034e+01   1.800941e+01  
967       1.50661297240e+05   0.000000e+00   4.872631e+01   1.800779e+01  
968       1.50976606768e+05   0.000000e+00   4.858918e+01   1.799873e+01  
969       1.50842504440e+05   0.000000e+00   4.861165e+01   1.800128e+01  
970       1.50938649341e+05   0.000000e+00   4.855249e+01   1.799419e+01  
971       1.50721060273e+05   0.000000e+00   4.871204e+01   1.799629e+01  
972       1.51170952806e+05   0.000000e+00   4.843870e+01   1.798727e+01  
973       1.50419746099e+05   0.000000e+00   4.886385e+01   1.799773e+01  
974       1.51266166787e+05   0.000000e+00   4.854211e+01   1.798889e+01  
975       1.50323201625e+05   0.000000e+00   4.890807e+01   1.800634e+01  
976       1.51208343170e+05   0.000000e+00   4.851829e+01   1.799651e+01  
977       1.50331294978e+05   0.000000e+00   4.901115e+01   1.800268e+01  
978       1.50989476624e+05   0.000000e+00   4.863723e+01   1.799986e+01  
979       1.50431394536e+05   0.000000e+00   4.907430e+01   1.800076e+01  
980       1.50815820139e+05   0.000000e+00   4.869167e+01   1.800685e+01  
981       1.50402490156e+05   0.000000e+00   4.916167e+01   1.800990e+01  
982       1.50737406346e+05   0.000000e+00   4.879622e+01   1.801043e+01  
983       1.50407549155e+05   0.000000e+00   4.909152e+01   1.801099e+01  
984       1.50843889260e+05   0.000000e+00   4.871970e+01   1.800382e+01  
985       1.50611633034e+05   0.000000e+00   4.894386e+01   1.801310e+01  
986       1.50771581552e+05   0.000000e+00   4.879732e+01   1.800372e+01  
987       1.50369682684e+05   0.000000e+00   4.910473e+01   1.801339e+01  
988       1.50972262156e+05   0.000000e+00   4.870692e+01   1.799575e+01  
989       1.50304618105e+05   0.000000e+00   4.917614e+01   1.802080e+01  
990       1.50934881633e+05   0.000000e+00   4.882293e+01   1.798432e+01  
991       1.50264413068e+05   0.000000e+00   4.925129e+01   1.801506e+01  
992       1.50834154554e+05   0.000000e+00   4.901311e+01   1.798046e+01  
993       1.50190392356e+05   0.000000e+00   4.921305e+01   1.802238e+01  
994       1.51082650652e+05   0.000000e+00   4.889025e+01   1.797808e+01  
995       1.50195021489e+05   0.000000e+00   4.919153e+01   1.802094e+01  
996       1.50908054584e+05   0.000000e+00   4.901907e+01   1.798208e+01  
997       1.50221503332e+05   0.000000e+00   4.922124e+01   1.802027e+01  
998       1.51109999241e+05   0.000000e+00   4.885896e+01   1.797624e+01  
999       1.50350702181e+05   0.000000e+00   4.909595e+01   1.802567e+01  
1000      1.51076638950e+05   0.000000e+00   4.897740e+01   1.797800e+01  
1001      1.50356179425e+05   0.000000e+00   4.916910e+01   1.802335e+01  
1002      1.50939116376e+05   0.000000e+00   4.905126e+01   1.797775e+01  
1003      1.50512181174e+05   0.000000e+00   4.915649e+01   1.802978e+01  
1004      1.50925162255e+05   0.000000e+00   4.903559e+01   1.798044e+01  
1005      1.50412835577e+05   0.000000e+00   4.918967e+01   1.802756e+01  
1006      1.51003602408e+05   0.000000e+00   4.904682e+01   1.798607e+01  
1007      1.50349744105e+05   0.000000e+00   4.925348e+01   1.802396e+01  
1008      1.50844249431e+05   0.000000e+00   4.914708e+01   1.798937e+01  
1009      1.50414649548e+05   0.000000e+00   4.920483e+01   1.802189e+01  
1010      1.50983438945e+05   0.000000e+00   4.913194e+01   1.798865e+01  
1011      1.50338793886e+05   0.000000e+00   4.926839e+01   1.802837e+01  
1012      1.51008127411e+05   0.000000e+00   4.916705e+01   1.798401e+01  
1013      1.50353417623e+05   0.000000e+00   4.939050e+01   1.802796e+01  
1014      1.51066020650e+05   0.000000e+00   4.911838e+01   1.798026e+01  
1015      1.50463053177e+05   0.000000e+00   4.930466e+01   1.802991e+01  
1016      1.50955578209e+05   0.000000e+00   4.919451e+01   1.797592e+01  
1017      1.50571684032e+05   0.000000e+00   4.925163e+01   1.802438e+01  
1018      1.50913364340e+05   0.000000e+00   4.922035e+01   1.798177e+01  
1019      1.50403594196e+05   0.000000e+00   4.933520e+01   1.802086e+01  
1020      1.51098989194e+05   0.000000e+00   4.916247e+01   1.797688e+01  
1021      1.50445663761e+05   0.000000e+00   4.925603e+01   1.800961e+01  
1022      1.51069262969e+05   0.000000e+00   4.915596e+01   1.797715e+01  
1023      1.50491009410e+05   0.000000e+00   4.929426e+01   1.799747e+01  
1024      1.51025852044e+05   0.000000e+00   4.923984e+01   1.797842e+01  
1025      1.50429678592e+05   0.000000e+00   4.938482e+01   1.800023e+01  
1026      1.51003168557e+05   0.000000e+00   4.927986e+01   1.798031e+01  
1027      1.50352690897e+05   0.000000e+00   4.947886e+01   1.799207e+01  
1028      1.51071004073e+05   0.000000e+00   4.924843e+01   1.798348e+01  
1029      1.50476561037e+05   0.000000e+00   4.945637e+01   1.799423e+01  
1030      1.51154924231e+05   0.000000e+00   4.924372e+01   1.799718e+01  
1031      1.50366623106e+05   0.000000e+00   4.955967e+01   1.799695e+01  
1032      1.51061160102e+05   0.000000e+00   4.928617e+01   1.800169e+01  
1033      1.50683576573e+05   0.000000e+00   4.932262e+01   1.799186e+01  
1034      1.51228650047e+05   0.000000e+00   4.917025e+01   1.800586e+01  
1035      1.50455083607e+05   0.000000e+00   4.954085e+01   1.799905e+01  
1036      1.50922746437e+05   0.000000e+00   4.941121e+01   1.800787e+01  
1037      1.50503618950e+05   0.000000e+00   4.952904e+01   1.799568e+01  
1038      1.50972251850e+05   0.000000e+00   4.938333e+01   1.800606e+01  
1039      1.50448390469e+05   0.000000e+00   4.954636e+01   1.799693e+01  
1040      1.51104990789e+05   0.000000e+00   4.939655e+01   1.800093e+01  
1041      1.50220076063e+05   0.000000e+00   4.969101e+01   1.800000e+01  
1042      1.51207937253e+05   0.000000e+00   4.934923e+01   1.800086e+01  
1043      1.50305695188e+05   0.000000e+00   4.959413e+01   1.800611e+01  
1044      1.51248990601e+05   0.000000e+00   4.929668e+01   1.800222e+01  
1045      1.50199497921e+05   0.000000e+00   4.973018e+01   1.800361e+01  
1046      1.51102566625e+05   0.000000e+00   4.946519e+01   1.800637e+01  
1047      1.50159645320e+05   0.000000e+00   4.980644e+01   1.799787e+01  
1048      1.51251392113e+05   0.000000e+00   4.935914e+01   1.801053e+01  
1049      1.50215671642e+05   0.000000e+00   4.969912e+01   1.799321e+01  
1050      1.51255383096e+05   0.000000e+00   4.947281e+01   1.801167e+01  
1051      1.50050768226e+05   0.000000e+00   4.978269e+01   1.799490e+01  
1052      1.51278567764e+05   0.000000e+00   4.946351e+01   1.801940e+01  
1053      1.49963096735e+05   0.000000e+00   4.985926e+01   1.799536e+01  
1054      1.51249312483e+05   0.000000e+00   4.944569e+01   1.800897e+01  
1055      1.50025295720e+05   0.000000e+00   4.988235e+01   1.799822e+01  
1056      1.51150543761e+05   0.000000e+00   4.950616e+01   1.800088e+01  
1057      1.49874180796e+05   0.000000e+00   5.000461e+01   1.800612e+01  
1058      1.51273629061e+05   0.000000e+00   4.947201e+01   1.799296e+01  
1059      1.50065374609e+05   0.000000e+00   4.987571e+01   1.800941e+01  
1060      1.51127653502e+05   0.000000e+00   4.953270e+01   1.799626e+01  
1061      1.50150481693e+05   0.000000e+00   4.980669e+01   1.800588e+01  
1062      1.51223356769e+05   0.000000e+00   4.951792e+01   1.797837e+01  
1063      1.50109486810e+05   0.000000e+00   4.978762e+01   1.800445e+01  
1064      1.51195697821e+05   0.000000e+00   4.957052e+01   1.797677e+01  
1065      1.50024663444e+05   0.000000e+00   4.992121e+01   1.800116e+01  
1066      1.51091655972e+05   0.000000e+00   4.961033e+01   1.797780e+01  
1067      1.50031526927e+05   0.000000e+00   4.987964e+01   1.799469e+01  
1068      1.51179829291e+05   0.000000e+00   4.960663e+01   1.797497e+01  
1069      1.50059247484e+05   0.000000e+00   4.982488e+01   1.799186e+01  
1070      1.51313547123e+05   0.000000e+00   4.955982e+01   1.797946e+01  
1071      1.49805244739e+05   0.000000e+00   5.000355e+01   1.799449e+01  
1072      1.51408609380e+05   0.000000e+00   4.954904e+01   1.797492e+01  
1073      1.49853075922e+05   0.000000e+00   4.995747e+01   1.798664e+01  
1074      1.51364118100e+05   0.000000e+00   4.953473e+01   1.798151e+01  
1075      1.49961174561e+05   0.000000e+00   4.998728e+01   1.798172e+01  
1076      1.51133951354e+05   0.000000e+00   4.966597e+01   1.798621e+01  
1077      1.50001593552e+05   0.000000e+00   4.997090e+01   1.798222e+01  
1078      1.51087578141e+05   0.000000e+00   4.964856e+01   1.799223e+01  
1079      1.50132845844e+05   0.000000e+00   4.989990e+01   1.798256e+01  
1080      1.50904087569e+05   0.000000e+00   4.974694e+01   1.799170e+01  
1081      1.50211332791e+05   0.000000e+00   4.988558e+01   1.797811e+01  
1082      1.51100083776e+05   0.000000e+00   4.962094e+01   1.799019e+01  
1083      1.50320863935e+05   0.000000e+00   4.980825e+01   1.798416e+01  
1084      1.51232021598e+05   0.000000e+00   4.959765e+01   1.798824e+01  
1085      1.50164851321e+05   0.000000e+00   4.995540e+01   1.798427e+01  
1086      1.51337525977e+05   0.000000e+00   4.961275e+01   1.799413e+01  
1087      1.50079309996e+05   0.000000e+00   4.995429e+01   1.798602e+01  
1088      1.51575797320e+05   0.000000e+00   4.948011e+01   1.799324e+01  
1089      1.50149478282e+05   0.000000e+00   4.992892e+01   1.798702e+01  
1090      1.51501823396e+05   0.000000e+00   4.955550e+01   1.799586e+01  
1091      1.50168386802e+05   0.000000e+00   4.996162e+01   1.799177e+01  
1092      1.51594282776e+05   0.000000e+00   4.949774e+01   1.798809e+01  
1093      1.50256521147e+05   0.000000e+00   4.990834e+01   1.799747e+01  
1094      1.51420481635e+05   0.000000e+00   4.956621e+01   1.798820e+01  
1095      1.50551629716e+05   0.000000e+00   4.980298e+01   1.799353e+01  
1096      1.51298761157e+05   0.000000e+00   4.958449e+01   1.799473e+01  
1097      1.50341025637e+05   0.000000e+00   4.994497e+01   1.800279e+01  
1098      1.51373049635e+05   0.000000e+00   4.952220e+01   1.799443e+01  
1099      1.50329377621e+05   0.000000e+00   4.991166e+01   1.800319e+01  
1100      1.51300756833e+05   0.000000e+00   4.954225e+01   1.800059e+01  
1101      1.50411006932e+05   0.000000e+00   4.997405e+01   1.800845e+01  
1102      1.51089815485e+05   0.000000e+00   4.968400e+01   1.800318e+01  
1103      1.50495826369e+05   0.000000e+00   4.995916e+01   1.801670e+01  
1104      1.51197077241e+05   0.000000e+00   4.959729e+01   1.800994e+01  
1105      1.50528819540e+05   0.000000e+00   4.996831e+01   1.801714e+01  
1106      1.51107496703e+05   0.000000e+00   4.968196e+01   1.800679e+01  
1107      1.50710061377e+05   0.000000e+00   4.988822e+01   1.801979e+01  
1108      1.51090602478e+05   0.000000e+00   4.975938e+01   1.800868e+01  
1109      1.50586765025e+05   0.000000e+00   4.997367e+01   1.802106e+01  
1110      1.51146682189e+05   0.000000e+00   4.979463e+01   1.799903e+01  
1111      1.50505129032e+05   0.000000e+00   5.009922e+01   1.801668e+01  
1112      1.51011856302e+05   0.000000e+00   4.985526e+01   1.800231e+01  
1113      1.50647139768e+05   0.000000e+00   5.002840e+01   1.801453e+01  
1114      1.51035739494e+05   0.000000e+00   4.986911e+01   1.800308e+01  
1115      1.50525053575e+05   0.000000e+00   5.003728e+01   1.802225e+01  
1116      1.50972796781e+05   0.000000e+00   4.991351e+01   1.799835e+01  
1117      1.50737798522e+05   0.000000e+00   4.985451e+01   1.801289e+01  
1118      1.51059909365e+05   0.000000e+00   4.988824e+01   1.800228e+01  
1119      1.50889848563e+05   0.000000e+00   4.985522e+01   1.801740e+01  
1120      1.50785108460e+05   0.000000e+00   5.010092e+01   1.800806e+01  
1121      1.50800008794e+05   0.000000e+00   4.999180e+01   1.801685e+01  
1122      1.50962824285e+05   0.000000e+00   4.989841e+01   1.800005e+01  
1123      1.50960441789e+05   0.000000e+00   4.992901e+01   1.801034e+01  
1124      1.50865914153e+05   0.000000e+00   4.998408e+01   1.800397e+01  
1125      1.50970214307e+05   0.000000e+00   4.993823e+01   1.800405e+01  
1126      1.50705621729e+05   0.000000e+00   5.010922e+01   1.800515e+01  
1127      1.51103490482e+05   0.000000e+00   4.985882e+01   1.800339e+01  
1128      1.50787085307e+05   0.000000e+00   5.002098e+01   1.800442e+01  
1129      1.50882595317e+05   0.000000e+00   5.003321e+01   1.800645e+01  
1130      1.50686679371e+05   0.000000e+00   5.020123e+01   1.800011e+01  
1131      1.50892204185e+05   0.000000e+00   5.011038e+01   1.800384e+01  
1132      1.50586883066e+05   0.000000e+00   5.022093e+01   1.800257e+01  
1133      1.50976532970e+05   0.000000e+00   5.008995e+01   1.800587e+01  
1134      1.50617792222e+05   0.000000e+00   5.021093e+01   1.799920e+01  
1135      1.51069499914e+05   0.000000e+00   4.999642e+01   1.801341e+01  
1136      1.50505944489e+05   0.000000e+00   5.025684e+01   1.800036e+01  
1137      1.51133187018e+05   0.000000e+00   4.997263e+01   1.801385e+01  
1138      1.50473136543e+05   0.000000e+00   5.029300e+01   1.800017e+01  
1139      1.51105310730e+05   0.000000e+00   5.005199e+01   1.800195e+01  
1140      1.50383611495e+05   0.000000e+00   5.041533e+01   1.800377e+01  
1141      1.51066325169e+05   0.000000e+00   5.009258e+01   1.800110e+01  
1142      1.50317812396e+05   0.000000e+00   5.046228e+01   1.800914e+01  
1143      1.51027397625e+05   0.000000e+00   5.013165e+01   1.800161e+01  
1144      1.50440992942e+05   0.000000e+00   5.037924e+01   1.800578e+01  
1145      1.50974376756e+05   0.000000e+00   5.013521e+01   1.801035e+01  
1146      1.50515670745e+05   0.000000e+00   5.036318e+01   1.800088e+01  
1147      1.51126869689e+05   0.000000e+00   5.015522e+01   1.800867e+01  
1148      1.50486739669e+05   0.000000e+00   5.037247e+01   1.799775e+01  
1149      1.51155559429e+05   0.000000e+00   5.016643e+01   1.801850e+01  
1150      1.50343943459e+05   0.000000e+00   5.047893e+01   1.799970e+01  
1151      1.51128717238e+05   0.000000e+00   5.025238e+01   1.801889e+01  
1152      1.50442651567e+05   0.000000e+00   5.043462e+01   1.799600e+01  
1153      1.51315224160e+05   0.000000e+00   5.015724e+01   1.802242e+01  
1154      1.50276710479e+05   0.000000e+00   5.052623e+01   1.800440e+01  
1155      1.51327730884e+05   0.000000e+00   5.015453e+01   1.802298e+01  
1156      1.50349781370e+05   0.000000e+00   5.051458e+01   1.800508e+01  
1157      1.51260719345e+05   0.000000e+00   5.022674e+01   1.802997e+01  
1158      1.50355735320e+05   0.000000e+00   5.053101e+01   1.800347e+01  
1159      1.51417777161e+05   0.000000e+00   5.022207e+01   1.803451e+01  
1160      1.50304705230e+05   0.000000e+00   5.063621e+01   1.800007e+01  
1161      1.51275378745e+05   0.000000e+00   5.028930e+01   1.803951e+01  
1162      1.50463867460e+05   0.000000e+00   5.062494e+01   1.800416e+01  
1163      1.51269199868e+05   0.000000e+00   5.021905e+01   1.804093e+01  
1164      1.50604778003e+05   0.000000e+00   5.059218e+01   1.801513e+01  
1165      1.51058606046e+05   0.000000e+00   5.038694e+01   1.803769e+01  
1166      1.50739905607e+05   0.000000e+00   5.054749e+01   1.801419e+01  
1167      1.51090063927e+05   0.000000e+00   5.028422e+01   1.803952e+01  
1168      1.50810798573e+05   0.000000e+00   5.052039e+01   1.802335e+01  
1169      1.51096201412e+05   0.000000e+00   5.038489e+01   1.803339e+01  
1170      1.50545076649e+05   0.000000e+00   5.067558e+01   1.802838e+01  
1171      1.51165389357e+05   0.000000e+00   5.040414e+01   1.803653e+01  
1172      1.50575883794e+05   0.000000e+00   5.071158e+01   1.802913e+01  
1173      1.51148387871e+05   0.000000e+00   5.043882e+01   1.804205e+01  
1174      1.50492213505e+05   0.000000e+00   5.073598e+01   1.802847e+01  
1175      1.51072961762e+05   0.000000e+00   5.054287e+01   1.804061e+01  
1176      1.50478626849e+05   0.000000e+00   5.080459e+01   1.803374e+01  
1177      1.51134155444e+05   0.000000e+00   5.051374e+01   1.803909e+01  
1178      1.50487081205e+05   0.000000e+00   5.080169e+01   1.802768e+01  
1179      1.51106225024e+05   0.000000e+00   5.054767e+01   1.803865e+01  
1180      1.50625290736e+05   0.000000e+00   5.074184e+01   1.802245e+01  
1181      1.50967263565e+05   0.000000e+00   5.060001e+01   1.803915e+01  
1182      1.50752265249e+05   0.000000e+00   5.070236e+01   1.801912e+01  
1183      1.51037487185e+05   0.000000e+00   5.049500e+01   1.803664e+01  
1184      1.50830766883e+05   0.000000e+00   5.070240e+01   1.802070e+01  
1185      1.51088351796e+05   0.000000e+00   5.049667e+01   1.803010e+01  
1186      1.50910426348e+05   0.000000e+00   5.070909e+01   1.802767e+01  
1187      1.50822067912e+05   0.000000e+00   5.067515e+01   1.804019e+01  
1188      1.51113678988e+05   0.000000e+00   5.059156e+01   1.803438e+01  
1189      1.50822633162e+05   0.000000e+00   5.068574e+01   1.803796e+01  
1190      1.51175542679e+05   0.000000e+00   5.058644e+01   1.805022e+01  
1191      1.50802135566e+05   0.000000e+00   5.071633e+01   1.803336e+01  
1192      1.51173399525e+05   0.000000e+00   5.056673e+01   1.805905e+01  
1193      1.51004332766e+05   0.000000e+00   5.053755e+01   1.802646e+01  
1194      1.51101804808e+05   0.000000e+00   5.060745e+01   1.806769e+01  
1195      1.50974455473e+05   0.000000e+00   5.057070e+01   1.801599e+01  
1196      1.51196572753e+05   0.000000e+00   5.060379e+01   1.806392e+01  
1197      1.50911113111e+05   0.000000e+00   5.064839e+01   1.801342e+01  
1198      1.51174978637e+05   0.000000e+00   5.066108e+01   1.807351e+01  
1199      1.50871932195e+05   0.000000e+00   5.072768e+01   1.800321e+01  
1200      1.51224992752e+05   0.000000e+00   5.058929e+01   1.807058e+01  
1201      1.50818661638e+05   0.000000e+00   5.077233e+01   1.800619e+01  
1202      1.51383555607e+05   0.000000e+00   5.055033e+01   1.806793e+01  
1203      1.50661955534e+05   0.000000e+00   5.078770e+01   1.801055e+01  
1204      1.51388220049e+05   0.000000e+00   5.064965e+01   1.807474e+01  
1205      1.50456912364e+05   0.000000e+00   5.097079e+01   1.801741e+01  
1206      1.51360347022e+05   0.000000e+00   5.065931e+01   1.807336e+01  
1207      1.50467163023e+05   0.000000e+00   5.094356e+01   1.801262e+01  
1208      1.51655674123e+05   0.000000e+00   5.050739e+01   1.807808e+01  
1209      1.50256033379e+05   0.000000e+00   5.107449e+01   1.801947e+01  
1210      1.51351127203e+05   0.000000e+00   5.073091e+01   1.808209e+01  
1211      1.50575321331e+05   0.000000e+00   5.090250e+01   1.801372e+01  
1212      1.51350099286e+05   0.000000e+00   5.068382e+01   1.808275e+01  
1213      1.50468291565e+05   0.000000e+00   5.096880e+01   1.802354e+01  
1214      1.51247592793e+05   0.000000e+00   5.074225e+01   1.807880e+01  
1215      1.50416263511e+05   0.000000e+00   5.111057e+01   1.801871e+01  
1216      1.51094725013e+05   0.000000e+00   5.080757e+01   1.807773e+01  
1217      1.50554709892e+05   0.000000e+00   5.107190e+01   1.801759e+01  
1218      1.51025842901e+05   0.000000e+00   5.086665e+01   1.807363e+01  
1219      1.50479552498e+05   0.000000e+00   5.108531e+01   1.801761e+01  
1220      1.51109572121e+05   0.000000e+00   5.081284e+01   1.807491e+01  
1221      1.50509762789e+05   0.000000e+00   5.106500e+01   1.801555e+01  
1222      1.51237004185e+05   0.000000e+00   5.070235e+01   1.807493e+01  
1223      1.50474787902e+05   0.000000e+00   5.111136e+01   1.801595e+01  
1224      1.51261516732e+05   0.000000e+00   5.078288e+01   1.806680e+01  
1225      1.50460987030e+05   0.000000e+00   5.110165e+01   1.802418e+01  
1226      1.51094325326e+05   0.000000e+00   5.089841e+01   1.807075e+01  
1227      1.50566896302e+05   0.000000e+00   5.112629e+01   1.802957e+01  
1228      1.51034054700e+05   0.000000e+00   5.092506e+01   1.807057e+01  
1229      1.50690406070e+05   0.000000e+00   5.106971e+01   1.803127e+01  
1230      1.50969460848e+05   0.000000e+00   5.097369e+01   1.806852e+01  
1231      1.50712477126e+05   0.000000e+00   5.106541e+01   1.802961e+01  
1232      1.51175783607e+05   0.000000e+00   5.088886e+01   1.806110e+01  
1233      1.50588140926e+05   0.000000e+00   5.113061e+01   1.803195e+01  
1234      1.51106134666e+05   0.000000e+00   5.094563e+01   1.806794e+01  
1235      1.50753874242e+05   0.000000e+00   5.102745e+01   1.802980e+01  
1236      1.51068511757e+05   0.000000e+00   5.091829e+01   1.806663e+01  
1237      1.50864558769e+05   0.000000e+00   5.103215e+01   1.802933e+01  
1238      1.51074944182e+05   0.000000e+00   5.092402e+01   1.807121e+01  
1239      1.50764556191e+05   0.000000e+00   5.106061e+01   1.804104e+01  
1240      1.51052176743e+05   0.000000e+00   5.097361e+01   1.806760e+01  
1241      1.50848873074e+05   0.000000e+00   5.101112e+01   1.804272e+01  
1242      1.51147073999e+05   0.000000e+00   5.093588e+01   1.806852e+01  
1243      1.50948661174e+05   0.000000e+00   5.098430e+01   1.804342e+01  
1244      1.51083130556e+05   0.000000e+00   5.097567e+01   1.806097e+01  
1245      1.51012319845e+05   0.000000e+00   5.097626e+01   1.804569e+01  
1246      1.50997745868e+05   0.000000e+00   5.104348e+01   1.806016e+01  
1247      1.50964567450e+05   0.000000e+00   5.110719e+01   1.805437e+01  
1248      1.50903678262e+05   0.000000e+00   5.110729e+01   1.805637e+01  
1249      1.51098372687e+05   0.000000e+00   5.107768e+01   1.805263e+01  
1250      1.50770838937e+05   0.000000e+00   5.119760e+01   1.805292e+01  
-------------------------------------------------------------------

Initialization/allocation wall-clock time: 2.894 seconds
Calculation (iterations) wall-clock time : 251.876 seconds

