-------------------------------------------------------------------------------------------------------------------------------------------------------------
Snap      mu             Kin            Pot            Contact        DDI            Dmu(Contact)   Dmu(DDI)       Dmu(grad)      Rot            Lx  
-------------------------------------------------------------------------------------------------------------------------------------------------------------
0         -1.003822e+00  1.601408e+00   0.000000e+00   1.099840e+02   -1.973396e+02  8.475034e+01   0.000000e+00   0.000000e+00   -0.000000e+00  0.000000e+00  
1         -1.365620e+01  2.156810e+00   0.000000e+00   9.294091e+01   -1.670279e+02  5.827401e+01   0.000000e+00   0.000000e+00   -0.000000e+00  0.000000e+00  
2         -1.363612e+01  2.151092e+00   0.000000e+00   9.301844e+01   -1.671436e+02  5.833797e+01   0.000000e+00   0.000000e+00   -0.000000e+00  0.000000e+00  
3         -1.362340e+01  2.146717e+00   0.000000e+00   9.305390e+01   -1.671931e+02  5.836912e+01   0.000000e+00   0.000000e+00   -0.000000e+00  0.000000e+00  
4         -1.361128e+01  2.142925e+00   0.000000e+00   9.308941e+01   -1.672443e+02  5.840063e+01   0.000000e+00   0.000000e+00   -0.000000e+00  0.000000e+00  
5         -1.359572e+01  2.138421e+00   0.000000e+00   9.313780e+01   -1.673155e+02  5.844351e+01   0.000000e+00   0.000000e+00   -0.000000e+00  0.000000e+00  
6         -1.356886e+01  2.131214e+00   0.000000e+00   9.322897e+01   -1.674521e+02  5.852302e+01   0.000000e+00   0.000000e+00   -0.000000e+00  0.000000e+00  
7         -1.352154e+01  2.118861e+00   0.000000e+00   9.341649e+01   -1.677362e+02  5.867928e+01   0.000000e+00   0.000000e+00   -0.000000e+00  0.000000e+00  
8         -1.348966e+01  2.108707e+00   0.000000e+00   9.356642e+01   -1.679593e+02  5.879447e+01   0.000000e+00   0.000000e+00   -0.000000e+00  0.000000e+00  
9         -1.348343e+01  2.105723e+00   0.000000e+00   9.359711e+01   -1.680015e+02  5.881522e+01   0.000000e+00   0.000000e+00   -0.000000e+00  0.000000e+00  
10        -1.348247e+01  2.105163e+00   0.000000e+00   9.360159e+01   -1.680071e+02  5.881788e+01   0.000000e+00   0.000000e+00   -0.000000e+00  0.000000e+00  
11        -1.348228e+01  2.105060e+00   0.000000e+00   9.360246e+01   -1.680082e+02  5.881839e+01   0.000000e+00   0.000000e+00   -0.000000e+00  0.000000e+00  
12        -1.348223e+01  2.105039e+00   0.000000e+00   9.360267e+01   -1.680085e+02  5.881852e+01   0.000000e+00   0.000000e+00   -0.000000e+00  0.000000e+00  
13        -1.348222e+01  2.105034e+00   0.000000e+00   9.360272e+01   -1.680085e+02  5.881856e+01   0.000000e+00   0.000000e+00   -0.000000e+00  0.000000e+00  
-------------------------------------------------------------------------------------------------------------------------------------------------------------

