-------------------------------------------------------------------------------------------------------------------------------------------------------------
Snap      mu             Kin            Pot            Contact        DDI            Dmu(Contact)   Dmu(DDI)       Dmu(grad)      Rot            Lx  
-------------------------------------------------------------------------------------------------------------------------------------------------------------
0         -9.084469e-01  6.331563e-01   0.000000e+00   3.865902e+01   -5.564084e+01  1.544021e+01   0.000000e+00   0.000000e+00   -0.000000e+00  0.000000e+00  
1         -2.802431e+00  7.223644e-01   0.000000e+00   3.321611e+01   -4.790730e+01  1.116640e+01   0.000000e+00   0.000000e+00   -0.000000e+00  0.000000e+00  
2         -2.793535e+00  7.227473e-01   0.000000e+00   3.336102e+01   -4.810429e+01  1.122698e+01   0.000000e+00   0.000000e+00   -0.000000e+00  0.000000e+00  
3         -2.789651e+00  7.211754e-01   0.000000e+00   3.339035e+01   -4.814067e+01  1.123950e+01   0.000000e+00   0.000000e+00   -0.000000e+00  0.000000e+00  
4         -2.787853e+00  7.203607e-01   0.000000e+00   3.340066e+01   -4.815288e+01  1.124401e+01   0.000000e+00   0.000000e+00   -0.000000e+00  0.000000e+00  
5         -2.787036e+00  7.199864e-01   0.000000e+00   3.340485e+01   -4.815775e+01  1.124587e+01   0.000000e+00   0.000000e+00   -0.000000e+00  0.000000e+00  
6         -2.786671e+00  7.198187e-01   0.000000e+00   3.340664e+01   -4.815980e+01  1.124667e+01   0.000000e+00   0.000000e+00   -0.000000e+00  0.000000e+00  
7         -2.786510e+00  7.197443e-01   0.000000e+00   3.340741e+01   -4.816068e+01  1.124702e+01   0.000000e+00   0.000000e+00   -0.000000e+00  0.000000e+00  
8         -2.786439e+00  7.197117e-01   0.000000e+00   3.340774e+01   -4.816106e+01  1.124717e+01   0.000000e+00   0.000000e+00   -0.000000e+00  0.000000e+00  
9         -2.786409e+00  7.196974e-01   0.000000e+00   3.340788e+01   -4.816122e+01  1.124723e+01   0.000000e+00   0.000000e+00   -0.000000e+00  0.000000e+00  
10        -2.786396e+00  7.196913e-01   0.000000e+00   3.340794e+01   -4.816129e+01  1.124726e+01   0.000000e+00   0.000000e+00   -0.000000e+00  0.000000e+00  
11        -2.786390e+00  7.196886e-01   0.000000e+00   3.340796e+01   -4.816131e+01  1.124727e+01   0.000000e+00   0.000000e+00   -0.000000e+00  0.000000e+00  
12        -2.786387e+00  7.196875e-01   0.000000e+00   3.340798e+01   -4.816133e+01  1.124728e+01   0.000000e+00   0.000000e+00   -0.000000e+00  0.000000e+00  
-------------------------------------------------------------------------------------------------------------------------------------------------------------

