
**********************************************
Real-time propagation in 3D, OPTION = 2
MPI nodes = 8, OMP threads = 16, cores = 128
**********************************************

Interactions
Contact: Natoms = 1.50000000000e+05, as = 9.000000e+01 * a0, G = 1.616835e+04, G * par = 3.233669e+04
Three-body: K3 =  0.000000e+00, g3 = 0.000000e+00
Regular DDI: add = 1.101000e+02 * a0, GD = 4.721954e+03, GD * par = 9.443909e+03, edd = 1.223333e+00
     Dipolar cutoff Rcut = 1.194221e+01, Lcut = 3.145626e+02

QF = 1: h2 = 2.037647e+05, h4 = 0.000000e+00
        q3 = 0.000000e+00, q5 = 3.403199e+00

GRAD = 0

Trap parameters:
GAMMA = 0.000000e+00, NU = 0.000000e+00, LAMBDA = 0.000000e+00
Parameters of rotation: OMEGA = 0.000000e+00, OMEGA * par = 0.000000e+00

Space discretization: NX = 128, NY = 128, NZ = 128
                      DX = 4.915041e+00, DY = 1.865970e-01, DZ = 1.865970e-01
      Unit of length: aho = 5.552380e-07 m

Time discretization: NITER = 2500 (NSNAP = 1250)
                     DT = 1.740923e-02

Initial state: file ./imag3d-finalpsi.bin
ADD_VORTICES = 0, ADD_RANDOM_PHASE = 0


MUREL = 1.000000e-12, MUEND=1.000000e+05

-------------------------------------------------------------------
Snap      <r>            <x>            <y>            <z>
-------------------------------------------------------------------
0         3.151191e+01   3.146637e+01   1.197590e+00   1.197590e+00  
1         3.151191e+01   3.146638e+01   1.197421e+00   1.197421e+00  
2         3.151191e+01   3.146639e+01   1.197269e+00   1.197269e+00  
3         3.151193e+01   3.146642e+01   1.197133e+00   1.197133e+00  
4         3.151196e+01   3.146646e+01   1.197012e+00   1.197012e+00  
5         3.151200e+01   3.146650e+01   1.196907e+00   1.196907e+00  
6         3.151205e+01   3.146656e+01   1.196818e+00   1.196818e+00  
7         3.151211e+01   3.146662e+01   1.196745e+00   1.196745e+00  
8         3.151218e+01   3.146670e+01   1.196687e+00   1.196687e+00  
9         3.151226e+01   3.146679e+01   1.196644e+00   1.196644e+00  
10        3.151235e+01   3.146688e+01   1.196617e+00   1.196617e+00  
11        3.151246e+01   3.146699e+01   1.196605e+00   1.196605e+00  
12        3.151257e+01   3.146710e+01   1.196608e+00   1.196608e+00  
13        3.151270e+01   3.146722e+01   1.196625e+00   1.196625e+00  
14        3.151283e+01   3.146736e+01   1.196658e+00   1.196658e+00  
15        3.151298e+01   3.146750e+01   1.196705e+00   1.196705e+00  
16        3.151314e+01   3.146765e+01   1.196767e+00   1.196767e+00  
17        3.151330e+01   3.146782e+01   1.196844e+00   1.196844e+00  
18        3.151348e+01   3.146799e+01   1.196935e+00   1.196935e+00  
19        3.151367e+01   3.146817e+01   1.197040e+00   1.197040e+00  
20        3.151387e+01   3.146836e+01   1.197160e+00   1.197160e+00  
21        3.151409e+01   3.146857e+01   1.197293e+00   1.197293e+00  
22        3.151431e+01   3.146878e+01   1.197440e+00   1.197440e+00  
23        3.151454e+01   3.146900e+01   1.197601e+00   1.197601e+00  
24        3.151478e+01   3.146923e+01   1.197776e+00   1.197776e+00  
25        3.151504e+01   3.146947e+01   1.197963e+00   1.197963e+00  
26        3.151530e+01   3.146972e+01   1.198163e+00   1.198163e+00  
27        3.151558e+01   3.146998e+01   1.198375e+00   1.198375e+00  
28        3.151586e+01   3.147025e+01   1.198599e+00   1.198599e+00  
29        3.151616e+01   3.147052e+01   1.198834e+00   1.198834e+00  
30        3.151647e+01   3.147081e+01   1.199079e+00   1.199079e+00  
31        3.151678e+01   3.147111e+01   1.199335e+00   1.199335e+00  
32        3.151711e+01   3.147142e+01   1.199600e+00   1.199600e+00  
33        3.151745e+01   3.147174e+01   1.199874e+00   1.199874e+00  
34        3.151780e+01   3.147206e+01   1.200156e+00   1.200156e+00  
35        3.151815e+01   3.147240e+01   1.200446e+00   1.200446e+00  
36        3.151852e+01   3.147274e+01   1.200742e+00   1.200742e+00  
37        3.151890e+01   3.147310e+01   1.201044e+00   1.201044e+00  
38        3.151929e+01   3.147346e+01   1.201352e+00   1.201352e+00  
39        3.151968e+01   3.147384e+01   1.201664e+00   1.201664e+00  
40        3.152009e+01   3.147422e+01   1.201980e+00   1.201980e+00  
41        3.152051e+01   3.147461e+01   1.202299e+00   1.202299e+00  
42        3.152093e+01   3.147501e+01   1.202621e+00   1.202621e+00  
43        3.152137e+01   3.147543e+01   1.202944e+00   1.202944e+00  
44        3.152181e+01   3.147585e+01   1.203268e+00   1.203268e+00  
45        3.152226e+01   3.147628e+01   1.203592e+00   1.203592e+00  
46        3.152273e+01   3.147671e+01   1.203915e+00   1.203915e+00  
47        3.152320e+01   3.147716e+01   1.204237e+00   1.204237e+00  
48        3.152368e+01   3.147762e+01   1.204558e+00   1.204558e+00  
49        3.152417e+01   3.147809e+01   1.204875e+00   1.204875e+00  
50        3.152467e+01   3.147856e+01   1.205190e+00   1.205190e+00  
51        3.152518e+01   3.147905e+01   1.205500e+00   1.205500e+00  
52        3.152570e+01   3.147954e+01   1.205806e+00   1.205806e+00  
53        3.152622e+01   3.148005e+01   1.206107e+00   1.206107e+00  
54        3.152676e+01   3.148056e+01   1.206402e+00   1.206402e+00  
55        3.152730e+01   3.148108e+01   1.206691e+00   1.206691e+00  
56        3.152785e+01   3.148161e+01   1.206973e+00   1.206973e+00  
57        3.152841e+01   3.148215e+01   1.207248e+00   1.207248e+00  
58        3.152898e+01   3.148270e+01   1.207515e+00   1.207515e+00  
59        3.152956e+01   3.148326e+01   1.207774e+00   1.207774e+00  
60        3.153014e+01   3.148382e+01   1.208024e+00   1.208024e+00  
61        3.153074e+01   3.148440e+01   1.208266e+00   1.208266e+00  
62        3.153134e+01   3.148499e+01   1.208498e+00   1.208498e+00  
63        3.153195e+01   3.148558e+01   1.208720e+00   1.208720e+00  
64        3.153257e+01   3.148618e+01   1.208932e+00   1.208932e+00  
65        3.153319e+01   3.148679e+01   1.209134e+00   1.209134e+00  
66        3.153383e+01   3.148742e+01   1.209325e+00   1.209325e+00  
67        3.153447e+01   3.148805e+01   1.209506e+00   1.209506e+00  
68        3.153512e+01   3.148868e+01   1.209675e+00   1.209675e+00  
69        3.153578e+01   3.148933e+01   1.209833e+00   1.209833e+00  
70        3.153645e+01   3.148999e+01   1.209980e+00   1.209980e+00  
71        3.153712e+01   3.149065e+01   1.210115e+00   1.210115e+00  
72        3.153781e+01   3.149133e+01   1.210239e+00   1.210239e+00  
73        3.153850e+01   3.149201e+01   1.210351e+00   1.210351e+00  
74        3.153920e+01   3.149270e+01   1.210451e+00   1.210451e+00  
75        3.153990e+01   3.149341e+01   1.210540e+00   1.210540e+00  
76        3.154062e+01   3.149412e+01   1.210617e+00   1.210617e+00  
77        3.154134e+01   3.149484e+01   1.210681e+00   1.210681e+00  
78        3.154207e+01   3.149556e+01   1.210735e+00   1.210735e+00  
79        3.154281e+01   3.149630e+01   1.210776e+00   1.210776e+00  
80        3.154356e+01   3.149705e+01   1.210806e+00   1.210806e+00  
81        3.154431e+01   3.149780e+01   1.210825e+00   1.210825e+00  
82        3.154508e+01   3.149856e+01   1.210832e+00   1.210832e+00  
83        3.154585e+01   3.149934e+01   1.210828e+00   1.210828e+00  
84        3.154663e+01   3.150012e+01   1.210813e+00   1.210813e+00  
85        3.154741e+01   3.150091e+01   1.210787e+00   1.210787e+00  
86        3.154821e+01   3.150171e+01   1.210750e+00   1.210750e+00  
87        3.154901e+01   3.150252e+01   1.210703e+00   1.210703e+00  
88        3.154982e+01   3.150333e+01   1.210646e+00   1.210646e+00  
89        3.155064e+01   3.150416e+01   1.210579e+00   1.210579e+00  
90        3.155147e+01   3.150499e+01   1.210503e+00   1.210503e+00  
91        3.155231e+01   3.150584e+01   1.210416e+00   1.210416e+00  
92        3.155315e+01   3.150669e+01   1.210321e+00   1.210321e+00  
93        3.155400e+01   3.150755e+01   1.210217e+00   1.210217e+00  
94        3.155486e+01   3.150842e+01   1.210105e+00   1.210105e+00  
95        3.155573e+01   3.150930e+01   1.209984e+00   1.209984e+00  
96        3.155661e+01   3.151019e+01   1.209855e+00   1.209855e+00  
97        3.155749e+01   3.151109e+01   1.209719e+00   1.209719e+00  
98        3.155839e+01   3.151199e+01   1.209576e+00   1.209576e+00  
99        3.155929e+01   3.151291e+01   1.209426e+00   1.209426e+00  
100       3.156020e+01   3.151383e+01   1.209269e+00   1.209269e+00  
101       3.156112e+01   3.151477e+01   1.209107e+00   1.209107e+00  
102       3.156205e+01   3.151571e+01   1.208938e+00   1.208938e+00  
103       3.156298e+01   3.151666e+01   1.208764e+00   1.208764e+00  
104       3.156393e+01   3.151762e+01   1.208586e+00   1.208586e+00  
105       3.156488e+01   3.151859e+01   1.208402e+00   1.208402e+00  
106       3.156585e+01   3.151957e+01   1.208214e+00   1.208214e+00  
107       3.156682e+01   3.152055e+01   1.208023e+00   1.208023e+00  
108       3.156780e+01   3.152155e+01   1.207828e+00   1.207828e+00  
109       3.156878e+01   3.152255e+01   1.207630e+00   1.207630e+00  
110       3.156978e+01   3.152357e+01   1.207429e+00   1.207429e+00  
111       3.157079e+01   3.152459e+01   1.207225e+00   1.207225e+00  
112       3.157180e+01   3.152562e+01   1.207020e+00   1.207020e+00  
113       3.157283e+01   3.152666e+01   1.206813e+00   1.206813e+00  
114       3.157386e+01   3.152771e+01   1.206604e+00   1.206604e+00  
115       3.157490e+01   3.152877e+01   1.206395e+00   1.206395e+00  
116       3.157595e+01   3.152984e+01   1.206185e+00   1.206185e+00  
117       3.157701e+01   3.153092e+01   1.205975e+00   1.205975e+00  
118       3.157808e+01   3.153201e+01   1.205765e+00   1.205765e+00  
119       3.157916e+01   3.153310e+01   1.205555e+00   1.205555e+00  
120       3.158024e+01   3.153421e+01   1.205347e+00   1.205347e+00  
121       3.158134e+01   3.153532e+01   1.205139e+00   1.205139e+00  
122       3.158245e+01   3.153644e+01   1.204933e+00   1.204933e+00  
123       3.158356e+01   3.153757e+01   1.204729e+00   1.204729e+00  
124       3.158469e+01   3.153872e+01   1.204527e+00   1.204527e+00  
125       3.158582e+01   3.153987e+01   1.204327e+00   1.204327e+00  
126       3.158696e+01   3.154102e+01   1.204131e+00   1.204131e+00  
127       3.158811e+01   3.154219e+01   1.203937e+00   1.203937e+00  
128       3.158927e+01   3.154337e+01   1.203746e+00   1.203746e+00  
129       3.159044e+01   3.154456e+01   1.203559e+00   1.203559e+00  
130       3.159162e+01   3.154575e+01   1.203375e+00   1.203375e+00  
131       3.159281e+01   3.154696e+01   1.203196e+00   1.203196e+00  
132       3.159401e+01   3.154817e+01   1.203020e+00   1.203020e+00  
133       3.159522e+01   3.154939e+01   1.202849e+00   1.202849e+00  
134       3.159644e+01   3.155063e+01   1.202682e+00   1.202682e+00  
135       3.159767e+01   3.155187e+01   1.202520e+00   1.202520e+00  
136       3.159890e+01   3.155312e+01   1.202363e+00   1.202363e+00  
137       3.160015e+01   3.155438e+01   1.202210e+00   1.202210e+00  
138       3.160140e+01   3.155565e+01   1.202063e+00   1.202063e+00  
139       3.160267e+01   3.155692e+01   1.201921e+00   1.201921e+00  
140       3.160394e+01   3.155821e+01   1.201784e+00   1.201784e+00  
141       3.160523e+01   3.155951e+01   1.201653e+00   1.201653e+00  
142       3.160652e+01   3.156081e+01   1.201528e+00   1.201528e+00  
143       3.160782e+01   3.156212e+01   1.201409e+00   1.201409e+00  
144       3.160914e+01   3.156345e+01   1.201296e+00   1.201296e+00  
145       3.161046e+01   3.156478e+01   1.201189e+00   1.201189e+00  
146       3.161179e+01   3.156612e+01   1.201088e+00   1.201088e+00  
147       3.161313e+01   3.156747e+01   1.200994e+00   1.200994e+00  
148       3.161448e+01   3.156883e+01   1.200906e+00   1.200906e+00  
149       3.161584e+01   3.157020e+01   1.200825e+00   1.200825e+00  
150       3.161721e+01   3.157158e+01   1.200751e+00   1.200751e+00  
151       3.161859e+01   3.157296e+01   1.200683e+00   1.200683e+00  
152       3.161998e+01   3.157436e+01   1.200622e+00   1.200622e+00  
153       3.162138e+01   3.157577e+01   1.200567e+00   1.200567e+00  
154       3.162279e+01   3.157718e+01   1.200520e+00   1.200520e+00  
155       3.162421e+01   3.157860e+01   1.200478e+00   1.200478e+00  
156       3.162564e+01   3.158004e+01   1.200444e+00   1.200444e+00  
157       3.162707e+01   3.158148e+01   1.200416e+00   1.200416e+00  
158       3.162852e+01   3.158293e+01   1.200394e+00   1.200394e+00  
159       3.162998e+01   3.158439e+01   1.200379e+00   1.200379e+00  
160       3.163144e+01   3.158586e+01   1.200370e+00   1.200370e+00  
161       3.163292e+01   3.158733e+01   1.200366e+00   1.200366e+00  
162       3.163440e+01   3.158882e+01   1.200369e+00   1.200369e+00  
163       3.163589e+01   3.159032e+01   1.200377e+00   1.200377e+00  
164       3.163740e+01   3.159182e+01   1.200391e+00   1.200391e+00  
165       3.163891e+01   3.159333e+01   1.200410e+00   1.200410e+00  
166       3.164043e+01   3.159486e+01   1.200434e+00   1.200434e+00  
167       3.164196e+01   3.159639e+01   1.200463e+00   1.200463e+00  
168       3.164350e+01   3.159793e+01   1.200497e+00   1.200497e+00  
169       3.164505e+01   3.159948e+01   1.200535e+00   1.200535e+00  
170       3.164661e+01   3.160103e+01   1.200578e+00   1.200578e+00  
171       3.164818e+01   3.160260e+01   1.200625e+00   1.200625e+00  
172       3.164976e+01   3.160418e+01   1.200676e+00   1.200676e+00  
173       3.165135e+01   3.160576e+01   1.200732e+00   1.200732e+00  
174       3.165294e+01   3.160736e+01   1.200791e+00   1.200791e+00  
175       3.165455e+01   3.160896e+01   1.200853e+00   1.200853e+00  
176       3.165616e+01   3.161057e+01   1.200920e+00   1.200920e+00  
177       3.165778e+01   3.161219e+01   1.200990e+00   1.200990e+00  
178       3.165942e+01   3.161382e+01   1.201063e+00   1.201063e+00  
179       3.166106e+01   3.161546e+01   1.201140e+00   1.201140e+00  
180       3.166271e+01   3.161710e+01   1.201219e+00   1.201219e+00  
181       3.166437e+01   3.161876e+01   1.201302e+00   1.201302e+00  
182       3.166604e+01   3.162042e+01   1.201388e+00   1.201388e+00  
183       3.166771e+01   3.162210e+01   1.201477e+00   1.201477e+00  
184       3.166940e+01   3.162378e+01   1.201568e+00   1.201568e+00  
185       3.167110e+01   3.162547e+01   1.201662e+00   1.201662e+00  
186       3.167280e+01   3.162717e+01   1.201758e+00   1.201758e+00  
187       3.167451e+01   3.162888e+01   1.201857e+00   1.201857e+00  
188       3.167624e+01   3.163059e+01   1.201957e+00   1.201957e+00  
189       3.167797e+01   3.163232e+01   1.202059e+00   1.202059e+00  
190       3.167971e+01   3.163405e+01   1.202163e+00   1.202163e+00  
191       3.168145e+01   3.163580e+01   1.202268e+00   1.202268e+00  
192       3.168321e+01   3.163755e+01   1.202373e+00   1.202373e+00  
193       3.168498e+01   3.163931e+01   1.202480e+00   1.202480e+00  
194       3.168675e+01   3.164108e+01   1.202587e+00   1.202587e+00  
195       3.168854e+01   3.164286e+01   1.202695e+00   1.202695e+00  
196       3.169033e+01   3.164464e+01   1.202803e+00   1.202803e+00  
197       3.169213e+01   3.164644e+01   1.202910e+00   1.202910e+00  
198       3.169394e+01   3.164824e+01   1.203018e+00   1.203018e+00  
199       3.169575e+01   3.165005e+01   1.203124e+00   1.203124e+00  
200       3.169758e+01   3.165187e+01   1.203230e+00   1.203230e+00  
201       3.169941e+01   3.165370e+01   1.203336e+00   1.203336e+00  
202       3.170126e+01   3.165554e+01   1.203440e+00   1.203440e+00  
203       3.170311e+01   3.165739e+01   1.203544e+00   1.203544e+00  
204       3.170497e+01   3.165924e+01   1.203646e+00   1.203646e+00  
205       3.170684e+01   3.166110e+01   1.203747e+00   1.203747e+00  
206       3.170871e+01   3.166298e+01   1.203847e+00   1.203847e+00  
207       3.171060e+01   3.166486e+01   1.203946e+00   1.203946e+00  
208       3.171249e+01   3.166674e+01   1.204043e+00   1.204043e+00  
209       3.171439e+01   3.166864e+01   1.204138e+00   1.204138e+00  
210       3.171630e+01   3.167055e+01   1.204232e+00   1.204232e+00  
211       3.171822e+01   3.167246e+01   1.204324e+00   1.204324e+00  
212       3.172015e+01   3.167438e+01   1.204415e+00   1.204415e+00  
213       3.172208e+01   3.167631e+01   1.204504e+00   1.204504e+00  
214       3.172403e+01   3.167825e+01   1.204590e+00   1.204590e+00  
215       3.172598e+01   3.168020e+01   1.204675e+00   1.204675e+00  
216       3.172794e+01   3.168216e+01   1.204757e+00   1.204757e+00  
217       3.172991e+01   3.168412e+01   1.204837e+00   1.204837e+00  
218       3.173188e+01   3.168610e+01   1.204915e+00   1.204915e+00  
219       3.173387e+01   3.168808e+01   1.204990e+00   1.204990e+00  
220       3.173586e+01   3.169007e+01   1.205062e+00   1.205062e+00  
221       3.173786e+01   3.169206e+01   1.205131e+00   1.205131e+00  
222       3.173987e+01   3.169407e+01   1.205197e+00   1.205197e+00  
223       3.174188e+01   3.169609e+01   1.205260e+00   1.205260e+00  
224       3.174391e+01   3.169811e+01   1.205319e+00   1.205319e+00  
225       3.174594e+01   3.170014e+01   1.205375e+00   1.205375e+00  
226       3.174798e+01   3.170218e+01   1.205427e+00   1.205427e+00  
227       3.175003e+01   3.170423e+01   1.205476e+00   1.205476e+00  
228       3.175209e+01   3.170629e+01   1.205520e+00   1.205520e+00  
229       3.175415e+01   3.170835e+01   1.205561e+00   1.205561e+00  
230       3.175623e+01   3.171042e+01   1.205597e+00   1.205597e+00  
231       3.175831e+01   3.171251e+01   1.205630e+00   1.205630e+00  
232       3.176040e+01   3.171459e+01   1.205658e+00   1.205658e+00  
233       3.176249e+01   3.171669e+01   1.205682e+00   1.205682e+00  
234       3.176460e+01   3.171880e+01   1.205702e+00   1.205702e+00  
235       3.176671e+01   3.172091e+01   1.205718e+00   1.205718e+00  
236       3.176883e+01   3.172304e+01   1.205729e+00   1.205729e+00  
237       3.177096e+01   3.172517e+01   1.205737e+00   1.205737e+00  
238       3.177310e+01   3.172731e+01   1.205741e+00   1.205741e+00  
239       3.177524e+01   3.172945e+01   1.205740e+00   1.205740e+00  
240       3.177739e+01   3.173161e+01   1.205736e+00   1.205736e+00  
241       3.177955e+01   3.173378e+01   1.205728e+00   1.205728e+00  
242       3.178172e+01   3.173595e+01   1.205717e+00   1.205717e+00  
243       3.178390e+01   3.173813e+01   1.205701e+00   1.205701e+00  
244       3.178608e+01   3.174032e+01   1.205682e+00   1.205682e+00  
245       3.178828e+01   3.174251e+01   1.205660e+00   1.205660e+00  
246       3.179048e+01   3.174472e+01   1.205633e+00   1.205633e+00  
247       3.179268e+01   3.174693e+01   1.205604e+00   1.205604e+00  
248       3.179490e+01   3.174916e+01   1.205571e+00   1.205571e+00  
249       3.179713e+01   3.175139e+01   1.205536e+00   1.205536e+00  
250       3.179936e+01   3.175363e+01   1.205497e+00   1.205497e+00  
251       3.180160e+01   3.175587e+01   1.205455e+00   1.205455e+00  
252       3.180385e+01   3.175813e+01   1.205410e+00   1.205410e+00  
253       3.180611e+01   3.176039e+01   1.205363e+00   1.205363e+00  
254       3.180837e+01   3.176266e+01   1.205313e+00   1.205313e+00  
255       3.181064e+01   3.176494e+01   1.205260e+00   1.205260e+00  
256       3.181292e+01   3.176723e+01   1.205205e+00   1.205205e+00  
257       3.181521e+01   3.176953e+01   1.205148e+00   1.205148e+00  
258       3.181751e+01   3.177184e+01   1.205088e+00   1.205088e+00  
259       3.181982e+01   3.177415e+01   1.205027e+00   1.205027e+00  
260       3.182213e+01   3.177647e+01   1.204963e+00   1.204963e+00  
261       3.182445e+01   3.177880e+01   1.204897e+00   1.204897e+00  
262       3.182678e+01   3.178114e+01   1.204828e+00   1.204828e+00  
263       3.182912e+01   3.178349e+01   1.204758e+00   1.204758e+00  
264       3.183147e+01   3.178584e+01   1.204686e+00   1.204686e+00  
265       3.183382e+01   3.178821e+01   1.204613e+00   1.204613e+00  
266       3.183619e+01   3.179058e+01   1.204537e+00   1.204537e+00  
267       3.183856e+01   3.179296e+01   1.204460e+00   1.204460e+00  
268       3.184094e+01   3.179535e+01   1.204381e+00   1.204381e+00  
269       3.184332e+01   3.179775e+01   1.204301e+00   1.204301e+00  
270       3.184572e+01   3.180015e+01   1.204220e+00   1.204220e+00  
271       3.184813e+01   3.180257e+01   1.204138e+00   1.204138e+00  
272       3.185054e+01   3.180499e+01   1.204054e+00   1.204054e+00  
273       3.185296e+01   3.180742e+01   1.203970e+00   1.203970e+00  
274       3.185539e+01   3.180986e+01   1.203886e+00   1.203886e+00  
275       3.185783e+01   3.181231e+01   1.203801e+00   1.203801e+00  
276       3.186027e+01   3.181476e+01   1.203716e+00   1.203716e+00  
277       3.186273e+01   3.181723e+01   1.203631e+00   1.203631e+00  
278       3.186519e+01   3.181970e+01   1.203546e+00   1.203546e+00  
279       3.186766e+01   3.182218e+01   1.203462e+00   1.203462e+00  
280       3.187015e+01   3.182467e+01   1.203378e+00   1.203378e+00  
281       3.187263e+01   3.182717e+01   1.203295e+00   1.203295e+00  
282       3.187513e+01   3.182968e+01   1.203212e+00   1.203212e+00  
283       3.187764e+01   3.183220e+01   1.203131e+00   1.203131e+00  
284       3.188015e+01   3.183472e+01   1.203050e+00   1.203050e+00  
285       3.188268e+01   3.183726e+01   1.202971e+00   1.202971e+00  
286       3.188521e+01   3.183980e+01   1.202893e+00   1.202893e+00  
287       3.188775e+01   3.184235e+01   1.202816e+00   1.202816e+00  
288       3.189030e+01   3.184491e+01   1.202741e+00   1.202741e+00  
289       3.189286e+01   3.184747e+01   1.202668e+00   1.202668e+00  
290       3.189543e+01   3.185005e+01   1.202596e+00   1.202596e+00  
291       3.189800e+01   3.185264e+01   1.202526e+00   1.202526e+00  
292       3.190059e+01   3.185523e+01   1.202457e+00   1.202457e+00  
293       3.190318e+01   3.185783e+01   1.202390e+00   1.202390e+00  
294       3.190578e+01   3.186044e+01   1.202325e+00   1.202325e+00  
295       3.190839e+01   3.186306e+01   1.202262e+00   1.202262e+00  
296       3.191101e+01   3.186569e+01   1.202201e+00   1.202201e+00  
297       3.191364e+01   3.186833e+01   1.202141e+00   1.202141e+00  
298       3.191628e+01   3.187097e+01   1.202083e+00   1.202083e+00  
299       3.191893e+01   3.187363e+01   1.202027e+00   1.202027e+00  
300       3.192158e+01   3.187629e+01   1.201973e+00   1.201973e+00  
301       3.192424e+01   3.187896e+01   1.201920e+00   1.201920e+00  
302       3.192692e+01   3.188164e+01   1.201870e+00   1.201870e+00  
303       3.192960e+01   3.188433e+01   1.201820e+00   1.201820e+00  
304       3.193229e+01   3.188703e+01   1.201772e+00   1.201772e+00  
305       3.193499e+01   3.188973e+01   1.201726e+00   1.201726e+00  
306       3.193769e+01   3.189245e+01   1.201681e+00   1.201681e+00  
307       3.194041e+01   3.189517e+01   1.201637e+00   1.201637e+00  
308       3.194314e+01   3.189790e+01   1.201595e+00   1.201595e+00  
309       3.194587e+01   3.190065e+01   1.201554e+00   1.201554e+00  
310       3.194861e+01   3.190339e+01   1.201513e+00   1.201513e+00  
311       3.195136e+01   3.190615e+01   1.201474e+00   1.201474e+00  
312       3.195412e+01   3.190892e+01   1.201436e+00   1.201436e+00  
313       3.195689e+01   3.191170e+01   1.201399e+00   1.201399e+00  
314       3.195967e+01   3.191448e+01   1.201362e+00   1.201362e+00  
315       3.196246e+01   3.191727e+01   1.201326e+00   1.201326e+00  
316       3.196525e+01   3.192008e+01   1.201291e+00   1.201291e+00  
317       3.196806e+01   3.192289e+01   1.201256e+00   1.201256e+00  
318       3.197087e+01   3.192570e+01   1.201222e+00   1.201222e+00  
319       3.197369e+01   3.192853e+01   1.201188e+00   1.201188e+00  
320       3.197652e+01   3.193137e+01   1.201154e+00   1.201154e+00  
321       3.197936e+01   3.193421e+01   1.201120e+00   1.201120e+00  
322       3.198221e+01   3.193707e+01   1.201086e+00   1.201086e+00  
323       3.198506e+01   3.193993e+01   1.201052e+00   1.201052e+00  
324       3.198793e+01   3.194280e+01   1.201018e+00   1.201018e+00  
325       3.199080e+01   3.194568e+01   1.200984e+00   1.200984e+00  
326       3.199368e+01   3.194857e+01   1.200950e+00   1.200950e+00  
327       3.199657e+01   3.195147e+01   1.200916e+00   1.200916e+00  
328       3.199947e+01   3.195437e+01   1.200881e+00   1.200881e+00  
329       3.200238e+01   3.195729e+01   1.200846e+00   1.200846e+00  
330       3.200530e+01   3.196021e+01   1.200812e+00   1.200812e+00  
331       3.200822e+01   3.196314e+01   1.200777e+00   1.200777e+00  
332       3.201116e+01   3.196608e+01   1.200742e+00   1.200742e+00  
333       3.201410e+01   3.196903e+01   1.200706e+00   1.200706e+00  
334       3.201705e+01   3.197199e+01   1.200671e+00   1.200671e+00  
335       3.202001e+01   3.197496e+01   1.200636e+00   1.200636e+00  
336       3.202298e+01   3.197793e+01   1.200602e+00   1.200602e+00  
337       3.202595e+01   3.198092e+01   1.200567e+00   1.200567e+00  
338       3.202894e+01   3.198391e+01   1.200533e+00   1.200533e+00  
339       3.203193e+01   3.198691e+01   1.200499e+00   1.200499e+00  
340       3.203494e+01   3.198992e+01   1.200467e+00   1.200467e+00  
341       3.203795e+01   3.199294e+01   1.200434e+00   1.200434e+00  
342       3.204097e+01   3.199596e+01   1.200403e+00   1.200403e+00  
343       3.204400e+01   3.199900e+01   1.200373e+00   1.200373e+00  
344       3.204704e+01   3.200204e+01   1.200345e+00   1.200345e+00  
345       3.205008e+01   3.200510e+01   1.200318e+00   1.200318e+00  
346       3.205314e+01   3.200816e+01   1.200293e+00   1.200293e+00  
347       3.205620e+01   3.201123e+01   1.200269e+00   1.200269e+00  
348       3.205927e+01   3.201431e+01   1.200248e+00   1.200248e+00  
349       3.206235e+01   3.201739e+01   1.200230e+00   1.200230e+00  
350       3.206545e+01   3.202049e+01   1.200214e+00   1.200214e+00  
351       3.206854e+01   3.202359e+01   1.200200e+00   1.200200e+00  
352       3.207165e+01   3.202671e+01   1.200190e+00   1.200190e+00  
353       3.207477e+01   3.202983e+01   1.200183e+00   1.200183e+00  
354       3.207789e+01   3.203296e+01   1.200179e+00   1.200179e+00  
355       3.208103e+01   3.203610e+01   1.200178e+00   1.200178e+00  
356       3.208417e+01   3.203925e+01   1.200181e+00   1.200181e+00  
357       3.208732e+01   3.204240e+01   1.200187e+00   1.200187e+00  
358       3.209049e+01   3.204557e+01   1.200197e+00   1.200197e+00  
359       3.209366e+01   3.204874e+01   1.200210e+00   1.200210e+00  
360       3.209683e+01   3.205192e+01   1.200227e+00   1.200227e+00  
361       3.210002e+01   3.205511e+01   1.200247e+00   1.200247e+00  
362       3.210322e+01   3.205831e+01   1.200270e+00   1.200270e+00  
363       3.210642e+01   3.206152e+01   1.200296e+00   1.200296e+00  
364       3.210963e+01   3.206473e+01   1.200325e+00   1.200325e+00  
365       3.211286e+01   3.206796e+01   1.200357e+00   1.200357e+00  
366       3.211609e+01   3.207119e+01   1.200392e+00   1.200392e+00  
367       3.211933e+01   3.207443e+01   1.200429e+00   1.200429e+00  
368       3.212257e+01   3.207768e+01   1.200468e+00   1.200468e+00  
369       3.212583e+01   3.208094e+01   1.200510e+00   1.200510e+00  
370       3.212909e+01   3.208420e+01   1.200553e+00   1.200553e+00  
371       3.213237e+01   3.208748e+01   1.200598e+00   1.200598e+00  
372       3.213565e+01   3.209076e+01   1.200645e+00   1.200645e+00  
373       3.213894e+01   3.209405e+01   1.200692e+00   1.200692e+00  
374       3.214223e+01   3.209735e+01   1.200741e+00   1.200741e+00  
375       3.214554e+01   3.210065e+01   1.200791e+00   1.200791e+00  
376       3.214885e+01   3.210397e+01   1.200841e+00   1.200841e+00  
377       3.215218e+01   3.210729e+01   1.200892e+00   1.200892e+00  
378       3.215551e+01   3.211062e+01   1.200943e+00   1.200943e+00  
379       3.215884e+01   3.211396e+01   1.200994e+00   1.200994e+00  
380       3.216219e+01   3.211731e+01   1.201045e+00   1.201045e+00  
381       3.216554e+01   3.212066e+01   1.201096e+00   1.201096e+00  
382       3.216891e+01   3.212403e+01   1.201147e+00   1.201147e+00  
383       3.217228e+01   3.212740e+01   1.201197e+00   1.201197e+00  
384       3.217565e+01   3.213078e+01   1.201247e+00   1.201247e+00  
385       3.217904e+01   3.213416e+01   1.201296e+00   1.201296e+00  
386       3.218243e+01   3.213756e+01   1.201345e+00   1.201345e+00  
387       3.218584e+01   3.214096e+01   1.201392e+00   1.201392e+00  
388       3.218924e+01   3.214437e+01   1.201439e+00   1.201439e+00  
389       3.219266e+01   3.214779e+01   1.201484e+00   1.201484e+00  
390       3.219609e+01   3.215121e+01   1.201529e+00   1.201529e+00  
391       3.219952e+01   3.215465e+01   1.201571e+00   1.201571e+00  
392       3.220296e+01   3.215809e+01   1.201613e+00   1.201613e+00  
393       3.220641e+01   3.216154e+01   1.201652e+00   1.201652e+00  
394       3.220986e+01   3.216500e+01   1.201690e+00   1.201690e+00  
395       3.221332e+01   3.216846e+01   1.201725e+00   1.201725e+00  
396       3.221679e+01   3.217193e+01   1.201758e+00   1.201758e+00  
397       3.222027e+01   3.217541e+01   1.201789e+00   1.201789e+00  
398       3.222375e+01   3.217890e+01   1.201816e+00   1.201816e+00  
399       3.222725e+01   3.218239e+01   1.201841e+00   1.201841e+00  
400       3.223074e+01   3.218590e+01   1.201862e+00   1.201862e+00  
401       3.223425e+01   3.218941e+01   1.201880e+00   1.201880e+00  
402       3.223776e+01   3.219292e+01   1.201893e+00   1.201893e+00  
403       3.224128e+01   3.219645e+01   1.201903e+00   1.201903e+00  
404       3.224481e+01   3.219998e+01   1.201908e+00   1.201908e+00  
405       3.224834e+01   3.220352e+01   1.201908e+00   1.201908e+00  
406       3.225189e+01   3.220706e+01   1.201904e+00   1.201904e+00  
407       3.225543e+01   3.221062e+01   1.201895e+00   1.201895e+00  
408       3.225899e+01   3.221418e+01   1.201880e+00   1.201880e+00  
409       3.226255e+01   3.221775e+01   1.201860e+00   1.201860e+00  
410       3.226612e+01   3.222132e+01   1.201834e+00   1.201834e+00  
411       3.226969e+01   3.222490e+01   1.201803e+00   1.201803e+00  
412       3.227327e+01   3.222849e+01   1.201766e+00   1.201766e+00  
413       3.227686e+01   3.223209e+01   1.201723e+00   1.201723e+00  
414       3.228046e+01   3.223569e+01   1.201674e+00   1.201674e+00  
415       3.228406e+01   3.223930e+01   1.201619e+00   1.201619e+00  
416       3.228767e+01   3.224292e+01   1.201559e+00   1.201559e+00  
417       3.229128e+01   3.224654e+01   1.201492e+00   1.201492e+00  
418       3.229490e+01   3.225018e+01   1.201419e+00   1.201419e+00  
419       3.229853e+01   3.225381e+01   1.201341e+00   1.201341e+00  
420       3.230216e+01   3.225746e+01   1.201257e+00   1.201257e+00  
421       3.230580e+01   3.226111e+01   1.201167e+00   1.201167e+00  
422       3.230945e+01   3.226477e+01   1.201072e+00   1.201072e+00  
423       3.231310e+01   3.226844e+01   1.200972e+00   1.200972e+00  
424       3.231676e+01   3.227211e+01   1.200867e+00   1.200867e+00  
425       3.232043e+01   3.227579e+01   1.200758e+00   1.200758e+00  
426       3.232410e+01   3.227947e+01   1.200644e+00   1.200644e+00  
427       3.232778e+01   3.228317e+01   1.200526e+00   1.200526e+00  
428       3.233147e+01   3.228687e+01   1.200405e+00   1.200405e+00  
429       3.233516e+01   3.229057e+01   1.200280e+00   1.200280e+00  
430       3.233886e+01   3.229429e+01   1.200153e+00   1.200153e+00  
431       3.234256e+01   3.229801e+01   1.200024e+00   1.200024e+00  
432       3.234628e+01   3.230174e+01   1.199892e+00   1.199892e+00  
433       3.235000e+01   3.230547e+01   1.199759e+00   1.199759e+00  
434       3.235372e+01   3.230921e+01   1.199625e+00   1.199625e+00  
435       3.235745e+01   3.231296e+01   1.199489e+00   1.199489e+00  
436       3.236119e+01   3.231671e+01   1.199353e+00   1.199353e+00  
437       3.236494e+01   3.232047e+01   1.199217e+00   1.199217e+00  
438       3.236869e+01   3.232424e+01   1.199081e+00   1.199081e+00  
439       3.237245e+01   3.232802e+01   1.198945e+00   1.198945e+00  
440       3.237622e+01   3.233180e+01   1.198810e+00   1.198810e+00  
441       3.237999e+01   3.233559e+01   1.198675e+00   1.198675e+00  
442       3.238377e+01   3.233938e+01   1.198541e+00   1.198541e+00  
443       3.238756e+01   3.234318e+01   1.198408e+00   1.198408e+00  
444       3.239135e+01   3.234699e+01   1.198277e+00   1.198277e+00  
445       3.239515e+01   3.235080e+01   1.198146e+00   1.198146e+00  
446       3.239896e+01   3.235463e+01   1.198017e+00   1.198017e+00  
447       3.240277e+01   3.235845e+01   1.197889e+00   1.197889e+00  
448       3.240659e+01   3.236229e+01   1.197763e+00   1.197763e+00  
449       3.241042e+01   3.236613e+01   1.197638e+00   1.197638e+00  
450       3.241425e+01   3.236998e+01   1.197515e+00   1.197515e+00  
451       3.241809e+01   3.237383e+01   1.197393e+00   1.197393e+00  
452       3.242194e+01   3.237770e+01   1.197274e+00   1.197274e+00  
453       3.242579e+01   3.238156e+01   1.197157e+00   1.197157e+00  
454       3.242965e+01   3.238544e+01   1.197042e+00   1.197042e+00  
455       3.243352e+01   3.238932e+01   1.196929e+00   1.196929e+00  
456       3.243740e+01   3.239321e+01   1.196819e+00   1.196819e+00  
457       3.244128e+01   3.239710e+01   1.196712e+00   1.196712e+00  
458       3.244516e+01   3.240100e+01   1.196607e+00   1.196607e+00  
459       3.244906e+01   3.240491e+01   1.196506e+00   1.196506e+00  
460       3.245296e+01   3.240882e+01   1.196408e+00   1.196408e+00  
461       3.245687e+01   3.241275e+01   1.196314e+00   1.196314e+00  
462       3.246078e+01   3.241667e+01   1.196223e+00   1.196223e+00  
463       3.246471e+01   3.242061e+01   1.196136e+00   1.196136e+00  
464       3.246864e+01   3.242455e+01   1.196054e+00   1.196054e+00  
465       3.247257e+01   3.242849e+01   1.195976e+00   1.195976e+00  
466       3.247651e+01   3.243245e+01   1.195902e+00   1.195902e+00  
467       3.248046e+01   3.243641e+01   1.195833e+00   1.195833e+00  
468       3.248442e+01   3.244037e+01   1.195769e+00   1.195769e+00  
469       3.248838e+01   3.244435e+01   1.195710e+00   1.195710e+00  
470       3.249235e+01   3.244832e+01   1.195656e+00   1.195656e+00  
471       3.249633e+01   3.245231e+01   1.195607e+00   1.195607e+00  
472       3.250031e+01   3.245630e+01   1.195564e+00   1.195564e+00  
473       3.250430e+01   3.246030e+01   1.195527e+00   1.195527e+00  
474       3.250830e+01   3.246431e+01   1.195494e+00   1.195494e+00  
475       3.251231e+01   3.246832e+01   1.195468e+00   1.195468e+00  
476       3.251632e+01   3.247234e+01   1.195447e+00   1.195447e+00  
477       3.252033e+01   3.247636e+01   1.195432e+00   1.195432e+00  
478       3.252436e+01   3.248039e+01   1.195422e+00   1.195422e+00  
479       3.252839e+01   3.248443e+01   1.195418e+00   1.195418e+00  
480       3.253243e+01   3.248847e+01   1.195420e+00   1.195420e+00  
481       3.253648e+01   3.249252e+01   1.195427e+00   1.195427e+00  
482       3.254053e+01   3.249658e+01   1.195440e+00   1.195440e+00  
483       3.254459e+01   3.250064e+01   1.195458e+00   1.195458e+00  
484       3.254865e+01   3.250471e+01   1.195482e+00   1.195482e+00  
485       3.255272e+01   3.250879e+01   1.195511e+00   1.195511e+00  
486       3.255680e+01   3.251287e+01   1.195546e+00   1.195546e+00  
487       3.256089e+01   3.251696e+01   1.195585e+00   1.195585e+00  
488       3.256498e+01   3.252105e+01   1.195630e+00   1.195630e+00  
489       3.256908e+01   3.252515e+01   1.195679e+00   1.195679e+00  
490       3.257318e+01   3.252926e+01   1.195734e+00   1.195734e+00  
491       3.257729e+01   3.253337e+01   1.195793e+00   1.195793e+00  
492       3.258141e+01   3.253749e+01   1.195856e+00   1.195856e+00  
493       3.258554e+01   3.254162e+01   1.195924e+00   1.195924e+00  
494       3.258967e+01   3.254575e+01   1.195997e+00   1.195997e+00  
495       3.259381e+01   3.254989e+01   1.196073e+00   1.196073e+00  
496       3.259795e+01   3.255403e+01   1.196154e+00   1.196154e+00  
497       3.260210e+01   3.255818e+01   1.196238e+00   1.196238e+00  
498       3.260626e+01   3.256233e+01   1.196326e+00   1.196326e+00  
499       3.261042e+01   3.256650e+01   1.196417e+00   1.196417e+00  
500       3.261459e+01   3.257066e+01   1.196511e+00   1.196511e+00  
501       3.261876e+01   3.257484e+01   1.196607e+00   1.196607e+00  
502       3.262295e+01   3.257902e+01   1.196706e+00   1.196706e+00  
503       3.262713e+01   3.258320e+01   1.196808e+00   1.196808e+00  
504       3.263133e+01   3.258739e+01   1.196911e+00   1.196911e+00  
505       3.263553e+01   3.259159e+01   1.197016e+00   1.197016e+00  
506       3.263973e+01   3.259579e+01   1.197121e+00   1.197121e+00  
507       3.264394e+01   3.260000e+01   1.197228e+00   1.197228e+00  
508       3.264816e+01   3.260422e+01   1.197334e+00   1.197334e+00  
509       3.265238e+01   3.260844e+01   1.197441e+00   1.197441e+00  
510       3.265661e+01   3.261267e+01   1.197548e+00   1.197548e+00  
511       3.266084e+01   3.261690e+01   1.197654e+00   1.197654e+00  
512       3.266508e+01   3.262114e+01   1.197759e+00   1.197759e+00  
513       3.266933e+01   3.262538e+01   1.197863e+00   1.197863e+00  
514       3.267358e+01   3.262963e+01   1.197966e+00   1.197966e+00  
515       3.267784e+01   3.263388e+01   1.198066e+00   1.198066e+00  
516       3.268210e+01   3.263814e+01   1.198165e+00   1.198165e+00  
517       3.268637e+01   3.264241e+01   1.198262e+00   1.198262e+00  
518       3.269064e+01   3.264668e+01   1.198356e+00   1.198356e+00  
519       3.269492e+01   3.265096e+01   1.198447e+00   1.198447e+00  
520       3.269920e+01   3.265524e+01   1.198536e+00   1.198536e+00  
521       3.270349e+01   3.265953e+01   1.198622e+00   1.198622e+00  
522       3.270778e+01   3.266382e+01   1.198704e+00   1.198704e+00  
523       3.271208e+01   3.266812e+01   1.198783e+00   1.198783e+00  
524       3.271639e+01   3.267243e+01   1.198859e+00   1.198859e+00  
525       3.272070e+01   3.267674e+01   1.198930e+00   1.198930e+00  
526       3.272501e+01   3.268105e+01   1.198998e+00   1.198998e+00  
527       3.272933e+01   3.268537e+01   1.199062e+00   1.199062e+00  
528       3.273366e+01   3.268970e+01   1.199121e+00   1.199121e+00  
529       3.273798e+01   3.269403e+01   1.199176e+00   1.199176e+00  
530       3.274232e+01   3.269837e+01   1.199226e+00   1.199226e+00  
531       3.274666e+01   3.270271e+01   1.199271e+00   1.199271e+00  
532       3.275100e+01   3.270706e+01   1.199311e+00   1.199311e+00  
533       3.275535e+01   3.271141e+01   1.199347e+00   1.199347e+00  
534       3.275971e+01   3.271577e+01   1.199377e+00   1.199377e+00  
535       3.276406e+01   3.272013e+01   1.199402e+00   1.199402e+00  
536       3.276843e+01   3.272450e+01   1.199422e+00   1.199422e+00  
537       3.277280e+01   3.272887e+01   1.199436e+00   1.199436e+00  
538       3.277717e+01   3.273325e+01   1.199445e+00   1.199445e+00  
539       3.278155e+01   3.273763e+01   1.199449e+00   1.199449e+00  
540       3.278593e+01   3.274202e+01   1.199448e+00   1.199448e+00  
541       3.279032e+01   3.274641e+01   1.199441e+00   1.199441e+00  
542       3.279471e+01   3.275081e+01   1.199430e+00   1.199430e+00  
543       3.279910e+01   3.275521e+01   1.199413e+00   1.199413e+00  
544       3.280350e+01   3.275962e+01   1.199392e+00   1.199392e+00  
545       3.280791e+01   3.276403e+01   1.199366e+00   1.199366e+00  
546       3.281232e+01   3.276845e+01   1.199335e+00   1.199335e+00  
547       3.281673e+01   3.277288e+01   1.199300e+00   1.199300e+00  
548       3.282115e+01   3.277730e+01   1.199261e+00   1.199261e+00  
549       3.282558e+01   3.278174e+01   1.199218e+00   1.199218e+00  
550       3.283001e+01   3.278617e+01   1.199171e+00   1.199171e+00  
551       3.283444e+01   3.279062e+01   1.199120e+00   1.199120e+00  
552       3.283888e+01   3.279506e+01   1.199065e+00   1.199065e+00  
553       3.284332e+01   3.279952e+01   1.199008e+00   1.199008e+00  
554       3.284777e+01   3.280397e+01   1.198946e+00   1.198946e+00  
555       3.285222e+01   3.280844e+01   1.198882e+00   1.198882e+00  
556       3.285667e+01   3.281290e+01   1.198815e+00   1.198815e+00  
557       3.286113e+01   3.281737e+01   1.198744e+00   1.198744e+00  
558       3.286560e+01   3.282185e+01   1.198670e+00   1.198670e+00  
559       3.287007e+01   3.282633e+01   1.198593e+00   1.198593e+00  
560       3.287454e+01   3.283082e+01   1.198513e+00   1.198513e+00  
561       3.287902e+01   3.283531e+01   1.198430e+00   1.198430e+00  
562       3.288350e+01   3.283980e+01   1.198344e+00   1.198344e+00  
563       3.288799e+01   3.284430e+01   1.198254e+00   1.198254e+00  
564       3.289248e+01   3.284881e+01   1.198161e+00   1.198161e+00  
565       3.289698e+01   3.285332e+01   1.198065e+00   1.198065e+00  
566       3.290148e+01   3.285783e+01   1.197966e+00   1.197966e+00  
567       3.290598e+01   3.286235e+01   1.197864e+00   1.197864e+00  
568       3.291049e+01   3.286687e+01   1.197758e+00   1.197758e+00  
569       3.291501e+01   3.287140e+01   1.197649e+00   1.197649e+00  
570       3.291952e+01   3.287593e+01   1.197536e+00   1.197536e+00  
571       3.292405e+01   3.288047e+01   1.197421e+00   1.197421e+00  
572       3.292857e+01   3.288501e+01   1.197303e+00   1.197303e+00  
573       3.293310e+01   3.288955e+01   1.197181e+00   1.197181e+00  
574       3.293764e+01   3.289410e+01   1.197057e+00   1.197057e+00  
575       3.294217e+01   3.289866e+01   1.196930e+00   1.196930e+00  
576       3.294672e+01   3.290321e+01   1.196800e+00   1.196800e+00  
577       3.295126e+01   3.290778e+01   1.196667e+00   1.196667e+00  
578       3.295582e+01   3.291234e+01   1.196533e+00   1.196533e+00  
579       3.296037e+01   3.291691e+01   1.196395e+00   1.196395e+00  
580       3.296493e+01   3.292149e+01   1.196256e+00   1.196256e+00  
581       3.296949e+01   3.292607e+01   1.196114e+00   1.196114e+00  
582       3.297406e+01   3.293065e+01   1.195971e+00   1.195971e+00  
583       3.297863e+01   3.293524e+01   1.195825e+00   1.195825e+00  
584       3.298321e+01   3.293983e+01   1.195678e+00   1.195678e+00  
585       3.298779e+01   3.294443e+01   1.195530e+00   1.195530e+00  
586       3.299237e+01   3.294903e+01   1.195380e+00   1.195380e+00  
587       3.299696e+01   3.295364e+01   1.195229e+00   1.195229e+00  
588       3.300155e+01   3.295824e+01   1.195078e+00   1.195078e+00  
589       3.300614e+01   3.296286e+01   1.194926e+00   1.194926e+00  
590       3.301074e+01   3.296747e+01   1.194773e+00   1.194773e+00  
591       3.301535e+01   3.297209e+01   1.194620e+00   1.194620e+00  
592       3.301996e+01   3.297672e+01   1.194468e+00   1.194468e+00  
593       3.302457e+01   3.298135e+01   1.194316e+00   1.194316e+00  
594       3.302918e+01   3.298598e+01   1.194165e+00   1.194165e+00  
595       3.303380e+01   3.299062e+01   1.194014e+00   1.194014e+00  
596       3.303843e+01   3.299526e+01   1.193866e+00   1.193866e+00  
597       3.304305e+01   3.299990e+01   1.193718e+00   1.193718e+00  
598       3.304768e+01   3.300455e+01   1.193572e+00   1.193572e+00  
599       3.305232e+01   3.300920e+01   1.193429e+00   1.193429e+00  
600       3.305696e+01   3.301386e+01   1.193287e+00   1.193287e+00  
601       3.306160e+01   3.301851e+01   1.193148e+00   1.193148e+00  
602       3.306625e+01   3.302318e+01   1.193012e+00   1.193012e+00  
603       3.307090e+01   3.302784e+01   1.192878e+00   1.192878e+00  
604       3.307555e+01   3.303251e+01   1.192746e+00   1.192746e+00  
605       3.308021e+01   3.303719e+01   1.192618e+00   1.192618e+00  
606       3.308487e+01   3.304186e+01   1.192493e+00   1.192493e+00  
607       3.308954e+01   3.304655e+01   1.192370e+00   1.192370e+00  
608       3.309421e+01   3.305123e+01   1.192251e+00   1.192251e+00  
609       3.309888e+01   3.305592e+01   1.192135e+00   1.192135e+00  
610       3.310356e+01   3.306061e+01   1.192022e+00   1.192022e+00  
611       3.310824e+01   3.306530e+01   1.191913e+00   1.191913e+00  
612       3.311292e+01   3.307000e+01   1.191807e+00   1.191807e+00  
613       3.311761e+01   3.307470e+01   1.191704e+00   1.191704e+00  
614       3.312230e+01   3.307940e+01   1.191605e+00   1.191605e+00  
615       3.312699e+01   3.308411e+01   1.191510e+00   1.191510e+00  
616       3.313169e+01   3.308882e+01   1.191419e+00   1.191419e+00  
617       3.313639e+01   3.309353e+01   1.191331e+00   1.191331e+00  
618       3.314109e+01   3.309825e+01   1.191247e+00   1.191247e+00  
619       3.314580e+01   3.310297e+01   1.191168e+00   1.191168e+00  
620       3.315051e+01   3.310769e+01   1.191092e+00   1.191092e+00  
621       3.315522e+01   3.311241e+01   1.191021e+00   1.191021e+00  
622       3.315994e+01   3.311714e+01   1.190955e+00   1.190955e+00  
623       3.316466e+01   3.312187e+01   1.190892e+00   1.190892e+00  
624       3.316938e+01   3.312660e+01   1.190835e+00   1.190835e+00  
625       3.317410e+01   3.313133e+01   1.190782e+00   1.190782e+00  
626       3.317883e+01   3.313607e+01   1.190734e+00   1.190734e+00  
627       3.318356e+01   3.314081e+01   1.190690e+00   1.190690e+00  
628       3.318830e+01   3.314555e+01   1.190651e+00   1.190651e+00  
629       3.319303e+01   3.315030e+01   1.190617e+00   1.190617e+00  
630       3.319777e+01   3.315504e+01   1.190587e+00   1.190587e+00  
631       3.320251e+01   3.315979e+01   1.190562e+00   1.190562e+00  
632       3.320725e+01   3.316454e+01   1.190541e+00   1.190541e+00  
633       3.321200e+01   3.316930e+01   1.190524e+00   1.190524e+00  
634       3.321675e+01   3.317405e+01   1.190512e+00   1.190512e+00  
635       3.322150e+01   3.317881e+01   1.190504e+00   1.190504e+00  
636       3.322625e+01   3.318357e+01   1.190499e+00   1.190499e+00  
637       3.323101e+01   3.318833e+01   1.190499e+00   1.190499e+00  
638       3.323576e+01   3.319309e+01   1.190502e+00   1.190502e+00  
639       3.324052e+01   3.319786e+01   1.190508e+00   1.190508e+00  
640       3.324528e+01   3.320262e+01   1.190518e+00   1.190518e+00  
641       3.325004e+01   3.320739e+01   1.190531e+00   1.190531e+00  
642       3.325481e+01   3.321216e+01   1.190547e+00   1.190547e+00  
643       3.325957e+01   3.321693e+01   1.190566e+00   1.190566e+00  
644       3.326434e+01   3.322170e+01   1.190589e+00   1.190589e+00  
645       3.326911e+01   3.322647e+01   1.190614e+00   1.190614e+00  
646       3.327388e+01   3.323125e+01   1.190642e+00   1.190642e+00  
647       3.327865e+01   3.323602e+01   1.190674e+00   1.190674e+00  
648       3.328342e+01   3.324080e+01   1.190708e+00   1.190708e+00  
649       3.328819e+01   3.324557e+01   1.190746e+00   1.190746e+00  
650       3.329297e+01   3.325035e+01   1.190786e+00   1.190786e+00  
651       3.329774e+01   3.325513e+01   1.190830e+00   1.190830e+00  
652       3.330252e+01   3.325991e+01   1.190876e+00   1.190876e+00  
653       3.330730e+01   3.326469e+01   1.190926e+00   1.190926e+00  
654       3.331207e+01   3.326947e+01   1.190978e+00   1.190978e+00  
655       3.331685e+01   3.327425e+01   1.191033e+00   1.191033e+00  
656       3.332163e+01   3.327903e+01   1.191091e+00   1.191091e+00  
657       3.332641e+01   3.328381e+01   1.191152e+00   1.191152e+00  
658       3.333119e+01   3.328859e+01   1.191215e+00   1.191215e+00  
659       3.333597e+01   3.329337e+01   1.191279e+00   1.191279e+00  
660       3.334075e+01   3.329815e+01   1.191346e+00   1.191346e+00  
661       3.334553e+01   3.330293e+01   1.191415e+00   1.191415e+00  
662       3.335031e+01   3.330772e+01   1.191486e+00   1.191486e+00  
663       3.335509e+01   3.331250e+01   1.191557e+00   1.191557e+00  
664       3.335987e+01   3.331728e+01   1.191630e+00   1.191630e+00  
665       3.336465e+01   3.332206e+01   1.191704e+00   1.191704e+00  
666       3.336943e+01   3.332683e+01   1.191779e+00   1.191779e+00  
667       3.337420e+01   3.333161e+01   1.191854e+00   1.191854e+00  
668       3.337898e+01   3.333639e+01   1.191930e+00   1.191930e+00  
669       3.338375e+01   3.334116e+01   1.192006e+00   1.192006e+00  
670       3.338853e+01   3.334594e+01   1.192083e+00   1.192083e+00  
671       3.339330e+01   3.335071e+01   1.192159e+00   1.192159e+00  
672       3.339807e+01   3.335548e+01   1.192235e+00   1.192235e+00  
673       3.340284e+01   3.336025e+01   1.192312e+00   1.192312e+00  
674       3.340761e+01   3.336502e+01   1.192388e+00   1.192388e+00  
675       3.341237e+01   3.336979e+01   1.192465e+00   1.192465e+00  
676       3.341714e+01   3.337455e+01   1.192541e+00   1.192541e+00  
677       3.342190e+01   3.337932e+01   1.192618e+00   1.192618e+00  
678       3.342666e+01   3.338408e+01   1.192695e+00   1.192695e+00  
679       3.343142e+01   3.338884e+01   1.192771e+00   1.192771e+00  
680       3.343618e+01   3.339360e+01   1.192848e+00   1.192848e+00  
681       3.344093e+01   3.339835e+01   1.192925e+00   1.192925e+00  
682       3.344568e+01   3.340310e+01   1.193003e+00   1.193003e+00  
683       3.345043e+01   3.340785e+01   1.193081e+00   1.193081e+00  
684       3.345518e+01   3.341260e+01   1.193160e+00   1.193160e+00  
685       3.345993e+01   3.341735e+01   1.193240e+00   1.193240e+00  
686       3.346467e+01   3.342209e+01   1.193320e+00   1.193320e+00  
687       3.346941e+01   3.342684e+01   1.193402e+00   1.193402e+00  
688       3.347416e+01   3.343158e+01   1.193485e+00   1.193485e+00  
689       3.347889e+01   3.343631e+01   1.193569e+00   1.193569e+00  
690       3.348363e+01   3.344105e+01   1.193656e+00   1.193656e+00  
691       3.348837e+01   3.344579e+01   1.193744e+00   1.193744e+00  
692       3.349310e+01   3.345052e+01   1.193834e+00   1.193834e+00  
693       3.349784e+01   3.345525e+01   1.193927e+00   1.193927e+00  
694       3.350257e+01   3.345999e+01   1.194023e+00   1.194023e+00  
695       3.350730e+01   3.346472e+01   1.194122e+00   1.194122e+00  
696       3.351203e+01   3.346945e+01   1.194225e+00   1.194225e+00  
697       3.351676e+01   3.347418e+01   1.194332e+00   1.194332e+00  
698       3.352150e+01   3.347891e+01   1.194443e+00   1.194443e+00  
699       3.352623e+01   3.348364e+01   1.194560e+00   1.194560e+00  
700       3.353096e+01   3.348837e+01   1.194683e+00   1.194683e+00  
701       3.353570e+01   3.349310e+01   1.194812e+00   1.194812e+00  
702       3.354043e+01   3.349783e+01   1.194949e+00   1.194949e+00  
703       3.354517e+01   3.350257e+01   1.195093e+00   1.195093e+00  
704       3.354991e+01   3.350730e+01   1.195246e+00   1.195246e+00  
705       3.355465e+01   3.351204e+01   1.195409e+00   1.195409e+00  
706       3.355940e+01   3.351678e+01   1.195582e+00   1.195582e+00  
707       3.356415e+01   3.352152e+01   1.195767e+00   1.195767e+00  
708       3.356890e+01   3.352627e+01   1.195964e+00   1.195964e+00  
709       3.357366e+01   3.353102e+01   1.196174e+00   1.196174e+00  
710       3.357842e+01   3.353577e+01   1.196398e+00   1.196398e+00  
711       3.358319e+01   3.354053e+01   1.196638e+00   1.196638e+00  
712       3.358797e+01   3.354529e+01   1.196893e+00   1.196893e+00  
713       3.359274e+01   3.355005e+01   1.197166e+00   1.197166e+00  
714       3.359753e+01   3.355482e+01   1.197456e+00   1.197456e+00  
715       3.360232e+01   3.355960e+01   1.197765e+00   1.197765e+00  
716       3.360712e+01   3.356438e+01   1.198094e+00   1.198094e+00  
717       3.361193e+01   3.356917e+01   1.198443e+00   1.198443e+00  
718       3.361674e+01   3.357396e+01   1.198813e+00   1.198813e+00  
719       3.362156e+01   3.357876e+01   1.199206e+00   1.199206e+00  
720       3.362638e+01   3.358356e+01   1.199621e+00   1.199621e+00  
721       3.363122e+01   3.358837e+01   1.200060e+00   1.200060e+00  
722       3.363606e+01   3.359318e+01   1.200523e+00   1.200523e+00  
723       3.364091e+01   3.359800e+01   1.201012e+00   1.201012e+00  
724       3.364576e+01   3.360283e+01   1.201525e+00   1.201525e+00  
725       3.365063e+01   3.360766e+01   1.202065e+00   1.202065e+00  
726       3.365550e+01   3.361250e+01   1.202631e+00   1.202631e+00  
727       3.366038e+01   3.361735e+01   1.203225e+00   1.203225e+00  
728       3.366527e+01   3.362220e+01   1.203846e+00   1.203846e+00  
729       3.367017e+01   3.362705e+01   1.204495e+00   1.204495e+00  
730       3.367508e+01   3.363192e+01   1.205172e+00   1.205172e+00  
731       3.367999e+01   3.363679e+01   1.205878e+00   1.205878e+00  
732       3.368491e+01   3.364166e+01   1.206613e+00   1.206613e+00  
733       3.368984e+01   3.364655e+01   1.207378e+00   1.207378e+00  
734       3.369478e+01   3.365144e+01   1.208171e+00   1.208171e+00  
735       3.369973e+01   3.365633e+01   1.208994e+00   1.208994e+00  
736       3.370469e+01   3.366123e+01   1.209847e+00   1.209847e+00  
737       3.370965e+01   3.366614e+01   1.210730e+00   1.210730e+00  
738       3.371462e+01   3.367105e+01   1.211642e+00   1.211642e+00  
739       3.371960e+01   3.367596e+01   1.212583e+00   1.212583e+00  
740       3.372458e+01   3.368089e+01   1.213554e+00   1.213554e+00  
741       3.372958e+01   3.368581e+01   1.214555e+00   1.214555e+00  
742       3.373457e+01   3.369074e+01   1.215584e+00   1.215584e+00  
743       3.373958e+01   3.369568e+01   1.216642e+00   1.216642e+00  
744       3.374459e+01   3.370061e+01   1.217728e+00   1.217728e+00  
745       3.374960e+01   3.370556e+01   1.218842e+00   1.218842e+00  
746       3.375462e+01   3.371050e+01   1.219983e+00   1.219983e+00  
747       3.375964e+01   3.371544e+01   1.221151e+00   1.221151e+00  
748       3.376467e+01   3.372039e+01   1.222345e+00   1.222345e+00  
749       3.376969e+01   3.372533e+01   1.223565e+00   1.223565e+00  
750       3.377472e+01   3.373027e+01   1.224809e+00   1.224809e+00  
751       3.377975e+01   3.373522e+01   1.226077e+00   1.226077e+00  
752       3.378477e+01   3.374016e+01   1.227368e+00   1.227368e+00  
753       3.378980e+01   3.374509e+01   1.228681e+00   1.228681e+00  
754       3.379483e+01   3.375003e+01   1.230015e+00   1.230015e+00  
755       3.379985e+01   3.375496e+01   1.231370e+00   1.231370e+00  
756       3.380488e+01   3.375989e+01   1.232743e+00   1.232743e+00  
757       3.380990e+01   3.376482e+01   1.234134e+00   1.234134e+00  
758       3.381492e+01   3.376974e+01   1.235543e+00   1.235543e+00  
759       3.381994e+01   3.377466e+01   1.236967e+00   1.236967e+00  
760       3.382495e+01   3.377958e+01   1.238405e+00   1.238405e+00  
761       3.382996e+01   3.378449e+01   1.239857e+00   1.239857e+00  
762       3.383497e+01   3.378940e+01   1.241322e+00   1.241322e+00  
763       3.383998e+01   3.379430e+01   1.242797e+00   1.242797e+00  
764       3.384498e+01   3.379920e+01   1.244283e+00   1.244283e+00  
765       3.384997e+01   3.380410e+01   1.245777e+00   1.245777e+00  
766       3.385496e+01   3.380898e+01   1.247279e+00   1.247279e+00  
767       3.385995e+01   3.381386e+01   1.248787e+00   1.248787e+00  
768       3.386493e+01   3.381873e+01   1.250300e+00   1.250300e+00  
769       3.386990e+01   3.382360e+01   1.251817e+00   1.251817e+00  
770       3.387486e+01   3.382845e+01   1.253337e+00   1.253337e+00  
771       3.387981e+01   3.383330e+01   1.254859e+00   1.254859e+00  
772       3.388476e+01   3.383814e+01   1.256381e+00   1.256381e+00  
773       3.388969e+01   3.384297e+01   1.257903e+00   1.257903e+00  
774       3.389461e+01   3.384778e+01   1.259423e+00   1.259423e+00  
775       3.389952e+01   3.385259e+01   1.260941e+00   1.260941e+00  
776       3.390443e+01   3.385739e+01   1.262455e+00   1.262455e+00  
777       3.390932e+01   3.386217e+01   1.263965e+00   1.263965e+00  
778       3.391420e+01   3.386695e+01   1.265470e+00   1.265470e+00  
779       3.391907e+01   3.387171e+01   1.266968e+00   1.266968e+00  
780       3.392393e+01   3.387647e+01   1.268460e+00   1.268460e+00  
781       3.392878e+01   3.388121e+01   1.269943e+00   1.269943e+00  
782       3.393361e+01   3.388594e+01   1.271417e+00   1.271417e+00  
783       3.393844e+01   3.389067e+01   1.272882e+00   1.272882e+00  
784       3.394325e+01   3.389538e+01   1.274336e+00   1.274336e+00  
785       3.394805e+01   3.390007e+01   1.275780e+00   1.275780e+00  
786       3.395284e+01   3.390476e+01   1.277211e+00   1.277211e+00  
787       3.395761e+01   3.390943e+01   1.278630e+00   1.278630e+00  
788       3.396236e+01   3.391408e+01   1.280035e+00   1.280035e+00  
789       3.396710e+01   3.391872e+01   1.281426e+00   1.281426e+00  
790       3.397182e+01   3.392335e+01   1.282802e+00   1.282802e+00  
791       3.397653e+01   3.392796e+01   1.284163e+00   1.284163e+00  
792       3.398121e+01   3.393255e+01   1.285507e+00   1.285507e+00  
793       3.398588e+01   3.393712e+01   1.286834e+00   1.286834e+00  
794       3.399052e+01   3.394167e+01   1.288144e+00   1.288144e+00  
795       3.399515e+01   3.394620e+01   1.289435e+00   1.289435e+00  
796       3.399975e+01   3.395072e+01   1.290706e+00   1.290706e+00  
797       3.400434e+01   3.395522e+01   1.291959e+00   1.291959e+00  
798       3.400890e+01   3.395969e+01   1.293191e+00   1.293191e+00  
799       3.401344e+01   3.396415e+01   1.294402e+00   1.294402e+00  
800       3.401797e+01   3.396859e+01   1.295593e+00   1.295593e+00  
801       3.402247e+01   3.397300e+01   1.296763e+00   1.296763e+00  
802       3.402694e+01   3.397740e+01   1.297911e+00   1.297911e+00  
803       3.403140e+01   3.398178e+01   1.299037e+00   1.299037e+00  
804       3.403583e+01   3.398613e+01   1.300141e+00   1.300141e+00  
805       3.404024e+01   3.399047e+01   1.301222e+00   1.301222e+00  
806       3.404463e+01   3.399478e+01   1.302280e+00   1.302280e+00  
807       3.404900e+01   3.399908e+01   1.303316e+00   1.303316e+00  
808       3.405335e+01   3.400336e+01   1.304328e+00   1.304328e+00  
809       3.405768e+01   3.400762e+01   1.305316e+00   1.305316e+00  
810       3.406200e+01   3.401186e+01   1.306281e+00   1.306281e+00  
811       3.406629e+01   3.401609e+01   1.307222e+00   1.307222e+00  
812       3.407057e+01   3.402031e+01   1.308139e+00   1.308139e+00  
813       3.407484e+01   3.402451e+01   1.309032e+00   1.309032e+00  
814       3.407909e+01   3.402870e+01   1.309901e+00   1.309901e+00  
815       3.408333e+01   3.403288e+01   1.310747e+00   1.310747e+00  
816       3.408756e+01   3.403705e+01   1.311569e+00   1.311569e+00  
817       3.409178e+01   3.404122e+01   1.312369e+00   1.312369e+00  
818       3.409599e+01   3.404538e+01   1.313146e+00   1.313146e+00  
819       3.410019e+01   3.404953e+01   1.313900e+00   1.313900e+00  
820       3.410439e+01   3.405368e+01   1.314633e+00   1.314633e+00  
821       3.410859e+01   3.405783e+01   1.315346e+00   1.315346e+00  
822       3.411279e+01   3.406198e+01   1.316038e+00   1.316038e+00  
823       3.411698e+01   3.406613e+01   1.316711e+00   1.316711e+00  
824       3.412118e+01   3.407028e+01   1.317365e+00   1.317365e+00  
825       3.412538e+01   3.407444e+01   1.318001e+00   1.318001e+00  
826       3.412959e+01   3.407861e+01   1.318621e+00   1.318621e+00  
827       3.413381e+01   3.408279e+01   1.319224e+00   1.319224e+00  
828       3.413804e+01   3.408698e+01   1.319813e+00   1.319813e+00  
829       3.414229e+01   3.409119e+01   1.320389e+00   1.320389e+00  
830       3.414656e+01   3.409542e+01   1.320951e+00   1.320951e+00  
831       3.415085e+01   3.409967e+01   1.321503e+00   1.321503e+00  
832       3.415516e+01   3.410395e+01   1.322045e+00   1.322045e+00  
833       3.415949e+01   3.410825e+01   1.322577e+00   1.322577e+00  
834       3.416386e+01   3.411258e+01   1.323103e+00   1.323103e+00  
835       3.416825e+01   3.411694e+01   1.323623e+00   1.323623e+00  
836       3.417268e+01   3.412134e+01   1.324138e+00   1.324138e+00  
837       3.417714e+01   3.412576e+01   1.324650e+00   1.324650e+00  
838       3.418164e+01   3.413023e+01   1.325161e+00   1.325161e+00  
839       3.418618e+01   3.413473e+01   1.325671e+00   1.325671e+00  
840       3.419075e+01   3.413927e+01   1.326183e+00   1.326183e+00  
841       3.419536e+01   3.414385e+01   1.326697e+00   1.326697e+00  
842       3.420002e+01   3.414847e+01   1.327214e+00   1.327214e+00  
843       3.420471e+01   3.415313e+01   1.327737e+00   1.327737e+00  
844       3.420945e+01   3.415784e+01   1.328266e+00   1.328266e+00  
845       3.421423e+01   3.416258e+01   1.328803e+00   1.328803e+00  
846       3.421906e+01   3.416737e+01   1.329348e+00   1.329348e+00  
847       3.422392e+01   3.417221e+01   1.329904e+00   1.329904e+00  
848       3.422884e+01   3.417708e+01   1.330472e+00   1.330472e+00  
849       3.423380e+01   3.418200e+01   1.331052e+00   1.331052e+00  
850       3.423880e+01   3.418697e+01   1.331647e+00   1.331647e+00  
851       3.424385e+01   3.419198e+01   1.332259e+00   1.332259e+00  
852       3.424895e+01   3.419703e+01   1.332888e+00   1.332888e+00  
853       3.425409e+01   3.420213e+01   1.333536e+00   1.333536e+00  
854       3.425927e+01   3.420727e+01   1.334204e+00   1.334204e+00  
855       3.426450e+01   3.421245e+01   1.334895e+00   1.334895e+00  
856       3.426977e+01   3.421768e+01   1.335610e+00   1.335610e+00  
857       3.427508e+01   3.422294e+01   1.336350e+00   1.336350e+00  
858       3.428044e+01   3.422824e+01   1.337116e+00   1.337116e+00  
859       3.428583e+01   3.423358e+01   1.337909e+00   1.337909e+00  
860       3.429126e+01   3.423896e+01   1.338732e+00   1.338732e+00  
861       3.429673e+01   3.424437e+01   1.339585e+00   1.339585e+00  
862       3.430223e+01   3.424981e+01   1.340469e+00   1.340469e+00  
863       3.430777e+01   3.425528e+01   1.341387e+00   1.341387e+00  
864       3.431333e+01   3.426078e+01   1.342339e+00   1.342339e+00  
865       3.431893e+01   3.426631e+01   1.343326e+00   1.343326e+00  
866       3.432456e+01   3.427187e+01   1.344350e+00   1.344350e+00  
867       3.433021e+01   3.427744e+01   1.345413e+00   1.345413e+00  
868       3.433589e+01   3.428304e+01   1.346517e+00   1.346517e+00  
869       3.434159e+01   3.428866e+01   1.347661e+00   1.347661e+00  
870       3.434731e+01   3.429429e+01   1.348849e+00   1.348849e+00  
871       3.435304e+01   3.429994e+01   1.350081e+00   1.350081e+00  
872       3.435880e+01   3.430561e+01   1.351359e+00   1.351359e+00  
873       3.436457e+01   3.431128e+01   1.352683e+00   1.352683e+00  
874       3.437035e+01   3.431696e+01   1.354056e+00   1.354056e+00  
875       3.437614e+01   3.432265e+01   1.355478e+00   1.355478e+00  
876       3.438194e+01   3.432834e+01   1.356950e+00   1.356950e+00  
877       3.438775e+01   3.433404e+01   1.358472e+00   1.358472e+00  
878       3.439355e+01   3.433973e+01   1.360047e+00   1.360047e+00  
879       3.439937e+01   3.434542e+01   1.361674e+00   1.361674e+00  
880       3.440518e+01   3.435111e+01   1.363353e+00   1.363353e+00  
881       3.441099e+01   3.435680e+01   1.365086e+00   1.365086e+00  
882       3.441680e+01   3.436247e+01   1.366872e+00   1.366872e+00  
883       3.442261e+01   3.436814e+01   1.368712e+00   1.368712e+00  
884       3.442841e+01   3.437380e+01   1.370606e+00   1.370606e+00  
885       3.443420e+01   3.437945e+01   1.372554e+00   1.372554e+00  
886       3.443999e+01   3.438508e+01   1.374554e+00   1.374554e+00  
887       3.444577e+01   3.439071e+01   1.376607e+00   1.376607e+00  
888       3.445154e+01   3.439632e+01   1.378712e+00   1.378712e+00  
889       3.445730e+01   3.440192e+01   1.380868e+00   1.380868e+00  
890       3.446305e+01   3.440750e+01   1.383074e+00   1.383074e+00  
891       3.446880e+01   3.441307e+01   1.385330e+00   1.385330e+00  
892       3.447453e+01   3.441864e+01   1.387633e+00   1.387633e+00  
893       3.448027e+01   3.442419e+01   1.389983e+00   1.389983e+00  
894       3.448599e+01   3.442973e+01   1.392379e+00   1.392379e+00  
895       3.449171e+01   3.443525e+01   1.394819e+00   1.394819e+00  
896       3.449742e+01   3.444078e+01   1.397303e+00   1.397303e+00  
897       3.450313e+01   3.444629e+01   1.399829e+00   1.399829e+00  
898       3.450883e+01   3.445179e+01   1.402395e+00   1.402395e+00  
899       3.451453e+01   3.445729e+01   1.405000e+00   1.405000e+00  
900       3.452023e+01   3.446279e+01   1.407643e+00   1.407643e+00  
901       3.452593e+01   3.446827e+01   1.410322e+00   1.410322e+00  
902       3.453163e+01   3.447376e+01   1.413037e+00   1.413037e+00  
903       3.453733e+01   3.447924e+01   1.415785e+00   1.415785e+00  
904       3.454303e+01   3.448473e+01   1.418564e+00   1.418564e+00  
905       3.454874e+01   3.449021e+01   1.421375e+00   1.421375e+00  
906       3.455444e+01   3.449569e+01   1.424215e+00   1.424215e+00  
907       3.456015e+01   3.450117e+01   1.427082e+00   1.427082e+00  
908       3.456587e+01   3.450666e+01   1.429975e+00   1.429975e+00  
909       3.457158e+01   3.451214e+01   1.432892e+00   1.432892e+00  
910       3.457731e+01   3.451763e+01   1.435833e+00   1.435833e+00  
911       3.458304e+01   3.452312e+01   1.438795e+00   1.438795e+00  
912       3.458877e+01   3.452862e+01   1.441777e+00   1.441777e+00  
913       3.459451e+01   3.453412e+01   1.444777e+00   1.444777e+00  
914       3.460025e+01   3.453962e+01   1.447795e+00   1.447795e+00  
915       3.460600e+01   3.454512e+01   1.450828e+00   1.450828e+00  
916       3.461176e+01   3.455063e+01   1.453875e+00   1.453875e+00  
917       3.461752e+01   3.455614e+01   1.456936e+00   1.456936e+00  
918       3.462328e+01   3.456166e+01   1.460008e+00   1.460008e+00  
919       3.462904e+01   3.456717e+01   1.463090e+00   1.463090e+00  
920       3.463481e+01   3.457269e+01   1.466180e+00   1.466180e+00  
921       3.464058e+01   3.457820e+01   1.469278e+00   1.469278e+00  
922       3.464635e+01   3.458372e+01   1.472381e+00   1.472381e+00  
923       3.465212e+01   3.458924e+01   1.475489e+00   1.475489e+00  
924       3.465790e+01   3.459476e+01   1.478599e+00   1.478599e+00  
925       3.466367e+01   3.460028e+01   1.481711e+00   1.481711e+00  
926       3.466945e+01   3.460580e+01   1.484822e+00   1.484822e+00  
927       3.467523e+01   3.461132e+01   1.487931e+00   1.487931e+00  
928       3.468100e+01   3.461684e+01   1.491037e+00   1.491037e+00  
929       3.468678e+01   3.462236e+01   1.494137e+00   1.494137e+00  
930       3.469256e+01   3.462788e+01   1.497231e+00   1.497231e+00  
931       3.469833e+01   3.463340e+01   1.500316e+00   1.500316e+00  
932       3.470411e+01   3.463892e+01   1.503391e+00   1.503391e+00  
933       3.470988e+01   3.464444e+01   1.506453e+00   1.506453e+00  
934       3.471565e+01   3.464995e+01   1.509502e+00   1.509502e+00  
935       3.472142e+01   3.465547e+01   1.512535e+00   1.512535e+00  
936       3.472718e+01   3.466098e+01   1.515551e+00   1.515551e+00  
937       3.473294e+01   3.466648e+01   1.518546e+00   1.518546e+00  
938       3.473869e+01   3.467199e+01   1.521519e+00   1.521519e+00  
939       3.474444e+01   3.467749e+01   1.524469e+00   1.524469e+00  
940       3.475019e+01   3.468299e+01   1.527392e+00   1.527392e+00  
941       3.475593e+01   3.468849e+01   1.530289e+00   1.530289e+00  
942       3.476167e+01   3.469398e+01   1.533156e+00   1.533156e+00  
943       3.476740e+01   3.469947e+01   1.535992e+00   1.535992e+00  
944       3.477313e+01   3.470497e+01   1.538797e+00   1.538797e+00  
945       3.477885e+01   3.471045e+01   1.541569e+00   1.541569e+00  
946       3.478457e+01   3.471594e+01   1.544307e+00   1.544307e+00  
947       3.479028e+01   3.472142e+01   1.547009e+00   1.547009e+00  
948       3.479598e+01   3.472690e+01   1.549677e+00   1.549677e+00  
949       3.480168e+01   3.473237e+01   1.552308e+00   1.552308e+00  
950       3.480737e+01   3.473784e+01   1.554902e+00   1.554902e+00  
951       3.481305e+01   3.474330e+01   1.557458e+00   1.557458e+00  
952       3.481873e+01   3.474876e+01   1.559977e+00   1.559977e+00  
953       3.482439e+01   3.475422e+01   1.562458e+00   1.562458e+00  
954       3.483005e+01   3.475967e+01   1.564900e+00   1.564900e+00  
955       3.483570e+01   3.476511e+01   1.567302e+00   1.567302e+00  
956       3.484134e+01   3.477055e+01   1.569665e+00   1.569665e+00  
957       3.484697e+01   3.477598e+01   1.571988e+00   1.571988e+00  
958       3.485259e+01   3.478141e+01   1.574271e+00   1.574271e+00  
959       3.485820e+01   3.478683e+01   1.576514e+00   1.576514e+00  
960       3.486381e+01   3.479225e+01   1.578717e+00   1.578717e+00  
961       3.486941e+01   3.479766e+01   1.580879e+00   1.580879e+00  
962       3.487500e+01   3.480307e+01   1.583001e+00   1.583001e+00  
963       3.488059e+01   3.480848e+01   1.585082e+00   1.585082e+00  
964       3.488617e+01   3.481389e+01   1.587122e+00   1.587122e+00  
965       3.489175e+01   3.481930e+01   1.589121e+00   1.589121e+00  
966       3.489733e+01   3.482471e+01   1.591079e+00   1.591079e+00  
967       3.490290e+01   3.483012e+01   1.592996e+00   1.592996e+00  
968       3.490847e+01   3.483553e+01   1.594871e+00   1.594871e+00  
969       3.491404e+01   3.484094e+01   1.596705e+00   1.596705e+00  
970       3.491961e+01   3.484636e+01   1.598497e+00   1.598497e+00  
971       3.492518e+01   3.485178e+01   1.600247e+00   1.600247e+00  
972       3.493075e+01   3.485720e+01   1.601956e+00   1.601956e+00  
973       3.493632e+01   3.486263e+01   1.603623e+00   1.603623e+00  
974       3.494189e+01   3.486806e+01   1.605249e+00   1.605249e+00  
975       3.494746e+01   3.487350e+01   1.606833e+00   1.606833e+00  
976       3.495303e+01   3.487894e+01   1.608377e+00   1.608377e+00  
977       3.495860e+01   3.488438e+01   1.609879e+00   1.609879e+00  
978       3.496417e+01   3.488983e+01   1.611341e+00   1.611341e+00  
979       3.496974e+01   3.489528e+01   1.612763e+00   1.612763e+00  
980       3.497532e+01   3.490074e+01   1.614145e+00   1.614145e+00  
981       3.498089e+01   3.490620e+01   1.615489e+00   1.615489e+00  
982       3.498647e+01   3.491167e+01   1.616794e+00   1.616794e+00  
983       3.499205e+01   3.491715e+01   1.618062e+00   1.618062e+00  
984       3.499763e+01   3.492262e+01   1.619293e+00   1.619293e+00  
985       3.500321e+01   3.492811e+01   1.620490e+00   1.620490e+00  
986       3.500880e+01   3.493360e+01   1.621652e+00   1.621652e+00  
987       3.501439e+01   3.493910e+01   1.622780e+00   1.622780e+00  
988       3.501998e+01   3.494460e+01   1.623877e+00   1.623877e+00  
989       3.502558e+01   3.495011e+01   1.624943e+00   1.624943e+00  
990       3.503118e+01   3.495562e+01   1.625979e+00   1.625979e+00  
991       3.503678e+01   3.496115e+01   1.626985e+00   1.626985e+00  
992       3.504238e+01   3.496667e+01   1.627964e+00   1.627964e+00  
993       3.504799e+01   3.497221e+01   1.628916e+00   1.628916e+00  
994       3.505361e+01   3.497775e+01   1.629841e+00   1.629841e+00  
995       3.505923e+01   3.498329e+01   1.630741e+00   1.630741e+00  
996       3.506485e+01   3.498885e+01   1.631616e+00   1.631616e+00  
997       3.507048e+01   3.499441e+01   1.632465e+00   1.632465e+00  
998       3.507611e+01   3.499998e+01   1.633290e+00   1.633290e+00  
999       3.508175e+01   3.500556e+01   1.634091e+00   1.634091e+00  
1000      3.508741e+01   3.501115e+01   1.634866e+00   1.634866e+00  
1001      3.509307e+01   3.501675e+01   1.635616e+00   1.635616e+00  
1002      3.509874e+01   3.502237e+01   1.636340e+00   1.636340e+00  
1003      3.510442e+01   3.502800e+01   1.637037e+00   1.637037e+00  
1004      3.511012e+01   3.503365e+01   1.637708e+00   1.637708e+00  
1005      3.511583e+01   3.503931e+01   1.638350e+00   1.638350e+00  
1006      3.512156e+01   3.504499e+01   1.638964e+00   1.638964e+00  
1007      3.512731e+01   3.505070e+01   1.639550e+00   1.639550e+00  
1008      3.513307e+01   3.505642e+01   1.640107e+00   1.640107e+00  
1009      3.513886e+01   3.506217e+01   1.640635e+00   1.640635e+00  
1010      3.514466e+01   3.506794e+01   1.641134e+00   1.641134e+00  
1011      3.515049e+01   3.507374e+01   1.641605e+00   1.641605e+00  
1012      3.515633e+01   3.507956e+01   1.642048e+00   1.642048e+00  
1013      3.516220e+01   3.508540e+01   1.642463e+00   1.642463e+00  
1014      3.516809e+01   3.509126e+01   1.642851e+00   1.642851e+00  
1015      3.517400e+01   3.509715e+01   1.643212e+00   1.643212e+00  
1016      3.517993e+01   3.510307e+01   1.643548e+00   1.643548e+00  
1017      3.518589e+01   3.510900e+01   1.643859e+00   1.643859e+00  
1018      3.519186e+01   3.511497e+01   1.644145e+00   1.644145e+00  
1019      3.519786e+01   3.512095e+01   1.644409e+00   1.644409e+00  
1020      3.520387e+01   3.512696e+01   1.644651e+00   1.644651e+00  
1021      3.520991e+01   3.513298e+01   1.644871e+00   1.644871e+00  
1022      3.521596e+01   3.513903e+01   1.645072e+00   1.645072e+00  
1023      3.522204e+01   3.514510e+01   1.645254e+00   1.645254e+00  
1024      3.522813e+01   3.515119e+01   1.645420e+00   1.645420e+00  
1025      3.523423e+01   3.515729e+01   1.645571e+00   1.645571e+00  
1026      3.524035e+01   3.516341e+01   1.645710e+00   1.645710e+00  
1027      3.524648e+01   3.516955e+01   1.645837e+00   1.645837e+00  
1028      3.525263e+01   3.517569e+01   1.645956e+00   1.645956e+00  
1029      3.525878e+01   3.518185e+01   1.646068e+00   1.646068e+00  
1030      3.526494e+01   3.518802e+01   1.646175e+00   1.646175e+00  
1031      3.527111e+01   3.519419e+01   1.646279e+00   1.646279e+00  
1032      3.527729e+01   3.520037e+01   1.646381e+00   1.646381e+00  
1033      3.528347e+01   3.520655e+01   1.646483e+00   1.646483e+00  
1034      3.528965e+01   3.521274e+01   1.646587e+00   1.646587e+00  
1035      3.529584e+01   3.521893e+01   1.646693e+00   1.646693e+00  
1036      3.530203e+01   3.522512e+01   1.646804e+00   1.646804e+00  
1037      3.530822e+01   3.523131e+01   1.646920e+00   1.646920e+00  
1038      3.531440e+01   3.523750e+01   1.647042e+00   1.647042e+00  
1039      3.532059e+01   3.524369e+01   1.647170e+00   1.647170e+00  
1040      3.532678e+01   3.524988e+01   1.647307e+00   1.647307e+00  
1041      3.533297e+01   3.525607e+01   1.647452e+00   1.647452e+00  
1042      3.533915e+01   3.526225e+01   1.647606e+00   1.647606e+00  
1043      3.534533e+01   3.526843e+01   1.647769e+00   1.647769e+00  
1044      3.535152e+01   3.527461e+01   1.647943e+00   1.647943e+00  
1045      3.535770e+01   3.528079e+01   1.648128e+00   1.648128e+00  
1046      3.536387e+01   3.528696e+01   1.648325e+00   1.648325e+00  
1047      3.537005e+01   3.529313e+01   1.648534e+00   1.648534e+00  
1048      3.537622e+01   3.529930e+01   1.648757e+00   1.648757e+00  
1049      3.538239e+01   3.530546e+01   1.648993e+00   1.648993e+00  
1050      3.538856e+01   3.531162e+01   1.649244e+00   1.649244e+00  
1051      3.539473e+01   3.531778e+01   1.649512e+00   1.649512e+00  
1052      3.540090e+01   3.532393e+01   1.649795e+00   1.649795e+00  
1053      3.540707e+01   3.533009e+01   1.650095e+00   1.650095e+00  
1054      3.541324e+01   3.533624e+01   1.650413e+00   1.650413e+00  
1055      3.541941e+01   3.534240e+01   1.650749e+00   1.650749e+00  
1056      3.542559e+01   3.534855e+01   1.651103e+00   1.651103e+00  
1057      3.543178e+01   3.535472e+01   1.651475e+00   1.651475e+00  
1058      3.543797e+01   3.536088e+01   1.651865e+00   1.651865e+00  
1059      3.544417e+01   3.536706e+01   1.652275e+00   1.652275e+00  
1060      3.545038e+01   3.537324e+01   1.652702e+00   1.652702e+00  
1061      3.545660e+01   3.537944e+01   1.653149e+00   1.653149e+00  
1062      3.546283e+01   3.538564e+01   1.653614e+00   1.653614e+00  
1063      3.546908e+01   3.539186e+01   1.654098e+00   1.654098e+00  
1064      3.547534e+01   3.539809e+01   1.654601e+00   1.654601e+00  
1065      3.548162e+01   3.540433e+01   1.655123e+00   1.655123e+00  
1066      3.548791e+01   3.541058e+01   1.655664e+00   1.655664e+00  
1067      3.549422e+01   3.541685e+01   1.656225e+00   1.656225e+00  
1068      3.550054e+01   3.542313e+01   1.656807e+00   1.656807e+00  
1069      3.550688e+01   3.542943e+01   1.657410e+00   1.657410e+00  
1070      3.551323e+01   3.543573e+01   1.658034e+00   1.658034e+00  
1071      3.551959e+01   3.544205e+01   1.658682e+00   1.658682e+00  
1072      3.552596e+01   3.544837e+01   1.659353e+00   1.659353e+00  
1073      3.553234e+01   3.545470e+01   1.660048e+00   1.660048e+00  
1074      3.553874e+01   3.546104e+01   1.660769e+00   1.660769e+00  
1075      3.554514e+01   3.546739e+01   1.661516e+00   1.661516e+00  
1076      3.555155e+01   3.547374e+01   1.662289e+00   1.662289e+00  
1077      3.555796e+01   3.548009e+01   1.663089e+00   1.663089e+00  
1078      3.556439e+01   3.548645e+01   1.663917e+00   1.663917e+00  
1079      3.557082e+01   3.549282e+01   1.664771e+00   1.664771e+00  
1080      3.557726e+01   3.549919e+01   1.665654e+00   1.665654e+00  
1081      3.558370e+01   3.550556e+01   1.666563e+00   1.666563e+00  
1082      3.559015e+01   3.551194e+01   1.667499e+00   1.667499e+00  
1083      3.559661e+01   3.551832e+01   1.668461e+00   1.668461e+00  
1084      3.560308e+01   3.552471e+01   1.669448e+00   1.669448e+00  
1085      3.560955e+01   3.553110e+01   1.670460e+00   1.670460e+00  
1086      3.561603e+01   3.553750e+01   1.671496e+00   1.671496e+00  
1087      3.562251e+01   3.554390e+01   1.672554e+00   1.672554e+00  
1088      3.562900e+01   3.555030e+01   1.673634e+00   1.673634e+00  
1089      3.563550e+01   3.555671e+01   1.674733e+00   1.674733e+00  
1090      3.564200e+01   3.556312e+01   1.675852e+00   1.675852e+00  
1091      3.564851e+01   3.556953e+01   1.676988e+00   1.676988e+00  
1092      3.565502e+01   3.557595e+01   1.678140e+00   1.678140e+00  
1093      3.566154e+01   3.558237e+01   1.679307e+00   1.679307e+00  
1094      3.566806e+01   3.558880e+01   1.680486e+00   1.680486e+00  
1095      3.567459e+01   3.559523e+01   1.681675e+00   1.681675e+00  
1096      3.568113e+01   3.560167e+01   1.682874e+00   1.682874e+00  
1097      3.568767e+01   3.560811e+01   1.684080e+00   1.684080e+00  
1098      3.569421e+01   3.561456e+01   1.685291e+00   1.685291e+00  
1099      3.570077e+01   3.562101e+01   1.686504e+00   1.686504e+00  
1100      3.570733e+01   3.562747e+01   1.687718e+00   1.687718e+00  
1101      3.571390e+01   3.563394e+01   1.688930e+00   1.688930e+00  
1102      3.572047e+01   3.564041e+01   1.690137e+00   1.690137e+00  
1103      3.572705e+01   3.564689e+01   1.691338e+00   1.691338e+00  
1104      3.573363e+01   3.565338e+01   1.692529e+00   1.692529e+00  
1105      3.574023e+01   3.565987e+01   1.693709e+00   1.693709e+00  
1106      3.574683e+01   3.566638e+01   1.694873e+00   1.694873e+00  
1107      3.575343e+01   3.567288e+01   1.696021e+00   1.696021e+00  
1108      3.576004e+01   3.567940e+01   1.697149e+00   1.697149e+00  
1109      3.576665e+01   3.568592e+01   1.698256e+00   1.698256e+00  
1110      3.577327e+01   3.569245e+01   1.699339e+00   1.699339e+00  
1111      3.577988e+01   3.569898e+01   1.700397e+00   1.700397e+00  
1112      3.578650e+01   3.570552e+01   1.701428e+00   1.701428e+00  
1113      3.579313e+01   3.571206e+01   1.702430e+00   1.702430e+00  
1114      3.579975e+01   3.571860e+01   1.703403e+00   1.703403e+00  
1115      3.580637e+01   3.572515e+01   1.704346e+00   1.704346e+00  
1116      3.581298e+01   3.573169e+01   1.705257e+00   1.705257e+00  
1117      3.581959e+01   3.573823e+01   1.706136e+00   1.706136e+00  
1118      3.582619e+01   3.574477e+01   1.706984e+00   1.706984e+00  
1119      3.583279e+01   3.575130e+01   1.707799e+00   1.707799e+00  
1120      3.583937e+01   3.575783e+01   1.708581e+00   1.708581e+00  
1121      3.584595e+01   3.576434e+01   1.709331e+00   1.709331e+00  
1122      3.585251e+01   3.577085e+01   1.710047e+00   1.710047e+00  
1123      3.585905e+01   3.577735e+01   1.710729e+00   1.710729e+00  
1124      3.586558e+01   3.578383e+01   1.711376e+00   1.711376e+00  
1125      3.587209e+01   3.579030e+01   1.711988e+00   1.711988e+00  
1126      3.587859e+01   3.579675e+01   1.712564e+00   1.712564e+00  
1127      3.588507e+01   3.580319e+01   1.713102e+00   1.713102e+00  
1128      3.589153e+01   3.580962e+01   1.713601e+00   1.713601e+00  
1129      3.589797e+01   3.581603e+01   1.714060e+00   1.714060e+00  
1130      3.590440e+01   3.582243e+01   1.714479e+00   1.714479e+00  
1131      3.591081e+01   3.582882e+01   1.714855e+00   1.714855e+00  
1132      3.591720e+01   3.583520e+01   1.715187e+00   1.715187e+00  
1133      3.592358e+01   3.584157e+01   1.715475e+00   1.715475e+00  
1134      3.592994e+01   3.584792e+01   1.715718e+00   1.715718e+00  
1135      3.593630e+01   3.585427e+01   1.715914e+00   1.715914e+00  
1136      3.594263e+01   3.586061e+01   1.716063e+00   1.716063e+00  
1137      3.594896e+01   3.586694e+01   1.716165e+00   1.716165e+00  
1138      3.595528e+01   3.587327e+01   1.716218e+00   1.716218e+00  
1139      3.596158e+01   3.587959e+01   1.716223e+00   1.716223e+00  
1140      3.596788e+01   3.588590e+01   1.716178e+00   1.716178e+00  
1141      3.597417e+01   3.589221e+01   1.716084e+00   1.716084e+00  
1142      3.598044e+01   3.589852e+01   1.715939e+00   1.715939e+00  
1143      3.598671e+01   3.590482e+01   1.715745e+00   1.715745e+00  
1144      3.599297e+01   3.591111e+01   1.715501e+00   1.715501e+00  
1145      3.599922e+01   3.591740e+01   1.715208e+00   1.715208e+00  
1146      3.600545e+01   3.592368e+01   1.714865e+00   1.714865e+00  
1147      3.601168e+01   3.592996e+01   1.714475e+00   1.714475e+00  
1148      3.601789e+01   3.593623e+01   1.714038e+00   1.714038e+00  
1149      3.602409e+01   3.594249e+01   1.713555e+00   1.713555e+00  
1150      3.603027e+01   3.594873e+01   1.713028e+00   1.713028e+00  
1151      3.603644e+01   3.595497e+01   1.712459e+00   1.712459e+00  
1152      3.604258e+01   3.596119e+01   1.711849e+00   1.711849e+00  
1153      3.604871e+01   3.596739e+01   1.711202e+00   1.711202e+00  
1154      3.605482e+01   3.597358e+01   1.710518e+00   1.710518e+00  
1155      3.606090e+01   3.597974e+01   1.709801e+00   1.709801e+00  
1156      3.606697e+01   3.598589e+01   1.709051e+00   1.709051e+00  
1157      3.607301e+01   3.599202e+01   1.708271e+00   1.708271e+00  
1158      3.607902e+01   3.599813e+01   1.707463e+00   1.707463e+00  
1159      3.608502e+01   3.600422e+01   1.706626e+00   1.706626e+00  
1160      3.609100e+01   3.601029e+01   1.705764e+00   1.705764e+00  
1161      3.609695e+01   3.601634e+01   1.704876e+00   1.704876e+00  
1162      3.610289e+01   3.602238e+01   1.703963e+00   1.703963e+00  
1163      3.610881e+01   3.602840e+01   1.703026e+00   1.703026e+00  
1164      3.611472e+01   3.603441e+01   1.702065e+00   1.702065e+00  
1165      3.612061e+01   3.604041e+01   1.701081e+00   1.701081e+00  
1166      3.612649e+01   3.604640e+01   1.700073e+00   1.700073e+00  
1167      3.613236e+01   3.605238e+01   1.699044e+00   1.699044e+00  
1168      3.613823e+01   3.605836e+01   1.697993e+00   1.697993e+00  
1169      3.614408e+01   3.606432e+01   1.696922e+00   1.696922e+00  
1170      3.614993e+01   3.607029e+01   1.695831e+00   1.695831e+00  
1171      3.615577e+01   3.607625e+01   1.694723e+00   1.694723e+00  
1172      3.616160e+01   3.608220e+01   1.693598e+00   1.693598e+00  
1173      3.616743e+01   3.608815e+01   1.692460e+00   1.692460e+00  
1174      3.617326e+01   3.609409e+01   1.691308e+00   1.691308e+00  
1175      3.617908e+01   3.610004e+01   1.690147e+00   1.690147e+00  
1176      3.618490e+01   3.610598e+01   1.688978e+00   1.688978e+00  
1177      3.619071e+01   3.611191e+01   1.687802e+00   1.687802e+00  
1178      3.619652e+01   3.611785e+01   1.686624e+00   1.686624e+00  
1179      3.620233e+01   3.612378e+01   1.685445e+00   1.685445e+00  
1180      3.620814e+01   3.612971e+01   1.684267e+00   1.684267e+00  
1181      3.621396e+01   3.613565e+01   1.683095e+00   1.683095e+00  
1182      3.621977e+01   3.614158e+01   1.681930e+00   1.681930e+00  
1183      3.622559e+01   3.614752e+01   1.680775e+00   1.680775e+00  
1184      3.623141e+01   3.615346e+01   1.679635e+00   1.679635e+00  
1185      3.623723e+01   3.615940e+01   1.678511e+00   1.678511e+00  
1186      3.624306e+01   3.616535e+01   1.677408e+00   1.677408e+00  
1187      3.624890e+01   3.617129e+01   1.676328e+00   1.676328e+00  
1188      3.625474e+01   3.617725e+01   1.675274e+00   1.675274e+00  
1189      3.626059e+01   3.618320e+01   1.674249e+00   1.674249e+00  
1190      3.626645e+01   3.618916e+01   1.673257e+00   1.673257e+00  
1191      3.627231e+01   3.619513e+01   1.672301e+00   1.672301e+00  
1192      3.627818e+01   3.620109e+01   1.671382e+00   1.671382e+00  
1193      3.628406e+01   3.620707e+01   1.670505e+00   1.670505e+00  
1194      3.628994e+01   3.621304e+01   1.669670e+00   1.669670e+00  
1195      3.629584e+01   3.621902e+01   1.668882e+00   1.668882e+00  
1196      3.630174e+01   3.622501e+01   1.668141e+00   1.668141e+00  
1197      3.630766e+01   3.623100e+01   1.667451e+00   1.667451e+00  
1198      3.631359e+01   3.623700e+01   1.666813e+00   1.666813e+00  
1199      3.631952e+01   3.624300e+01   1.666229e+00   1.666229e+00  
1200      3.632548e+01   3.624901e+01   1.665702e+00   1.665702e+00  
1201      3.633144e+01   3.625503e+01   1.665234e+00   1.665234e+00  
1202      3.633742e+01   3.626106e+01   1.664826e+00   1.664826e+00  
1203      3.634342e+01   3.626710e+01   1.664480e+00   1.664480e+00  
1204      3.634943e+01   3.627316e+01   1.664199e+00   1.664199e+00  
1205      3.635546e+01   3.627922e+01   1.663985e+00   1.663985e+00  
1206      3.636151e+01   3.628530e+01   1.663838e+00   1.663838e+00  
1207      3.636758e+01   3.629139e+01   1.663762e+00   1.663762e+00  
1208      3.637368e+01   3.629750e+01   1.663758e+00   1.663758e+00  
1209      3.637980e+01   3.630362e+01   1.663828e+00   1.663828e+00  
1210      3.638595e+01   3.630977e+01   1.663973e+00   1.663973e+00  
1211      3.639212e+01   3.631594e+01   1.664195e+00   1.664195e+00  
1212      3.639832e+01   3.632213e+01   1.664497e+00   1.664497e+00  
1213      3.640456e+01   3.632834e+01   1.664879e+00   1.664879e+00  
1214      3.641083e+01   3.633458e+01   1.665342e+00   1.665342e+00  
1215      3.641713e+01   3.634085e+01   1.665889e+00   1.665889e+00  
1216      3.642347e+01   3.634714e+01   1.666520e+00   1.666520e+00  
1217      3.642985e+01   3.635347e+01   1.667236e+00   1.667236e+00  
1218      3.643627e+01   3.635983e+01   1.668037e+00   1.668037e+00  
1219      3.644273e+01   3.636622e+01   1.668925e+00   1.668925e+00  
1220      3.644923e+01   3.637265e+01   1.669898e+00   1.669898e+00  
1221      3.645578e+01   3.637911e+01   1.670958e+00   1.670958e+00  
1222      3.646237e+01   3.638561e+01   1.672104e+00   1.672104e+00  
1223      3.646900e+01   3.639214e+01   1.673336e+00   1.673336e+00  
1224      3.647568e+01   3.639871e+01   1.674653e+00   1.674653e+00  
1225      3.648240e+01   3.640532e+01   1.676054e+00   1.676054e+00  
1226      3.648917e+01   3.641196e+01   1.677539e+00   1.677539e+00  
1227      3.649598e+01   3.641864e+01   1.679105e+00   1.679105e+00  
1228      3.650283e+01   3.642536e+01   1.680753e+00   1.680753e+00  
1229      3.650973e+01   3.643211e+01   1.682480e+00   1.682480e+00  
1230      3.651667e+01   3.643890e+01   1.684285e+00   1.684285e+00  
1231      3.652365e+01   3.644572e+01   1.686167e+00   1.686167e+00  
1232      3.653067e+01   3.645258e+01   1.688122e+00   1.688122e+00  
1233      3.653773e+01   3.645947e+01   1.690151e+00   1.690151e+00  
1234      3.654483e+01   3.646638e+01   1.692249e+00   1.692249e+00  
1235      3.655196e+01   3.647333e+01   1.694416e+00   1.694416e+00  
1236      3.655912e+01   3.648030e+01   1.696649e+00   1.696649e+00  
1237      3.656631e+01   3.648729e+01   1.698945e+00   1.698945e+00  
1238      3.657354e+01   3.649431e+01   1.701303e+00   1.701303e+00  
1239      3.658079e+01   3.650135e+01   1.703719e+00   1.703719e+00  
1240      3.658806e+01   3.650841e+01   1.706191e+00   1.706191e+00  
1241      3.659535e+01   3.651548e+01   1.708718e+00   1.708718e+00  
1242      3.660265e+01   3.652256e+01   1.711295e+00   1.711295e+00  
1243      3.660997e+01   3.652965e+01   1.713922e+00   1.713922e+00  
1244      3.661730e+01   3.653674e+01   1.716596e+00   1.716596e+00  
1245      3.662463e+01   3.654383e+01   1.719315e+00   1.719315e+00  
1246      3.663196e+01   3.655092e+01   1.722077e+00   1.722077e+00  
1247      3.663929e+01   3.655800e+01   1.724880e+00   1.724880e+00  
1248      3.664661e+01   3.656506e+01   1.727722e+00   1.727722e+00  
1249      3.665391e+01   3.657211e+01   1.730602e+00   1.730602e+00  
1250      3.666119e+01   3.657913e+01   1.733516e+00   1.733516e+00  
-------------------------------------------------------------------

