
**********************************************
Real-time propagation in 3D, OPTION = 2
MPI nodes = 8, OMP threads = 16, cores = 128
**********************************************

Interactions
Contact: Natoms = 1.50000000000e+05, as = 7.500000e+01 * a0, G = 1.347362e+04, G * par = 2.694724e+04
Three-body: K3 =  0.000000e+00, g3 = 0.000000e+00
Regular DDI: add = 1.101000e+02 * a0, GD = 4.721954e+03, GD * par =  9.443909e+03, edd = 1.468000e+00
     Dipolar cutoffs Rcut = 5.847901e+00, Lcut = 1.936235e+02

QF = 1, QDEPL = 0: h2 = 1.696559e+05, h4 = 0.000000e+00
        q3 = 0.000000e+00, q5 = 4.469722e+00

GRAD = 0

Trap parameters
GAMMA = 0.000000e+00, NU = 0.000000e+00, LAMBDA = 0.000000e+00
Parameters of rotation: OMEGA = 0.000000e+00, OMEGA * par = 0.000000e+00

Space discretization: NX = 128, NY = 128, NZ = 128
                      DX = 3.025367e+00, DY = 9.137345e-02, DZ = 9.137345e-02
      Unit of length: aho = 5.552380e-07 m

Time discretization: NITER = 2500 (NSNAP = 1250)
                     DT = 4.174554e-03

Initial state: file ./imag3d-finalpsi.bin
ADD_VORTICES = 0, ADD_RANDOM_PHASE = 0


MUREL = 1.000000e-12, MUEND=1.000000e+05

-------------------------------------------------------------------
Snap      Na             QD             mu             <r>
-------------------------------------------------------------------
0         1.50155418035e+05   0.000000e+00   -3.587658e+00  1.940759e+01  
1         1.50155417976e+05   0.000000e+00   -3.589348e+00  1.940758e+01  
2         1.50155417556e+05   0.000000e+00   -3.591063e+00  1.940757e+01  
3         1.50155416934e+05   0.000000e+00   -3.592484e+00  1.940756e+01  
4         1.50155416241e+05   0.000000e+00   -3.593397e+00  1.940755e+01  
5         1.50155415070e+05   0.000000e+00   -3.593695e+00  1.940754e+01  
6         1.50155413736e+05   0.000000e+00   -3.593357e+00  1.940753e+01  
7         1.50155411902e+05   0.000000e+00   -3.592407e+00  1.940751e+01  
8         1.50155409944e+05   0.000000e+00   -3.590893e+00  1.940749e+01  
9         1.50155407659e+05   0.000000e+00   -3.588887e+00  1.940748e+01  
10        1.50155405302e+05   0.000000e+00   -3.586477e+00  1.940746e+01  
11        1.50155402846e+05   0.000000e+00   -3.583744e+00  1.940744e+01  
12        1.50155400505e+05   0.000000e+00   -3.580751e+00  1.940742e+01  
13        1.50155397887e+05   0.000000e+00   -3.577546e+00  1.940740e+01  
14        1.50155395410e+05   0.000000e+00   -3.574156e+00  1.940738e+01  
15        1.50155393242e+05   0.000000e+00   -3.570589e+00  1.940736e+01  
16        1.50155390796e+05   0.000000e+00   -3.566843e+00  1.940734e+01  
17        1.50155388165e+05   0.000000e+00   -3.562937e+00  1.940731e+01  
18        1.50155385706e+05   0.000000e+00   -3.558922e+00  1.940729e+01  
19        1.50155383005e+05   0.000000e+00   -3.554885e+00  1.940727e+01  
20        1.50155380263e+05   0.000000e+00   -3.550946e+00  1.940726e+01  
21        1.50155377394e+05   0.000000e+00   -3.547232e+00  1.940724e+01  
22        1.50155374291e+05   0.000000e+00   -3.543860e+00  1.940722e+01  
23        1.50155371031e+05   0.000000e+00   -3.540931e+00  1.940721e+01  
24        1.50155367524e+05   0.000000e+00   -3.538510e+00  1.940719e+01  
25        1.50155363729e+05   0.000000e+00   -3.536635e+00  1.940718e+01  
26        1.50155359725e+05   0.000000e+00   -3.535311e+00  1.940717e+01  
27        1.50155355330e+05   0.000000e+00   -3.534523e+00  1.940716e+01  
28        1.50155350757e+05   0.000000e+00   -3.534235e+00  1.940715e+01  
29        1.50155345734e+05   0.000000e+00   -3.534402e+00  1.940715e+01  
30        1.50155340557e+05   0.000000e+00   -3.534971e+00  1.940714e+01  
31        1.50155334912e+05   0.000000e+00   -3.535887e+00  1.940714e+01  
32        1.50155329122e+05   0.000000e+00   -3.537098e+00  1.940714e+01  
33        1.50155322844e+05   0.000000e+00   -3.538555e+00  1.940714e+01  
34        1.50155316377e+05   0.000000e+00   -3.540213e+00  1.940715e+01  
35        1.50155309405e+05   0.000000e+00   -3.542032e+00  1.940715e+01  
36        1.50155302243e+05   0.000000e+00   -3.543980e+00  1.940716e+01  
37        1.50155294608e+05   0.000000e+00   -3.546025e+00  1.940717e+01  
38        1.50155286770e+05   0.000000e+00   -3.548143e+00  1.940717e+01  
39        1.50155278462e+05   0.000000e+00   -3.550311e+00  1.940719e+01  
40        1.50155269956e+05   0.000000e+00   -3.552511e+00  1.940720e+01  
41        1.50155261020e+05   0.000000e+00   -3.554724e+00  1.940721e+01  
42        1.50155251876e+05   0.000000e+00   -3.556935e+00  1.940722e+01  
43        1.50155242295e+05   0.000000e+00   -3.559131e+00  1.940724e+01  
44        1.50155232470e+05   0.000000e+00   -3.561299e+00  1.940725e+01  
45        1.50155222225e+05   0.000000e+00   -3.563429e+00  1.940727e+01  
46        1.50155211818e+05   0.000000e+00   -3.565510e+00  1.940729e+01  
47        1.50155201149e+05   0.000000e+00   -3.567535e+00  1.940730e+01  
48        1.50155190386e+05   0.000000e+00   -3.569494e+00  1.940732e+01  
49        1.50155179341e+05   0.000000e+00   -3.571380e+00  1.940734e+01  
50        1.50155168149e+05   0.000000e+00   -3.573188e+00  1.940735e+01  
51        1.50155156680e+05   0.000000e+00   -3.574910e+00  1.940737e+01  
52        1.50155145069e+05   0.000000e+00   -3.576542e+00  1.940739e+01  
53        1.50155133194e+05   0.000000e+00   -3.578078e+00  1.940740e+01  
54        1.50155121217e+05   0.000000e+00   -3.579515e+00  1.940742e+01  
55        1.50155109053e+05   0.000000e+00   -3.580849e+00  1.940743e+01  
56        1.50155096833e+05   0.000000e+00   -3.582077e+00  1.940745e+01  
57        1.50155084490e+05   0.000000e+00   -3.583196e+00  1.940746e+01  
58        1.50155072172e+05   0.000000e+00   -3.584204e+00  1.940747e+01  
59        1.50155059787e+05   0.000000e+00   -3.585100e+00  1.940748e+01  
60        1.50155047478e+05   0.000000e+00   -3.585883e+00  1.940750e+01  
61        1.50155035199e+05   0.000000e+00   -3.586551e+00  1.940751e+01  
62        1.50155023066e+05   0.000000e+00   -3.587106e+00  1.940751e+01  
63        1.50155010965e+05   0.000000e+00   -3.587546e+00  1.940752e+01  
64        1.50154999032e+05   0.000000e+00   -3.587874e+00  1.940753e+01  
65        1.50154987211e+05   0.000000e+00   -3.588093e+00  1.940753e+01  
66        1.50154975628e+05   0.000000e+00   -3.588202e+00  1.940754e+01  
67        1.50154964191e+05   0.000000e+00   -3.588204e+00  1.940754e+01  
68        1.50154953011e+05   0.000000e+00   -3.588100e+00  1.940754e+01  
69        1.50154941998e+05   0.000000e+00   -3.587890e+00  1.940755e+01  
70        1.50154931282e+05   0.000000e+00   -3.587579e+00  1.940755e+01  
71        1.50154920787e+05   0.000000e+00   -3.587172e+00  1.940754e+01  
72        1.50154910609e+05   0.000000e+00   -3.586676e+00  1.940754e+01  
73        1.50154900702e+05   0.000000e+00   -3.586096e+00  1.940754e+01  
74        1.50154891144e+05   0.000000e+00   -3.585438e+00  1.940753e+01  
75        1.50154881876e+05   0.000000e+00   -3.584705e+00  1.940753e+01  
76        1.50154873025e+05   0.000000e+00   -3.583897e+00  1.940752e+01  
77        1.50154864477e+05   0.000000e+00   -3.583013e+00  1.940751e+01  
78        1.50154856324e+05   0.000000e+00   -3.582057e+00  1.940750e+01  
79        1.50154848547e+05   0.000000e+00   -3.581037e+00  1.940750e+01  
80        1.50154841179e+05   0.000000e+00   -3.579965e+00  1.940749e+01  
81        1.50154834222e+05   0.000000e+00   -3.578852e+00  1.940747e+01  
82        1.50154827706e+05   0.000000e+00   -3.577705e+00  1.940746e+01  
83        1.50154821574e+05   0.000000e+00   -3.576527e+00  1.940745e+01  
84        1.50154815889e+05   0.000000e+00   -3.575324e+00  1.940744e+01  
85        1.50154810604e+05   0.000000e+00   -3.574103e+00  1.940743e+01  
86        1.50154805777e+05   0.000000e+00   -3.572874e+00  1.940741e+01  
87        1.50154801393e+05   0.000000e+00   -3.571647e+00  1.940740e+01  
88        1.50154797450e+05   0.000000e+00   -3.570425e+00  1.940739e+01  
89        1.50154793971e+05   0.000000e+00   -3.569212e+00  1.940737e+01  
90        1.50154790922e+05   0.000000e+00   -3.568003e+00  1.940736e+01  
91        1.50154788316e+05   0.000000e+00   -3.566792e+00  1.940735e+01  
92        1.50154786121e+05   0.000000e+00   -3.565579e+00  1.940733e+01  
93        1.50154784297e+05   0.000000e+00   -3.564371e+00  1.940732e+01  
94        1.50154782850e+05   0.000000e+00   -3.563184e+00  1.940731e+01  
95        1.50154781750e+05   0.000000e+00   -3.562038e+00  1.940729e+01  
96        1.50154781030e+05   0.000000e+00   -3.560952e+00  1.940728e+01  
97        1.50154780636e+05   0.000000e+00   -3.559943e+00  1.940727e+01  
98        1.50154780574e+05   0.000000e+00   -3.559025e+00  1.940726e+01  
99        1.50154780873e+05   0.000000e+00   -3.558207e+00  1.940725e+01  
100       1.50154781486e+05   0.000000e+00   -3.557491e+00  1.940724e+01  
101       1.50154782481e+05   0.000000e+00   -3.556866e+00  1.940723e+01  
102       1.50154783679e+05   0.000000e+00   -3.556311e+00  1.940722e+01  
103       1.50154785125e+05   0.000000e+00   -3.555805e+00  1.940722e+01  
104       1.50154786737e+05   0.000000e+00   -3.555334e+00  1.940721e+01  
105       1.50154788696e+05   0.000000e+00   -3.554896e+00  1.940720e+01  
106       1.50154790848e+05   0.000000e+00   -3.554499e+00  1.940720e+01  
107       1.50154793018e+05   0.000000e+00   -3.554161e+00  1.940720e+01  
108       1.50154795010e+05   0.000000e+00   -3.553902e+00  1.940719e+01  
109       1.50154796931e+05   0.000000e+00   -3.553740e+00  1.940719e+01  
110       1.50154799025e+05   0.000000e+00   -3.553684e+00  1.940719e+01  
111       1.50154801250e+05   0.000000e+00   -3.553740e+00  1.940719e+01  
112       1.50154803482e+05   0.000000e+00   -3.553909e+00  1.940719e+01  
113       1.50154805575e+05   0.000000e+00   -3.554186e+00  1.940719e+01  
114       1.50154807538e+05   0.000000e+00   -3.554561e+00  1.940720e+01  
115       1.50154809342e+05   0.000000e+00   -3.555020e+00  1.940720e+01  
116       1.50154811081e+05   0.000000e+00   -3.555546e+00  1.940720e+01  
117       1.50154812800e+05   0.000000e+00   -3.556119e+00  1.940721e+01  
118       1.50154814421e+05   0.000000e+00   -3.556727e+00  1.940722e+01  
119       1.50154815871e+05   0.000000e+00   -3.557364e+00  1.940722e+01  
120       1.50154817131e+05   0.000000e+00   -3.558037e+00  1.940723e+01  
121       1.50154818298e+05   0.000000e+00   -3.558759e+00  1.940724e+01  
122       1.50154819116e+05   0.000000e+00   -3.559547e+00  1.940725e+01  
123       1.50154819429e+05   0.000000e+00   -3.560413e+00  1.940726e+01  
124       1.50154819038e+05   0.000000e+00   -3.561360e+00  1.940727e+01  
125       1.50154818122e+05   0.000000e+00   -3.562384e+00  1.940728e+01  
126       1.50154816770e+05   0.000000e+00   -3.563468e+00  1.940729e+01  
127       1.50154815090e+05   0.000000e+00   -3.564592e+00  1.940730e+01  
128       1.50154813011e+05   0.000000e+00   -3.565730e+00  1.940731e+01  
129       1.50154810554e+05   0.000000e+00   -3.566864e+00  1.940732e+01  
130       1.50154807558e+05   0.000000e+00   -3.567977e+00  1.940733e+01  
131       1.50154804044e+05   0.000000e+00   -3.569063e+00  1.940734e+01  
132       1.50154799936e+05   0.000000e+00   -3.570120e+00  1.940735e+01  
133       1.50154795448e+05   0.000000e+00   -3.571151e+00  1.940737e+01  
134       1.50154790525e+05   0.000000e+00   -3.572160e+00  1.940738e+01  
135       1.50154785413e+05   0.000000e+00   -3.573149e+00  1.940739e+01  
136       1.50154779916e+05   0.000000e+00   -3.574116e+00  1.940740e+01  
137       1.50154774295e+05   0.000000e+00   -3.575047e+00  1.940741e+01  
138       1.50154768499e+05   0.000000e+00   -3.575926e+00  1.940742e+01  
139       1.50154762591e+05   0.000000e+00   -3.576732e+00  1.940742e+01  
140       1.50154756200e+05   0.000000e+00   -3.577450e+00  1.940743e+01  
141       1.50154749677e+05   0.000000e+00   -3.578071e+00  1.940744e+01  
142       1.50154743050e+05   0.000000e+00   -3.578594e+00  1.940745e+01  
143       1.50154736249e+05   0.000000e+00   -3.579025e+00  1.940745e+01  
144       1.50154729219e+05   0.000000e+00   -3.579378e+00  1.940746e+01  
145       1.50154722284e+05   0.000000e+00   -3.579677e+00  1.940746e+01  
146       1.50154715336e+05   0.000000e+00   -3.579943e+00  1.940747e+01  
147       1.50154708429e+05   0.000000e+00   -3.580198e+00  1.940747e+01  
148       1.50154701836e+05   0.000000e+00   -3.580456e+00  1.940747e+01  
149       1.50154695540e+05   0.000000e+00   -3.580722e+00  1.940748e+01  
150       1.50154689617e+05   0.000000e+00   -3.580991e+00  1.940748e+01  
151       1.50154684291e+05   0.000000e+00   -3.581249e+00  1.940748e+01  
152       1.50154679775e+05   0.000000e+00   -3.581469e+00  1.940748e+01  
153       1.50154676105e+05   0.000000e+00   -3.581624e+00  1.940747e+01  
154       1.50154673586e+05   0.000000e+00   -3.581686e+00  1.940747e+01  
155       1.50154672174e+05   0.000000e+00   -3.581633e+00  1.940747e+01  
156       1.50154672200e+05   0.000000e+00   -3.581443e+00  1.940747e+01  
157       1.50154673753e+05   0.000000e+00   -3.581091e+00  1.940746e+01  
158       1.50154677020e+05   0.000000e+00   -3.580550e+00  1.940746e+01  
159       1.50154682116e+05   0.000000e+00   -3.579780e+00  1.940745e+01  
160       1.50154688994e+05   0.000000e+00   -3.578731e+00  1.940745e+01  
161       1.50154697352e+05   0.000000e+00   -3.577336e+00  1.940744e+01  
162       1.50154706484e+05   0.000000e+00   -3.575513e+00  1.940744e+01  
163       1.50154715339e+05   0.000000e+00   -3.573157e+00  1.940744e+01  
164       1.50154722864e+05   0.000000e+00   -3.570135e+00  1.940743e+01  
165       1.50154726717e+05   0.000000e+00   -3.566263e+00  1.940743e+01  
166       1.50154723799e+05   0.000000e+00   -3.561290e+00  1.940743e+01  
167       1.50154708417e+05   0.000000e+00   -3.554885e+00  1.940744e+01  
168       1.50154671286e+05   0.000000e+00   -3.546625e+00  1.940745e+01  
169       1.50154598492e+05   0.000000e+00   -3.535986e+00  1.940746e+01  
170       1.50154470121e+05   0.000000e+00   -3.522332e+00  1.940748e+01  
171       1.50154260368e+05   0.000000e+00   -3.504909e+00  1.940752e+01  
172       1.50153938021e+05   0.000000e+00   -3.482849e+00  1.940757e+01  
173       1.50153468218e+05   0.000000e+00   -3.455186e+00  1.940764e+01  
174       1.50152818371e+05   0.000000e+00   -3.420906e+00  1.940773e+01  
175       1.50151964021e+05   0.000000e+00   -3.379003e+00  1.940785e+01  
176       1.50150897596e+05   0.000000e+00   -3.328555e+00  1.940801e+01  
177       1.50149641608e+05   0.000000e+00   -3.268831e+00  1.940821e+01  
178       1.50148257523e+05   0.000000e+00   -3.199389e+00  1.940844e+01  
179       1.50146856084e+05   0.000000e+00   -3.120138e+00  1.940871e+01  
180       1.50145594851e+05   0.000000e+00   -3.031310e+00  1.940901e+01  
181       1.50144666370e+05   0.000000e+00   -2.933400e+00  1.940934e+01  
182       1.50144277253e+05   0.000000e+00   -2.827146e+00  1.940969e+01  
183       1.50144620714e+05   0.000000e+00   -2.713571e+00  1.941005e+01  
184       1.50145857230e+05   0.000000e+00   -2.594033e+00  1.941041e+01  
185       1.50148112644e+05   0.000000e+00   -2.470250e+00  1.941076e+01  
186       1.50151488143e+05   0.000000e+00   -2.344256e+00  1.941110e+01  
187       1.50156072039e+05   0.000000e+00   -2.218291e+00  1.941142e+01  
188       1.50161948244e+05   0.000000e+00   -2.094615e+00  1.941173e+01  
189       1.50169180134e+05   0.000000e+00   -1.975315e+00  1.941200e+01  
190       1.50177792543e+05   0.000000e+00   -1.862165e+00  1.941224e+01  
191       1.50187736795e+05   0.000000e+00   -1.756596e+00  1.941245e+01  
192       1.50198878054e+05   0.000000e+00   -1.659728e+00  1.941261e+01  
193       1.50210997555e+05   0.000000e+00   -1.572419e+00  1.941275e+01  
194       1.50223831378e+05   0.000000e+00   -1.495277e+00  1.941285e+01  
195       1.50237096956e+05   0.000000e+00   -1.428658e+00  1.941293e+01  
196       1.50250529331e+05   0.000000e+00   -1.372638e+00  1.941300e+01  
197       1.50263878436e+05   0.000000e+00   -1.326959e+00  1.941305e+01  
198       1.50276900323e+05   0.000000e+00   -1.291001e+00  1.941310e+01  
199       1.50289314855e+05   0.000000e+00   -1.263771e+00  1.941314e+01  
200       1.50300712542e+05   0.000000e+00   -1.243881e+00  1.941320e+01  
201       1.50310258827e+05   0.000000e+00   -1.229241e+00  1.941330e+01  
202       1.50315462720e+05   0.000000e+00   -1.215448e+00  1.941357e+01  
203       1.50304719251e+05   0.000000e+00   -1.184178e+00  1.941458e+01  
204       1.50172295998e+05   0.000000e+00   -7.074193e-01  1.942167e+01  
205       1.50298648789e+05   0.000000e+00   -7.147264e-01  1.941561e+01  
206       1.50261558758e+05   0.000000e+00   -7.993484e-01  1.941772e+01  
207       1.50453204320e+05   0.000000e+00   -7.933036e-01  1.940821e+01  
208       1.50319448258e+05   0.000000e+00   -8.242895e-01  1.941501e+01  
209       1.50399136466e+05   0.000000e+00   -6.070445e-01  1.941099e+01  
210       1.50322624980e+05   0.000000e+00   -7.216070e-01  1.941472e+01  
211       1.50308775736e+05   0.000000e+00   -5.344414e-01  1.941528e+01  
212       1.50300204118e+05   0.000000e+00   -7.243551e-01  1.941542e+01  
213       1.50223566438e+05   0.000000e+00   -6.034252e-01  1.941907e+01  
214       1.50276771105e+05   0.000000e+00   -7.846606e-01  1.941601e+01  
215       1.50154332504e+05   0.000000e+00   -6.753325e-01  1.942194e+01  
216       1.50277301925e+05   0.000000e+00   -8.342578e-01  1.941532e+01  
217       1.50114853144e+05   0.000000e+00   -7.395423e-01  1.942328e+01  
218       1.50295140373e+05   0.000000e+00   -8.775774e-01  1.941379e+01  
219       1.50101134356e+05   0.000000e+00   -7.939607e-01  1.942339e+01  
220       1.50316441194e+05   0.000000e+00   -8.991998e-01  1.941220e+01  
221       1.50095894487e+05   0.000000e+00   -8.219561e-01  1.942322e+01  
222       1.50332483313e+05   0.000000e+00   -8.995791e-01  1.941107e+01  
223       1.50091732252e+05   0.000000e+00   -8.261022e-01  1.942323e+01  
224       1.50345926230e+05   0.000000e+00   -8.873691e-01  1.941033e+01  
225       1.50085614535e+05   0.000000e+00   -8.146799e-01  1.942364e+01  
226       1.50361769709e+05   0.000000e+00   -8.681943e-01  1.940983e+01  
227       1.50079081735e+05   0.000000e+00   -7.927614e-01  1.942446e+01  
228       1.50384205892e+05   0.000000e+00   -8.427097e-01  1.940942e+01  
229       1.50073858515e+05   0.000000e+00   -7.613711e-01  1.942567e+01  
230       1.50415756124e+05   0.000000e+00   -8.079883e-01  1.940905e+01  
231       1.50072728972e+05   0.000000e+00   -7.191282e-01  1.942720e+01  
232       1.50457150800e+05   0.000000e+00   -7.602659e-01  1.940874e+01  
233       1.50078917087e+05   0.000000e+00   -6.637881e-01  1.942897e+01  
234       1.50507646070e+05   0.000000e+00   -6.962749e-01  1.940861e+01  
235       1.50094521716e+05   0.000000e+00   -5.933386e-01  1.943092e+01  
236       1.50565642132e+05   0.000000e+00   -6.138100e-01  1.940880e+01  
237       1.50121063779e+05   0.000000e+00   -5.056618e-01  1.943303e+01  
238       1.50629540395e+05   0.000000e+00   -5.117940e-01  1.940940e+01  
239       1.50161498608e+05   0.000000e+00   -4.008307e-01  1.943518e+01  
240       1.50702267207e+05   0.000000e+00   -3.943300e-01  1.941031e+01  
241       1.50222226308e+05   0.000000e+00   -2.881999e-01  1.943707e+01  
242       1.50787754746e+05   0.000000e+00   -2.716886e-01  1.941130e+01  
243       1.50296803632e+05   0.000000e+00   -1.609872e-01  1.943886e+01  
244       1.50857432246e+05   0.000000e+00   -9.619944e-02  1.941345e+01  
245       1.50351637528e+05   0.000000e+00   6.924775e-02   1.944180e+01  
246       1.50941119225e+05   0.000000e+00   1.856568e-01   1.941520e+01  
247       1.50471434270e+05   0.000000e+00   3.656657e-01   1.944197e+01  
248       1.51017598523e+05   0.000000e+00   5.004633e-01   1.941750e+01  
249       1.50469682495e+05   0.000000e+00   7.233879e-01   1.944782e+01  
250       1.50990209811e+05   0.000000e+00   9.256635e-01   1.942474e+01  
251       1.50573199123e+05   0.000000e+00   1.172604e+00   1.944906e+01  
252       1.51097185349e+05   0.000000e+00   1.399638e+00   1.942604e+01  
253       1.50587605084e+05   0.000000e+00   1.718835e+00   1.945445e+01  
254       1.51084623012e+05   0.000000e+00   2.004738e+00   1.943299e+01  
255       1.50718510181e+05   0.000000e+00   2.330808e+00   1.945473e+01  
256       1.51113878002e+05   0.000000e+00   2.644312e+00   1.943821e+01  
257       1.50709645048e+05   0.000000e+00   3.027291e+00   1.946179e+01  
258       1.51101525156e+05   0.000000e+00   3.380897e+00   1.944610e+01  
259       1.50759093378e+05   0.000000e+00   4.090207e+00   1.946646e+01  
260       1.51200018387e+05   0.000000e+00   4.353509e+00   1.944846e+01  
261       1.50345232504e+05   0.000000e+00   6.280816e+00   1.949503e+01  
262       1.51404294386e+05   0.000000e+00   5.076561e+00   1.944568e+01  
263       1.50529595548e+05   0.000000e+00   6.059222e+00   1.949313e+01  
264       1.50909723358e+05   0.000000e+00   6.864378e+00   1.947654e+01  
265       1.50910938494e+05   0.000000e+00   6.160948e+00   1.948183e+01  
266       1.51141211821e+05   0.000000e+00   7.812249e+00   1.947515e+01  
267       1.50448302082e+05   0.000000e+00   9.739612e+00   1.951099e+01  
268       1.51418392397e+05   0.000000e+00   8.120626e+00   1.946426e+01  
269       1.51194346537e+05   0.000000e+00   7.922864e+00   1.947731e+01  
270       1.50868926356e+05   0.000000e+00   1.053049e+01   1.949339e+01  
271       1.50546464845e+05   0.000000e+00   9.247490e+00   1.951640e+01  
272       1.51215377205e+05   0.000000e+00   9.620051e+00   1.947428e+01  
273       1.50453118846e+05   0.000000e+00   1.363271e+01   1.950924e+01  
274       1.50523464871e+05   0.000000e+00   1.784005e+01   1.950832e+01  
275       1.51191660078e+05   0.000000e+00   1.535219e+01   1.947230e+01  
276       1.50193870493e+05   0.000000e+00   1.364585e+01   1.952643e+01  
277       1.51087809650e+05   0.000000e+00   1.517640e+01   1.950058e+01  
278       1.50329863770e+05   0.000000e+00   1.776496e+01   1.950638e+01  
279       1.51337609504e+05   0.000000e+00   1.465746e+01   1.948011e+01  
280       1.50353438454e+05   0.000000e+00   1.551025e+01   1.950484e+01  
281       1.50619750771e+05   0.000000e+00   1.750061e+01   1.945366e+01  
282       1.50225627443e+05   0.000000e+00   1.883249e+01   1.950603e+01  
283       1.51036137060e+05   0.000000e+00   2.172479e+01   1.948978e+01  
284       1.50710441015e+05   0.000000e+00   1.672405e+01   1.950611e+01  
285       1.51178159187e+05   0.000000e+00   1.727695e+01   1.948220e+01  
286       1.50793529920e+05   0.000000e+00   1.726472e+01   1.950580e+01  
287       1.51162368195e+05   0.000000e+00   1.936422e+01   1.948115e+01  
288       1.50778758083e+05   0.000000e+00   1.864887e+01   1.952183e+01  
289       1.51151345387e+05   0.000000e+00   1.673715e+01   1.948906e+01  
290       1.50926688072e+05   0.000000e+00   1.701090e+01   1.952580e+01  
291       1.51346351051e+05   0.000000e+00   1.643409e+01   1.948654e+01  
292       1.51093727042e+05   0.000000e+00   1.644822e+01   1.952641e+01  
293       1.51327971891e+05   0.000000e+00   1.744570e+01   1.949094e+01  
294       1.50938202147e+05   0.000000e+00   1.732132e+01   1.953674e+01  
295       1.51532671919e+05   0.000000e+00   1.769854e+01   1.950424e+01  
296       1.50853602689e+05   0.000000e+00   1.927995e+01   1.954229e+01  
297       1.51312139774e+05   0.000000e+00   2.033477e+01   1.949922e+01  
298       1.50769267855e+05   0.000000e+00   2.079545e+01   1.955868e+01  
299       1.51445333176e+05   0.000000e+00   2.044743e+01   1.952864e+01  
300       1.50921927231e+05   0.000000e+00   2.237501e+01   1.956060e+01  
301       1.51225885111e+05   0.000000e+00   2.123701e+01   1.953318e+01  
302       1.50989252936e+05   0.000000e+00   2.014002e+01   1.958148e+01  
303       1.51328250287e+05   0.000000e+00   2.129945e+01   1.953612e+01  
304       1.50804411147e+05   0.000000e+00   2.085787e+01   1.959203e+01  
305       1.50968813631e+05   0.000000e+00   2.210600e+01   1.954765e+01  
306       1.50465860206e+05   0.000000e+00   2.180681e+01   1.962226e+01  
307       1.51139400025e+05   0.000000e+00   2.304790e+01   1.955283e+01  
308       1.50650311762e+05   0.000000e+00   2.154196e+01   1.961766e+01  
309       1.51026066357e+05   0.000000e+00   2.152435e+01   1.956244e+01  
310       1.50447565746e+05   0.000000e+00   2.212683e+01   1.963625e+01  
311       1.50919661005e+05   0.000000e+00   2.149522e+01   1.956964e+01  
312       1.50297639668e+05   0.000000e+00   2.219758e+01   1.964108e+01  
313       1.50614580874e+05   0.000000e+00   2.246001e+01   1.958063e+01  
314       1.50138315844e+05   0.000000e+00   2.353902e+01   1.965088e+01  
315       1.50875638243e+05   0.000000e+00   2.256076e+01   1.959102e+01  
316       1.49978469632e+05   0.000000e+00   2.235692e+01   1.966918e+01  
317       1.51343850882e+05   0.000000e+00   2.219949e+01   1.958546e+01  
318       1.50111825182e+05   0.000000e+00   2.221990e+01   1.967137e+01  
319       1.50955635102e+05   0.000000e+00   2.231203e+01   1.961045e+01  
320       1.50085380942e+05   0.000000e+00   2.258591e+01   1.967424e+01  
321       1.51042893368e+05   0.000000e+00   2.236436e+01   1.960701e+01  
322       1.49981777187e+05   0.000000e+00   2.238622e+01   1.968815e+01  
323       1.51096940159e+05   0.000000e+00   2.238992e+01   1.961468e+01  
324       1.50059309163e+05   0.000000e+00   2.252823e+01   1.968785e+01  
325       1.50857630441e+05   0.000000e+00   2.255666e+01   1.962505e+01  
326       1.50126230632e+05   0.000000e+00   2.263906e+01   1.968637e+01  
327       1.50506672979e+05   0.000000e+00   2.310253e+01   1.963467e+01  
328       1.50064428885e+05   0.000000e+00   2.312640e+01   1.969235e+01  
329       1.50814085809e+05   0.000000e+00   2.287907e+01   1.963735e+01  
330       1.50059235723e+05   0.000000e+00   2.285738e+01   1.969384e+01  
331       1.50536147734e+05   0.000000e+00   2.299825e+01   1.963449e+01  
332       1.50404810471e+05   0.000000e+00   2.344609e+01   1.968545e+01  
333       1.50687089105e+05   0.000000e+00   2.314513e+01   1.965738e+01  
334       1.50136772337e+05   0.000000e+00   2.319743e+01   1.969139e+01  
335       1.50651197809e+05   0.000000e+00   2.413438e+01   1.965608e+01  
336       1.50253942301e+05   0.000000e+00   2.320619e+01   1.969414e+01  
337       1.50604966458e+05   0.000000e+00   2.335274e+01   1.965115e+01  
338       1.50372047995e+05   0.000000e+00   2.319984e+01   1.971845e+01  
339       1.50537839614e+05   0.000000e+00   2.329224e+01   1.965183e+01  
340       1.50455577320e+05   0.000000e+00   2.317449e+01   1.971474e+01  
341       1.50878065311e+05   0.000000e+00   2.320180e+01   1.965508e+01  
342       1.50186077370e+05   0.000000e+00   2.342926e+01   1.971893e+01  
343       1.50891504397e+05   0.000000e+00   2.339238e+01   1.965770e+01  
344       1.50278701776e+05   0.000000e+00   2.390997e+01   1.971172e+01  
345       1.50903047373e+05   0.000000e+00   2.375693e+01   1.965760e+01  
346       1.50554327604e+05   0.000000e+00   2.395896e+01   1.971197e+01  
347       1.50785292875e+05   0.000000e+00   2.425526e+01   1.965583e+01  
348       1.50763445545e+05   0.000000e+00   2.408593e+01   1.970259e+01  
349       1.50719984163e+05   0.000000e+00   2.391402e+01   1.965831e+01  
350       1.50623091959e+05   0.000000e+00   2.392768e+01   1.970922e+01  
351       1.50736836336e+05   0.000000e+00   2.395174e+01   1.966340e+01  
352       1.50622544818e+05   0.000000e+00   2.388878e+01   1.970653e+01  
353       1.50935855741e+05   0.000000e+00   2.388374e+01   1.966347e+01  
354       1.50420970327e+05   0.000000e+00   2.399514e+01   1.971267e+01  
355       1.50912118449e+05   0.000000e+00   2.403644e+01   1.967456e+01  
356       1.50612098540e+05   0.000000e+00   2.399865e+01   1.970908e+01  
357       1.50954906415e+05   0.000000e+00   2.400498e+01   1.966800e+01  
358       1.50707823345e+05   0.000000e+00   2.395250e+01   1.969505e+01  
359       1.50601136122e+05   0.000000e+00   2.414061e+01   1.967521e+01  
360       1.50735659660e+05   0.000000e+00   2.404901e+01   1.969396e+01  
361       1.50245756267e+05   0.000000e+00   2.424126e+01   1.969252e+01  
362       1.50583309132e+05   0.000000e+00   2.411856e+01   1.970741e+01  
363       1.50208370537e+05   0.000000e+00   2.429146e+01   1.969297e+01  
364       1.50420584256e+05   0.000000e+00   2.434676e+01   1.970272e+01  
365       1.49699012183e+05   0.000000e+00   2.451952e+01   1.969162e+01  
366       1.50184944809e+05   0.000000e+00   2.432689e+01   1.968874e+01  
367       1.49804747240e+05   0.000000e+00   2.434640e+01   1.969719e+01  
368       1.50194793430e+05   0.000000e+00   2.436476e+01   1.969749e+01  
369       1.50224430880e+05   0.000000e+00   2.437150e+01   1.968383e+01  
370       1.50425389119e+05   0.000000e+00   2.418756e+01   1.969094e+01  
371       1.49860277359e+05   0.000000e+00   2.437475e+01   1.969358e+01  
372       1.50461775395e+05   0.000000e+00   2.422600e+01   1.968140e+01  
373       1.49907446537e+05   0.000000e+00   2.451063e+01   1.969896e+01  
374       1.50185345333e+05   0.000000e+00   2.419716e+01   1.970180e+01  
375       1.49983100054e+05   0.000000e+00   2.441853e+01   1.969071e+01  
376       1.50453673043e+05   0.000000e+00   2.415519e+01   1.968187e+01  
377       1.49740171006e+05   0.000000e+00   2.446945e+01   1.970989e+01  
378       1.50645449382e+05   0.000000e+00   2.419408e+01   1.969013e+01  
379       1.49536225463e+05   0.000000e+00   2.450218e+01   1.970622e+01  
380       1.50488574817e+05   0.000000e+00   2.428399e+01   1.969034e+01  
381       1.49749818073e+05   0.000000e+00   2.479933e+01   1.970774e+01  
382       1.50373652396e+05   0.000000e+00   2.478768e+01   1.969728e+01  
383       1.49197078966e+05   0.000000e+00   2.481682e+01   1.970822e+01  
384       1.50514839564e+05   0.000000e+00   2.466742e+01   1.970172e+01  
385       1.49033938049e+05   0.000000e+00   2.503743e+01   1.971970e+01  
386       1.50603975891e+05   0.000000e+00   2.475810e+01   1.969362e+01  
387       1.49347212073e+05   0.000000e+00   2.470240e+01   1.972141e+01  
388       1.50501392635e+05   0.000000e+00   2.462041e+01   1.970331e+01  
389       1.49128878089e+05   0.000000e+00   2.481102e+01   1.972363e+01  
390       1.50569621804e+05   0.000000e+00   2.462590e+01   1.970054e+01  
391       1.49279992712e+05   0.000000e+00   2.474733e+01   1.973492e+01  
392       1.50529718522e+05   0.000000e+00   2.463165e+01   1.969240e+01  
393       1.49467516882e+05   0.000000e+00   2.472645e+01   1.975500e+01  
394       1.50651155183e+05   0.000000e+00   2.465457e+01   1.968596e+01  
395       1.49356830954e+05   0.000000e+00   2.484197e+01   1.975899e+01  
396       1.50450101154e+05   0.000000e+00   2.473020e+01   1.970395e+01  
397       1.49157698441e+05   0.000000e+00   2.499698e+01   1.975553e+01  
398       1.50120618491e+05   0.000000e+00   2.490853e+01   1.970775e+01  
399       1.48894782864e+05   0.000000e+00   2.537262e+01   1.977911e+01  
400       1.50223500738e+05   0.000000e+00   2.536817e+01   1.970725e+01  
401       1.48990840389e+05   0.000000e+00   2.571320e+01   1.977898e+01  
402       1.50653102905e+05   0.000000e+00   2.511536e+01   1.969267e+01  
403       1.48776993064e+05   0.000000e+00   2.541230e+01   1.976893e+01  
404       1.50708775766e+05   0.000000e+00   2.545415e+01   1.970159e+01  
405       1.48807633482e+05   0.000000e+00   2.620558e+01   1.976311e+01  
406       1.50665697766e+05   0.000000e+00   2.573296e+01   1.970981e+01  
407       1.48738395478e+05   0.000000e+00   2.597545e+01   1.976756e+01  
408       1.50988265076e+05   0.000000e+00   2.668413e+01   1.969675e+01  
409       1.48859101738e+05   0.000000e+00   2.607205e+01   1.977158e+01  
410       1.50903034468e+05   0.000000e+00   2.608397e+01   1.969612e+01  
411       1.48631933730e+05   0.000000e+00   2.580812e+01   1.978283e+01  
412       1.50974597267e+05   0.000000e+00   2.540962e+01   1.970429e+01  
413       1.48511473085e+05   0.000000e+00   2.595388e+01   1.978961e+01  
414       1.51078628014e+05   0.000000e+00   2.541482e+01   1.971138e+01  
415       1.48484771889e+05   0.000000e+00   2.597069e+01   1.978277e+01  
416       1.51075663919e+05   0.000000e+00   2.545313e+01   1.971929e+01  
417       1.48475616283e+05   0.000000e+00   2.605171e+01   1.978508e+01  
418       1.51044677385e+05   0.000000e+00   2.552703e+01   1.972251e+01  
419       1.48569212180e+05   0.000000e+00   2.615077e+01   1.979511e+01  
420       1.50688078732e+05   0.000000e+00   2.572490e+01   1.971797e+01  
421       1.48592317344e+05   0.000000e+00   2.615040e+01   1.978913e+01  
422       1.50848797202e+05   0.000000e+00   2.578544e+01   1.971829e+01  
423       1.48403670934e+05   0.000000e+00   2.622325e+01   1.980944e+01  
424       1.51175213114e+05   0.000000e+00   2.574420e+01   1.971067e+01  
425       1.48396667656e+05   0.000000e+00   2.630406e+01   1.980845e+01  
426       1.51137001811e+05   0.000000e+00   2.583233e+01   1.971636e+01  
427       1.48549265914e+05   0.000000e+00   2.632584e+01   1.980999e+01  
428       1.50860889963e+05   0.000000e+00   2.591832e+01   1.972852e+01  
429       1.48607985401e+05   0.000000e+00   2.640283e+01   1.981006e+01  
430       1.50871901929e+05   0.000000e+00   2.604172e+01   1.972778e+01  
431       1.48906602212e+05   0.000000e+00   2.644379e+01   1.980483e+01  
432       1.50480429904e+05   0.000000e+00   2.623100e+01   1.973663e+01  
433       1.49101968162e+05   0.000000e+00   2.653313e+01   1.980717e+01  
434       1.50308589745e+05   0.000000e+00   2.630029e+01   1.973765e+01  
435       1.49038460354e+05   0.000000e+00   2.658411e+01   1.981364e+01  
436       1.50469603520e+05   0.000000e+00   2.634354e+01   1.973285e+01  
437       1.48949533855e+05   0.000000e+00   2.663217e+01   1.981808e+01  
438       1.50470330939e+05   0.000000e+00   2.631140e+01   1.973651e+01  
439       1.49070710419e+05   0.000000e+00   2.672810e+01   1.982802e+01  
440       1.50405317992e+05   0.000000e+00   2.643443e+01   1.974947e+01  
441       1.49243854404e+05   0.000000e+00   2.672224e+01   1.982313e+01  
442       1.50716470455e+05   0.000000e+00   2.637338e+01   1.973836e+01  
443       1.49133019662e+05   0.000000e+00   2.673355e+01   1.983104e+01  
444       1.50593101583e+05   0.000000e+00   2.640962e+01   1.974886e+01  
445       1.49317760071e+05   0.000000e+00   2.670394e+01   1.984297e+01  
446       1.50743968969e+05   0.000000e+00   2.629145e+01   1.976989e+01  
447       1.49534845015e+05   0.000000e+00   2.675285e+01   1.984444e+01  
448       1.50689920305e+05   0.000000e+00   2.642493e+01   1.978138e+01  
449       1.49284363928e+05   0.000000e+00   2.695065e+01   1.984984e+01  
450       1.50484617975e+05   0.000000e+00   2.656742e+01   1.978134e+01  
451       1.49190021372e+05   0.000000e+00   2.699436e+01   1.986431e+01  
452       1.50837090670e+05   0.000000e+00   2.649363e+01   1.978226e+01  
453       1.49485760619e+05   0.000000e+00   2.697604e+01   1.986449e+01  
454       1.50941797420e+05   0.000000e+00   2.691052e+01   1.978665e+01  
455       1.49186813785e+05   0.000000e+00   2.723817e+01   1.986917e+01  
456       1.51034886516e+05   0.000000e+00   2.677049e+01   1.978486e+01  
457       1.49441528578e+05   0.000000e+00   2.755115e+01   1.987322e+01  
458       1.50950439298e+05   0.000000e+00   2.710832e+01   1.979303e+01  
459       1.49491547795e+05   0.000000e+00   2.791430e+01   1.987699e+01  
460       1.51113717150e+05   0.000000e+00   2.706463e+01   1.979284e+01  
461       1.49486452871e+05   0.000000e+00   2.736429e+01   1.987636e+01  
462       1.51107020745e+05   0.000000e+00   2.699336e+01   1.981756e+01  
463       1.49733532909e+05   0.000000e+00   2.729776e+01   1.987713e+01  
464       1.51143702982e+05   0.000000e+00   2.685258e+01   1.981841e+01  
465       1.49899501400e+05   0.000000e+00   2.728154e+01   1.987344e+01  
466       1.51053340456e+05   0.000000e+00   2.690905e+01   1.981933e+01  
467       1.50066622792e+05   0.000000e+00   2.724500e+01   1.988311e+01  
468       1.50917756354e+05   0.000000e+00   2.698781e+01   1.982085e+01  
469       1.49890741406e+05   0.000000e+00   2.737768e+01   1.988635e+01  
470       1.51076868947e+05   0.000000e+00   2.700767e+01   1.981134e+01  
471       1.49975356007e+05   0.000000e+00   2.739231e+01   1.989376e+01  
472       1.50948750664e+05   0.000000e+00   2.707539e+01   1.982306e+01  
473       1.49799269944e+05   0.000000e+00   2.749440e+01   1.988537e+01  
474       1.51091567740e+05   0.000000e+00   2.710382e+01   1.981994e+01  
475       1.49780602494e+05   0.000000e+00   2.750635e+01   1.989354e+01  
476       1.51211336129e+05   0.000000e+00   2.715573e+01   1.980989e+01  
477       1.49607662369e+05   0.000000e+00   2.759337e+01   1.990453e+01  
478       1.51376219697e+05   0.000000e+00   2.718175e+01   1.982358e+01  
479       1.49696696136e+05   0.000000e+00   2.752935e+01   1.990226e+01  
480       1.51480340284e+05   0.000000e+00   2.721277e+01   1.981949e+01  
481       1.49407723072e+05   0.000000e+00   2.762108e+01   1.990704e+01  
482       1.51622435001e+05   0.000000e+00   2.720859e+01   1.982056e+01  
483       1.49377041505e+05   0.000000e+00   2.765774e+01   1.990910e+01  
484       1.51576039146e+05   0.000000e+00   2.722707e+01   1.982946e+01  
485       1.49655313844e+05   0.000000e+00   2.769876e+01   1.991547e+01  
486       1.51256800638e+05   0.000000e+00   2.734833e+01   1.983640e+01  
487       1.49679789861e+05   0.000000e+00   2.778203e+01   1.991605e+01  
488       1.51143898524e+05   0.000000e+00   2.744415e+01   1.984140e+01  
489       1.49594178076e+05   0.000000e+00   2.787891e+01   1.992028e+01  
490       1.50996069383e+05   0.000000e+00   2.747612e+01   1.984758e+01  
491       1.49810600629e+05   0.000000e+00   2.788902e+01   1.992114e+01  
492       1.51046273661e+05   0.000000e+00   2.752771e+01   1.985555e+01  
493       1.49554894878e+05   0.000000e+00   2.805159e+01   1.992130e+01  
494       1.51266870344e+05   0.000000e+00   2.754818e+01   1.986078e+01  
495       1.49605279969e+05   0.000000e+00   2.804082e+01   1.991736e+01  
496       1.50987428002e+05   0.000000e+00   2.770199e+01   1.987216e+01  
497       1.49806178563e+05   0.000000e+00   2.811716e+01   1.991817e+01  
498       1.50932679221e+05   0.000000e+00   2.781470e+01   1.987763e+01  
499       1.49838882030e+05   0.000000e+00   2.820223e+01   1.990673e+01  
500       1.50925774435e+05   0.000000e+00   2.801571e+01   1.988206e+01  
501       1.49754624797e+05   0.000000e+00   2.833316e+01   1.990955e+01  
502       1.51230229553e+05   0.000000e+00   2.806237e+01   1.987288e+01  
503       1.49758976567e+05   0.000000e+00   2.864388e+01   1.991381e+01  
504       1.51299903788e+05   0.000000e+00   2.901400e+01   1.986533e+01  
505       1.50003651307e+05   0.000000e+00   2.999898e+01   1.989432e+01  
506       1.51513944626e+05   0.000000e+00   2.988048e+01   1.986169e+01  
507       1.50038835073e+05   0.000000e+00   2.983561e+01   1.989374e+01  
508       1.51216217014e+05   0.000000e+00   2.865145e+01   1.987239e+01  
509       1.49998187364e+05   0.000000e+00   2.883142e+01   1.990250e+01  
510       1.50910174622e+05   0.000000e+00   2.888861e+01   1.987482e+01  
511       1.50073734720e+05   0.000000e+00   2.898250e+01   1.990547e+01  
512       1.50809523342e+05   0.000000e+00   2.882848e+01   1.988899e+01  
513       1.50310601170e+05   0.000000e+00   2.881269e+01   1.990162e+01  
514       1.50674623953e+05   0.000000e+00   2.887425e+01   1.989201e+01  
515       1.50479162164e+05   0.000000e+00   2.880935e+01   1.989674e+01  
516       1.50800919415e+05   0.000000e+00   2.884355e+01   1.989181e+01  
517       1.50354469361e+05   0.000000e+00   2.889146e+01   1.991436e+01  
518       1.50834747141e+05   0.000000e+00   2.890452e+01   1.988856e+01  
519       1.50356572874e+05   0.000000e+00   2.887056e+01   1.991219e+01  
520       1.50925934072e+05   0.000000e+00   2.892071e+01   1.989479e+01  
521       1.50274766906e+05   0.000000e+00   2.899610e+01   1.991358e+01  
522       1.50850669026e+05   0.000000e+00   2.896084e+01   1.990442e+01  
523       1.50450410939e+05   0.000000e+00   2.903022e+01   1.991405e+01  
524       1.50760320496e+05   0.000000e+00   2.906388e+01   1.991263e+01  
525       1.50493341686e+05   0.000000e+00   2.907438e+01   1.990242e+01  
526       1.50657411004e+05   0.000000e+00   2.912860e+01   1.990330e+01  
527       1.50441271187e+05   0.000000e+00   2.903086e+01   1.989909e+01  
528       1.50672116019e+05   0.000000e+00   2.910441e+01   1.990544e+01  
529       1.50563927471e+05   0.000000e+00   2.906018e+01   1.990074e+01  
530       1.50826992811e+05   0.000000e+00   2.907949e+01   1.991551e+01  
531       1.50827464472e+05   0.000000e+00   2.902420e+01   1.989481e+01  
532       1.50736249066e+05   0.000000e+00   2.915694e+01   1.991260e+01  
533       1.50471853221e+05   0.000000e+00   2.921728e+01   1.990577e+01  
534       1.50762756912e+05   0.000000e+00   2.924580e+01   1.990416e+01  
535       1.50384657869e+05   0.000000e+00   2.926730e+01   1.991712e+01  
536       1.51085836901e+05   0.000000e+00   2.920832e+01   1.989844e+01  
537       1.50655742310e+05   0.000000e+00   2.918601e+01   1.991695e+01  
538       1.51091230136e+05   0.000000e+00   2.919203e+01   1.989438e+01  
539       1.50441552473e+05   0.000000e+00   2.925484e+01   1.991158e+01  
540       1.51201215293e+05   0.000000e+00   2.916769e+01   1.989072e+01  
541       1.50488307739e+05   0.000000e+00   2.929619e+01   1.990522e+01  
542       1.51231689176e+05   0.000000e+00   2.913670e+01   1.988631e+01  
543       1.50819364704e+05   0.000000e+00   2.919377e+01   1.989881e+01  
544       1.51047011421e+05   0.000000e+00   2.916652e+01   1.988127e+01  
545       1.50905794509e+05   0.000000e+00   2.915244e+01   1.990208e+01  
546       1.51224122634e+05   0.000000e+00   2.920742e+01   1.988106e+01  
547       1.50769518951e+05   0.000000e+00   2.926690e+01   1.990291e+01  
548       1.50992363551e+05   0.000000e+00   2.935235e+01   1.988359e+01  
549       1.50842783761e+05   0.000000e+00   2.922393e+01   1.990069e+01  
550       1.51103886827e+05   0.000000e+00   2.925963e+01   1.988122e+01  
551       1.50935957731e+05   0.000000e+00   2.928338e+01   1.989246e+01  
552       1.50556803614e+05   0.000000e+00   2.955400e+01   1.990165e+01  
553       1.50730208662e+05   0.000000e+00   2.943078e+01   1.989161e+01  
554       1.50467867963e+05   0.000000e+00   2.957053e+01   1.989568e+01  
555       1.50844103627e+05   0.000000e+00   2.942369e+01   1.989321e+01  
556       1.50076025753e+05   0.000000e+00   2.972343e+01   1.990970e+01  
557       1.50744182314e+05   0.000000e+00   2.950200e+01   1.989134e+01  
558       1.50042813117e+05   0.000000e+00   2.984118e+01   1.990462e+01  
559       1.50408162743e+05   0.000000e+00   2.968889e+01   1.989201e+01  
560       1.50230218990e+05   0.000000e+00   2.981998e+01   1.990126e+01  
561       1.50539353761e+05   0.000000e+00   2.965267e+01   1.989325e+01  
562       1.50132372310e+05   0.000000e+00   2.973093e+01   1.990306e+01  
563       1.50818774136e+05   0.000000e+00   2.958227e+01   1.987956e+01  
564       1.50085503268e+05   0.000000e+00   2.969144e+01   1.990474e+01  
565       1.50913127277e+05   0.000000e+00   2.960241e+01   1.987120e+01  
566       1.49931630081e+05   0.000000e+00   2.978403e+01   1.990543e+01  
567       1.50957472951e+05   0.000000e+00   2.959951e+01   1.986849e+01  
568       1.50076157034e+05   0.000000e+00   2.978723e+01   1.990750e+01  
569       1.50872791792e+05   0.000000e+00   2.964946e+01   1.987190e+01  
570       1.50112480863e+05   0.000000e+00   2.985524e+01   1.990262e+01  
571       1.50685209798e+05   0.000000e+00   2.975401e+01   1.986318e+01  
572       1.50088336949e+05   0.000000e+00   2.995525e+01   1.991517e+01  
573       1.50559801643e+05   0.000000e+00   2.982490e+01   1.985567e+01  
574       1.50221452849e+05   0.000000e+00   2.990740e+01   1.991298e+01  
575       1.50642015507e+05   0.000000e+00   2.977679e+01   1.986681e+01  
576       1.50063958797e+05   0.000000e+00   3.001172e+01   1.991945e+01  
577       1.50776111865e+05   0.000000e+00   2.982096e+01   1.985532e+01  
578       1.49764261142e+05   0.000000e+00   3.020502e+01   1.993282e+01  
579       1.50736649265e+05   0.000000e+00   2.989115e+01   1.986154e+01  
580       1.49796549758e+05   0.000000e+00   3.019639e+01   1.992836e+01  
581       1.50600310687e+05   0.000000e+00   3.006509e+01   1.986653e+01  
582       1.49574131501e+05   0.000000e+00   3.039843e+01   1.994675e+01  
583       1.50483263775e+05   0.000000e+00   3.017342e+01   1.986757e+01  
584       1.49553880590e+05   0.000000e+00   3.047496e+01   1.993993e+01  
585       1.50406852903e+05   0.000000e+00   3.021810e+01   1.987493e+01  
586       1.49647787484e+05   0.000000e+00   3.051581e+01   1.994245e+01  
587       1.50405344334e+05   0.000000e+00   3.026869e+01   1.987666e+01  
588       1.49587341466e+05   0.000000e+00   3.051662e+01   1.994537e+01  
589       1.50700101211e+05   0.000000e+00   3.024568e+01   1.986021e+01  
590       1.49509271574e+05   0.000000e+00   3.055384e+01   1.994543e+01  
591       1.50714961191e+05   0.000000e+00   3.031430e+01   1.986765e+01  
592       1.49755941960e+05   0.000000e+00   3.056947e+01   1.994057e+01  
593       1.50514762249e+05   0.000000e+00   3.032250e+01   1.987994e+01  
594       1.49812681578e+05   0.000000e+00   3.061976e+01   1.993928e+01  
595       1.50491279074e+05   0.000000e+00   3.033197e+01   1.988824e+01  
596       1.50025319263e+05   0.000000e+00   3.052963e+01   1.994068e+01  
597       1.50245635246e+05   0.000000e+00   3.043168e+01   1.990050e+01  
598       1.50338470135e+05   0.000000e+00   3.043710e+01   1.994206e+01  
599       1.50318400266e+05   0.000000e+00   3.042868e+01   1.990091e+01  
600       1.50252516664e+05   0.000000e+00   3.045380e+01   1.995188e+01  
601       1.50671113406e+05   0.000000e+00   3.031651e+01   1.990606e+01  
602       1.50087930574e+05   0.000000e+00   3.048714e+01   1.996410e+01  
603       1.50879424432e+05   0.000000e+00   3.022486e+01   1.990024e+01  
604       1.50133993356e+05   0.000000e+00   3.048739e+01   1.997355e+01  
605       1.51106993346e+05   0.000000e+00   3.016578e+01   1.989618e+01  
606       1.50209267408e+05   0.000000e+00   3.046061e+01   1.999006e+01  
607       1.51226171143e+05   0.000000e+00   3.020891e+01   1.990378e+01  
608       1.50201235561e+05   0.000000e+00   3.049421e+01   1.999343e+01  
609       1.51217022987e+05   0.000000e+00   3.027061e+01   1.990960e+01  
610       1.50280937956e+05   0.000000e+00   3.052331e+01   1.999247e+01  
611       1.50957115580e+05   0.000000e+00   3.036507e+01   1.991738e+01  
612       1.50465768620e+05   0.000000e+00   3.050521e+01   1.998760e+01  
613       1.51068706627e+05   0.000000e+00   3.031638e+01   1.993324e+01  
614       1.50678861322e+05   0.000000e+00   3.045035e+01   1.999418e+01  
615       1.51057929700e+05   0.000000e+00   3.032210e+01   1.993433e+01  
616       1.50802743815e+05   0.000000e+00   3.037455e+01   1.999664e+01  
617       1.50776948762e+05   0.000000e+00   3.042158e+01   1.993756e+01  
618       1.50584448834e+05   0.000000e+00   3.057528e+01   2.001064e+01  
619       1.50727755736e+05   0.000000e+00   3.050091e+01   1.994939e+01  
620       1.50722687001e+05   0.000000e+00   3.050369e+01   2.001646e+01  
621       1.50948786906e+05   0.000000e+00   3.041904e+01   1.995514e+01  
622       1.50547119689e+05   0.000000e+00   3.063739e+01   2.002226e+01  
623       1.50881173900e+05   0.000000e+00   3.050237e+01   1.995407e+01  
624       1.50429974657e+05   0.000000e+00   3.075882e+01   2.002346e+01  
625       1.50913259791e+05   0.000000e+00   3.051845e+01   1.996091e+01  
626       1.50704543412e+05   0.000000e+00   3.075537e+01   2.001427e+01  
627       1.50955646758e+05   0.000000e+00   3.057370e+01   1.996745e+01  
628       1.50668558758e+05   0.000000e+00   3.076399e+01   2.001241e+01  
629       1.51095074709e+05   0.000000e+00   3.051478e+01   1.996022e+01  
630       1.50668578026e+05   0.000000e+00   3.079755e+01   2.002129e+01  
631       1.51202243982e+05   0.000000e+00   3.060271e+01   1.996073e+01  
632       1.50649138454e+05   0.000000e+00   3.088410e+01   2.001938e+01  
633       1.51153469697e+05   0.000000e+00   3.060147e+01   1.997091e+01  
634       1.50740870548e+05   0.000000e+00   3.083374e+01   2.001596e+01  
635       1.51250604709e+05   0.000000e+00   3.055840e+01   1.997524e+01  
636       1.50749218473e+05   0.000000e+00   3.091158e+01   2.002053e+01  
637       1.51026923658e+05   0.000000e+00   3.067571e+01   1.997963e+01  
638       1.50884324740e+05   0.000000e+00   3.082653e+01   2.001678e+01  
639       1.51252933139e+05   0.000000e+00   3.056591e+01   1.997025e+01  
640       1.51066345782e+05   0.000000e+00   3.070955e+01   2.001574e+01  
641       1.51306786818e+05   0.000000e+00   3.062671e+01   1.996927e+01  
642       1.50717721709e+05   0.000000e+00   3.089518e+01   2.001897e+01  
643       1.51502122076e+05   0.000000e+00   3.057575e+01   1.996264e+01  
644       1.50857563733e+05   0.000000e+00   3.084153e+01   2.001351e+01  
645       1.51500672878e+05   0.000000e+00   3.056811e+01   1.996388e+01  
646       1.50656700032e+05   0.000000e+00   3.088799e+01   2.002977e+01  
647       1.51670889716e+05   0.000000e+00   3.048924e+01   1.995621e+01  
648       1.50758018643e+05   0.000000e+00   3.084168e+01   2.001908e+01  
649       1.51410680011e+05   0.000000e+00   3.059849e+01   1.996244e+01  
650       1.50934407968e+05   0.000000e+00   3.083673e+01   2.001335e+01  
651       1.51215037334e+05   0.000000e+00   3.065136e+01   1.996970e+01  
652       1.51139039317e+05   0.000000e+00   3.080749e+01   2.000936e+01  
653       1.51189121167e+05   0.000000e+00   3.070529e+01   1.997392e+01  
654       1.51044475410e+05   0.000000e+00   3.086300e+01   2.000895e+01  
655       1.51211609291e+05   0.000000e+00   3.078911e+01   1.997086e+01  
656       1.50759452231e+05   0.000000e+00   3.094918e+01   2.001050e+01  
657       1.51233944669e+05   0.000000e+00   3.080843e+01   1.997216e+01  
658       1.50766465119e+05   0.000000e+00   3.098414e+01   2.000678e+01  
659       1.51162397746e+05   0.000000e+00   3.083780e+01   1.997830e+01  
660       1.50671926254e+05   0.000000e+00   3.102916e+01   1.999771e+01  
661       1.51117203023e+05   0.000000e+00   3.089013e+01   1.997932e+01  
662       1.50658589917e+05   0.000000e+00   3.106619e+01   1.999652e+01  
663       1.51057776205e+05   0.000000e+00   3.086150e+01   1.997608e+01  
664       1.51002710784e+05   0.000000e+00   3.092005e+01   1.999057e+01  
665       1.51223051710e+05   0.000000e+00   3.080407e+01   1.997090e+01  
666       1.50851049511e+05   0.000000e+00   3.103204e+01   1.999836e+01  
667       1.51443950001e+05   0.000000e+00   3.073688e+01   1.995927e+01  
668       1.50852511516e+05   0.000000e+00   3.099890e+01   2.000305e+01  
669       1.51479982296e+05   0.000000e+00   3.066383e+01   1.996027e+01  
670       1.50869923918e+05   0.000000e+00   3.101460e+01   2.001010e+01  
671       1.51531724858e+05   0.000000e+00   3.068864e+01   1.996357e+01  
672       1.50765249099e+05   0.000000e+00   3.104879e+01   2.001517e+01  
673       1.51514361073e+05   0.000000e+00   3.069200e+01   1.996219e+01  
674       1.50906695018e+05   0.000000e+00   3.095151e+01   2.000569e+01  
675       1.51451070659e+05   0.000000e+00   3.077531e+01   1.996225e+01  
676       1.50760259625e+05   0.000000e+00   3.099612e+01   2.002105e+01  
677       1.51473107838e+05   0.000000e+00   3.077343e+01   1.996067e+01  
678       1.50672471363e+05   0.000000e+00   3.102125e+01   2.001426e+01  
679       1.51425089426e+05   0.000000e+00   3.080183e+01   1.996769e+01  
680       1.50524711287e+05   0.000000e+00   3.101272e+01   2.001577e+01  
681       1.51606193464e+05   0.000000e+00   3.076549e+01   1.995992e+01  
682       1.50449635288e+05   0.000000e+00   3.103532e+01   2.002360e+01  
683       1.51550566637e+05   0.000000e+00   3.086153e+01   1.995698e+01  
684       1.50458330948e+05   0.000000e+00   3.111586e+01   2.001766e+01  
685       1.51526759520e+05   0.000000e+00   3.093304e+01   1.996191e+01  
686       1.50311374000e+05   0.000000e+00   3.121979e+01   2.002078e+01  
687       1.51541536993e+05   0.000000e+00   3.095445e+01   1.996161e+01  
688       1.50425017228e+05   0.000000e+00   3.109977e+01   2.001606e+01  
689       1.51586195842e+05   0.000000e+00   3.086996e+01   1.996409e+01  
690       1.50633446958e+05   0.000000e+00   3.107513e+01   2.001016e+01  
691       1.51438406289e+05   0.000000e+00   3.084663e+01   1.998150e+01  
692       1.50760868105e+05   0.000000e+00   3.102947e+01   2.000948e+01  
693       1.51287890829e+05   0.000000e+00   3.090110e+01   1.998173e+01  
694       1.50526090188e+05   0.000000e+00   3.118404e+01   2.001528e+01  
695       1.51061542980e+05   0.000000e+00   3.104132e+01   1.998212e+01  
696       1.50474852900e+05   0.000000e+00   3.120681e+01   2.001927e+01  
697       1.51069316664e+05   0.000000e+00   3.111957e+01   1.998175e+01  
698       1.50310515972e+05   0.000000e+00   3.133215e+01   2.002874e+01  
699       1.51343797671e+05   0.000000e+00   3.113280e+01   1.997865e+01  
700       1.50126670406e+05   0.000000e+00   3.140509e+01   2.002100e+01  
701       1.51210945365e+05   0.000000e+00   3.119692e+01   1.998261e+01  
702       1.50242577281e+05   0.000000e+00   3.143280e+01   2.001152e+01  
703       1.50991186989e+05   0.000000e+00   3.131269e+01   1.999741e+01  
704       1.50467960038e+05   0.000000e+00   3.134327e+01   2.001379e+01  
705       1.51202370775e+05   0.000000e+00   3.122371e+01   1.999618e+01  
706       1.50628173039e+05   0.000000e+00   3.126249e+01   2.000819e+01  
707       1.50985555349e+05   0.000000e+00   3.133664e+01   2.000926e+01  
708       1.50654218841e+05   0.000000e+00   3.138904e+01   2.000234e+01  
709       1.50752848165e+05   0.000000e+00   3.135310e+01   2.002225e+01  
710       1.50967451617e+05   0.000000e+00   3.127870e+01   1.999964e+01  
711       1.50671597529e+05   0.000000e+00   3.135547e+01   2.002960e+01  
712       1.50892454690e+05   0.000000e+00   3.133921e+01   1.999822e+01  
713       1.50315284207e+05   0.000000e+00   3.150633e+01   2.004031e+01  
714       1.50891083030e+05   0.000000e+00   3.139376e+01   2.000355e+01  
715       1.49986349323e+05   0.000000e+00   3.165892e+01   2.005133e+01  
716       1.50814120105e+05   0.000000e+00   3.147861e+01   2.000778e+01  
717       1.49799077770e+05   0.000000e+00   3.171156e+01   2.005762e+01  
718       1.50655633679e+05   0.000000e+00   3.156752e+01   2.000978e+01  
719       1.49825691181e+05   0.000000e+00   3.173897e+01   2.006205e+01  
720       1.50470003056e+05   0.000000e+00   3.168136e+01   2.001411e+01  
721       1.49944730661e+05   0.000000e+00   3.172465e+01   2.005856e+01  
722       1.50427967962e+05   0.000000e+00   3.165920e+01   2.001422e+01  
723       1.50327268314e+05   0.000000e+00   3.154560e+01   2.005565e+01  
724       1.50513199137e+05   0.000000e+00   3.156943e+01   2.000737e+01  
725       1.50521976398e+05   0.000000e+00   3.152947e+01   2.005827e+01  
726       1.50470931029e+05   0.000000e+00   3.164118e+01   2.000760e+01  
727       1.50353798184e+05   0.000000e+00   3.161797e+01   2.006109e+01  
728       1.50660483092e+05   0.000000e+00   3.163404e+01   2.000428e+01  
729       1.50378527652e+05   0.000000e+00   3.164518e+01   2.006218e+01  
730       1.50849375911e+05   0.000000e+00   3.158364e+01   2.000674e+01  
731       1.50246621043e+05   0.000000e+00   3.175238e+01   2.006713e+01  
732       1.50773694310e+05   0.000000e+00   3.164687e+01   2.000908e+01  
733       1.50434045309e+05   0.000000e+00   3.173622e+01   2.005737e+01  
734       1.50593474083e+05   0.000000e+00   3.175342e+01   2.002168e+01  
735       1.50319513266e+05   0.000000e+00   3.180857e+01   2.006835e+01  
736       1.50539804308e+05   0.000000e+00   3.177281e+01   2.002587e+01  
737       1.50255036046e+05   0.000000e+00   3.183715e+01   2.007892e+01  
738       1.50479016302e+05   0.000000e+00   3.186649e+01   2.003194e+01  
739       1.50002442767e+05   0.000000e+00   3.196690e+01   2.008443e+01  
740       1.50404081514e+05   0.000000e+00   3.190397e+01   2.004132e+01  
741       1.49857494293e+05   0.000000e+00   3.198158e+01   2.008930e+01  
742       1.50657727668e+05   0.000000e+00   3.181049e+01   2.004005e+01  
743       1.49735232194e+05   0.000000e+00   3.198519e+01   2.010143e+01  
744       1.50761922064e+05   0.000000e+00   3.178938e+01   2.004030e+01  
745       1.49818323753e+05   0.000000e+00   3.196581e+01   2.009766e+01  
746       1.50582095527e+05   0.000000e+00   3.187733e+01   2.005104e+01  
747       1.49891095912e+05   0.000000e+00   3.193221e+01   2.010435e+01  
748       1.50795001583e+05   0.000000e+00   3.177863e+01   2.005093e+01  
749       1.49851016283e+05   0.000000e+00   3.190682e+01   2.010731e+01  
750       1.50804800547e+05   0.000000e+00   3.180943e+01   2.005403e+01  
751       1.49940228566e+05   0.000000e+00   3.192158e+01   2.011469e+01  
752       1.50769662822e+05   0.000000e+00   3.176126e+01   2.005175e+01  
753       1.49876515545e+05   0.000000e+00   3.193012e+01   2.012211e+01  
754       1.50911582454e+05   0.000000e+00   3.163746e+01   2.005328e+01  
755       1.50006773782e+05   0.000000e+00   3.187332e+01   2.012522e+01  
756       1.50632766260e+05   0.000000e+00   3.176220e+01   2.006151e+01  
757       1.50087785479e+05   0.000000e+00   3.187413e+01   2.012324e+01  
758       1.50741796217e+05   0.000000e+00   3.167751e+01   2.005817e+01  
759       1.50227582827e+05   0.000000e+00   3.175691e+01   2.012266e+01  
760       1.50709968811e+05   0.000000e+00   3.174620e+01   2.006495e+01  
761       1.50186846362e+05   0.000000e+00   3.180347e+01   2.012619e+01  
762       1.50771641056e+05   0.000000e+00   3.171437e+01   2.007619e+01  
763       1.50195406402e+05   0.000000e+00   3.179406e+01   2.012366e+01  
764       1.50754897208e+05   0.000000e+00   3.172040e+01   2.007946e+01  
765       1.50231591532e+05   0.000000e+00   3.180453e+01   2.012585e+01  
766       1.50734099476e+05   0.000000e+00   3.169825e+01   2.008986e+01  
767       1.50155491418e+05   0.000000e+00   3.182303e+01   2.013165e+01  
768       1.50848938854e+05   0.000000e+00   3.174311e+01   2.008675e+01  
769       1.49857602198e+05   0.000000e+00   3.195630e+01   2.014647e+01  
770       1.50798779501e+05   0.000000e+00   3.181616e+01   2.009150e+01  
771       1.49816964892e+05   0.000000e+00   3.197755e+01   2.013943e+01  
772       1.50824605030e+05   0.000000e+00   3.172891e+01   2.009477e+01  
773       1.49683474030e+05   0.000000e+00   3.201671e+01   2.014188e+01  
774       1.51022950655e+05   0.000000e+00   3.163909e+01   2.009337e+01  
775       1.49725906392e+05   0.000000e+00   3.200414e+01   2.014195e+01  
776       1.50840901037e+05   0.000000e+00   3.174293e+01   2.010364e+01  
777       1.49638617806e+05   0.000000e+00   3.206651e+01   2.014346e+01  
778       1.50747165557e+05   0.000000e+00   3.182174e+01   2.009772e+01  
779       1.49485442096e+05   0.000000e+00   3.213893e+01   2.014695e+01  
780       1.50576472058e+05   0.000000e+00   3.190363e+01   2.010334e+01  
781       1.49459989598e+05   0.000000e+00   3.214864e+01   2.014667e+01  
782       1.50709642588e+05   0.000000e+00   3.181118e+01   2.009794e+01  
783       1.49428366145e+05   0.000000e+00   3.213429e+01   2.015164e+01  
784       1.50668245950e+05   0.000000e+00   3.187997e+01   2.008917e+01  
785       1.49423473311e+05   0.000000e+00   3.211638e+01   2.014053e+01  
786       1.50620467649e+05   0.000000e+00   3.191692e+01   2.008664e+01  
787       1.49387217906e+05   0.000000e+00   3.213978e+01   2.013266e+01  
788       1.50490335688e+05   0.000000e+00   3.201070e+01   2.008762e+01  
789       1.49547019058e+05   0.000000e+00   3.207629e+01   2.012971e+01  
790       1.50448962880e+05   0.000000e+00   3.196072e+01   2.008884e+01  
791       1.49584990364e+05   0.000000e+00   3.212626e+01   2.011734e+01  
792       1.50118250069e+05   0.000000e+00   3.212165e+01   2.010890e+01  
793       1.49534087715e+05   0.000000e+00   3.217045e+01   2.011443e+01  
794       1.50104559379e+05   0.000000e+00   3.207802e+01   2.010720e+01  
795       1.49743999839e+05   0.000000e+00   3.202323e+01   2.011344e+01  
796       1.50199593372e+05   0.000000e+00   3.201948e+01   2.010531e+01  
797       1.49856032735e+05   0.000000e+00   3.204089e+01   2.010620e+01  
798       1.49941673961e+05   0.000000e+00   3.207099e+01   2.011091e+01  
799       1.49954125940e+05   0.000000e+00   3.204371e+01   2.010007e+01  
800       1.49898299130e+05   0.000000e+00   3.203925e+01   2.010784e+01  
801       1.49782450914e+05   0.000000e+00   3.211532e+01   2.010549e+01  
802       1.49800599855e+05   0.000000e+00   3.208359e+01   2.010598e+01  
803       1.49751683419e+05   0.000000e+00   3.211937e+01   2.010381e+01  
804       1.49670748100e+05   0.000000e+00   3.216172e+01   2.010793e+01  
805       1.49507661428e+05   0.000000e+00   3.227682e+01   2.010268e+01  
806       1.49720308583e+05   0.000000e+00   3.222079e+01   2.010312e+01  
807       1.49372214603e+05   0.000000e+00   3.229645e+01   2.009913e+01  
808       1.49847248900e+05   0.000000e+00   3.212689e+01   2.010139e+01  
809       1.49376585167e+05   0.000000e+00   3.233929e+01   2.009000e+01  
810       1.49502105820e+05   0.000000e+00   3.230943e+01   2.010631e+01  
811       1.49355011396e+05   0.000000e+00   3.240656e+01   2.008252e+01  
812       1.49494408965e+05   0.000000e+00   3.226498e+01   2.010563e+01  
813       1.49505542306e+05   0.000000e+00   3.229059e+01   2.007196e+01  
814       1.49560314603e+05   0.000000e+00   3.223465e+01   2.010393e+01  
815       1.49730440479e+05   0.000000e+00   3.221779e+01   2.006547e+01  
816       1.49408162101e+05   0.000000e+00   3.230306e+01   2.010364e+01  
817       1.49699962595e+05   0.000000e+00   3.218699e+01   2.006560e+01  
818       1.49568092564e+05   0.000000e+00   3.223755e+01   2.009265e+01  
819       1.49602321066e+05   0.000000e+00   3.220600e+01   2.006518e+01  
820       1.49578698525e+05   0.000000e+00   3.221110e+01   2.009703e+01  
821       1.49699033050e+05   0.000000e+00   3.214621e+01   2.005843e+01  
822       1.49620238004e+05   0.000000e+00   3.215206e+01   2.009045e+01  
823       1.49834568127e+05   0.000000e+00   3.211964e+01   2.005359e+01  
824       1.49583397690e+05   0.000000e+00   3.218466e+01   2.008805e+01  
825       1.49524427570e+05   0.000000e+00   3.218450e+01   2.006363e+01  
826       1.49794180297e+05   0.000000e+00   3.211237e+01   2.008250e+01  
827       1.49562674386e+05   0.000000e+00   3.213269e+01   2.006725e+01  
828       1.49648360244e+05   0.000000e+00   3.222234e+01   2.009059e+01  
829       1.49435799953e+05   0.000000e+00   3.219779e+01   2.007463e+01  
830       1.49630002636e+05   0.000000e+00   3.218892e+01   2.009133e+01  
831       1.49297270501e+05   0.000000e+00   3.229250e+01   2.008218e+01  
832       1.49568741633e+05   0.000000e+00   3.223044e+01   2.010020e+01  
833       1.49248566071e+05   0.000000e+00   3.223669e+01   2.008845e+01  
834       1.49569578269e+05   0.000000e+00   3.222488e+01   2.009595e+01  
835       1.49226459424e+05   0.000000e+00   3.225347e+01   2.009262e+01  
836       1.49549411688e+05   0.000000e+00   3.228723e+01   2.009824e+01  
837       1.49199449095e+05   0.000000e+00   3.221853e+01   2.009144e+01  
838       1.49588339467e+05   0.000000e+00   3.226601e+01   2.010570e+01  
839       1.49175735771e+05   0.000000e+00   3.227284e+01   2.008814e+01  
840       1.49405536049e+05   0.000000e+00   3.234057e+01   2.011293e+01  
841       1.49199260843e+05   0.000000e+00   3.228412e+01   2.008633e+01  
842       1.49259777738e+05   0.000000e+00   3.232883e+01   2.011360e+01  
843       1.49279291760e+05   0.000000e+00   3.225217e+01   2.007997e+01  
844       1.49170673202e+05   0.000000e+00   3.236868e+01   2.012051e+01  
845       1.49248179260e+05   0.000000e+00   3.228852e+01   2.008347e+01  
846       1.49145054258e+05   0.000000e+00   3.239850e+01   2.011572e+01  
847       1.49308844913e+05   0.000000e+00   3.227895e+01   2.008369e+01  
848       1.49241253185e+05   0.000000e+00   3.231897e+01   2.011202e+01  
849       1.49372443233e+05   0.000000e+00   3.225111e+01   2.008181e+01  
850       1.49117395295e+05   0.000000e+00   3.232781e+01   2.011551e+01  
851       1.49512339126e+05   0.000000e+00   3.221857e+01   2.008358e+01  
852       1.49236247679e+05   0.000000e+00   3.227325e+01   2.011702e+01  
853       1.49412713258e+05   0.000000e+00   3.228848e+01   2.008813e+01  
854       1.48912966016e+05   0.000000e+00   3.246836e+01   2.012204e+01  
855       1.49516829094e+05   0.000000e+00   3.234566e+01   2.008814e+01  
856       1.48818964165e+05   0.000000e+00   3.250226e+01   2.012372e+01  
857       1.49561495883e+05   0.000000e+00   3.234202e+01   2.008105e+01  
858       1.48898956048e+05   0.000000e+00   3.244300e+01   2.011838e+01  
859       1.49477553570e+05   0.000000e+00   3.234172e+01   2.009170e+01  
860       1.49036304987e+05   0.000000e+00   3.242994e+01   2.011504e+01  
861       1.49351416538e+05   0.000000e+00   3.237433e+01   2.009429e+01  
862       1.49064873269e+05   0.000000e+00   3.243596e+01   2.010861e+01  
863       1.49243991521e+05   0.000000e+00   3.238465e+01   2.009701e+01  
864       1.49204851744e+05   0.000000e+00   3.237287e+01   2.010705e+01  
865       1.49190172577e+05   0.000000e+00   3.239843e+01   2.010340e+01  
866       1.49266769912e+05   0.000000e+00   3.236432e+01   2.010759e+01  
867       1.49230037345e+05   0.000000e+00   3.242381e+01   2.011004e+01  
868       1.49430358308e+05   0.000000e+00   3.231427e+01   2.009790e+01  
869       1.49217174627e+05   0.000000e+00   3.240986e+01   2.011289e+01  
870       1.49237534375e+05   0.000000e+00   3.241043e+01   2.010559e+01  
871       1.49196036385e+05   0.000000e+00   3.239760e+01   2.011279e+01  
872       1.49367403104e+05   0.000000e+00   3.232165e+01   2.010312e+01  
873       1.49258025415e+05   0.000000e+00   3.237471e+01   2.011758e+01  
874       1.49267853179e+05   0.000000e+00   3.238149e+01   2.010501e+01  
875       1.49322933398e+05   0.000000e+00   3.242556e+01   2.011748e+01  
876       1.49153450257e+05   0.000000e+00   3.249269e+01   2.010499e+01  
877       1.49083618864e+05   0.000000e+00   3.256028e+01   2.013242e+01  
878       1.49136501581e+05   0.000000e+00   3.254360e+01   2.010451e+01  
879       1.49241148742e+05   0.000000e+00   3.251352e+01   2.012972e+01  
880       1.49077833940e+05   0.000000e+00   3.259189e+01   2.010723e+01  
881       1.49329852173e+05   0.000000e+00   3.252526e+01   2.012966e+01  
882       1.49016199777e+05   0.000000e+00   3.265109e+01   2.010871e+01  
883       1.49386725539e+05   0.000000e+00   3.249840e+01   2.013060e+01  
884       1.49125314477e+05   0.000000e+00   3.265763e+01   2.010344e+01  
885       1.49372965837e+05   0.000000e+00   3.250400e+01   2.013179e+01  
886       1.49198658122e+05   0.000000e+00   3.261537e+01   2.010693e+01  
887       1.49482176279e+05   0.000000e+00   3.251944e+01   2.013075e+01  
888       1.48969803733e+05   0.000000e+00   3.270891e+01   2.011115e+01  
889       1.49589164093e+05   0.000000e+00   3.255074e+01   2.012819e+01  
890       1.48946275652e+05   0.000000e+00   3.269606e+01   2.012013e+01  
891       1.49736721018e+05   0.000000e+00   3.250313e+01   2.012658e+01  
892       1.49034294307e+05   0.000000e+00   3.256299e+01   2.011748e+01  
893       1.49821452904e+05   0.000000e+00   3.240758e+01   2.013138e+01  
894       1.48851702057e+05   0.000000e+00   3.277994e+01   2.012258e+01  
895       1.49604137650e+05   0.000000e+00   3.257991e+01   2.013699e+01  
896       1.48972834308e+05   0.000000e+00   3.269905e+01   2.012114e+01  
897       1.49690461574e+05   0.000000e+00   3.251972e+01   2.013321e+01  
898       1.49146129965e+05   0.000000e+00   3.265937e+01   2.012129e+01  
899       1.49572418114e+05   0.000000e+00   3.262191e+01   2.014010e+01  
900       1.49255805656e+05   0.000000e+00   3.271721e+01   2.011952e+01  
901       1.49505981228e+05   0.000000e+00   3.261770e+01   2.013927e+01  
902       1.49184077237e+05   0.000000e+00   3.276393e+01   2.012829e+01  
903       1.49496502238e+05   0.000000e+00   3.263551e+01   2.013535e+01  
904       1.49236013599e+05   0.000000e+00   3.274119e+01   2.013521e+01  
905       1.49509006119e+05   0.000000e+00   3.265075e+01   2.013754e+01  
906       1.49257098794e+05   0.000000e+00   3.272477e+01   2.013483e+01  
907       1.49620918798e+05   0.000000e+00   3.262937e+01   2.013164e+01  
908       1.49158102643e+05   0.000000e+00   3.277168e+01   2.014483e+01  
909       1.49820983396e+05   0.000000e+00   3.262171e+01   2.013096e+01  
910       1.48931942294e+05   0.000000e+00   3.289097e+01   2.015563e+01  
911       1.49928314176e+05   0.000000e+00   3.257289e+01   2.012981e+01  
912       1.49079530071e+05   0.000000e+00   3.284697e+01   2.015448e+01  
913       1.50051450608e+05   0.000000e+00   3.256183e+01   2.012889e+01  
914       1.48781518061e+05   0.000000e+00   3.296047e+01   2.016653e+01  
915       1.50046496961e+05   0.000000e+00   3.258987e+01   2.013033e+01  
916       1.48861163804e+05   0.000000e+00   3.289181e+01   2.016914e+01  
917       1.50008306156e+05   0.000000e+00   3.257855e+01   2.013169e+01  
918       1.48862254378e+05   0.000000e+00   3.289017e+01   2.017069e+01  
919       1.50041385672e+05   0.000000e+00   3.256634e+01   2.012631e+01  
920       1.48937745577e+05   0.000000e+00   3.290423e+01   2.016518e+01  
921       1.50192262393e+05   0.000000e+00   3.253031e+01   2.013048e+01  
922       1.49125223109e+05   0.000000e+00   3.280294e+01   2.016313e+01  
923       1.50096104725e+05   0.000000e+00   3.255887e+01   2.013676e+01  
924       1.49366225082e+05   0.000000e+00   3.272834e+01   2.015069e+01  
925       1.49994508394e+05   0.000000e+00   3.261005e+01   2.014708e+01  
926       1.49376131056e+05   0.000000e+00   3.271854e+01   2.014820e+01  
927       1.50003233248e+05   0.000000e+00   3.259322e+01   2.014538e+01  
928       1.49525790733e+05   0.000000e+00   3.273257e+01   2.014413e+01  
929       1.49823432624e+05   0.000000e+00   3.269618e+01   2.015187e+01  
930       1.49615423484e+05   0.000000e+00   3.278036e+01   2.014682e+01  
931       1.49823417230e+05   0.000000e+00   3.269742e+01   2.014772e+01  
932       1.49561815303e+05   0.000000e+00   3.279486e+01   2.014277e+01  
933       1.49928886622e+05   0.000000e+00   3.270868e+01   2.014187e+01  
934       1.49589725639e+05   0.000000e+00   3.276010e+01   2.014470e+01  
935       1.50078241058e+05   0.000000e+00   3.258779e+01   2.014034e+01  
936       1.49734003794e+05   0.000000e+00   3.272043e+01   2.014724e+01  
937       1.50034004001e+05   0.000000e+00   3.259957e+01   2.013598e+01  
938       1.49730747439e+05   0.000000e+00   3.279644e+01   2.015072e+01  
939       1.49952689732e+05   0.000000e+00   3.267697e+01   2.013714e+01  
940       1.49846100867e+05   0.000000e+00   3.275059e+01   2.014095e+01  
941       1.49980263683e+05   0.000000e+00   3.261813e+01   2.013472e+01  
942       1.50214367562e+05   0.000000e+00   3.261973e+01   2.012785e+01  
943       1.49929530690e+05   0.000000e+00   3.260598e+01   2.013749e+01  
944       1.50337036304e+05   0.000000e+00   3.258436e+01   2.012300e+01  
945       1.49969417986e+05   0.000000e+00   3.263988e+01   2.013996e+01  
946       1.50365442683e+05   0.000000e+00   3.259988e+01   2.011231e+01  
947       1.49730128197e+05   0.000000e+00   3.279983e+01   2.013188e+01  
948       1.50285257861e+05   0.000000e+00   3.267069e+01   2.011281e+01  
949       1.49672429676e+05   0.000000e+00   3.280384e+01   2.013671e+01  
950       1.50305432401e+05   0.000000e+00   3.270652e+01   2.010948e+01  
951       1.49668109525e+05   0.000000e+00   3.280548e+01   2.013674e+01  
952       1.50350683698e+05   0.000000e+00   3.270727e+01   2.010569e+01  
953       1.49638172281e+05   0.000000e+00   3.283256e+01   2.013486e+01  
954       1.50258331073e+05   0.000000e+00   3.278051e+01   2.010824e+01  
955       1.49526112100e+05   0.000000e+00   3.291409e+01   2.013075e+01  
956       1.50206607543e+05   0.000000e+00   3.279798e+01   2.010870e+01  
957       1.49584762315e+05   0.000000e+00   3.287129e+01   2.012340e+01  
958       1.50341198899e+05   0.000000e+00   3.276440e+01   2.009993e+01  
959       1.49540756088e+05   0.000000e+00   3.291852e+01   2.012164e+01  
960       1.50124242550e+05   0.000000e+00   3.291815e+01   2.010722e+01  
961       1.49495556910e+05   0.000000e+00   3.296831e+01   2.011603e+01  
962       1.50227497463e+05   0.000000e+00   3.283374e+01   2.010798e+01  
963       1.49508143672e+05   0.000000e+00   3.293043e+01   2.011536e+01  
964       1.50143166401e+05   0.000000e+00   3.283315e+01   2.011302e+01  
965       1.49661585087e+05   0.000000e+00   3.294381e+01   2.010313e+01  
966       1.49932343062e+05   0.000000e+00   3.289256e+01   2.012069e+01  
967       1.49813232775e+05   0.000000e+00   3.293600e+01   2.010503e+01  
968       1.50034921530e+05   0.000000e+00   3.280998e+01   2.011919e+01  
969       1.50009296769e+05   0.000000e+00   3.279801e+01   2.009691e+01  
970       1.50043865787e+05   0.000000e+00   3.285257e+01   2.012078e+01  
971       1.49900079732e+05   0.000000e+00   3.287006e+01   2.010834e+01  
972       1.49943631407e+05   0.000000e+00   3.289650e+01   2.012109e+01  
973       1.50042636154e+05   0.000000e+00   3.284242e+01   2.010470e+01  
974       1.49952768140e+05   0.000000e+00   3.286126e+01   2.012556e+01  
975       1.50019166287e+05   0.000000e+00   3.284972e+01   2.010630e+01  
976       1.50254460433e+05   0.000000e+00   3.271076e+01   2.011822e+01  
977       1.49964268758e+05   0.000000e+00   3.282830e+01   2.010865e+01  
978       1.50136438240e+05   0.000000e+00   3.281321e+01   2.011605e+01  
979       1.49861422226e+05   0.000000e+00   3.287908e+01   2.010405e+01  
980       1.50227810364e+05   0.000000e+00   3.274506e+01   2.011785e+01  
981       1.49836493773e+05   0.000000e+00   3.281509e+01   2.009887e+01  
982       1.50492233309e+05   0.000000e+00   3.255614e+01   2.010989e+01  
983       1.49803367240e+05   0.000000e+00   3.282718e+01   2.010094e+01  
984       1.50555868988e+05   0.000000e+00   3.260901e+01   2.010725e+01  
985       1.49776340925e+05   0.000000e+00   3.293266e+01   2.009908e+01  
986       1.50447130684e+05   0.000000e+00   3.260664e+01   2.010477e+01  
987       1.49805008697e+05   0.000000e+00   3.288752e+01   2.010428e+01  
988       1.50527236172e+05   0.000000e+00   3.258292e+01   2.010700e+01  
989       1.49738567104e+05   0.000000e+00   3.292285e+01   2.010888e+01  
990       1.50444903109e+05   0.000000e+00   3.260765e+01   2.011089e+01  
991       1.49783592219e+05   0.000000e+00   3.293737e+01   2.010964e+01  
992       1.50333013871e+05   0.000000e+00   3.271668e+01   2.010903e+01  
993       1.49610474860e+05   0.000000e+00   3.300644e+01   2.011699e+01  
994       1.50574804177e+05   0.000000e+00   3.261449e+01   2.010851e+01  
995       1.49480428271e+05   0.000000e+00   3.300053e+01   2.011079e+01  
996       1.50556284563e+05   0.000000e+00   3.267282e+01   2.010794e+01  
997       1.49591748755e+05   0.000000e+00   3.297931e+01   2.010528e+01  
998       1.50487306535e+05   0.000000e+00   3.267490e+01   2.010910e+01  
999       1.49529695235e+05   0.000000e+00   3.303896e+01   2.010844e+01  
1000      1.50337024813e+05   0.000000e+00   3.276890e+01   2.010644e+01  
1001      1.49635798883e+05   0.000000e+00   3.296871e+01   2.010213e+01  
1002      1.50249410099e+05   0.000000e+00   3.279901e+01   2.010124e+01  
1003      1.49624427407e+05   0.000000e+00   3.302241e+01   2.010315e+01  
1004      1.49956380323e+05   0.000000e+00   3.294860e+01   2.010029e+01  
1005      1.49729934043e+05   0.000000e+00   3.301408e+01   2.009683e+01  
1006      1.49980563535e+05   0.000000e+00   3.289329e+01   2.010034e+01  
1007      1.49802789745e+05   0.000000e+00   3.297083e+01   2.009064e+01  
1008      1.49749460096e+05   0.000000e+00   3.295425e+01   2.010193e+01  
1009      1.49794892317e+05   0.000000e+00   3.296526e+01   2.008750e+01  
1010      1.49761171123e+05   0.000000e+00   3.290862e+01   2.010061e+01  
1011      1.49796737125e+05   0.000000e+00   3.293535e+01   2.008778e+01  
1012      1.49533386167e+05   0.000000e+00   3.294581e+01   2.010918e+01  
1013      1.49919824628e+05   0.000000e+00   3.292527e+01   2.008180e+01  
1014      1.49469359419e+05   0.000000e+00   3.304808e+01   2.011618e+01  
1015      1.49631261169e+05   0.000000e+00   3.306650e+01   2.008566e+01  
1016      1.49603612005e+05   0.000000e+00   3.297957e+01   2.010749e+01  
1017      1.49580617900e+05   0.000000e+00   3.304628e+01   2.007792e+01  
1018      1.49638929057e+05   0.000000e+00   3.301079e+01   2.010435e+01  
1019      1.49544167133e+05   0.000000e+00   3.306662e+01   2.007902e+01  
1020      1.49844654383e+05   0.000000e+00   3.288152e+01   2.010324e+01  
1021      1.49468999999e+05   0.000000e+00   3.310506e+01   2.007572e+01  
1022      1.49835023099e+05   0.000000e+00   3.294736e+01   2.010339e+01  
1023      1.49398881827e+05   0.000000e+00   3.319294e+01   2.008169e+01  
1024      1.49676509546e+05   0.000000e+00   3.300545e+01   2.010820e+01  
1025      1.49551774126e+05   0.000000e+00   3.314938e+01   2.007485e+01  
1026      1.49615170358e+05   0.000000e+00   3.305622e+01   2.010954e+01  
1027      1.49497656195e+05   0.000000e+00   3.314621e+01   2.007555e+01  
1028      1.49731688260e+05   0.000000e+00   3.300818e+01   2.011215e+01  
1029      1.49609842897e+05   0.000000e+00   3.310952e+01   2.007638e+01  
1030      1.49479611033e+05   0.000000e+00   3.312740e+01   2.011139e+01  
1031      1.49767439728e+05   0.000000e+00   3.309934e+01   2.006606e+01  
1032      1.49328303884e+05   0.000000e+00   3.318933e+01   2.010911e+01  
1033      1.49649127304e+05   0.000000e+00   3.318772e+01   2.006877e+01  
1034      1.49356324098e+05   0.000000e+00   3.320063e+01   2.010822e+01  
1035      1.49800930754e+05   0.000000e+00   3.310315e+01   2.006977e+01  
1036      1.49323937157e+05   0.000000e+00   3.324000e+01   2.010068e+01  
1037      1.49761628342e+05   0.000000e+00   3.319008e+01   2.006842e+01  
1038      1.49198906171e+05   0.000000e+00   3.331349e+01   2.010209e+01  
1039      1.49758227399e+05   0.000000e+00   3.321592e+01   2.007586e+01  
1040      1.49274961552e+05   0.000000e+00   3.327182e+01   2.009271e+01  
1041      1.49587184297e+05   0.000000e+00   3.330772e+01   2.007790e+01  
1042      1.49351313004e+05   0.000000e+00   3.318350e+01   2.008891e+01  
1043      1.49744239498e+05   0.000000e+00   3.324346e+01   2.007388e+01  
1044      1.49158557272e+05   0.000000e+00   3.328183e+01   2.008705e+01  
1045      1.49588215738e+05   0.000000e+00   3.329554e+01   2.007686e+01  
1046      1.49223965831e+05   0.000000e+00   3.325517e+01   2.008744e+01  
1047      1.49599390621e+05   0.000000e+00   3.326856e+01   2.007490e+01  
1048      1.49134179582e+05   0.000000e+00   3.327551e+01   2.008998e+01  
1049      1.49600537902e+05   0.000000e+00   3.330563e+01   2.007251e+01  
1050      1.48833051297e+05   0.000000e+00   3.337965e+01   2.009237e+01  
1051      1.49495589026e+05   0.000000e+00   3.334531e+01   2.007213e+01  
1052      1.48871113312e+05   0.000000e+00   3.337435e+01   2.009438e+01  
1053      1.49482850519e+05   0.000000e+00   3.332211e+01   2.007194e+01  
1054      1.48753310612e+05   0.000000e+00   3.341903e+01   2.009644e+01  
1055      1.49465101301e+05   0.000000e+00   3.332520e+01   2.007123e+01  
1056      1.48559411301e+05   0.000000e+00   3.350413e+01   2.010159e+01  
1057      1.49332306177e+05   0.000000e+00   3.338655e+01   2.007697e+01  
1058      1.48639346460e+05   0.000000e+00   3.346193e+01   2.010055e+01  
1059      1.49527715817e+05   0.000000e+00   3.329640e+01   2.007277e+01  
1060      1.48664374038e+05   0.000000e+00   3.343000e+01   2.010863e+01  
1061      1.49398673776e+05   0.000000e+00   3.335547e+01   2.008084e+01  
1062      1.48570540737e+05   0.000000e+00   3.347780e+01   2.010769e+01  
1063      1.49382966214e+05   0.000000e+00   3.343416e+01   2.008008e+01  
1064      1.48445013718e+05   0.000000e+00   3.353251e+01   2.011804e+01  
1065      1.49526349047e+05   0.000000e+00   3.335629e+01   2.008854e+01  
1066      1.48578648980e+05   0.000000e+00   3.342454e+01   2.011377e+01  
1067      1.49460817335e+05   0.000000e+00   3.334503e+01   2.009713e+01  
1068      1.48558324167e+05   0.000000e+00   3.348962e+01   2.011972e+01  
1069      1.49476300913e+05   0.000000e+00   3.335188e+01   2.009639e+01  
1070      1.48696839020e+05   0.000000e+00   3.343219e+01   2.011672e+01  
1071      1.49483921214e+05   0.000000e+00   3.327387e+01   2.009853e+01  
1072      1.48854866801e+05   0.000000e+00   3.338217e+01   2.011824e+01  
1073      1.49464094722e+05   0.000000e+00   3.332814e+01   2.009513e+01  
1074      1.48899095735e+05   0.000000e+00   3.345255e+01   2.012230e+01  
1075      1.49379098338e+05   0.000000e+00   3.334336e+01   2.010038e+01  
1076      1.48880266646e+05   0.000000e+00   3.344620e+01   2.012502e+01  
1077      1.49513808170e+05   0.000000e+00   3.334852e+01   2.010092e+01  
1078      1.48838651680e+05   0.000000e+00   3.345800e+01   2.013456e+01  
1079      1.49574119038e+05   0.000000e+00   3.330607e+01   2.009751e+01  
1080      1.48894916829e+05   0.000000e+00   3.343366e+01   2.012982e+01  
1081      1.49750368703e+05   0.000000e+00   3.325179e+01   2.009659e+01  
1082      1.48974181366e+05   0.000000e+00   3.343541e+01   2.013056e+01  
1083      1.49841916760e+05   0.000000e+00   3.322790e+01   2.010103e+01  
1084      1.48887611043e+05   0.000000e+00   3.344907e+01   2.013884e+01  
1085      1.49705417101e+05   0.000000e+00   3.333548e+01   2.010895e+01  
1086      1.48978348659e+05   0.000000e+00   3.341019e+01   2.013792e+01  
1087      1.49620867973e+05   0.000000e+00   3.333052e+01   2.011698e+01  
1088      1.48919993236e+05   0.000000e+00   3.345016e+01   2.014924e+01  
1089      1.49546388843e+05   0.000000e+00   3.343681e+01   2.011827e+01  
1090      1.48832052697e+05   0.000000e+00   3.346222e+01   2.015714e+01  
1091      1.49588833106e+05   0.000000e+00   3.341205e+01   2.012087e+01  
1092      1.48838409343e+05   0.000000e+00   3.352359e+01   2.016051e+01  
1093      1.49438183629e+05   0.000000e+00   3.345701e+01   2.012712e+01  
1094      1.48948416804e+05   0.000000e+00   3.350543e+01   2.015116e+01  
1095      1.49680167098e+05   0.000000e+00   3.335753e+01   2.012240e+01  
1096      1.48971670956e+05   0.000000e+00   3.347754e+01   2.015437e+01  
1097      1.49778250119e+05   0.000000e+00   3.334585e+01   2.012942e+01  
1098      1.49059224906e+05   0.000000e+00   3.345418e+01   2.015640e+01  
1099      1.49708490803e+05   0.000000e+00   3.339793e+01   2.014102e+01  
1100      1.49086947188e+05   0.000000e+00   3.347325e+01   2.015761e+01  
1101      1.49645975951e+05   0.000000e+00   3.345001e+01   2.014894e+01  
1102      1.49107378863e+05   0.000000e+00   3.348467e+01   2.015726e+01  
1103      1.49677707434e+05   0.000000e+00   3.344257e+01   2.015856e+01  
1104      1.49328949899e+05   0.000000e+00   3.346220e+01   2.016438e+01  
1105      1.49580890920e+05   0.000000e+00   3.348404e+01   2.016013e+01  
1106      1.49356535977e+05   0.000000e+00   3.349641e+01   2.016594e+01  
1107      1.49507483036e+05   0.000000e+00   3.358309e+01   2.016208e+01  
1108      1.49297843322e+05   0.000000e+00   3.357832e+01   2.016852e+01  
1109      1.49341602593e+05   0.000000e+00   3.368794e+01   2.017331e+01  
1110      1.49434318040e+05   0.000000e+00   3.353667e+01   2.016592e+01  
1111      1.49396833782e+05   0.000000e+00   3.364972e+01   2.017623e+01  
1112      1.49489264939e+05   0.000000e+00   3.353472e+01   2.017312e+01  
1113      1.49465838811e+05   0.000000e+00   3.359426e+01   2.018304e+01  
1114      1.49563554842e+05   0.000000e+00   3.356365e+01   2.017352e+01  
1115      1.49543666170e+05   0.000000e+00   3.359310e+01   2.017744e+01  
1116      1.49538258251e+05   0.000000e+00   3.358816e+01   2.017611e+01  
1117      1.49677335526e+05   0.000000e+00   3.357496e+01   2.017515e+01  
1118      1.49750259683e+05   0.000000e+00   3.352273e+01   2.017947e+01  
1119      1.49846242157e+05   0.000000e+00   3.351658e+01   2.017353e+01  
1120      1.49869762292e+05   0.000000e+00   3.354724e+01   2.017853e+01  
1121      1.49936126495e+05   0.000000e+00   3.352995e+01   2.016884e+01  
1122      1.49697108854e+05   0.000000e+00   3.359937e+01   2.018880e+01  
1123      1.50143340639e+05   0.000000e+00   3.349356e+01   2.016582e+01  
1124      1.49627035819e+05   0.000000e+00   3.363729e+01   2.019621e+01  
1125      1.50242445756e+05   0.000000e+00   3.346588e+01   2.016446e+01  
1126      1.49723980069e+05   0.000000e+00   3.364196e+01   2.019365e+01  
1127      1.50295647968e+05   0.000000e+00   3.348956e+01   2.016548e+01  
1128      1.49657275127e+05   0.000000e+00   3.368626e+01   2.020045e+01  
1129      1.50520955560e+05   0.000000e+00   3.342878e+01   2.015978e+01  
1130      1.49539578152e+05   0.000000e+00   3.374453e+01   2.020647e+01  
1131      1.50589092798e+05   0.000000e+00   3.341436e+01   2.016091e+01  
1132      1.49759064635e+05   0.000000e+00   3.363345e+01   2.020638e+01  
1133      1.50627059650e+05   0.000000e+00   3.345249e+01   2.016174e+01  
1134      1.49609005409e+05   0.000000e+00   3.370139e+01   2.020650e+01  
1135      1.50584841409e+05   0.000000e+00   3.345460e+01   2.016784e+01  
1136      1.49841232187e+05   0.000000e+00   3.357464e+01   2.020743e+01  
1137      1.50655748893e+05   0.000000e+00   3.340292e+01   2.016853e+01  
1138      1.49964705919e+05   0.000000e+00   3.351528e+01   2.020374e+01  
1139      1.50500050583e+05   0.000000e+00   3.347147e+01   2.017473e+01  
1140      1.49963179336e+05   0.000000e+00   3.352527e+01   2.020326e+01  
1141      1.50576629914e+05   0.000000e+00   3.346575e+01   2.016851e+01  
1142      1.50080982292e+05   0.000000e+00   3.348067e+01   2.020157e+01  
1143      1.50730845546e+05   0.000000e+00   3.339095e+01   2.016660e+01  
1144      1.50276041525e+05   0.000000e+00   3.343168e+01   2.019411e+01  
1145      1.50677028743e+05   0.000000e+00   3.344708e+01   2.016778e+01  
1146      1.50123995606e+05   0.000000e+00   3.353957e+01   2.019417e+01  
1147      1.50717725031e+05   0.000000e+00   3.347799e+01   2.016167e+01  
1148      1.50194439935e+05   0.000000e+00   3.353455e+01   2.018803e+01  
1149      1.50722559683e+05   0.000000e+00   3.345101e+01   2.016121e+01  
1150      1.50536499654e+05   0.000000e+00   3.343724e+01   2.018270e+01  
1151      1.50494920416e+05   0.000000e+00   3.350517e+01   2.016704e+01  
1152      1.50558679619e+05   0.000000e+00   3.346816e+01   2.018101e+01  
1153      1.50539540343e+05   0.000000e+00   3.351375e+01   2.016561e+01  
1154      1.50338675559e+05   0.000000e+00   3.357444e+01   2.018568e+01  
1155      1.50489897622e+05   0.000000e+00   3.352897e+01   2.016745e+01  
1156      1.50417486349e+05   0.000000e+00   3.348711e+01   2.017768e+01  
1157      1.50360827657e+05   0.000000e+00   3.362848e+01   2.017416e+01  
1158      1.50273175912e+05   0.000000e+00   3.358459e+01   2.017639e+01  
1159      1.50514045057e+05   0.000000e+00   3.359575e+01   2.016866e+01  
1160      1.50100759075e+05   0.000000e+00   3.366003e+01   2.016781e+01  
1161      1.50424284757e+05   0.000000e+00   3.362606e+01   2.017769e+01  
1162      1.50016606552e+05   0.000000e+00   3.373888e+01   2.016652e+01  
1163      1.50488413816e+05   0.000000e+00   3.360972e+01   2.016646e+01  
1164      1.49909485013e+05   0.000000e+00   3.373101e+01   2.016173e+01  
1165      1.50487994598e+05   0.000000e+00   3.359492e+01   2.016102e+01  
1166      1.50036706068e+05   0.000000e+00   3.366981e+01   2.015327e+01  
1167      1.50592283581e+05   0.000000e+00   3.355978e+01   2.015686e+01  
1168      1.49960925644e+05   0.000000e+00   3.371015e+01   2.015816e+01  
1169      1.50588218651e+05   0.000000e+00   3.350050e+01   2.015098e+01  
1170      1.50130247049e+05   0.000000e+00   3.367209e+01   2.014753e+01  
1171      1.50529428167e+05   0.000000e+00   3.354507e+01   2.015167e+01  
1172      1.50201706227e+05   0.000000e+00   3.366674e+01   2.014408e+01  
1173      1.50461951640e+05   0.000000e+00   3.359686e+01   2.015128e+01  
1174      1.50079677592e+05   0.000000e+00   3.371674e+01   2.014438e+01  
1175      1.50495642240e+05   0.000000e+00   3.363383e+01   2.014985e+01  
1176      1.50093519080e+05   0.000000e+00   3.370675e+01   2.013766e+01  
1177      1.50278561742e+05   0.000000e+00   3.373429e+01   2.014858e+01  
1178      1.50094552182e+05   0.000000e+00   3.372396e+01   2.013460e+01  
1179      1.50362434548e+05   0.000000e+00   3.367415e+01   2.013729e+01  
1180      1.50167302454e+05   0.000000e+00   3.369960e+01   2.012915e+01  
1181      1.50412321864e+05   0.000000e+00   3.366725e+01   2.013413e+01  
1182      1.49999340595e+05   0.000000e+00   3.385014e+01   2.013338e+01  
1183      1.50301046241e+05   0.000000e+00   3.374327e+01   2.012236e+01  
1184      1.50046788520e+05   0.000000e+00   3.378439e+01   2.012950e+01  
1185      1.50233158758e+05   0.000000e+00   3.376599e+01   2.011603e+01  
1186      1.49936835400e+05   0.000000e+00   3.384518e+01   2.012827e+01  
1187      1.50140741074e+05   0.000000e+00   3.381065e+01   2.011333e+01  
1188      1.50004444018e+05   0.000000e+00   3.381192e+01   2.012948e+01  
1189      1.50238993949e+05   0.000000e+00   3.372720e+01   2.010572e+01  
1190      1.49989749344e+05   0.000000e+00   3.383576e+01   2.012176e+01  
1191      1.50099770306e+05   0.000000e+00   3.382505e+01   2.010703e+01  
1192      1.49792062971e+05   0.000000e+00   3.394864e+01   2.012056e+01  
1193      1.50169637335e+05   0.000000e+00   3.384765e+01   2.009842e+01  
1194      1.49717555388e+05   0.000000e+00   3.397188e+01   2.012082e+01  
1195      1.50350917323e+05   0.000000e+00   3.376668e+01   2.009182e+01  
1196      1.49836347994e+05   0.000000e+00   3.393321e+01   2.011352e+01  
1197      1.50310966999e+05   0.000000e+00   3.382180e+01   2.009548e+01  
1198      1.49855798500e+05   0.000000e+00   3.396172e+01   2.010849e+01  
1199      1.50350368626e+05   0.000000e+00   3.379249e+01   2.008785e+01  
1200      1.49765857217e+05   0.000000e+00   3.395833e+01   2.010207e+01  
1201      1.50263015157e+05   0.000000e+00   3.382459e+01   2.008811e+01  
1202      1.49872793991e+05   0.000000e+00   3.393063e+01   2.010292e+01  
1203      1.50244363934e+05   0.000000e+00   3.381774e+01   2.008476e+01  
1204      1.50100244943e+05   0.000000e+00   3.385849e+01   2.009065e+01  
1205      1.50164068732e+05   0.000000e+00   3.386418e+01   2.007919e+01  
1206      1.49931831790e+05   0.000000e+00   3.397406e+01   2.009262e+01  
1207      1.49992765221e+05   0.000000e+00   3.393462e+01   2.008464e+01  
1208      1.50005980743e+05   0.000000e+00   3.394816e+01   2.008990e+01  
1209      1.49871008419e+05   0.000000e+00   3.396619e+01   2.008492e+01  
1210      1.49908943657e+05   0.000000e+00   3.399916e+01   2.008711e+01  
1211      1.49946094246e+05   0.000000e+00   3.397245e+01   2.007725e+01  
1212      1.49828532890e+05   0.000000e+00   3.401639e+01   2.008711e+01  
1213      1.49905785453e+05   0.000000e+00   3.400394e+01   2.007820e+01  
1214      1.49850658630e+05   0.000000e+00   3.401312e+01   2.008582e+01  
1215      1.49829356571e+05   0.000000e+00   3.403035e+01   2.007474e+01  
1216      1.49905191937e+05   0.000000e+00   3.400591e+01   2.008307e+01  
1217      1.49747031780e+05   0.000000e+00   3.405153e+01   2.007762e+01  
1218      1.49831229732e+05   0.000000e+00   3.408877e+01   2.008064e+01  
1219      1.49598773448e+05   0.000000e+00   3.418805e+01   2.007881e+01  
1220      1.49755580189e+05   0.000000e+00   3.414912e+01   2.007658e+01  
1221      1.49875557631e+05   0.000000e+00   3.411332e+01   2.007162e+01  
1222      1.49766098928e+05   0.000000e+00   3.411233e+01   2.007453e+01  
1223      1.49938375868e+05   0.000000e+00   3.411803e+01   2.006622e+01  
1224      1.49639268350e+05   0.000000e+00   3.421353e+01   2.006676e+01  
1225      1.49877972683e+05   0.000000e+00   3.415071e+01   2.006838e+01  
1226      1.49901554564e+05   0.000000e+00   3.412570e+01   2.005050e+01  
1227      1.49926234449e+05   0.000000e+00   3.409479e+01   2.006706e+01  
1228      1.50104367405e+05   0.000000e+00   3.410146e+01   2.004109e+01  
1229      1.49770377776e+05   0.000000e+00   3.415257e+01   2.007060e+01  
1230      1.50265942690e+05   0.000000e+00   3.404576e+01   2.003068e+01  
1231      1.49557267586e+05   0.000000e+00   3.427554e+01   2.006596e+01  
1232      1.50306924351e+05   0.000000e+00   3.400959e+01   2.002559e+01  
1233      1.49703908575e+05   0.000000e+00   3.422280e+01   2.006093e+01  
1234      1.50284450608e+05   0.000000e+00   3.399686e+01   2.002695e+01  
1235      1.49652437251e+05   0.000000e+00   3.422967e+01   2.006176e+01  
1236      1.50229895498e+05   0.000000e+00   3.405925e+01   2.002957e+01  
1237      1.49464226768e+05   0.000000e+00   3.435898e+01   2.006343e+01  
1238      1.50164633305e+05   0.000000e+00   3.410688e+01   2.002790e+01  
1239      1.49595797290e+05   0.000000e+00   3.430252e+01   2.005989e+01  
1240      1.50064990244e+05   0.000000e+00   3.410994e+01   2.003552e+01  
1241      1.49738158462e+05   0.000000e+00   3.425515e+01   2.004839e+01  
1242      1.50133127587e+05   0.000000e+00   3.407595e+01   2.003249e+01  
1243      1.49834814912e+05   0.000000e+00   3.421083e+01   2.004235e+01  
1244      1.50071423261e+05   0.000000e+00   3.410365e+01   2.003757e+01  
1245      1.49860384462e+05   0.000000e+00   3.418204e+01   2.003406e+01  
1246      1.49948937411e+05   0.000000e+00   3.418461e+01   2.004568e+01  
1247      1.49841592002e+05   0.000000e+00   3.423293e+01   2.003040e+01  
1248      1.49854674333e+05   0.000000e+00   3.427923e+01   2.004403e+01  
1249      1.49769954142e+05   0.000000e+00   3.430646e+01   2.002157e+01  
1250      1.49797724403e+05   0.000000e+00   3.433390e+01   2.004308e+01  
-------------------------------------------------------------------

Initialization/allocation wall-clock time: 2.759 seconds
Calculation (iterations) wall-clock time : 252.052 seconds

