
**********************************************
Real-time propagation in 3D, OPTION = 2
MPI nodes = 8, OMP threads = 16, cores = 128
**********************************************

Interactions
Contact: Natoms = 1.50000000000e+05, as = 7.500000e+01 * a0, G = 1.347362e+04, G * par = 2.694724e+04
Three-body: K3 =  0.000000e+00, g3 = 0.000000e+00
Regular DDI: add = 1.101000e+02 * a0, GD = 4.721954e+03, GD * par = 9.443909e+03, edd = 1.468000e+00
     Dipolar cutoff Rcut = 5.847901e+00, Lcut = 1.936235e+02

QF = 1: h2 = 1.696559e+05, h4 = 0.000000e+00
        q3 = 0.000000e+00, q5 = 4.469722e+00

GRAD = 0

Trap parameters:
GAMMA = 0.000000e+00, NU = 0.000000e+00, LAMBDA = 0.000000e+00
Parameters of rotation: OMEGA = 0.000000e+00, OMEGA * par = 0.000000e+00

Space discretization: NX = 128, NY = 128, NZ = 128
                      DX = 3.025367e+00, DY = 9.137345e-02, DZ = 9.137345e-02
      Unit of length: aho = 5.552380e-07 m

Time discretization: NITER = 2500 (NSNAP = 1250)
                     DT = 4.174554e-03

Initial state: file ./imag3d-finalpsi.bin
ADD_VORTICES = 0, ADD_RANDOM_PHASE = 0


MUREL = 1.000000e-12, MUEND=1.000000e+05

-------------------------------------------------------------------
Snap      <r>            <x>            <y>            <z>
-------------------------------------------------------------------
0         1.940759e+01   1.938997e+01   5.846761e-01   5.846761e-01  
1         1.940758e+01   1.938997e+01   5.845630e-01   5.845630e-01  
2         1.940757e+01   1.938997e+01   5.844326e-01   5.844326e-01  
3         1.940756e+01   1.938997e+01   5.842854e-01   5.842854e-01  
4         1.940755e+01   1.938996e+01   5.841216e-01   5.841216e-01  
5         1.940754e+01   1.938996e+01   5.839419e-01   5.839419e-01  
6         1.940753e+01   1.938996e+01   5.837471e-01   5.837471e-01  
7         1.940751e+01   1.938996e+01   5.835382e-01   5.835382e-01  
8         1.940749e+01   1.938995e+01   5.833165e-01   5.833165e-01  
9         1.940748e+01   1.938995e+01   5.830834e-01   5.830834e-01  
10        1.940746e+01   1.938995e+01   5.828404e-01   5.828404e-01  
11        1.940744e+01   1.938994e+01   5.825892e-01   5.825892e-01  
12        1.940742e+01   1.938994e+01   5.823317e-01   5.823317e-01  
13        1.940740e+01   1.938993e+01   5.820697e-01   5.820697e-01  
14        1.940738e+01   1.938993e+01   5.818051e-01   5.818051e-01  
15        1.940736e+01   1.938992e+01   5.815400e-01   5.815400e-01  
16        1.940734e+01   1.938992e+01   5.812765e-01   5.812765e-01  
17        1.940731e+01   1.938991e+01   5.810165e-01   5.810165e-01  
18        1.940729e+01   1.938991e+01   5.807623e-01   5.807623e-01  
19        1.940727e+01   1.938990e+01   5.805160e-01   5.805160e-01  
20        1.940726e+01   1.938990e+01   5.802797e-01   5.802797e-01  
21        1.940724e+01   1.938989e+01   5.800556e-01   5.800556e-01  
22        1.940722e+01   1.938989e+01   5.798456e-01   5.798456e-01  
23        1.940721e+01   1.938988e+01   5.796517e-01   5.796517e-01  
24        1.940719e+01   1.938988e+01   5.794756e-01   5.794756e-01  
25        1.940718e+01   1.938988e+01   5.793187e-01   5.793187e-01  
26        1.940717e+01   1.938988e+01   5.791824e-01   5.791824e-01  
27        1.940716e+01   1.938987e+01   5.790678e-01   5.790678e-01  
28        1.940715e+01   1.938987e+01   5.789755e-01   5.789755e-01  
29        1.940715e+01   1.938987e+01   5.789062e-01   5.789062e-01  
30        1.940714e+01   1.938987e+01   5.788601e-01   5.788601e-01  
31        1.940714e+01   1.938987e+01   5.788372e-01   5.788372e-01  
32        1.940714e+01   1.938987e+01   5.788375e-01   5.788375e-01  
33        1.940714e+01   1.938987e+01   5.788606e-01   5.788606e-01  
34        1.940715e+01   1.938987e+01   5.789057e-01   5.789057e-01  
35        1.940715e+01   1.938987e+01   5.789723e-01   5.789723e-01  
36        1.940716e+01   1.938987e+01   5.790594e-01   5.790594e-01  
37        1.940717e+01   1.938987e+01   5.791659e-01   5.791659e-01  
38        1.940717e+01   1.938988e+01   5.792906e-01   5.792906e-01  
39        1.940719e+01   1.938988e+01   5.794324e-01   5.794324e-01  
40        1.940720e+01   1.938988e+01   5.795899e-01   5.795899e-01  
41        1.940721e+01   1.938988e+01   5.797616e-01   5.797616e-01  
42        1.940722e+01   1.938989e+01   5.799460e-01   5.799460e-01  
43        1.940724e+01   1.938989e+01   5.801417e-01   5.801417e-01  
44        1.940725e+01   1.938989e+01   5.803470e-01   5.803470e-01  
45        1.940727e+01   1.938989e+01   5.805605e-01   5.805605e-01  
46        1.940729e+01   1.938990e+01   5.807805e-01   5.807805e-01  
47        1.940730e+01   1.938990e+01   5.810055e-01   5.810055e-01  
48        1.940732e+01   1.938990e+01   5.812339e-01   5.812339e-01  
49        1.940734e+01   1.938991e+01   5.814641e-01   5.814641e-01  
50        1.940735e+01   1.938991e+01   5.816948e-01   5.816948e-01  
51        1.940737e+01   1.938991e+01   5.819243e-01   5.819243e-01  
52        1.940739e+01   1.938992e+01   5.821512e-01   5.821512e-01  
53        1.940740e+01   1.938992e+01   5.823743e-01   5.823743e-01  
54        1.940742e+01   1.938992e+01   5.825921e-01   5.825921e-01  
55        1.940743e+01   1.938992e+01   5.828035e-01   5.828035e-01  
56        1.940745e+01   1.938992e+01   5.830072e-01   5.830072e-01  
57        1.940746e+01   1.938993e+01   5.832023e-01   5.832023e-01  
58        1.940747e+01   1.938993e+01   5.833876e-01   5.833876e-01  
59        1.940748e+01   1.938993e+01   5.835623e-01   5.835623e-01  
60        1.940750e+01   1.938993e+01   5.837256e-01   5.837256e-01  
61        1.940751e+01   1.938993e+01   5.838766e-01   5.838766e-01  
62        1.940751e+01   1.938993e+01   5.840147e-01   5.840147e-01  
63        1.940752e+01   1.938993e+01   5.841394e-01   5.841394e-01  
64        1.940753e+01   1.938993e+01   5.842501e-01   5.842501e-01  
65        1.940753e+01   1.938993e+01   5.843464e-01   5.843464e-01  
66        1.940754e+01   1.938993e+01   5.844280e-01   5.844280e-01  
67        1.940754e+01   1.938993e+01   5.844947e-01   5.844947e-01  
68        1.940754e+01   1.938993e+01   5.845463e-01   5.845463e-01  
69        1.940755e+01   1.938993e+01   5.845828e-01   5.845828e-01  
70        1.940755e+01   1.938993e+01   5.846042e-01   5.846042e-01  
71        1.940754e+01   1.938993e+01   5.846106e-01   5.846106e-01  
72        1.940754e+01   1.938992e+01   5.846022e-01   5.846022e-01  
73        1.940754e+01   1.938992e+01   5.845793e-01   5.845793e-01  
74        1.940753e+01   1.938992e+01   5.845422e-01   5.845422e-01  
75        1.940753e+01   1.938992e+01   5.844913e-01   5.844913e-01  
76        1.940752e+01   1.938991e+01   5.844272e-01   5.844272e-01  
77        1.940751e+01   1.938991e+01   5.843503e-01   5.843503e-01  
78        1.940750e+01   1.938991e+01   5.842614e-01   5.842614e-01  
79        1.940750e+01   1.938990e+01   5.841610e-01   5.841610e-01  
80        1.940749e+01   1.938990e+01   5.840500e-01   5.840500e-01  
81        1.940747e+01   1.938990e+01   5.839290e-01   5.839290e-01  
82        1.940746e+01   1.938989e+01   5.837990e-01   5.837990e-01  
83        1.940745e+01   1.938989e+01   5.836608e-01   5.836608e-01  
84        1.940744e+01   1.938989e+01   5.835154e-01   5.835154e-01  
85        1.940743e+01   1.938988e+01   5.833635e-01   5.833635e-01  
86        1.940741e+01   1.938988e+01   5.832064e-01   5.832064e-01  
87        1.940740e+01   1.938988e+01   5.830448e-01   5.830448e-01  
88        1.940739e+01   1.938987e+01   5.828798e-01   5.828798e-01  
89        1.940737e+01   1.938987e+01   5.827124e-01   5.827124e-01  
90        1.940736e+01   1.938987e+01   5.825435e-01   5.825435e-01  
91        1.940735e+01   1.938986e+01   5.823743e-01   5.823743e-01  
92        1.940733e+01   1.938986e+01   5.822056e-01   5.822056e-01  
93        1.940732e+01   1.938986e+01   5.820385e-01   5.820385e-01  
94        1.940731e+01   1.938985e+01   5.818740e-01   5.818740e-01  
95        1.940729e+01   1.938985e+01   5.817129e-01   5.817129e-01  
96        1.940728e+01   1.938985e+01   5.815563e-01   5.815563e-01  
97        1.940727e+01   1.938985e+01   5.814049e-01   5.814049e-01  
98        1.940726e+01   1.938984e+01   5.812597e-01   5.812597e-01  
99        1.940725e+01   1.938984e+01   5.811215e-01   5.811215e-01  
100       1.940724e+01   1.938984e+01   5.809909e-01   5.809909e-01  
101       1.940723e+01   1.938984e+01   5.808687e-01   5.808687e-01  
102       1.940722e+01   1.938984e+01   5.807554e-01   5.807554e-01  
103       1.940722e+01   1.938984e+01   5.806517e-01   5.806517e-01  
104       1.940721e+01   1.938983e+01   5.805580e-01   5.805580e-01  
105       1.940720e+01   1.938983e+01   5.804748e-01   5.804748e-01  
106       1.940720e+01   1.938983e+01   5.804025e-01   5.804025e-01  
107       1.940720e+01   1.938983e+01   5.803414e-01   5.803414e-01  
108       1.940719e+01   1.938983e+01   5.802918e-01   5.802918e-01  
109       1.940719e+01   1.938983e+01   5.802540e-01   5.802540e-01  
110       1.940719e+01   1.938984e+01   5.802282e-01   5.802282e-01  
111       1.940719e+01   1.938984e+01   5.802143e-01   5.802143e-01  
112       1.940719e+01   1.938984e+01   5.802125e-01   5.802125e-01  
113       1.940719e+01   1.938984e+01   5.802225e-01   5.802225e-01  
114       1.940720e+01   1.938984e+01   5.802443e-01   5.802443e-01  
115       1.940720e+01   1.938984e+01   5.802776e-01   5.802776e-01  
116       1.940720e+01   1.938984e+01   5.803222e-01   5.803222e-01  
117       1.940721e+01   1.938985e+01   5.803776e-01   5.803776e-01  
118       1.940722e+01   1.938985e+01   5.804436e-01   5.804436e-01  
119       1.940722e+01   1.938985e+01   5.805195e-01   5.805195e-01  
120       1.940723e+01   1.938985e+01   5.806050e-01   5.806050e-01  
121       1.940724e+01   1.938986e+01   5.806994e-01   5.806994e-01  
122       1.940725e+01   1.938986e+01   5.808021e-01   5.808021e-01  
123       1.940726e+01   1.938986e+01   5.809125e-01   5.809125e-01  
124       1.940727e+01   1.938986e+01   5.810298e-01   5.810298e-01  
125       1.940728e+01   1.938987e+01   5.811534e-01   5.811534e-01  
126       1.940729e+01   1.938987e+01   5.812825e-01   5.812825e-01  
127       1.940730e+01   1.938987e+01   5.814164e-01   5.814164e-01  
128       1.940731e+01   1.938988e+01   5.815542e-01   5.815542e-01  
129       1.940732e+01   1.938988e+01   5.816950e-01   5.816950e-01  
130       1.940733e+01   1.938988e+01   5.818381e-01   5.818381e-01  
131       1.940734e+01   1.938988e+01   5.819825e-01   5.819825e-01  
132       1.940735e+01   1.938989e+01   5.821275e-01   5.821275e-01  
133       1.940737e+01   1.938989e+01   5.822722e-01   5.822722e-01  
134       1.940738e+01   1.938989e+01   5.824158e-01   5.824158e-01  
135       1.940739e+01   1.938989e+01   5.825575e-01   5.825575e-01  
136       1.940740e+01   1.938989e+01   5.826966e-01   5.826966e-01  
137       1.940741e+01   1.938990e+01   5.828323e-01   5.828323e-01  
138       1.940742e+01   1.938990e+01   5.829638e-01   5.829638e-01  
139       1.940742e+01   1.938990e+01   5.830905e-01   5.830905e-01  
140       1.940743e+01   1.938990e+01   5.832116e-01   5.832116e-01  
141       1.940744e+01   1.938990e+01   5.833264e-01   5.833264e-01  
142       1.940745e+01   1.938990e+01   5.834344e-01   5.834344e-01  
143       1.940745e+01   1.938990e+01   5.835351e-01   5.835351e-01  
144       1.940746e+01   1.938990e+01   5.836279e-01   5.836279e-01  
145       1.940746e+01   1.938990e+01   5.837124e-01   5.837124e-01  
146       1.940747e+01   1.938990e+01   5.837881e-01   5.837881e-01  
147       1.940747e+01   1.938990e+01   5.838548e-01   5.838548e-01  
148       1.940747e+01   1.938990e+01   5.839121e-01   5.839121e-01  
149       1.940748e+01   1.938990e+01   5.839598e-01   5.839598e-01  
150       1.940748e+01   1.938990e+01   5.839975e-01   5.839975e-01  
151       1.940748e+01   1.938989e+01   5.840252e-01   5.840252e-01  
152       1.940748e+01   1.938989e+01   5.840427e-01   5.840427e-01  
153       1.940747e+01   1.938989e+01   5.840499e-01   5.840499e-01  
154       1.940747e+01   1.938989e+01   5.840468e-01   5.840468e-01  
155       1.940747e+01   1.938989e+01   5.840334e-01   5.840334e-01  
156       1.940747e+01   1.938988e+01   5.840099e-01   5.840099e-01  
157       1.940746e+01   1.938988e+01   5.839765e-01   5.839765e-01  
158       1.940746e+01   1.938988e+01   5.839333e-01   5.839333e-01  
159       1.940745e+01   1.938988e+01   5.838808e-01   5.838808e-01  
160       1.940745e+01   1.938988e+01   5.838193e-01   5.838193e-01  
161       1.940744e+01   1.938988e+01   5.837493e-01   5.837493e-01  
162       1.940744e+01   1.938988e+01   5.836714e-01   5.836714e-01  
163       1.940744e+01   1.938988e+01   5.835864e-01   5.835864e-01  
164       1.940743e+01   1.938988e+01   5.834950e-01   5.834950e-01  
165       1.940743e+01   1.938989e+01   5.833983e-01   5.833983e-01  
166       1.940743e+01   1.938990e+01   5.832974e-01   5.832974e-01  
167       1.940744e+01   1.938991e+01   5.831938e-01   5.831938e-01  
168       1.940745e+01   1.938992e+01   5.830891e-01   5.830891e-01  
169       1.940746e+01   1.938994e+01   5.829853e-01   5.829853e-01  
170       1.940748e+01   1.938997e+01   5.828852e-01   5.828852e-01  
171       1.940752e+01   1.939001e+01   5.827915e-01   5.827915e-01  
172       1.940757e+01   1.939006e+01   5.827082e-01   5.827082e-01  
173       1.940764e+01   1.939014e+01   5.826396e-01   5.826396e-01  
174       1.940773e+01   1.939023e+01   5.825910e-01   5.825911e-01  
175       1.940785e+01   1.939036e+01   5.825690e-01   5.825690e-01  
176       1.940801e+01   1.939052e+01   5.825808e-01   5.825808e-01  
177       1.940821e+01   1.939071e+01   5.826350e-01   5.826350e-01  
178       1.940844e+01   1.939093e+01   5.827412e-01   5.827412e-01  
179       1.940871e+01   1.939119e+01   5.829098e-01   5.829098e-01  
180       1.940901e+01   1.939148e+01   5.831523e-01   5.831523e-01  
181       1.940934e+01   1.939180e+01   5.834806e-01   5.834806e-01  
182       1.940969e+01   1.939212e+01   5.839069e-01   5.839069e-01  
183       1.941005e+01   1.939244e+01   5.844436e-01   5.844436e-01  
184       1.941041e+01   1.939276e+01   5.851030e-01   5.851030e-01  
185       1.941076e+01   1.939306e+01   5.858972e-01   5.858972e-01  
186       1.941110e+01   1.939335e+01   5.868372e-01   5.868372e-01  
187       1.941142e+01   1.939361e+01   5.879333e-01   5.879333e-01  
188       1.941173e+01   1.939384e+01   5.891944e-01   5.891944e-01  
189       1.941200e+01   1.939402e+01   5.906276e-01   5.906276e-01  
190       1.941224e+01   1.939417e+01   5.922386e-01   5.922386e-01  
191       1.941245e+01   1.939426e+01   5.940309e-01   5.940309e-01  
192       1.941261e+01   1.939431e+01   5.960065e-01   5.960065e-01  
193       1.941275e+01   1.939431e+01   5.981656e-01   5.981656e-01  
194       1.941285e+01   1.939427e+01   6.005064e-01   6.005064e-01  
195       1.941293e+01   1.939419e+01   6.030252e-01   6.030252e-01  
196       1.941300e+01   1.939409e+01   6.057164e-01   6.057164e-01  
197       1.941305e+01   1.939396e+01   6.085723e-01   6.085723e-01  
198       1.941310e+01   1.939382e+01   6.115837e-01   6.115837e-01  
199       1.941314e+01   1.939367e+01   6.147396e-01   6.147396e-01  
200       1.941320e+01   1.939351e+01   6.180283e-01   6.180283e-01  
201       1.941330e+01   1.939340e+01   6.214373e-01   6.214373e-01  
202       1.941357e+01   1.939344e+01   6.249565e-01   6.249565e-01  
203       1.941458e+01   1.939422e+01   6.285932e-01   6.285931e-01  
204       1.942167e+01   1.940106e+01   6.325472e-01   6.325471e-01  
205       1.941561e+01   1.939476e+01   6.360492e-01   6.360492e-01  
206       1.941772e+01   1.939661e+01   6.400017e-01   6.400016e-01  
207       1.940821e+01   1.938685e+01   6.436752e-01   6.436751e-01  
208       1.941501e+01   1.939337e+01   6.480132e-01   6.480131e-01  
209       1.941099e+01   1.938906e+01   6.522966e-01   6.522965e-01  
210       1.941472e+01   1.939250e+01   6.566159e-01   6.566158e-01  
211       1.941528e+01   1.939273e+01   6.615116e-01   6.615115e-01  
212       1.941542e+01   1.939258e+01   6.657454e-01   6.657453e-01  
213       1.941907e+01   1.939586e+01   6.711561e-01   6.711560e-01  
214       1.941601e+01   1.939252e+01   6.751790e-01   6.751789e-01  
215       1.942194e+01   1.939805e+01   6.809763e-01   6.809762e-01  
216       1.941532e+01   1.939115e+01   6.847649e-01   6.847648e-01  
217       1.942328e+01   1.939869e+01   6.908969e-01   6.908968e-01  
218       1.941379e+01   1.938893e+01   6.944104e-01   6.944103e-01  
219       1.942339e+01   1.939809e+01   7.008305e-01   7.008303e-01  
220       1.941220e+01   1.938664e+01   7.040593e-01   7.040592e-01  
221       1.942322e+01   1.939720e+01   7.107029e-01   7.107027e-01  
222       1.941107e+01   1.938481e+01   7.136656e-01   7.136654e-01  
223       1.942323e+01   1.939648e+01   7.205107e-01   7.205105e-01  
224       1.941033e+01   1.938337e+01   7.232148e-01   7.232146e-01  
225       1.942364e+01   1.939617e+01   7.302606e-01   7.302604e-01  
226       1.940983e+01   1.938215e+01   7.327124e-01   7.327122e-01  
227       1.942446e+01   1.939625e+01   7.399744e-01   7.399743e-01  
228       1.940942e+01   1.938102e+01   7.421659e-01   7.421657e-01  
229       1.942567e+01   1.939672e+01   7.496625e-01   7.496624e-01  
230       1.940905e+01   1.937992e+01   7.515862e-01   7.515860e-01  
231       1.942720e+01   1.939750e+01   7.593399e-01   7.593398e-01  
232       1.940874e+01   1.937888e+01   7.609875e-01   7.609873e-01  
233       1.942897e+01   1.939850e+01   7.690273e-01   7.690271e-01  
234       1.940861e+01   1.937801e+01   7.703990e-01   7.703989e-01  
235       1.943092e+01   1.939968e+01   7.787530e-01   7.787528e-01  
236       1.940880e+01   1.937743e+01   7.798628e-01   7.798626e-01  
237       1.943303e+01   1.940101e+01   7.885566e-01   7.885564e-01  
238       1.940940e+01   1.937726e+01   7.894602e-01   7.894600e-01  
239       1.943518e+01   1.940234e+01   7.986145e-01   7.986143e-01  
240       1.941031e+01   1.937735e+01   7.995139e-01   7.995137e-01  
241       1.943707e+01   1.940335e+01   8.092792e-01   8.092790e-01  
242       1.941130e+01   1.937747e+01   8.100335e-01   8.100332e-01  
243       1.943886e+01   1.940430e+01   8.192604e-01   8.192601e-01  
244       1.941345e+01   1.937897e+01   8.177316e-01   8.177314e-01  
245       1.944180e+01   1.940677e+01   8.248167e-01   8.248164e-01  
246       1.941520e+01   1.938023e+01   8.236541e-01   8.236538e-01  
247       1.944197e+01   1.940637e+01   8.315872e-01   8.315868e-01  
248       1.941750e+01   1.938217e+01   8.279101e-01   8.279096e-01  
249       1.944782e+01   1.941234e+01   8.302875e-01   8.302870e-01  
250       1.942474e+01   1.938952e+01   8.267963e-01   8.267958e-01  
251       1.944906e+01   1.941316e+01   8.352422e-01   8.352416e-01  
252       1.942604e+01   1.939027e+01   8.331895e-01   8.331888e-01  
253       1.945445e+01   1.941858e+01   8.349048e-01   8.349041e-01  
254       1.943299e+01   1.939713e+01   8.343626e-01   8.343618e-01  
255       1.945473e+01   1.941828e+01   8.417037e-01   8.417028e-01  
256       1.943821e+01   1.940207e+01   8.377983e-01   8.377974e-01  
257       1.946179e+01   1.942522e+01   8.433264e-01   8.433254e-01  
258       1.944610e+01   1.940932e+01   8.452999e-01   8.452988e-01  
259       1.946646e+01   1.942946e+01   8.482613e-01   8.482602e-01  
260       1.944846e+01   1.941127e+01   8.500654e-01   8.500641e-01  
261       1.949503e+01   1.945731e+01   8.571379e-01   8.571366e-01  
262       1.944568e+01   1.940795e+01   8.562014e-01   8.562000e-01  
263       1.949313e+01   1.945469e+01   8.652604e-01   8.652589e-01  
264       1.947654e+01   1.943792e+01   8.668312e-01   8.668296e-01  
265       1.948183e+01   1.944258e+01   8.739392e-01   8.739376e-01  
266       1.947515e+01   1.943549e+01   8.783992e-01   8.783975e-01  
267       1.951099e+01   1.947072e+01   8.860088e-01   8.860070e-01  
268       1.946426e+01   1.942340e+01   8.912711e-01   8.912693e-01  
269       1.947731e+01   1.943588e+01   8.978149e-01   8.978130e-01  
270       1.949339e+01   1.945106e+01   9.078474e-01   9.078455e-01  
271       1.951640e+01   1.947325e+01   9.172017e-01   9.172004e-01  
272       1.947428e+01   1.943039e+01   9.240123e-01   9.240125e-01  
273       1.950924e+01   1.946413e+01   9.374912e-01   9.374941e-01  
274       1.950832e+01   1.946227e+01   9.472266e-01   9.472299e-01  
275       1.947230e+01   1.942518e+01   9.573513e-01   9.573704e-01  
276       1.952643e+01   1.947793e+01   9.726086e-01   9.726332e-01  
277       1.950058e+01   1.945097e+01   9.829484e-01   9.829679e-01  
278       1.950638e+01   1.945511e+01   9.993206e-01   9.993427e-01  
279       1.948011e+01   1.942762e+01   1.010477e+00   1.010523e+00  
280       1.950484e+01   1.945046e+01   1.029225e+00   1.029189e+00  
281       1.945366e+01   1.939751e+01   1.044389e+00   1.044499e+00  
282       1.950603e+01   1.944796e+01   1.063485e+00   1.063467e+00  
283       1.948978e+01   1.942994e+01   1.078995e+00   1.079251e+00  
284       1.950611e+01   1.944399e+01   1.099931e+00   1.100009e+00  
285       1.948220e+01   1.941785e+01   1.118565e+00   1.119001e+00  
286       1.950580e+01   1.943898e+01   1.140547e+00   1.140747e+00  
287       1.948115e+01   1.941198e+01   1.159478e+00   1.160159e+00  
288       1.952183e+01   1.945044e+01   1.179221e+00   1.179592e+00  
289       1.948906e+01   1.941492e+01   1.200325e+00   1.201356e+00  
290       1.952580e+01   1.944906e+01   1.222560e+00   1.223216e+00  
291       1.948654e+01   1.940626e+01   1.248731e+00   1.250162e+00  
292       1.952641e+01   1.944331e+01   1.271962e+00   1.272962e+00  
293       1.949094e+01   1.940416e+01   1.298118e+00   1.299972e+00  
294       1.953674e+01   1.944727e+01   1.319954e+00   1.321339e+00  
295       1.950424e+01   1.941078e+01   1.347326e+00   1.349665e+00  
296       1.954229e+01   1.944523e+01   1.374605e+00   1.376439e+00  
297       1.949922e+01   1.939775e+01   1.403393e+00   1.406244e+00  
298       1.955868e+01   1.945416e+01   1.426670e+00   1.428985e+00  
299       1.952864e+01   1.941971e+01   1.454742e+00   1.458231e+00  
300       1.956060e+01   1.944770e+01   1.482549e+00   1.485353e+00  
301       1.953318e+01   1.941587e+01   1.509428e+00   1.513552e+00  
302       1.958148e+01   1.946024e+01   1.536777e+00   1.540159e+00  
303       1.953612e+01   1.941004e+01   1.564511e+00   1.569266e+00  
304       1.959203e+01   1.946194e+01   1.591830e+00   1.595789e+00  
305       1.954765e+01   1.941305e+01   1.616505e+00   1.622048e+00  
306       1.962226e+01   1.948424e+01   1.640537e+00   1.645084e+00  
307       1.955283e+01   1.940977e+01   1.666201e+00   1.672635e+00  
308       1.961766e+01   1.947104e+01   1.690149e+00   1.695426e+00  
309       1.956244e+01   1.941131e+01   1.712398e+00   1.719730e+00  
310       1.963625e+01   1.948150e+01   1.736735e+00   1.742773e+00  
311       1.956964e+01   1.940994e+01   1.760166e+00   1.768333e+00  
312       1.964108e+01   1.947778e+01   1.783752e+00   1.790637e+00  
313       1.958063e+01   1.941336e+01   1.801461e+00   1.810315e+00  
314       1.965088e+01   1.948010e+01   1.824290e+00   1.831558e+00  
315       1.959102e+01   1.941665e+01   1.839525e+00   1.848718e+00  
316       1.966918e+01   1.949227e+01   1.857224e+00   1.865201e+00  
317       1.958546e+01   1.940282e+01   1.881117e+00   1.892647e+00  
318       1.967137e+01   1.948779e+01   1.890814e+00   1.900927e+00  
319       1.961045e+01   1.942449e+01   1.898570e+00   1.911714e+00  
320       1.967424e+01   1.948572e+01   1.915931e+00   1.926604e+00  
321       1.960701e+01   1.941562e+01   1.925913e+00   1.938940e+00  
322       1.968815e+01   1.949586e+01   1.935546e+00   1.946363e+00  
323       1.961468e+01   1.941931e+01   1.946496e+00   1.958843e+00  
324       1.968785e+01   1.949184e+01   1.954266e+00   1.964786e+00  
325       1.962505e+01   1.942703e+01   1.960100e+00   1.972567e+00  
326       1.968637e+01   1.948719e+01   1.970532e+00   1.979817e+00  
327       1.963467e+01   1.943555e+01   1.966096e+00   1.978444e+00  
328       1.969235e+01   1.949095e+01   1.980712e+00   1.991982e+00  
329       1.963735e+01   1.943445e+01   1.984707e+00   1.997183e+00  
330       1.969384e+01   1.949029e+01   1.992943e+00   2.001016e+00  
331       1.963449e+01   1.943036e+01   1.991408e+00   2.002205e+00  
332       1.968545e+01   1.947762e+01   2.013756e+00   2.020898e+00  
333       1.965738e+01   1.945107e+01   2.003497e+00   2.013530e+00  
334       1.969139e+01   1.948341e+01   2.014725e+00   2.021964e+00  
335       1.965608e+01   1.944691e+01   2.018322e+00   2.026148e+00  
336       1.969414e+01   1.948372e+01   2.027060e+00   2.033438e+00  
337       1.965115e+01   1.944068e+01   2.024691e+00   2.031774e+00  
338       1.971845e+01   1.950654e+01   2.035989e+00   2.041371e+00  
339       1.965183e+01   1.944063e+01   2.028774e+00   2.034716e+00  
340       1.971474e+01   1.950110e+01   2.045597e+00   2.047792e+00  
341       1.965508e+01   1.944190e+01   2.038680e+00   2.044175e+00  
342       1.971893e+01   1.950562e+01   2.045040e+00   2.045707e+00  
343       1.965770e+01   1.944326e+01   2.045428e+00   2.049636e+00  
344       1.971172e+01   1.949734e+01   2.049549e+00   2.050610e+00  
345       1.965760e+01   1.944303e+01   2.046731e+00   2.049489e+00  
346       1.971197e+01   1.949647e+01   2.054939e+00   2.055804e+00  
347       1.965583e+01   1.944067e+01   2.051005e+00   2.050666e+00  
348       1.970259e+01   1.948635e+01   2.059132e+00   2.057742e+00  
349       1.965831e+01   1.944250e+01   2.053621e+00   2.054531e+00  
350       1.970922e+01   1.949245e+01   2.062106e+00   2.060494e+00  
351       1.966340e+01   1.944642e+01   2.060265e+00   2.059391e+00  
352       1.970653e+01   1.948954e+01   2.063176e+00   2.061240e+00  
353       1.966347e+01   1.944498e+01   2.067323e+00   2.066664e+00  
354       1.971267e+01   1.949555e+01   2.065264e+00   2.061016e+00  
355       1.967456e+01   1.945546e+01   2.071522e+00   2.069328e+00  
356       1.970908e+01   1.949079e+01   2.071166e+00   2.065671e+00  
357       1.966800e+01   1.944812e+01   2.075027e+00   2.072478e+00  
358       1.969505e+01   1.947542e+01   2.076898e+00   2.071138e+00  
359       1.967521e+01   1.945510e+01   2.077633e+00   2.072805e+00  
360       1.969396e+01   1.947243e+01   2.086126e+00   2.079552e+00  
361       1.969252e+01   1.947141e+01   2.083203e+00   2.078480e+00  
362       1.970741e+01   1.948435e+01   2.094568e+00   2.086844e+00  
363       1.969297e+01   1.946993e+01   2.092134e+00   2.087517e+00  
364       1.970272e+01   1.947780e+01   2.102427e+00   2.095754e+00  
365       1.969162e+01   1.946741e+01   2.098578e+00   2.091873e+00  
366       1.968874e+01   1.946176e+01   2.111601e+00   2.104188e+00  
367       1.969719e+01   1.946932e+01   2.115920e+00   2.108935e+00  
368       1.969749e+01   1.946875e+01   2.120685e+00   2.112257e+00  
369       1.968383e+01   1.945264e+01   2.130728e+00   2.123215e+00  
370       1.969094e+01   1.945836e+01   2.139086e+00   2.128294e+00  
371       1.969358e+01   1.945887e+01   2.147951e+00   2.139097e+00  
372       1.968140e+01   1.944478e+01   2.156182e+00   2.146793e+00  
373       1.969896e+01   1.946003e+01   2.166970e+00   2.158834e+00  
374       1.970180e+01   1.946203e+01   2.170892e+00   2.162738e+00  
375       1.969071e+01   1.944733e+01   2.186489e+00   2.178242e+00  
376       1.968187e+01   1.943754e+01   2.190331e+00   2.181859e+00  
377       1.970989e+01   1.946338e+01   2.201490e+00   2.193175e+00  
378       1.969013e+01   1.944121e+01   2.210842e+00   2.202908e+00  
379       1.970622e+01   1.945525e+01   2.219904e+00   2.213674e+00  
380       1.969034e+01   1.943809e+01   2.225372e+00   2.217685e+00  
381       1.970774e+01   1.945194e+01   2.240826e+00   2.235162e+00  
382       1.969728e+01   1.944060e+01   2.244817e+00   2.237574e+00  
383       1.970822e+01   1.944922e+01   2.253630e+00   2.250066e+00  
384       1.970172e+01   1.944056e+01   2.264909e+00   2.256605e+00  
385       1.971970e+01   1.945702e+01   2.270171e+00   2.266496e+00  
386       1.969362e+01   1.942857e+01   2.280022e+00   2.273890e+00  
387       1.972141e+01   1.945480e+01   2.286511e+00   2.284005e+00  
388       1.970331e+01   1.943555e+01   2.291423e+00   2.286764e+00  
389       1.972363e+01   1.945372e+01   2.300527e+00   2.298247e+00  
390       1.970054e+01   1.942955e+01   2.304145e+00   2.301045e+00  
391       1.973492e+01   1.946179e+01   2.314587e+00   2.312718e+00  
392       1.969240e+01   1.941904e+01   2.312570e+00   2.311608e+00  
393       1.975500e+01   1.947945e+01   2.325452e+00   2.324583e+00  
394       1.968596e+01   1.941068e+01   2.319750e+00   2.319821e+00  
395       1.975899e+01   1.948164e+01   2.332627e+00   2.332824e+00  
396       1.970395e+01   1.942787e+01   2.323472e+00   2.324911e+00  
397       1.975553e+01   1.947659e+01   2.338351e+00   2.340011e+00  
398       1.970775e+01   1.943105e+01   2.326230e+00   2.327706e+00  
399       1.977911e+01   1.949999e+01   2.340236e+00   2.342425e+00  
400       1.970725e+01   1.942943e+01   2.330433e+00   2.332810e+00  
401       1.977898e+01   1.949955e+01   2.340742e+00   2.344509e+00  
402       1.969267e+01   1.941422e+01   2.331936e+00   2.334804e+00  
403       1.976893e+01   1.949014e+01   2.337192e+00   2.341420e+00  
404       1.970159e+01   1.942324e+01   2.331438e+00   2.335562e+00  
405       1.976311e+01   1.948423e+01   2.336591e+00   2.342139e+00  
406       1.970981e+01   1.943147e+01   2.331736e+00   2.336123e+00  
407       1.976756e+01   1.948809e+01   2.339894e+00   2.344339e+00  
408       1.969675e+01   1.941831e+01   2.331650e+00   2.335501e+00  
409       1.977158e+01   1.949278e+01   2.336730e+00   2.342355e+00  
410       1.969612e+01   1.941741e+01   2.332777e+00   2.336612e+00  
411       1.978283e+01   1.950439e+01   2.335893e+00   2.341481e+00  
412       1.970429e+01   1.942586e+01   2.331823e+00   2.336145e+00  
413       1.978961e+01   1.951159e+01   2.334691e+00   2.340038e+00  
414       1.971138e+01   1.943250e+01   2.333920e+00   2.338641e+00  
415       1.978277e+01   1.950487e+01   2.334252e+00   2.338723e+00  
416       1.971929e+01   1.944104e+01   2.332426e+00   2.335863e+00  
417       1.978508e+01   1.950758e+01   2.332584e+00   2.337255e+00  
418       1.972251e+01   1.944451e+01   2.331846e+00   2.334714e+00  
419       1.979511e+01   1.951834e+01   2.330218e+00   2.334643e+00  
420       1.971797e+01   1.944067e+01   2.328511e+00   2.331675e+00  
421       1.978913e+01   1.951265e+01   2.328935e+00   2.332834e+00  
422       1.971829e+01   1.944104e+01   2.328647e+00   2.331135e+00  
423       1.980944e+01   1.953413e+01   2.325844e+00   2.328514e+00  
424       1.971067e+01   1.943353e+01   2.328351e+00   2.329622e+00  
425       1.980845e+01   1.953346e+01   2.324596e+00   2.326969e+00  
426       1.971636e+01   1.943969e+01   2.326764e+00   2.327945e+00  
427       1.980999e+01   1.953501e+01   2.325607e+00   2.326027e+00  
428       1.972852e+01   1.945349e+01   2.320320e+00   2.322101e+00  
429       1.981006e+01   1.953464e+01   2.327258e+00   2.328110e+00  
430       1.972778e+01   1.945394e+01   2.315410e+00   2.316988e+00  
431       1.980483e+01   1.952939e+01   2.327272e+00   2.327655e+00  
432       1.973663e+01   1.946404e+01   2.311435e+00   2.311542e+00  
433       1.980717e+01   1.953157e+01   2.328658e+00   2.327888e+00  
434       1.973765e+01   1.946563e+01   2.309849e+00   2.308379e+00  
435       1.981364e+01   1.953768e+01   2.330590e+00   2.329701e+00  
436       1.973285e+01   1.946044e+01   2.311058e+00   2.309961e+00  
437       1.981808e+01   1.954187e+01   2.332331e+00   2.330634e+00  
438       1.973651e+01   1.946335e+01   2.315669e+00   2.312055e+00  
439       1.982802e+01   1.955155e+01   2.333956e+00   2.332364e+00  
440       1.974947e+01   1.947593e+01   2.317986e+00   2.314480e+00  
441       1.982313e+01   1.954482e+01   2.342391e+00   2.338744e+00  
442       1.973836e+01   1.946356e+01   2.323058e+00   2.318633e+00  
443       1.983104e+01   1.955193e+01   2.347412e+00   2.341346e+00  
444       1.974886e+01   1.947295e+01   2.328330e+00   2.323863e+00  
445       1.984297e+01   1.956282e+01   2.352735e+00   2.346044e+00  
446       1.976989e+01   1.949274e+01   2.335321e+00   2.329772e+00  
447       1.984444e+01   1.956224e+01   2.361050e+00   2.354971e+00  
448       1.978138e+01   1.950328e+01   2.341206e+00   2.333166e+00  
449       1.984984e+01   1.956582e+01   2.369299e+00   2.362506e+00  
450       1.978134e+01   1.950167e+01   2.346662e+00   2.340833e+00  
451       1.986431e+01   1.957884e+01   2.375177e+00   2.370328e+00  
452       1.978226e+01   1.949958e+01   2.360438e+00   2.352200e+00  
453       1.986449e+01   1.957630e+01   2.387978e+00   2.379910e+00  
454       1.978665e+01   1.950172e+01   2.369214e+00   2.362459e+00  
455       1.986917e+01   1.957958e+01   2.393745e+00   2.386181e+00  
456       1.978486e+01   1.949745e+01   2.379813e+00   2.372064e+00  
457       1.987322e+01   1.958086e+01   2.406141e+00   2.396932e+00  
458       1.979303e+01   1.950379e+01   2.387481e+00   2.380387e+00  
459       1.987699e+01   1.958389e+01   2.408944e+00   2.400616e+00  
460       1.979284e+01   1.950087e+01   2.399398e+00   2.390665e+00  
461       1.987636e+01   1.958025e+01   2.420918e+00   2.413062e+00  
462       1.981756e+01   1.952452e+01   2.404921e+00   2.396905e+00  
463       1.987713e+01   1.957950e+01   2.426745e+00   2.419580e+00  
464       1.981841e+01   1.952379e+01   2.411104e+00   2.403677e+00  
465       1.987344e+01   1.957404e+01   2.433400e+00   2.426786e+00  
466       1.981933e+01   1.952368e+01   2.415077e+00   2.408183e+00  
467       1.988311e+01   1.958219e+01   2.439910e+00   2.433701e+00  
468       1.982085e+01   1.952475e+01   2.416723e+00   2.410263e+00  
469       1.988635e+01   1.958541e+01   2.440091e+00   2.434086e+00  
470       1.981134e+01   1.951372e+01   2.422079e+00   2.416052e+00  
471       1.989376e+01   1.959243e+01   2.442139e+00   2.436067e+00  
472       1.982306e+01   1.952575e+01   2.420523e+00   2.416530e+00  
473       1.988537e+01   1.958387e+01   2.442395e+00   2.436196e+00  
474       1.981994e+01   1.952173e+01   2.423551e+00   2.420406e+00  
475       1.989354e+01   1.959258e+01   2.440239e+00   2.435015e+00  
476       1.980989e+01   1.951138e+01   2.425159e+00   2.419953e+00  
477       1.990453e+01   1.960440e+01   2.436541e+00   2.433342e+00  
478       1.982358e+01   1.952499e+01   2.426101e+00   2.421382e+00  
479       1.990226e+01   1.960177e+01   2.437856e+00   2.434656e+00  
480       1.981949e+01   1.952084e+01   2.426569e+00   2.420910e+00  
481       1.990704e+01   1.960759e+01   2.433284e+00   2.431427e+00  
482       1.982056e+01   1.952137e+01   2.428776e+00   2.423155e+00  
483       1.990910e+01   1.960947e+01   2.434186e+00   2.432206e+00  
484       1.982946e+01   1.953072e+01   2.427324e+00   2.422063e+00  
485       1.991547e+01   1.961509e+01   2.438574e+00   2.434635e+00  
486       1.983640e+01   1.953830e+01   2.425202e+00   2.419964e+00  
487       1.991605e+01   1.961620e+01   2.436025e+00   2.432998e+00  
488       1.984140e+01   1.954319e+01   2.425424e+00   2.421210e+00  
489       1.992028e+01   1.962060e+01   2.435574e+00   2.432629e+00  
490       1.984758e+01   1.955018e+01   2.422313e+00   2.418530e+00  
491       1.992114e+01   1.962035e+01   2.439426e+00   2.437746e+00  
492       1.985555e+01   1.955802e+01   2.423828e+00   2.419051e+00  
493       1.992130e+01   1.962206e+01   2.433218e+00   2.431546e+00  
494       1.986078e+01   1.956233e+01   2.428211e+00   2.422765e+00  
495       1.991736e+01   1.961795e+01   2.433877e+00   2.431744e+00  
496       1.987216e+01   1.957440e+01   2.426185e+00   2.420548e+00  
497       1.991817e+01   1.961889e+01   2.432972e+00   2.431721e+00  
498       1.987763e+01   1.958025e+01   2.425025e+00   2.419312e+00  
499       1.990673e+01   1.960785e+01   2.430720e+00   2.429390e+00  
500       1.988206e+01   1.958469e+01   2.425087e+00   2.419818e+00  
501       1.990955e+01   1.961194e+01   2.425886e+00   2.424263e+00  
502       1.987288e+01   1.957517e+01   2.426621e+00   2.419790e+00  
503       1.991381e+01   1.961659e+01   2.425648e+00   2.421847e+00  
504       1.986533e+01   1.956798e+01   2.424299e+00   2.418330e+00  
505       1.989432e+01   1.959783e+01   2.421633e+00   2.417614e+00  
506       1.986169e+01   1.956438e+01   2.424166e+00   2.417659e+00  
507       1.989374e+01   1.959827e+01   2.418013e+00   2.412901e+00  
508       1.987239e+01   1.957420e+01   2.428612e+00   2.421659e+00  
509       1.990250e+01   1.960732e+01   2.417348e+00   2.412194e+00  
510       1.987482e+01   1.957679e+01   2.428076e+00   2.421183e+00  
511       1.990547e+01   1.960983e+01   2.420671e+00   2.413019e+00  
512       1.988899e+01   1.959044e+01   2.431680e+00   2.423559e+00  
513       1.990162e+01   1.960521e+01   2.423310e+00   2.416189e+00  
514       1.989201e+01   1.959253e+01   2.436053e+00   2.427026e+00  
515       1.989674e+01   1.959932e+01   2.427355e+00   2.419692e+00  
516       1.989181e+01   1.959082e+01   2.441969e+00   2.433194e+00  
517       1.991436e+01   1.961669e+01   2.429537e+00   2.421630e+00  
518       1.988856e+01   1.958595e+01   2.448801e+00   2.439076e+00  
519       1.991219e+01   1.961317e+01   2.435037e+00   2.426877e+00  
520       1.989479e+01   1.959029e+01   2.456627e+00   2.447059e+00  
521       1.991358e+01   1.961303e+01   2.441136e+00   2.433259e+00  
522       1.990442e+01   1.959843e+01   2.463544e+00   2.453240e+00  
523       1.991405e+01   1.961181e+01   2.448018e+00   2.440042e+00  
524       1.991263e+01   1.960481e+01   2.471579e+00   2.460830e+00  
525       1.990242e+01   1.959781e+01   2.457813e+00   2.447747e+00  
526       1.990330e+01   1.959263e+01   2.481088e+00   2.472749e+00  
527       1.989909e+01   1.959231e+01   2.467055e+00   2.455353e+00  
528       1.990544e+01   1.959287e+01   2.489186e+00   2.479936e+00  
529       1.990074e+01   1.959093e+01   2.478158e+00   2.468513e+00  
530       1.991551e+01   1.960014e+01   2.501426e+00   2.490971e+00  
531       1.989481e+01   1.958188e+01   2.490216e+00   2.480386e+00  
532       1.991260e+01   1.959428e+01   2.511906e+00   2.503291e+00  
533       1.990577e+01   1.959122e+01   2.497328e+00   2.487397e+00  
534       1.990416e+01   1.958324e+01   2.521259e+00   2.513021e+00  
535       1.991712e+01   1.959993e+01   2.508299e+00   2.498571e+00  
536       1.989844e+01   1.957408e+01   2.534529e+00   2.525792e+00  
537       1.991695e+01   1.959666e+01   2.519361e+00   2.511639e+00  
538       1.989438e+01   1.956798e+01   2.541450e+00   2.534105e+00  
539       1.991158e+01   1.958923e+01   2.527032e+00   2.519409e+00  
540       1.989072e+01   1.956225e+01   2.549370e+00   2.541557e+00  
541       1.990522e+01   1.957981e+01   2.539191e+00   2.530069e+00  
542       1.988631e+01   1.955546e+01   2.557348e+00   2.551321e+00  
543       1.989881e+01   1.957113e+01   2.548148e+00   2.537851e+00  
544       1.988127e+01   1.954938e+01   2.561539e+00   2.554450e+00  
545       1.990208e+01   1.957283e+01   2.552190e+00   2.546259e+00  
546       1.988106e+01   1.954744e+01   2.568135e+00   2.561064e+00  
547       1.990291e+01   1.957309e+01   2.553900e+00   2.548971e+00  
548       1.988359e+01   1.954992e+01   2.568175e+00   2.561683e+00  
549       1.990069e+01   1.956999e+01   2.556892e+00   2.552491e+00  
550       1.988122e+01   1.954627e+01   2.572738e+00   2.566620e+00  
551       1.989246e+01   1.956045e+01   2.561456e+00   2.556903e+00  
552       1.990165e+01   1.956805e+01   2.568362e+00   2.563365e+00  
553       1.989161e+01   1.955974e+01   2.559871e+00   2.557357e+00  
554       1.989568e+01   1.956115e+01   2.571342e+00   2.566595e+00  
555       1.989321e+01   1.956042e+01   2.563499e+00   2.560876e+00  
556       1.990970e+01   1.957539e+01   2.570810e+00   2.567341e+00  
557       1.989134e+01   1.955835e+01   2.564348e+00   2.561333e+00  
558       1.990462e+01   1.956958e+01   2.572772e+00   2.570293e+00  
559       1.989201e+01   1.955947e+01   2.563141e+00   2.559178e+00  
560       1.990126e+01   1.956591e+01   2.572775e+00   2.572206e+00  
561       1.989325e+01   1.956008e+01   2.565355e+00   2.561987e+00  
562       1.990306e+01   1.956751e+01   2.573721e+00   2.572996e+00  
563       1.987956e+01   1.954556e+01   2.566755e+00   2.565068e+00  
564       1.990474e+01   1.956916e+01   2.573920e+00   2.573219e+00  
565       1.987120e+01   1.953681e+01   2.567560e+00   2.566157e+00  
566       1.990543e+01   1.957038e+01   2.571654e+00   2.571537e+00  
567       1.986849e+01   1.953361e+01   2.569470e+00   2.567638e+00  
568       1.990750e+01   1.957215e+01   2.572263e+00   2.573474e+00  
569       1.987190e+01   1.953732e+01   2.568416e+00   2.566892e+00  
570       1.990262e+01   1.956751e+01   2.571817e+00   2.571490e+00  
571       1.986318e+01   1.952909e+01   2.566179e+00   2.564257e+00  
572       1.991517e+01   1.958074e+01   2.568762e+00   2.571004e+00  
573       1.985567e+01   1.952137e+01   2.566897e+00   2.564126e+00  
574       1.991298e+01   1.957829e+01   2.569254e+00   2.572180e+00  
575       1.986681e+01   1.953265e+01   2.566193e+00   2.565225e+00  
576       1.991945e+01   1.958590e+01   2.564809e+00   2.568786e+00  
577       1.985532e+01   1.952080e+01   2.567019e+00   2.565607e+00  
578       1.993282e+01   1.960005e+01   2.564179e+00   2.565270e+00  
579       1.986154e+01   1.952743e+01   2.564849e+00   2.565524e+00  
580       1.992836e+01   1.959568e+01   2.564041e+00   2.564080e+00  
581       1.986653e+01   1.953337e+01   2.561891e+00   2.561857e+00  
582       1.994675e+01   1.961500e+01   2.561042e+00   2.562330e+00  
583       1.986757e+01   1.953474e+01   2.560882e+00   2.560494e+00  
584       1.993993e+01   1.960843e+01   2.560126e+00   2.560536e+00  
585       1.987493e+01   1.954237e+01   2.560011e+00   2.560253e+00  
586       1.994245e+01   1.961064e+01   2.561346e+00   2.561924e+00  
587       1.987666e+01   1.954424e+01   2.559626e+00   2.559787e+00  
588       1.994537e+01   1.961298e+01   2.564227e+00   2.563872e+00  
589       1.986021e+01   1.952650e+01   2.563769e+00   2.563386e+00  
590       1.994543e+01   1.961341e+01   2.562467e+00   2.562797e+00  
591       1.986765e+01   1.953310e+01   2.567580e+00   2.566939e+00  
592       1.994057e+01   1.960784e+01   2.564912e+00   2.565240e+00  
593       1.987994e+01   1.954505e+01   2.570038e+00   2.568581e+00  
594       1.993928e+01   1.960591e+01   2.568087e+00   2.566662e+00  
595       1.988824e+01   1.955321e+01   2.570950e+00   2.569891e+00  
596       1.994068e+01   1.960582e+01   2.574212e+00   2.572151e+00  
597       1.990050e+01   1.956481e+01   2.574821e+00   2.572668e+00  
598       1.994206e+01   1.960591e+01   2.579541e+00   2.576782e+00  
599       1.990091e+01   1.956402e+01   2.578474e+00   2.578136e+00  
600       1.995188e+01   1.961462e+01   2.584644e+00   2.581456e+00  
601       1.990606e+01   1.956733e+01   2.586527e+00   2.584728e+00  
602       1.996410e+01   1.962643e+01   2.586528e+00   2.584271e+00  
603       1.990024e+01   1.955927e+01   2.594814e+00   2.592579e+00  
604       1.997355e+01   1.963432e+01   2.593496e+00   2.590362e+00  
605       1.989618e+01   1.955307e+01   2.602789e+00   2.600165e+00  
606       1.999006e+01   1.964969e+01   2.598450e+00   2.596151e+00  
607       1.990378e+01   1.955887e+01   2.609656e+00   2.607818e+00  
608       1.999343e+01   1.965160e+01   2.604475e+00   2.601622e+00  
609       1.990960e+01   1.956319e+01   2.615399e+00   2.614101e+00  
610       1.999247e+01   1.964909e+01   2.609819e+00   2.607836e+00  
611       1.991738e+01   1.957025e+01   2.618513e+00   2.617447e+00  
612       1.998760e+01   1.964267e+01   2.614975e+00   2.613761e+00  
613       1.993324e+01   1.958495e+01   2.624154e+00   2.622521e+00  
614       1.999418e+01   1.964702e+01   2.624505e+00   2.621789e+00  
615       1.993433e+01   1.958442e+01   2.630042e+00   2.628825e+00  
616       1.999664e+01   1.964843e+01   2.628142e+00   2.626278e+00  
617       1.993756e+01   1.958773e+01   2.630351e+00   2.628356e+00  
618       2.001064e+01   1.966270e+01   2.627970e+00   2.626294e+00  
619       1.994939e+01   1.959909e+01   2.632736e+00   2.631064e+00  
620       2.001646e+01   1.966717e+01   2.633793e+00   2.631391e+00  
621       1.995514e+01   1.960407e+01   2.635661e+00   2.634663e+00  
622       2.002226e+01   1.967327e+01   2.632303e+00   2.631456e+00  
623       1.995407e+01   1.960335e+01   2.634375e+00   2.633179e+00  
624       2.002346e+01   1.967490e+01   2.630882e+00   2.629763e+00  
625       1.996091e+01   1.960981e+01   2.636006e+00   2.635287e+00  
626       2.001427e+01   1.966517e+01   2.632585e+00   2.630889e+00  
627       1.996745e+01   1.961670e+01   2.634876e+00   2.634730e+00  
628       2.001241e+01   1.966367e+01   2.631538e+00   2.629000e+00  
629       1.996022e+01   1.960959e+01   2.633888e+00   2.633773e+00  
630       2.002129e+01   1.967275e+01   2.631309e+00   2.628919e+00  
631       1.996073e+01   1.961066e+01   2.630946e+00   2.632681e+00  
632       2.001938e+01   1.967113e+01   2.630012e+00   2.627832e+00  
633       1.997091e+01   1.962139e+01   2.629987e+00   2.630879e+00  
634       2.001596e+01   1.966731e+01   2.630732e+00   2.629649e+00  
635       1.997524e+01   1.962587e+01   2.629883e+00   2.630377e+00  
636       2.002053e+01   1.967196e+01   2.630693e+00   2.629668e+00  
637       1.997963e+01   1.963141e+01   2.626715e+00   2.625607e+00  
638       2.001678e+01   1.966792e+01   2.631074e+00   2.630957e+00  
639       1.997025e+01   1.962163e+01   2.627013e+00   2.627017e+00  
640       2.001574e+01   1.966652e+01   2.631861e+00   2.632674e+00  
641       1.996927e+01   1.962103e+01   2.626355e+00   2.624707e+00  
642       2.001897e+01   1.967067e+01   2.628713e+00   2.629368e+00  
643       1.996264e+01   1.961420e+01   2.626344e+00   2.625362e+00  
644       2.001351e+01   1.966528e+01   2.628076e+00   2.628801e+00  
645       1.996388e+01   1.961571e+01   2.625443e+00   2.624382e+00  
646       2.002977e+01   1.968221e+01   2.626390e+00   2.627622e+00  
647       1.995621e+01   1.960779e+01   2.625671e+00   2.625083e+00  
648       2.001908e+01   1.967153e+01   2.626173e+00   2.626354e+00  
649       1.996244e+01   1.961525e+01   2.621394e+00   2.620922e+00  
650       2.001335e+01   1.966552e+01   2.626666e+00   2.627139e+00  
651       1.996970e+01   1.962351e+01   2.617595e+00   2.618243e+00  
652       2.000936e+01   1.966145e+01   2.626697e+00   2.627266e+00  
653       1.997392e+01   1.962791e+01   2.617358e+00   2.617674e+00  
654       2.000895e+01   1.966135e+01   2.625222e+00   2.626324e+00  
655       1.997086e+01   1.962541e+01   2.615468e+00   2.614993e+00  
656       2.001050e+01   1.966263e+01   2.626252e+00   2.627498e+00  
657       1.997216e+01   1.962695e+01   2.615165e+00   2.613564e+00  
658       2.000678e+01   1.965892e+01   2.625758e+00   2.627456e+00  
659       1.997830e+01   1.963322e+01   2.614615e+00   2.613937e+00  
660       1.999771e+01   1.965013e+01   2.623837e+00   2.626108e+00  
661       1.997932e+01   1.963397e+01   2.616216e+00   2.614564e+00  
662       1.999652e+01   1.964830e+01   2.626181e+00   2.628393e+00  
663       1.997608e+01   1.963027e+01   2.617184e+00   2.616597e+00  
664       1.999057e+01   1.964115e+01   2.630760e+00   2.631978e+00  
665       1.997090e+01   1.962438e+01   2.619258e+00   2.619179e+00  
666       1.999836e+01   1.964818e+01   2.634536e+00   2.634885e+00  
667       1.995927e+01   1.961081e+01   2.625965e+00   2.625470e+00  
668       2.000305e+01   1.965151e+01   2.639852e+00   2.640313e+00  
669       1.996027e+01   1.961044e+01   2.631396e+00   2.630326e+00  
670       2.001010e+01   1.965719e+01   2.645312e+00   2.645971e+00  
671       1.996357e+01   1.961258e+01   2.636093e+00   2.634791e+00  
672       2.001517e+01   1.966093e+01   2.650237e+00   2.651623e+00  
673       1.996219e+01   1.960901e+01   2.644983e+00   2.641939e+00  
674       2.000569e+01   1.964922e+01   2.658506e+00   2.658535e+00  
675       1.996225e+01   1.960706e+01   2.652034e+00   2.649840e+00  
676       2.002105e+01   1.966307e+01   2.665468e+00   2.664829e+00  
677       1.996067e+01   1.960334e+01   2.658923e+00   2.658442e+00  
678       2.001426e+01   1.965458e+01   2.670966e+00   2.670901e+00  
679       1.996769e+01   1.960838e+01   2.667381e+00   2.665585e+00  
680       2.001577e+01   1.965456e+01   2.676230e+00   2.677127e+00  
681       1.995992e+01   1.959794e+01   2.676096e+00   2.675384e+00  
682       2.002360e+01   1.966074e+01   2.683760e+00   2.682799e+00  
683       1.995698e+01   1.959275e+01   2.683957e+00   2.683563e+00  
684       2.001766e+01   1.965292e+01   2.689980e+00   2.689453e+00  
685       1.996191e+01   1.959588e+01   2.691073e+00   2.690286e+00  
686       2.002078e+01   1.965476e+01   2.694100e+00   2.695207e+00  
687       1.996161e+01   1.959330e+01   2.699650e+00   2.698178e+00  
688       2.001606e+01   1.964777e+01   2.702020e+00   2.703143e+00  
689       1.996409e+01   1.959379e+01   2.706707e+00   2.705931e+00  
690       2.001016e+01   1.963959e+01   2.709649e+00   2.711295e+00  
691       1.998150e+01   1.960994e+01   2.712774e+00   2.711338e+00  
692       2.000948e+01   1.963725e+01   2.715706e+00   2.717137e+00  
693       1.998173e+01   1.960949e+01   2.714900e+00   2.714170e+00  
694       2.001528e+01   1.964265e+01   2.717458e+00   2.719051e+00  
695       1.998212e+01   1.960954e+01   2.716632e+00   2.714901e+00  
696       2.001927e+01   1.964629e+01   2.719111e+00   2.720459e+00  
697       1.998175e+01   1.960825e+01   2.719790e+00   2.718425e+00  
698       2.002874e+01   1.965540e+01   2.721371e+00   2.722087e+00  
699       1.997865e+01   1.960398e+01   2.723795e+00   2.722375e+00  
700       2.002100e+01   1.964768e+01   2.720866e+00   2.721367e+00  
701       1.998261e+01   1.960788e+01   2.723832e+00   2.723283e+00  
702       2.001152e+01   1.963778e+01   2.721458e+00   2.722540e+00  
703       1.999741e+01   1.962250e+01   2.726191e+00   2.724293e+00  
704       2.001379e+01   1.963920e+01   2.725096e+00   2.725334e+00  
705       1.999618e+01   1.962065e+01   2.727742e+00   2.727029e+00  
706       2.000819e+01   1.963281e+01   2.727275e+00   2.728083e+00  
707       2.000926e+01   1.963421e+01   2.727170e+00   2.725977e+00  
708       2.000234e+01   1.962657e+01   2.728369e+00   2.728975e+00  
709       2.002225e+01   1.964736e+01   2.727392e+00   2.726375e+00  
710       1.999964e+01   1.962257e+01   2.732571e+00   2.733703e+00  
711       2.002960e+01   1.965489e+01   2.727070e+00   2.726446e+00  
712       1.999822e+01   1.962121e+01   2.732541e+00   2.733150e+00  
713       2.004031e+01   1.966577e+01   2.726744e+00   2.727000e+00  
714       2.000355e+01   1.962702e+01   2.731816e+00   2.731141e+00  
715       2.005133e+01   1.967765e+01   2.723873e+00   2.725141e+00  
716       2.000778e+01   1.963145e+01   2.730864e+00   2.731294e+00  
717       2.005762e+01   1.968423e+01   2.723687e+00   2.724084e+00  
718       2.000978e+01   1.963417e+01   2.728393e+00   2.728815e+00  
719       2.006205e+01   1.968917e+01   2.722237e+00   2.722464e+00  
720       2.001411e+01   1.963933e+01   2.725732e+00   2.726045e+00  
721       2.005856e+01   1.968563e+01   2.722319e+00   2.722311e+00  
722       2.001422e+01   1.963997e+01   2.723617e+00   2.724464e+00  
723       2.005565e+01   1.968224e+01   2.723853e+00   2.723826e+00  
724       2.000737e+01   1.963356e+01   2.721305e+00   2.722626e+00  
725       2.005827e+01   1.968520e+01   2.721803e+00   2.723722e+00  
726       2.000760e+01   1.963350e+01   2.722447e+00   2.723603e+00  
727       2.006109e+01   1.968850e+01   2.720315e+00   2.722195e+00  
728       2.000428e+01   1.963077e+01   2.720282e+00   2.721088e+00  
729       2.006218e+01   1.968985e+01   2.718507e+00   2.722291e+00  
730       2.000674e+01   1.963330e+01   2.720364e+00   2.720839e+00  
731       2.006713e+01   1.969509e+01   2.718066e+00   2.721282e+00  
732       2.000908e+01   1.963603e+01   2.718951e+00   2.719758e+00  
733       2.005737e+01   1.968546e+01   2.717371e+00   2.719632e+00  
734       2.002168e+01   1.964900e+01   2.718005e+00   2.719681e+00  
735       2.006835e+01   1.969695e+01   2.716596e+00   2.718256e+00  
736       2.002587e+01   1.965301e+01   2.719404e+00   2.720209e+00  
737       2.007892e+01   1.970786e+01   2.715756e+00   2.718072e+00  
738       2.003194e+01   1.965937e+01   2.718939e+00   2.719357e+00  
739       2.008443e+01   1.971344e+01   2.716796e+00   2.717294e+00  
740       2.004132e+01   1.966828e+01   2.721007e+00   2.722036e+00  
741       2.008930e+01   1.971825e+01   2.717575e+00   2.717602e+00  
742       2.004005e+01   1.966613e+01   2.724382e+00   2.724855e+00  
743       2.010143e+01   1.973052e+01   2.718615e+00   2.717164e+00  
744       2.004030e+01   1.966568e+01   2.726518e+00   2.727763e+00  
745       2.009766e+01   1.972582e+01   2.720927e+00   2.721109e+00  
746       2.005104e+01   1.967624e+01   2.728227e+00   2.728845e+00  
747       2.010435e+01   1.973161e+01   2.724872e+00   2.724617e+00  
748       2.005093e+01   1.967472e+01   2.733196e+00   2.733965e+00  
749       2.010731e+01   1.973340e+01   2.729428e+00   2.728911e+00  
750       2.005403e+01   1.967761e+01   2.734611e+00   2.734560e+00  
751       2.011469e+01   1.973963e+01   2.733834e+00   2.733851e+00  
752       2.005175e+01   1.967437e+01   2.737387e+00   2.738327e+00  
753       2.012211e+01   1.974598e+01   2.738206e+00   2.738267e+00  
754       2.005328e+01   1.967490e+01   2.741057e+00   2.742063e+00  
755       2.012522e+01   1.974786e+01   2.742360e+00   2.743321e+00  
756       2.006151e+01   1.968272e+01   2.742408e+00   2.744742e+00  
757       2.012324e+01   1.974441e+01   2.747537e+00   2.748465e+00  
758       2.005817e+01   1.967826e+01   2.746259e+00   2.748529e+00  
759       2.012266e+01   1.974217e+01   2.753989e+00   2.753861e+00  
760       2.006495e+01   1.968417e+01   2.749655e+00   2.752261e+00  
761       2.012619e+01   1.974462e+01   2.757499e+00   2.758556e+00  
762       2.007619e+01   1.969460e+01   2.752967e+00   2.756363e+00  
763       2.012366e+01   1.974071e+01   2.762607e+00   2.762958e+00  
764       2.007946e+01   1.969685e+01   2.756448e+00   2.760618e+00  
765       2.012585e+01   1.974210e+01   2.765255e+00   2.766345e+00  
766       2.008986e+01   1.970658e+01   2.759550e+00   2.763672e+00  
767       2.013165e+01   1.974743e+01   2.766905e+00   2.768816e+00  
768       2.008675e+01   1.970283e+01   2.761624e+00   2.765763e+00  
769       2.014647e+01   1.976277e+01   2.765791e+00   2.768349e+00  
770       2.009150e+01   1.970741e+01   2.762880e+00   2.766384e+00  
771       2.013943e+01   1.975570e+01   2.764939e+00   2.768445e+00  
772       2.009477e+01   1.971018e+01   2.765715e+00   2.767548e+00  
773       2.014188e+01   1.975772e+01   2.766754e+00   2.770026e+00  
774       2.009337e+01   1.970829e+01   2.766729e+00   2.769811e+00  
775       2.014195e+01   1.975827e+01   2.764877e+00   2.768465e+00  
776       2.010364e+01   1.971906e+01   2.765611e+00   2.768843e+00  
777       2.014346e+01   1.976046e+01   2.763035e+00   2.765694e+00  
778       2.009772e+01   1.971386e+01   2.762086e+00   2.766427e+00  
779       2.014695e+01   1.976479e+01   2.759721e+00   2.763443e+00  
780       2.010334e+01   1.972016e+01   2.759948e+00   2.764452e+00  
781       2.014667e+01   1.976519e+01   2.757662e+00   2.760635e+00  
782       2.009794e+01   1.971484e+01   2.759428e+00   2.763718e+00  
783       2.015164e+01   1.977026e+01   2.757238e+00   2.760930e+00  
784       2.008917e+01   1.970608e+01   2.758586e+00   2.763208e+00  
785       2.014053e+01   1.975949e+01   2.755498e+00   2.758754e+00  
786       2.008664e+01   1.970400e+01   2.756708e+00   2.761489e+00  
787       2.013266e+01   1.975193e+01   2.754084e+00   2.756841e+00  
788       2.008762e+01   1.970548e+01   2.754634e+00   2.760200e+00  
789       2.012971e+01   1.974896e+01   2.753720e+00   2.756982e+00  
790       2.008884e+01   1.970737e+01   2.752479e+00   2.757729e+00  
791       2.011734e+01   1.973709e+01   2.750579e+00   2.754783e+00  
792       2.010890e+01   1.972837e+01   2.750507e+00   2.755680e+00  
793       2.011443e+01   1.973480e+01   2.747974e+00   2.752568e+00  
794       2.010720e+01   1.972746e+01   2.747018e+00   2.753323e+00  
795       2.011344e+01   1.973387e+01   2.748104e+00   2.751841e+00  
796       2.010531e+01   1.972603e+01   2.745380e+00   2.751352e+00  
797       2.010620e+01   1.972729e+01   2.745283e+00   2.748945e+00  
798       2.011091e+01   1.973235e+01   2.743493e+00   2.748873e+00  
799       2.010007e+01   1.972136e+01   2.743506e+00   2.748410e+00  
800       2.010784e+01   1.972987e+01   2.740588e+00   2.747086e+00  
801       2.010549e+01   1.972799e+01   2.739570e+00   2.744418e+00  
802       2.010598e+01   1.972856e+01   2.738822e+00   2.744680e+00  
803       2.010381e+01   1.972713e+01   2.735689e+00   2.742115e+00  
804       2.010793e+01   1.973132e+01   2.736285e+00   2.741653e+00  
805       2.010268e+01   1.972739e+01   2.731061e+00   2.736632e+00  
806       2.010312e+01   1.972707e+01   2.733527e+00   2.739686e+00  
807       2.009913e+01   1.972474e+01   2.727779e+00   2.732921e+00  
808       2.010139e+01   1.972564e+01   2.733241e+00   2.737546e+00  
809       2.009000e+01   1.971638e+01   2.724072e+00   2.729868e+00  
810       2.010631e+01   1.973125e+01   2.731105e+00   2.735418e+00  
811       2.008252e+01   1.970897e+01   2.722992e+00   2.729365e+00  
812       2.010563e+01   1.973134e+01   2.727803e+00   2.733116e+00  
813       2.007196e+01   1.969832e+01   2.723175e+00   2.728405e+00  
814       2.010393e+01   1.972996e+01   2.726483e+00   2.731840e+00  
815       2.006547e+01   1.969152e+01   2.723285e+00   2.729625e+00  
816       2.010364e+01   1.972994e+01   2.725464e+00   2.730865e+00  
817       2.006560e+01   1.969153e+01   2.724696e+00   2.729119e+00  
818       2.009265e+01   1.971837e+01   2.726910e+00   2.732078e+00  
819       2.006518e+01   1.969086e+01   2.725375e+00   2.730173e+00  
820       2.009703e+01   1.972223e+01   2.728564e+00   2.734791e+00  
821       2.005843e+01   1.968332e+01   2.728338e+00   2.731992e+00  
822       2.009045e+01   1.971513e+01   2.729934e+00   2.736308e+00  
823       2.005359e+01   1.967714e+01   2.732830e+00   2.736518e+00  
824       2.008805e+01   1.971188e+01   2.732570e+00   2.739500e+00  
825       2.006363e+01   1.968707e+01   2.734047e+00   2.737447e+00  
826       2.008250e+01   1.970509e+01   2.736931e+00   2.743263e+00  
827       2.006725e+01   1.969016e+01   2.736119e+00   2.739669e+00  
828       2.009059e+01   1.971256e+01   2.739106e+00   2.746650e+00  
829       2.007463e+01   1.969711e+01   2.737843e+00   2.742008e+00  
830       2.009133e+01   1.971233e+01   2.742571e+00   2.750278e+00  
831       2.008218e+01   1.970423e+01   2.738901e+00   2.745117e+00  
832       2.010020e+01   1.972032e+01   2.746799e+00   2.753546e+00  
833       2.008845e+01   1.970938e+01   2.743732e+00   2.749184e+00  
834       2.009595e+01   1.971528e+01   2.749264e+00   2.756168e+00  
835       2.009262e+01   1.971252e+01   2.747722e+00   2.753198e+00  
836       2.009824e+01   1.971695e+01   2.751470e+00   2.758682e+00  
837       2.009144e+01   1.971030e+01   2.751276e+00   2.756860e+00  
838       2.010570e+01   1.972369e+01   2.753822e+00   2.762549e+00  
839       2.008814e+01   1.970638e+01   2.752811e+00   2.759389e+00  
840       2.011293e+01   1.973076e+01   2.754604e+00   2.763964e+00  
841       2.008633e+01   1.970434e+01   2.753327e+00   2.760258e+00  
842       2.011360e+01   1.973079e+01   2.756710e+00   2.766504e+00  
843       2.007997e+01   1.969700e+01   2.755920e+00   2.763747e+00  
844       2.012051e+01   1.973757e+01   2.758074e+00   2.766981e+00  
845       2.008347e+01   1.970058e+01   2.755671e+00   2.763920e+00  
846       2.011572e+01   1.973265e+01   2.757783e+00   2.767585e+00  
847       2.008369e+01   1.970110e+01   2.755162e+00   2.762353e+00  
848       2.011202e+01   1.972855e+01   2.759041e+00   2.768610e+00  
849       2.008181e+01   1.969884e+01   2.756093e+00   2.763801e+00  
850       2.011551e+01   1.973279e+01   2.756543e+00   2.766284e+00  
851       2.008358e+01   1.970092e+01   2.754978e+00   2.763019e+00  
852       2.011702e+01   1.973434e+01   2.756435e+00   2.766321e+00  
853       2.008813e+01   1.970608e+01   2.753616e+00   2.760608e+00  
854       2.012204e+01   1.974042e+01   2.752836e+00   2.763051e+00  
855       2.008814e+01   1.970669e+01   2.751183e+00   2.758771e+00  
856       2.012372e+01   1.974306e+01   2.749620e+00   2.759643e+00  
857       2.008105e+01   1.969977e+01   2.749981e+00   2.757747e+00  
858       2.011838e+01   1.973792e+01   2.748682e+00   2.758351e+00  
859       2.009170e+01   1.971101e+01   2.748445e+00   2.756568e+00  
860       2.011504e+01   1.973458e+01   2.748622e+00   2.757887e+00  
861       2.009429e+01   1.971422e+01   2.746010e+00   2.754957e+00  
862       2.010861e+01   1.972847e+01   2.747417e+00   2.755956e+00  
863       2.009701e+01   1.971741e+01   2.744125e+00   2.753798e+00  
864       2.010705e+01   1.972713e+01   2.746777e+00   2.754807e+00  
865       2.010340e+01   1.972434e+01   2.742381e+00   2.752588e+00  
866       2.010759e+01   1.972792e+01   2.745650e+00   2.754225e+00  
867       2.011004e+01   1.973170e+01   2.741016e+00   2.749636e+00  
868       2.009790e+01   1.971822e+01   2.745303e+00   2.753281e+00  
869       2.011289e+01   1.973516e+01   2.739065e+00   2.747625e+00  
870       2.010559e+01   1.972679e+01   2.742412e+00   2.750945e+00  
871       2.011279e+01   1.973563e+01   2.736859e+00   2.745736e+00  
872       2.010312e+01   1.972464e+01   2.741486e+00   2.749254e+00  
873       2.011758e+01   1.974191e+01   2.731343e+00   2.741103e+00  
874       2.010501e+01   1.972762e+01   2.737479e+00   2.745682e+00  
875       2.011748e+01   1.974237e+01   2.729713e+00   2.738767e+00  
876       2.010499e+01   1.972879e+01   2.733006e+00   2.741536e+00  
877       2.013242e+01   1.975872e+01   2.724925e+00   2.735338e+00  
878       2.010451e+01   1.972886e+01   2.730204e+00   2.740313e+00  
879       2.012972e+01   1.975667e+01   2.722609e+00   2.732551e+00  
880       2.010723e+01   1.973256e+01   2.726611e+00   2.737207e+00  
881       2.012966e+01   1.975740e+01   2.720218e+00   2.729270e+00  
882       2.010871e+01   1.973478e+01   2.723926e+00   2.734797e+00  
883       2.013060e+01   1.975912e+01   2.717721e+00   2.726191e+00  
884       2.010344e+01   1.972984e+01   2.722656e+00   2.732933e+00  
885       2.013179e+01   1.976091e+01   2.715435e+00   2.724302e+00  
886       2.010693e+01   1.973359e+01   2.721617e+00   2.732526e+00  
887       2.013075e+01   1.976052e+01   2.712827e+00   2.722032e+00  
888       2.011115e+01   1.973826e+01   2.720555e+00   2.730958e+00  
889       2.012819e+01   1.975783e+01   2.712944e+00   2.722548e+00  
890       2.012013e+01   1.974737e+01   2.720929e+00   2.730861e+00  
891       2.012658e+01   1.975576e+01   2.715068e+00   2.723505e+00  
892       2.011748e+01   1.974428e+01   2.722097e+00   2.732483e+00  
893       2.013138e+01   1.975998e+01   2.718025e+00   2.725490e+00  
894       2.012258e+01   1.974930e+01   2.722277e+00   2.733586e+00  
895       2.013699e+01   1.976516e+01   2.720507e+00   2.726847e+00  
896       2.012114e+01   1.974697e+01   2.724351e+00   2.737725e+00  
897       2.013321e+01   1.976046e+01   2.724266e+00   2.729248e+00  
898       2.012129e+01   1.974697e+01   2.724813e+00   2.738421e+00  
899       2.014010e+01   1.976668e+01   2.726250e+00   2.733043e+00  
900       2.011952e+01   1.974373e+01   2.730293e+00   2.743308e+00  
901       2.013927e+01   1.976539e+01   2.727580e+00   2.734955e+00  
902       2.012829e+01   1.975205e+01   2.732158e+00   2.745865e+00  
903       2.013535e+01   1.976089e+01   2.729797e+00   2.736380e+00  
904       2.013521e+01   1.975815e+01   2.735741e+00   2.749118e+00  
905       2.013754e+01   1.976274e+01   2.730219e+00   2.738755e+00  
906       2.013483e+01   1.975680e+01   2.739358e+00   2.752481e+00  
907       2.013164e+01   1.975533e+01   2.735472e+00   2.743544e+00  
908       2.014483e+01   1.976677e+01   2.740154e+00   2.753269e+00  
909       2.013096e+01   1.975352e+01   2.739550e+00   2.747564e+00  
910       2.015563e+01   1.977750e+01   2.741123e+00   2.754241e+00  
911       2.012981e+01   1.975148e+01   2.742180e+00   2.751147e+00  
912       2.015448e+01   1.977487e+01   2.746995e+00   2.758950e+00  
913       2.012889e+01   1.974968e+01   2.744351e+00   2.755194e+00  
914       2.016653e+01   1.978717e+01   2.746870e+00   2.758901e+00  
915       2.013033e+01   1.975086e+01   2.744680e+00   2.756886e+00  
916       2.016914e+01   1.978892e+01   2.749818e+00   2.762466e+00  
917       2.013169e+01   1.975180e+01   2.746426e+00   2.758404e+00  
918       2.017069e+01   1.979013e+01   2.750100e+00   2.764840e+00  
919       2.012631e+01   1.974582e+01   2.748911e+00   2.759497e+00  
920       2.016518e+01   1.978424e+01   2.751796e+00   2.765155e+00  
921       2.013048e+01   1.974933e+01   2.750620e+00   2.763077e+00  
922       2.016313e+01   1.978190e+01   2.752456e+00   2.766246e+00  
923       2.013676e+01   1.975599e+01   2.749779e+00   2.761988e+00  
924       2.015069e+01   1.976909e+01   2.752765e+00   2.766853e+00  
925       2.014708e+01   1.976600e+01   2.751269e+00   2.764146e+00  
926       2.014820e+01   1.976730e+01   2.750173e+00   2.764172e+00  
927       2.014538e+01   1.976432e+01   2.750552e+00   2.764452e+00  
928       2.014413e+01   1.976322e+01   2.750020e+00   2.763758e+00  
929       2.015187e+01   1.977125e+01   2.749586e+00   2.763213e+00  
930       2.014682e+01   1.976619e+01   2.749958e+00   2.762217e+00  
931       2.014772e+01   1.976761e+01   2.747155e+00   2.761422e+00  
932       2.014277e+01   1.976231e+01   2.748583e+00   2.761835e+00  
933       2.014187e+01   1.976158e+01   2.747303e+00   2.761694e+00  
934       2.014470e+01   1.976390e+01   2.749692e+00   2.763373e+00  
935       2.014034e+01   1.976010e+01   2.746948e+00   2.761482e+00  
936       2.014724e+01   1.976629e+01   2.750947e+00   2.763599e+00  
937       2.013598e+01   1.975586e+01   2.745903e+00   2.761138e+00  
938       2.015072e+01   1.977008e+01   2.750179e+00   2.762590e+00  
939       2.013714e+01   1.975713e+01   2.746159e+00   2.760243e+00  
940       2.014095e+01   1.976059e+01   2.748168e+00   2.761230e+00  
941       2.013472e+01   1.975503e+01   2.744555e+00   2.759229e+00  
942       2.012785e+01   1.974689e+01   2.750322e+00   2.761658e+00  
943       2.013749e+01   1.975869e+01   2.741357e+00   2.756387e+00  
944       2.012300e+01   1.974232e+01   2.749243e+00   2.760010e+00  
945       2.013996e+01   1.976162e+01   2.739580e+00   2.755200e+00  
946       2.011231e+01   1.973220e+01   2.746081e+00   2.757610e+00  
947       2.013188e+01   1.975438e+01   2.735824e+00   2.751807e+00  
948       2.011281e+01   1.973325e+01   2.744486e+00   2.755331e+00  
949       2.013671e+01   1.975987e+01   2.733711e+00   2.749760e+00  
950       2.010948e+01   1.973054e+01   2.741704e+00   2.753227e+00  
951       2.013674e+01   1.976028e+01   2.732460e+00   2.748298e+00  
952       2.010569e+01   1.972720e+01   2.740303e+00   2.750790e+00  
953       2.013486e+01   1.975881e+01   2.731066e+00   2.746498e+00  
954       2.010824e+01   1.972974e+01   2.739995e+00   2.751554e+00  
955       2.013075e+01   1.975519e+01   2.728702e+00   2.744784e+00  
956       2.010870e+01   1.973090e+01   2.737586e+00   2.748986e+00  
957       2.012340e+01   1.974803e+01   2.727729e+00   2.743354e+00  
958       2.009993e+01   1.972254e+01   2.735934e+00   2.746497e+00  
959       2.012164e+01   1.974586e+01   2.729218e+00   2.744603e+00  
960       2.010722e+01   1.973015e+01   2.734989e+00   2.746145e+00  
961       2.011603e+01   1.974014e+01   2.729644e+00   2.744133e+00  
962       2.010798e+01   1.973068e+01   2.735743e+00   2.747136e+00  
963       2.011536e+01   1.973892e+01   2.731711e+00   2.745971e+00  
964       2.011302e+01   1.973585e+01   2.735304e+00   2.747362e+00  
965       2.010313e+01   1.972570e+01   2.734768e+00   2.748372e+00  
966       2.012069e+01   1.974337e+01   2.736310e+00   2.748476e+00  
967       2.010503e+01   1.972702e+01   2.736916e+00   2.750733e+00  
968       2.011919e+01   1.974152e+01   2.737444e+00   2.749641e+00  
969       2.009691e+01   1.971742e+01   2.741758e+00   2.755317e+00  
970       2.012078e+01   1.974301e+01   2.738486e+00   2.749571e+00  
971       2.010834e+01   1.972839e+01   2.744054e+00   2.757912e+00  
972       2.012109e+01   1.974278e+01   2.739901e+00   2.752008e+00  
973       2.010470e+01   1.972337e+01   2.748954e+00   2.762465e+00  
974       2.012556e+01   1.974635e+01   2.743834e+00   2.755214e+00  
975       2.010630e+01   1.972361e+01   2.753256e+00   2.768025e+00  
976       2.011822e+01   1.973762e+01   2.748224e+00   2.759758e+00  
977       2.010865e+01   1.972486e+01   2.757649e+00   2.771827e+00  
978       2.011605e+01   1.973409e+01   2.752421e+00   2.764998e+00  
979       2.010405e+01   1.971899e+01   2.761810e+00   2.776073e+00  
980       2.011785e+01   1.973450e+01   2.757391e+00   2.770212e+00  
981       2.009887e+01   1.971227e+01   2.766951e+00   2.781171e+00  
982       2.010989e+01   1.972514e+01   2.762071e+00   2.774398e+00  
983       2.010094e+01   1.971295e+01   2.772371e+00   2.785942e+00  
984       2.010725e+01   1.972101e+01   2.766375e+00   2.780353e+00  
985       2.009908e+01   1.970997e+01   2.776046e+00   2.789950e+00  
986       2.010477e+01   1.971761e+01   2.769251e+00   2.783693e+00  
987       2.010428e+01   1.971436e+01   2.779704e+00   2.792726e+00  
988       2.010700e+01   1.971863e+01   2.773213e+00   2.788574e+00  
989       2.010888e+01   1.971805e+01   2.783239e+00   2.796303e+00  
990       2.011089e+01   1.972163e+01   2.776964e+00   2.791738e+00  
991       2.010964e+01   1.971814e+01   2.785327e+00   2.799075e+00  
992       2.010903e+01   1.971863e+01   2.781053e+00   2.795421e+00  
993       2.011699e+01   1.972528e+01   2.786147e+00   2.800760e+00  
994       2.010851e+01   1.971753e+01   2.783002e+00   2.797506e+00  
995       2.011079e+01   1.971824e+01   2.789188e+00   2.802719e+00  
996       2.010794e+01   1.971639e+01   2.785514e+00   2.798924e+00  
997       2.010528e+01   1.971231e+01   2.789742e+00   2.804356e+00  
998       2.010910e+01   1.971735e+01   2.786550e+00   2.799479e+00  
999       2.010844e+01   1.971581e+01   2.788081e+00   2.804039e+00  
1000      2.010644e+01   1.971502e+01   2.784912e+00   2.798401e+00  
1001      2.010213e+01   1.970919e+01   2.788293e+00   2.805105e+00  
1002      2.010124e+01   1.970964e+01   2.785070e+00   2.798814e+00  
1003      2.010315e+01   1.971057e+01   2.787117e+00   2.803923e+00  
1004      2.010029e+01   1.970899e+01   2.783867e+00   2.797754e+00  
1005      2.009683e+01   1.970425e+01   2.786225e+00   2.803925e+00  
1006      2.010034e+01   1.970901e+01   2.784117e+00   2.797707e+00  
1007      2.009064e+01   1.969797e+01   2.786356e+00   2.803586e+00  
1008      2.010193e+01   1.971105e+01   2.782769e+00   2.796114e+00  
1009      2.008750e+01   1.969530e+01   2.784357e+00   2.801855e+00  
1010      2.010061e+01   1.970934e+01   2.784017e+00   2.797468e+00  
1011      2.008778e+01   1.969585e+01   2.783638e+00   2.800657e+00  
1012      2.010918e+01   1.971857e+01   2.782215e+00   2.795748e+00  
1013      2.008180e+01   1.968988e+01   2.783898e+00   2.799508e+00  
1014      2.011618e+01   1.972633e+01   2.779949e+00   2.793658e+00  
1015      2.008566e+01   1.969456e+01   2.781373e+00   2.796760e+00  
1016      2.010749e+01   1.971780e+01   2.778527e+00   2.792723e+00  
1017      2.007792e+01   1.968762e+01   2.778604e+00   2.792863e+00  
1018      2.010435e+01   1.971532e+01   2.775699e+00   2.790380e+00  
1019      2.007902e+01   1.968905e+01   2.777344e+00   2.791916e+00  
1020      2.010324e+01   1.971486e+01   2.773590e+00   2.787766e+00  
1021      2.007572e+01   1.968644e+01   2.774197e+00   2.789691e+00  
1022      2.010339e+01   1.971578e+01   2.770046e+00   2.785924e+00  
1023      2.008169e+01   1.969345e+01   2.770473e+00   2.786942e+00  
1024      2.010820e+01   1.972107e+01   2.768879e+00   2.784279e+00  
1025      2.007485e+01   1.968685e+01   2.768892e+00   2.785808e+00  
1026      2.010954e+01   1.972328e+01   2.765773e+00   2.781454e+00  
1027      2.007555e+01   1.968823e+01   2.766616e+00   2.783393e+00  
1028      2.011215e+01   1.972593e+01   2.766141e+00   2.781136e+00  
1029      2.007638e+01   1.968962e+01   2.765356e+00   2.780817e+00  
1030      2.011139e+01   1.972610e+01   2.762038e+00   2.778485e+00  
1031      2.006606e+01   1.967928e+01   2.764674e+00   2.780098e+00  
1032      2.010911e+01   1.972433e+01   2.760212e+00   2.776407e+00  
1033      2.006877e+01   1.968257e+01   2.763202e+00   2.777917e+00  
1034      2.010822e+01   1.972393e+01   2.758217e+00   2.774742e+00  
1035      2.006977e+01   1.968408e+01   2.760722e+00   2.776885e+00  
1036      2.010068e+01   1.971682e+01   2.756576e+00   2.772304e+00  
1037      2.006842e+01   1.968279e+01   2.760450e+00   2.776514e+00  
1038      2.010209e+01   1.971848e+01   2.756038e+00   2.771291e+00  
1039      2.007586e+01   1.969055e+01   2.759766e+00   2.775934e+00  
1040      2.009271e+01   1.970889e+01   2.755672e+00   2.771812e+00  
1041      2.007790e+01   1.969304e+01   2.758725e+00   2.774148e+00  
1042      2.008891e+01   1.970470e+01   2.756852e+00   2.772877e+00  
1043      2.007388e+01   1.968831e+01   2.760571e+00   2.776714e+00  
1044      2.008705e+01   1.970266e+01   2.757547e+00   2.773258e+00  
1045      2.007686e+01   1.969115e+01   2.761230e+00   2.777553e+00  
1046      2.008744e+01   1.970215e+01   2.760591e+00   2.776620e+00  
1047      2.007490e+01   1.968885e+01   2.762583e+00   2.778299e+00  
1048      2.008998e+01   1.970420e+01   2.762303e+00   2.778751e+00  
1049      2.007251e+01   1.968560e+01   2.765527e+00   2.781075e+00  
1050      2.009237e+01   1.970622e+01   2.763762e+00   2.780271e+00  
1051      2.007213e+01   1.968423e+01   2.768990e+00   2.784626e+00  
1052      2.009438e+01   1.970732e+01   2.767014e+00   2.783773e+00  
1053      2.007194e+01   1.968300e+01   2.772492e+00   2.788435e+00  
1054      2.009644e+01   1.970915e+01   2.768023e+00   2.784675e+00  
1055      2.007123e+01   1.968122e+01   2.776600e+00   2.791879e+00  
1056      2.010159e+01   1.971386e+01   2.770038e+00   2.786539e+00  
1057      2.007697e+01   1.968627e+01   2.779226e+00   2.794846e+00  
1058      2.010055e+01   1.971183e+01   2.773012e+00   2.790379e+00  
1059      2.007277e+01   1.968083e+01   2.783380e+00   2.798908e+00  
1060      2.010863e+01   1.971926e+01   2.776200e+00   2.792938e+00  
1061      2.008084e+01   1.968873e+01   2.784143e+00   2.800522e+00  
1062      2.010769e+01   1.971748e+01   2.779940e+00   2.795010e+00  
1063      2.008008e+01   1.968745e+01   2.785744e+00   2.802392e+00  
1064      2.011804e+01   1.972781e+01   2.780609e+00   2.795940e+00  
1065      2.008854e+01   1.969571e+01   2.786624e+00   2.804082e+00  
1066      2.011377e+01   1.972242e+01   2.784889e+00   2.798933e+00  
1067      2.009713e+01   1.970390e+01   2.788624e+00   2.806176e+00  
1068      2.011972e+01   1.972788e+01   2.786753e+00   2.801427e+00  
1069      2.009639e+01   1.970305e+01   2.788791e+00   2.806700e+00  
1070      2.011672e+01   1.972487e+01   2.785686e+00   2.802144e+00  
1071      2.009853e+01   1.970495e+01   2.789819e+00   2.807685e+00  
1072      2.011824e+01   1.972633e+01   2.786256e+00   2.802141e+00  
1073      2.009513e+01   1.970179e+01   2.788547e+00   2.806733e+00  
1074      2.012230e+01   1.973028e+01   2.787041e+00   2.802779e+00  
1075      2.010038e+01   1.970758e+01   2.786610e+00   2.805589e+00  
1076      2.012502e+01   1.973347e+01   2.785897e+00   2.800969e+00  
1077      2.010092e+01   1.970855e+01   2.785158e+00   2.804042e+00  
1078      2.013456e+01   1.974344e+01   2.784835e+00   2.800378e+00  
1079      2.009751e+01   1.970550e+01   2.783587e+00   2.802633e+00  
1080      2.012982e+01   1.973903e+01   2.782841e+00   2.799323e+00  
1081      2.009659e+01   1.970438e+01   2.784278e+00   2.803281e+00  
1082      2.013056e+01   1.973982e+01   2.782980e+00   2.798876e+00  
1083      2.010103e+01   1.970950e+01   2.782573e+00   2.800766e+00  
1084      2.013884e+01   1.974906e+01   2.779393e+00   2.796877e+00  
1085      2.010895e+01   1.971789e+01   2.781844e+00   2.799339e+00  
1086      2.013792e+01   1.974822e+01   2.778567e+00   2.796966e+00  
1087      2.011698e+01   1.972668e+01   2.780308e+00   2.796541e+00  
1088      2.014924e+01   1.976053e+01   2.776306e+00   2.793835e+00  
1089      2.011827e+01   1.972826e+01   2.778990e+00   2.796016e+00  
1090      2.015714e+01   1.976914e+01   2.773937e+00   2.792225e+00  
1091      2.012087e+01   1.973160e+01   2.776972e+00   2.793147e+00  
1092      2.016051e+01   1.977266e+01   2.774025e+00   2.791517e+00  
1093      2.012712e+01   1.973873e+01   2.774247e+00   2.790538e+00  
1094      2.015116e+01   1.976387e+01   2.770673e+00   2.789674e+00  
1095      2.012240e+01   1.973425e+01   2.772962e+00   2.789497e+00  
1096      2.015437e+01   1.976785e+01   2.768214e+00   2.787088e+00  
1097      2.012942e+01   1.974159e+01   2.772465e+00   2.788688e+00  
1098      2.015640e+01   1.977085e+01   2.764708e+00   2.783970e+00  
1099      2.014102e+01   1.975399e+01   2.770077e+00   2.787022e+00  
1100      2.015761e+01   1.977256e+01   2.763260e+00   2.781981e+00  
1101      2.014894e+01   1.976284e+01   2.767376e+00   2.784158e+00  
1102      2.015726e+01   1.977309e+01   2.759972e+00   2.778928e+00  
1103      2.015856e+01   1.977354e+01   2.764747e+00   2.780420e+00  
1104      2.016438e+01   1.978103e+01   2.757621e+00   2.776474e+00  
1105      2.016013e+01   1.977619e+01   2.760199e+00   2.777481e+00  
1106      2.016594e+01   1.978316e+01   2.755360e+00   2.774791e+00  
1107      2.016208e+01   1.977911e+01   2.757192e+00   2.773852e+00  
1108      2.016852e+01   1.978681e+01   2.751351e+00   2.771505e+00  
1109      2.017331e+01   1.979086e+01   2.756016e+00   2.772854e+00  
1110      2.016592e+01   1.978447e+01   2.750342e+00   2.770306e+00  
1111      2.017623e+01   1.979458e+01   2.752776e+00   2.770760e+00  
1112      2.017312e+01   1.979191e+01   2.750731e+00   2.769243e+00  
1113      2.018304e+01   1.980185e+01   2.751786e+00   2.769413e+00  
1114      2.017352e+01   1.979268e+01   2.749716e+00   2.767650e+00  
1115      2.017744e+01   1.979649e+01   2.750176e+00   2.768557e+00  
1116      2.017611e+01   1.979568e+01   2.748116e+00   2.766691e+00  
1117      2.017515e+01   1.979422e+01   2.749585e+00   2.768607e+00  
1118      2.017947e+01   1.979912e+01   2.747790e+00   2.766848e+00  
1119      2.017353e+01   1.979255e+01   2.749767e+00   2.768566e+00  
1120      2.017853e+01   1.979852e+01   2.746457e+00   2.765620e+00  
1121      2.016884e+01   1.978767e+01   2.749649e+00   2.769434e+00  
1122      2.018880e+01   1.980875e+01   2.747790e+00   2.765966e+00  
1123      2.016582e+01   1.978458e+01   2.749437e+00   2.769723e+00  
1124      2.019621e+01   1.981654e+01   2.747172e+00   2.764905e+00  
1125      2.016446e+01   1.978291e+01   2.750234e+00   2.770936e+00  
1126      2.019365e+01   1.981383e+01   2.747787e+00   2.764998e+00  
1127      2.016548e+01   1.978323e+01   2.752698e+00   2.773644e+00  
1128      2.020045e+01   1.982040e+01   2.748411e+00   2.767020e+00  
1129      2.015978e+01   1.977711e+01   2.754509e+00   2.774034e+00  
1130      2.020647e+01   1.982628e+01   2.748758e+00   2.768403e+00  
1131      2.016091e+01   1.977769e+01   2.756937e+00   2.775766e+00  
1132      2.020638e+01   1.982526e+01   2.751699e+00   2.772162e+00  
1133      2.016174e+01   1.977831e+01   2.757877e+00   2.776370e+00  
1134      2.020650e+01   1.982465e+01   2.754802e+00   2.774335e+00  
1135      2.016784e+01   1.978432e+01   2.758150e+00   2.777570e+00  
1136      2.020743e+01   1.982442e+01   2.759166e+00   2.778419e+00  
1137      2.016853e+01   1.978440e+01   2.759362e+00   2.780823e+00  
1138      2.020374e+01   1.982005e+01   2.762035e+00   2.779946e+00  
1139      2.017473e+01   1.979093e+01   2.758198e+00   2.780494e+00  
1140      2.020326e+01   1.981923e+01   2.763484e+00   2.780846e+00  
1141      2.016851e+01   1.978425e+01   2.759579e+00   2.781528e+00  
1142      2.020157e+01   1.981714e+01   2.764705e+00   2.782248e+00  
1143      2.016660e+01   1.978197e+01   2.760457e+00   2.783028e+00  
1144      2.019411e+01   1.980936e+01   2.765657e+00   2.782556e+00  
1145      2.016778e+01   1.978297e+01   2.760969e+00   2.783984e+00  
1146      2.019417e+01   1.980962e+01   2.764871e+00   2.781919e+00  
1147      2.016167e+01   1.977703e+01   2.759893e+00   2.782977e+00  
1148      2.018803e+01   1.980364e+01   2.763256e+00   2.781478e+00  
1149      2.016121e+01   1.977685e+01   2.759017e+00   2.781852e+00  
1150      2.018270e+01   1.979805e+01   2.764063e+00   2.781818e+00  
1151      2.016704e+01   1.978309e+01   2.758291e+00   2.780433e+00  
1152      2.018101e+01   1.979626e+01   2.764078e+00   2.782236e+00  
1153      2.016561e+01   1.978199e+01   2.757379e+00   2.778780e+00  
1154      2.018568e+01   1.980140e+01   2.762915e+00   2.780797e+00  
1155      2.016745e+01   1.978456e+01   2.755475e+00   2.775766e+00  
1156      2.017768e+01   1.979346e+01   2.762227e+00   2.779900e+00  
1157      2.017416e+01   1.979183e+01   2.754243e+00   2.773857e+00  
1158      2.017639e+01   1.979304e+01   2.759661e+00   2.776048e+00  
1159      2.016866e+01   1.978647e+01   2.753942e+00   2.772404e+00  
1160      2.016781e+01   1.978489e+01   2.757606e+00   2.773875e+00  
1161      2.017769e+01   1.979623e+01   2.752351e+00   2.770056e+00  
1162      2.016652e+01   1.978423e+01   2.754595e+00   2.772166e+00  
1163      2.016646e+01   1.978519e+01   2.751846e+00   2.767613e+00  
1164      2.016173e+01   1.977993e+01   2.752254e+00   2.770305e+00  
1165      2.016102e+01   1.978010e+01   2.750365e+00   2.765843e+00  
1166      2.015327e+01   1.977138e+01   2.752765e+00   2.769341e+00  
1167      2.015686e+01   1.977631e+01   2.749175e+00   2.763809e+00  
1168      2.015816e+01   1.977693e+01   2.751149e+00   2.766868e+00  
1169      2.015098e+01   1.977068e+01   2.747956e+00   2.762404e+00  
1170      2.014753e+01   1.976695e+01   2.748361e+00   2.763496e+00  
1171      2.015167e+01   1.977210e+01   2.746055e+00   2.759131e+00  
1172      2.014408e+01   1.976403e+01   2.746567e+00   2.761102e+00  
1173      2.015128e+01   1.977280e+01   2.742226e+00   2.755077e+00  
1174      2.014438e+01   1.976471e+01   2.745691e+00   2.759267e+00  
1175      2.014985e+01   1.977190e+01   2.739878e+00   2.753494e+00  
1176      2.013766e+01   1.975836e+01   2.744503e+00   2.756830e+00  
1177      2.014858e+01   1.977172e+01   2.736010e+00   2.749233e+00  
1178      2.013460e+01   1.975581e+01   2.742170e+00   2.755107e+00  
1179      2.013729e+01   1.976128e+01   2.732324e+00   2.745336e+00  
1180      2.012915e+01   1.975061e+01   2.741027e+00   2.753719e+00  
1181      2.013413e+01   1.975836e+01   2.731290e+00   2.744148e+00  
1182      2.013338e+01   1.975551e+01   2.739360e+00   2.751108e+00  
1183      2.012236e+01   1.974669e+01   2.730248e+00   2.742920e+00  
1184      2.012950e+01   1.975180e+01   2.738372e+00   2.750320e+00  
1185      2.011603e+01   1.974037e+01   2.730603e+00   2.741626e+00  
1186      2.012827e+01   1.975128e+01   2.735943e+00   2.747515e+00  
1187      2.011333e+01   1.973828e+01   2.728801e+00   2.738617e+00  
1188      2.012948e+01   1.975282e+01   2.734460e+00   2.746839e+00  
1189      2.010572e+01   1.973079e+01   2.728343e+00   2.737173e+00  
1190      2.012176e+01   1.974568e+01   2.731507e+00   2.744452e+00  
1191      2.010703e+01   1.973236e+01   2.728301e+00   2.735489e+00  
1192      2.012056e+01   1.974465e+01   2.730686e+00   2.743976e+00  
1193      2.009842e+01   1.972300e+01   2.730468e+00   2.737516e+00  
1194      2.012082e+01   1.974510e+01   2.730093e+00   2.743229e+00  
1195      2.009182e+01   1.971580e+01   2.732367e+00   2.739080e+00  
1196      2.011352e+01   1.973759e+01   2.730270e+00   2.743493e+00  
1197      2.009548e+01   1.971934e+01   2.733269e+00   2.739543e+00  
1198      2.010849e+01   1.973205e+01   2.732246e+00   2.744517e+00  
1199      2.008785e+01   1.971106e+01   2.734444e+00   2.742023e+00  
1200      2.010207e+01   1.972515e+01   2.733475e+00   2.745836e+00  
1201      2.008811e+01   1.971068e+01   2.737132e+00   2.744008e+00  
1202      2.010292e+01   1.972523e+01   2.736053e+00   2.748919e+00  
1203      2.008476e+01   1.970628e+01   2.740792e+00   2.747385e+00  
1204      2.009065e+01   1.971201e+01   2.738694e+00   2.751474e+00  
1205      2.007919e+01   1.969992e+01   2.743193e+00   2.749853e+00  
1206      2.009262e+01   1.971340e+01   2.741540e+00   2.753063e+00  
1207      2.008464e+01   1.970535e+01   2.744123e+00   2.749911e+00  
1208      2.008990e+01   1.970981e+01   2.744823e+00   2.755630e+00  
1209      2.008492e+01   1.970530e+01   2.745962e+00   2.750485e+00  
1210      2.008711e+01   1.970611e+01   2.748455e+00   2.758086e+00  
1211      2.007725e+01   1.969692e+01   2.747533e+00   2.752876e+00  
1212      2.008711e+01   1.970589e+01   2.748981e+00   2.759122e+00  
1213      2.007820e+01   1.969742e+01   2.749848e+00   2.753871e+00  
1214      2.008582e+01   1.970417e+01   2.750673e+00   2.760367e+00  
1215      2.007474e+01   1.969393e+01   2.749825e+00   2.753751e+00  
1216      2.008307e+01   1.970092e+01   2.752267e+00   2.761991e+00  
1217      2.007762e+01   1.969661e+01   2.750736e+00   2.754659e+00  
1218      2.008064e+01   1.969847e+01   2.752915e+00   2.761133e+00  
1219      2.007881e+01   1.969822e+01   2.748959e+00   2.753520e+00  
1220      2.007658e+01   1.969475e+01   2.751583e+00   2.759488e+00  
1221      2.007162e+01   1.969050e+01   2.750448e+00   2.754828e+00  
1222      2.007453e+01   1.969253e+01   2.751686e+00   2.760262e+00  
1223      2.006622e+01   1.968524e+01   2.749239e+00   2.754324e+00  
1224      2.006676e+01   1.968509e+01   2.750167e+00   2.758371e+00  
1225      2.006838e+01   1.968800e+01   2.747876e+00   2.751621e+00  
1226      2.005050e+01   1.966843e+01   2.750845e+00   2.758315e+00  
1227      2.006706e+01   1.968683e+01   2.747247e+00   2.751070e+00  
1228      2.004109e+01   1.965932e+01   2.748935e+00   2.756732e+00  
1229      2.007060e+01   1.969082e+01   2.746440e+00   2.749093e+00  
1230      2.003068e+01   1.964940e+01   2.746866e+00   2.753913e+00  
1231      2.006596e+01   1.968667e+01   2.744597e+00   2.746827e+00  
1232      2.002559e+01   1.964503e+01   2.744431e+00   2.750470e+00  
1233      2.006093e+01   1.968188e+01   2.743836e+00   2.745106e+00  
1234      2.002695e+01   1.964690e+01   2.742689e+00   2.748794e+00  
1235      2.006176e+01   1.968288e+01   2.743737e+00   2.744132e+00  
1236      2.002957e+01   1.965029e+01   2.741290e+00   2.745031e+00  
1237      2.006343e+01   1.968525e+01   2.741131e+00   2.741968e+00  
1238      2.002790e+01   1.964893e+01   2.740002e+00   2.743811e+00  
1239      2.005989e+01   1.968182e+01   2.740235e+00   2.741601e+00  
1240      2.003552e+01   1.965696e+01   2.739172e+00   2.742792e+00  
1241      2.004839e+01   1.967042e+01   2.739675e+00   2.739839e+00  
1242      2.003249e+01   1.965437e+01   2.737892e+00   2.740521e+00  
1243      2.004235e+01   1.966469e+01   2.738314e+00   2.738192e+00  
1244      2.003757e+01   1.966001e+01   2.737050e+00   2.738019e+00  
1245      2.003406e+01   1.965682e+01   2.736699e+00   2.735587e+00  
1246      2.004568e+01   1.966911e+01   2.733610e+00   2.735447e+00  
1247      2.003040e+01   1.965381e+01   2.734779e+00   2.732387e+00  
1248      2.004403e+01   1.966823e+01   2.731097e+00   2.732251e+00  
1249      2.002157e+01   1.964531e+01   2.733598e+00   2.729899e+00  
1250      2.004308e+01   1.966813e+01   2.726993e+00   2.730106e+00  
-------------------------------------------------------------------

