
**********************************************
Real-time propagation in 3D, OPTION = 2
MPI nodes = 8, OMP threads = 16, cores = 128
**********************************************

Interactions
Contact: Natoms = 1.50000000000e+05, as = 8.900000e+01 * a0, G = 1.598870e+04, G * par = 3.197739e+04
Three-body: K3 =  0.000000e+00, g3 = 0.000000e+00
Regular DDI: add = 1.101000e+02 * a0, GD = 4.721954e+03, GD * par = 9.443909e+03, edd = 1.237079e+00
     Dipolar cutoff Rcut = 1.112924e+01, Lcut = 3.020498e+02

QF = 1: h2 = 2.013402e+05, h4 = 0.000000e+00
        q3 = 0.000000e+00, q5 = 3.457960e+00

GRAD = 0

Trap parameters:
GAMMA = 0.000000e+00, NU = 0.000000e+00, LAMBDA = 0.000000e+00
Parameters of rotation: OMEGA = 0.000000e+00, OMEGA * par = 0.000000e+00

Space discretization: NX = 128, NY = 128, NZ = 128
                      DX = 4.719528e+00, DY = 1.738944e-01, DZ = 1.738944e-01
      Unit of length: aho = 5.552380e-07 m

Time discretization: NITER = 2500 (NSNAP = 1250)
                     DT = 1.511963e-02

Initial state: file ./imag3d-finalpsi.bin
ADD_VORTICES = 0, ADD_RANDOM_PHASE = 0


MUREL = 1.000000e-12, MUEND=1.000000e+05

-------------------------------------------------------------------
Snap      <r>            <x>            <y>            <z>
-------------------------------------------------------------------
0         2.710910e+01   2.706263e+01   1.121914e+00   1.121914e+00  
1         2.710909e+01   2.706263e+01   1.121743e+00   1.121743e+00  
2         2.710908e+01   2.706264e+01   1.121564e+00   1.121564e+00  
3         2.710908e+01   2.706266e+01   1.121379e+00   1.121379e+00  
4         2.710909e+01   2.706268e+01   1.121186e+00   1.121186e+00  
5         2.710910e+01   2.706271e+01   1.120986e+00   1.120986e+00  
6         2.710911e+01   2.706274e+01   1.120780e+00   1.120780e+00  
7         2.710913e+01   2.706278e+01   1.120568e+00   1.120568e+00  
8         2.710916e+01   2.706282e+01   1.120350e+00   1.120350e+00  
9         2.710919e+01   2.706287e+01   1.120126e+00   1.120126e+00  
10        2.710923e+01   2.706292e+01   1.119897e+00   1.119897e+00  
11        2.710927e+01   2.706298e+01   1.119663e+00   1.119663e+00  
12        2.710931e+01   2.706305e+01   1.119426e+00   1.119426e+00  
13        2.710936e+01   2.706312e+01   1.119185e+00   1.119185e+00  
14        2.710942e+01   2.706320e+01   1.118941e+00   1.118941e+00  
15        2.710948e+01   2.706328e+01   1.118695e+00   1.118695e+00  
16        2.710955e+01   2.706337e+01   1.118449e+00   1.118449e+00  
17        2.710962e+01   2.706346e+01   1.118202e+00   1.118202e+00  
18        2.710970e+01   2.706356e+01   1.117955e+00   1.117955e+00  
19        2.710979e+01   2.706367e+01   1.117710e+00   1.117710e+00  
20        2.710988e+01   2.706378e+01   1.117468e+00   1.117468e+00  
21        2.710998e+01   2.706390e+01   1.117229e+00   1.117229e+00  
22        2.711008e+01   2.706402e+01   1.116994e+00   1.116994e+00  
23        2.711019e+01   2.706415e+01   1.116764e+00   1.116764e+00  
24        2.711031e+01   2.706429e+01   1.116539e+00   1.116539e+00  
25        2.711043e+01   2.706443e+01   1.116322e+00   1.116322e+00  
26        2.711056e+01   2.706458e+01   1.116111e+00   1.116111e+00  
27        2.711070e+01   2.706473e+01   1.115908e+00   1.115908e+00  
28        2.711085e+01   2.706489e+01   1.115713e+00   1.115713e+00  
29        2.711100e+01   2.706506e+01   1.115527e+00   1.115527e+00  
30        2.711115e+01   2.706523e+01   1.115351e+00   1.115351e+00  
31        2.711132e+01   2.706541e+01   1.115183e+00   1.115183e+00  
32        2.711149e+01   2.706560e+01   1.115026e+00   1.115026e+00  
33        2.711167e+01   2.706579e+01   1.114878e+00   1.114878e+00  
34        2.711186e+01   2.706599e+01   1.114741e+00   1.114741e+00  
35        2.711205e+01   2.706619e+01   1.114615e+00   1.114615e+00  
36        2.711225e+01   2.706640e+01   1.114498e+00   1.114498e+00  
37        2.711246e+01   2.706662e+01   1.114392e+00   1.114392e+00  
38        2.711268e+01   2.706684e+01   1.114297e+00   1.114297e+00  
39        2.711290e+01   2.706707e+01   1.114212e+00   1.114212e+00  
40        2.711313e+01   2.706731e+01   1.114137e+00   1.114137e+00  
41        2.711337e+01   2.706756e+01   1.114072e+00   1.114072e+00  
42        2.711362e+01   2.706781e+01   1.114017e+00   1.114017e+00  
43        2.711387e+01   2.706806e+01   1.113972e+00   1.113972e+00  
44        2.711413e+01   2.706833e+01   1.113937e+00   1.113937e+00  
45        2.711440e+01   2.706860e+01   1.113911e+00   1.113911e+00  
46        2.711467e+01   2.706887e+01   1.113894e+00   1.113894e+00  
47        2.711495e+01   2.706915e+01   1.113886e+00   1.113886e+00  
48        2.711524e+01   2.706944e+01   1.113886e+00   1.113886e+00  
49        2.711554e+01   2.706974e+01   1.113894e+00   1.113894e+00  
50        2.711584e+01   2.707004e+01   1.113911e+00   1.113911e+00  
51        2.711615e+01   2.707035e+01   1.113934e+00   1.113934e+00  
52        2.711647e+01   2.707067e+01   1.113965e+00   1.113965e+00  
53        2.711679e+01   2.707099e+01   1.114003e+00   1.114003e+00  
54        2.711713e+01   2.707132e+01   1.114047e+00   1.114047e+00  
55        2.711747e+01   2.707165e+01   1.114097e+00   1.114097e+00  
56        2.711781e+01   2.707200e+01   1.114153e+00   1.114153e+00  
57        2.711816e+01   2.707235e+01   1.114215e+00   1.114215e+00  
58        2.711853e+01   2.707270e+01   1.114281e+00   1.114281e+00  
59        2.711889e+01   2.707306e+01   1.114352e+00   1.114352e+00  
60        2.711927e+01   2.707343e+01   1.114428e+00   1.114428e+00  
61        2.711965e+01   2.707381e+01   1.114507e+00   1.114507e+00  
62        2.712004e+01   2.707419e+01   1.114590e+00   1.114590e+00  
63        2.712043e+01   2.707458e+01   1.114676e+00   1.114676e+00  
64        2.712083e+01   2.707497e+01   1.114765e+00   1.114765e+00  
65        2.712124e+01   2.707537e+01   1.114857e+00   1.114857e+00  
66        2.712166e+01   2.707578e+01   1.114951e+00   1.114951e+00  
67        2.712208e+01   2.707620e+01   1.115047e+00   1.115047e+00  
68        2.712251e+01   2.707662e+01   1.115144e+00   1.115144e+00  
69        2.712294e+01   2.707705e+01   1.115243e+00   1.115243e+00  
70        2.712339e+01   2.707748e+01   1.115343e+00   1.115343e+00  
71        2.712383e+01   2.707792e+01   1.115444e+00   1.115444e+00  
72        2.712429e+01   2.707837e+01   1.115545e+00   1.115545e+00  
73        2.712475e+01   2.707883e+01   1.115646e+00   1.115646e+00  
74        2.712522e+01   2.707929e+01   1.115747e+00   1.115747e+00  
75        2.712570e+01   2.707976e+01   1.115848e+00   1.115848e+00  
76        2.712618e+01   2.708023e+01   1.115948e+00   1.115948e+00  
77        2.712667e+01   2.708071e+01   1.116048e+00   1.116048e+00  
78        2.712716e+01   2.708120e+01   1.116147e+00   1.116147e+00  
79        2.712766e+01   2.708169e+01   1.116245e+00   1.116245e+00  
80        2.712817e+01   2.708220e+01   1.116341e+00   1.116341e+00  
81        2.712869e+01   2.708270e+01   1.116436e+00   1.116436e+00  
82        2.712921e+01   2.708322e+01   1.116529e+00   1.116529e+00  
83        2.712974e+01   2.708374e+01   1.116621e+00   1.116621e+00  
84        2.713027e+01   2.708427e+01   1.116710e+00   1.116710e+00  
85        2.713081e+01   2.708480e+01   1.116798e+00   1.116798e+00  
86        2.713136e+01   2.708534e+01   1.116883e+00   1.116883e+00  
87        2.713191e+01   2.708589e+01   1.116966e+00   1.116966e+00  
88        2.713247e+01   2.708644e+01   1.117047e+00   1.117047e+00  
89        2.713304e+01   2.708700e+01   1.117125e+00   1.117125e+00  
90        2.713361e+01   2.708757e+01   1.117201e+00   1.117201e+00  
91        2.713419e+01   2.708814e+01   1.117274e+00   1.117274e+00  
92        2.713477e+01   2.708872e+01   1.117344e+00   1.117344e+00  
93        2.713536e+01   2.708931e+01   1.117412e+00   1.117412e+00  
94        2.713596e+01   2.708990e+01   1.117477e+00   1.117477e+00  
95        2.713657e+01   2.709050e+01   1.117539e+00   1.117539e+00  
96        2.713718e+01   2.709111e+01   1.117598e+00   1.117598e+00  
97        2.713779e+01   2.709172e+01   1.117655e+00   1.117655e+00  
98        2.713842e+01   2.709234e+01   1.117708e+00   1.117708e+00  
99        2.713905e+01   2.709297e+01   1.117759e+00   1.117759e+00  
100       2.713968e+01   2.709360e+01   1.117807e+00   1.117807e+00  
101       2.714032e+01   2.709424e+01   1.117852e+00   1.117852e+00  
102       2.714097e+01   2.709489e+01   1.117894e+00   1.117894e+00  
103       2.714163e+01   2.709554e+01   1.117933e+00   1.117933e+00  
104       2.714229e+01   2.709620e+01   1.117969e+00   1.117969e+00  
105       2.714296e+01   2.709687e+01   1.118003e+00   1.118003e+00  
106       2.714363e+01   2.709754e+01   1.118033e+00   1.118033e+00  
107       2.714431e+01   2.709822e+01   1.118061e+00   1.118061e+00  
108       2.714499e+01   2.709890e+01   1.118087e+00   1.118087e+00  
109       2.714569e+01   2.709959e+01   1.118109e+00   1.118109e+00  
110       2.714639e+01   2.710029e+01   1.118129e+00   1.118129e+00  
111       2.714709e+01   2.710100e+01   1.118146e+00   1.118146e+00  
112       2.714780e+01   2.710171e+01   1.118161e+00   1.118161e+00  
113       2.714852e+01   2.710242e+01   1.118174e+00   1.118174e+00  
114       2.714924e+01   2.710315e+01   1.118184e+00   1.118184e+00  
115       2.714997e+01   2.710388e+01   1.118191e+00   1.118191e+00  
116       2.715071e+01   2.710462e+01   1.118197e+00   1.118197e+00  
117       2.715145e+01   2.710536e+01   1.118200e+00   1.118200e+00  
118       2.715220e+01   2.710611e+01   1.118202e+00   1.118202e+00  
119       2.715295e+01   2.710687e+01   1.118201e+00   1.118201e+00  
120       2.715372e+01   2.710763e+01   1.118198e+00   1.118198e+00  
121       2.715448e+01   2.710840e+01   1.118194e+00   1.118194e+00  
122       2.715526e+01   2.710917e+01   1.118188e+00   1.118188e+00  
123       2.715604e+01   2.710995e+01   1.118180e+00   1.118180e+00  
124       2.715682e+01   2.711074e+01   1.118170e+00   1.118170e+00  
125       2.715761e+01   2.711154e+01   1.118160e+00   1.118160e+00  
126       2.715841e+01   2.711234e+01   1.118147e+00   1.118147e+00  
127       2.715922e+01   2.711315e+01   1.118133e+00   1.118133e+00  
128       2.716003e+01   2.711396e+01   1.118118e+00   1.118118e+00  
129       2.716085e+01   2.711478e+01   1.118102e+00   1.118102e+00  
130       2.716167e+01   2.711561e+01   1.118084e+00   1.118084e+00  
131       2.716250e+01   2.711644e+01   1.118065e+00   1.118065e+00  
132       2.716334e+01   2.711728e+01   1.118046e+00   1.118046e+00  
133       2.716418e+01   2.711812e+01   1.118025e+00   1.118025e+00  
134       2.716503e+01   2.711898e+01   1.118004e+00   1.118004e+00  
135       2.716588e+01   2.711983e+01   1.117981e+00   1.117981e+00  
136       2.716674e+01   2.712070e+01   1.117958e+00   1.117958e+00  
137       2.716761e+01   2.712157e+01   1.117935e+00   1.117935e+00  
138       2.716848e+01   2.712245e+01   1.117911e+00   1.117911e+00  
139       2.716936e+01   2.712333e+01   1.117887e+00   1.117887e+00  
140       2.717025e+01   2.712422e+01   1.117862e+00   1.117862e+00  
141       2.717114e+01   2.712511e+01   1.117838e+00   1.117838e+00  
142       2.717204e+01   2.712602e+01   1.117813e+00   1.117813e+00  
143       2.717295e+01   2.712693e+01   1.117789e+00   1.117789e+00  
144       2.717386e+01   2.712784e+01   1.117765e+00   1.117765e+00  
145       2.717477e+01   2.712876e+01   1.117742e+00   1.117742e+00  
146       2.717570e+01   2.712969e+01   1.117719e+00   1.117719e+00  
147       2.717663e+01   2.713062e+01   1.117696e+00   1.117696e+00  
148       2.717756e+01   2.713156e+01   1.117675e+00   1.117675e+00  
149       2.717851e+01   2.713251e+01   1.117653e+00   1.117653e+00  
150       2.717945e+01   2.713346e+01   1.117633e+00   1.117633e+00  
151       2.718041e+01   2.713442e+01   1.117613e+00   1.117613e+00  
152       2.718137e+01   2.713538e+01   1.117594e+00   1.117594e+00  
153       2.718234e+01   2.713635e+01   1.117575e+00   1.117575e+00  
154       2.718331e+01   2.713733e+01   1.117557e+00   1.117557e+00  
155       2.718429e+01   2.713831e+01   1.117540e+00   1.117540e+00  
156       2.718528e+01   2.713930e+01   1.117523e+00   1.117523e+00  
157       2.718627e+01   2.714029e+01   1.117508e+00   1.117508e+00  
158       2.718727e+01   2.714130e+01   1.117492e+00   1.117492e+00  
159       2.718827e+01   2.714230e+01   1.117478e+00   1.117478e+00  
160       2.718928e+01   2.714332e+01   1.117464e+00   1.117464e+00  
161       2.719030e+01   2.714434e+01   1.117450e+00   1.117450e+00  
162       2.719132e+01   2.714536e+01   1.117438e+00   1.117438e+00  
163       2.719235e+01   2.714639e+01   1.117425e+00   1.117425e+00  
164       2.719338e+01   2.714743e+01   1.117414e+00   1.117414e+00  
165       2.719443e+01   2.714847e+01   1.117403e+00   1.117403e+00  
166       2.719547e+01   2.714952e+01   1.117393e+00   1.117393e+00  
167       2.719653e+01   2.715058e+01   1.117384e+00   1.117384e+00  
168       2.719759e+01   2.715164e+01   1.117376e+00   1.117376e+00  
169       2.719865e+01   2.715271e+01   1.117368e+00   1.117368e+00  
170       2.719972e+01   2.715378e+01   1.117362e+00   1.117362e+00  
171       2.720080e+01   2.715486e+01   1.117356e+00   1.117356e+00  
172       2.720188e+01   2.715595e+01   1.117352e+00   1.117352e+00  
173       2.720297e+01   2.715704e+01   1.117349e+00   1.117349e+00  
174       2.720407e+01   2.715814e+01   1.117348e+00   1.117348e+00  
175       2.720517e+01   2.715924e+01   1.117348e+00   1.117348e+00  
176       2.720628e+01   2.716035e+01   1.117349e+00   1.117349e+00  
177       2.720739e+01   2.716147e+01   1.117352e+00   1.117352e+00  
178       2.720851e+01   2.716259e+01   1.117356e+00   1.117356e+00  
179       2.720964e+01   2.716372e+01   1.117362e+00   1.117362e+00  
180       2.721077e+01   2.716485e+01   1.117370e+00   1.117370e+00  
181       2.721191e+01   2.716599e+01   1.117379e+00   1.117379e+00  
182       2.721306e+01   2.716714e+01   1.117390e+00   1.117390e+00  
183       2.721421e+01   2.716829e+01   1.117402e+00   1.117402e+00  
184       2.721536e+01   2.716945e+01   1.117416e+00   1.117416e+00  
185       2.721653e+01   2.717061e+01   1.117431e+00   1.117431e+00  
186       2.721770e+01   2.717178e+01   1.117447e+00   1.117447e+00  
187       2.721887e+01   2.717296e+01   1.117464e+00   1.117464e+00  
188       2.722005e+01   2.717414e+01   1.117483e+00   1.117483e+00  
189       2.722124e+01   2.717532e+01   1.117502e+00   1.117502e+00  
190       2.722243e+01   2.717652e+01   1.117523e+00   1.117523e+00  
191       2.722363e+01   2.717772e+01   1.117544e+00   1.117544e+00  
192       2.722484e+01   2.717892e+01   1.117565e+00   1.117565e+00  
193       2.722605e+01   2.718013e+01   1.117587e+00   1.117587e+00  
194       2.722726e+01   2.718135e+01   1.117610e+00   1.117610e+00  
195       2.722849e+01   2.718257e+01   1.117633e+00   1.117633e+00  
196       2.722972e+01   2.718380e+01   1.117656e+00   1.117656e+00  
197       2.723095e+01   2.718504e+01   1.117679e+00   1.117679e+00  
198       2.723219e+01   2.718628e+01   1.117702e+00   1.117702e+00  
199       2.723344e+01   2.718752e+01   1.117725e+00   1.117725e+00  
200       2.723469e+01   2.718877e+01   1.117749e+00   1.117749e+00  
201       2.723595e+01   2.719003e+01   1.117772e+00   1.117772e+00  
202       2.723721e+01   2.719130e+01   1.117795e+00   1.117795e+00  
203       2.723848e+01   2.719257e+01   1.117819e+00   1.117819e+00  
204       2.723975e+01   2.719384e+01   1.117842e+00   1.117842e+00  
205       2.724103e+01   2.719512e+01   1.117865e+00   1.117865e+00  
206       2.724232e+01   2.719641e+01   1.117887e+00   1.117887e+00  
207       2.724361e+01   2.719770e+01   1.117910e+00   1.117910e+00  
208       2.724491e+01   2.719900e+01   1.117932e+00   1.117932e+00  
209       2.724621e+01   2.720030e+01   1.117954e+00   1.117954e+00  
210       2.724752e+01   2.720161e+01   1.117975e+00   1.117975e+00  
211       2.724884e+01   2.720293e+01   1.117996e+00   1.117996e+00  
212       2.725016e+01   2.720425e+01   1.118017e+00   1.118017e+00  
213       2.725149e+01   2.720558e+01   1.118037e+00   1.118037e+00  
214       2.725282e+01   2.720691e+01   1.118056e+00   1.118056e+00  
215       2.725416e+01   2.720825e+01   1.118075e+00   1.118075e+00  
216       2.725550e+01   2.720960e+01   1.118092e+00   1.118092e+00  
217       2.725685e+01   2.721095e+01   1.118109e+00   1.118109e+00  
218       2.725821e+01   2.721230e+01   1.118124e+00   1.118124e+00  
219       2.725957e+01   2.721366e+01   1.118139e+00   1.118139e+00  
220       2.726093e+01   2.721503e+01   1.118152e+00   1.118152e+00  
221       2.726231e+01   2.721641e+01   1.118164e+00   1.118164e+00  
222       2.726368e+01   2.721778e+01   1.118174e+00   1.118174e+00  
223       2.726507e+01   2.721917e+01   1.118183e+00   1.118183e+00  
224       2.726645e+01   2.722056e+01   1.118190e+00   1.118190e+00  
225       2.726785e+01   2.722195e+01   1.118196e+00   1.118196e+00  
226       2.726925e+01   2.722336e+01   1.118200e+00   1.118200e+00  
227       2.727065e+01   2.722476e+01   1.118203e+00   1.118203e+00  
228       2.727206e+01   2.722618e+01   1.118204e+00   1.118204e+00  
229       2.727348e+01   2.722760e+01   1.118203e+00   1.118203e+00  
230       2.727490e+01   2.722902e+01   1.118200e+00   1.118200e+00  
231       2.727633e+01   2.723045e+01   1.118196e+00   1.118196e+00  
232       2.727776e+01   2.723188e+01   1.118190e+00   1.118190e+00  
233       2.727920e+01   2.723333e+01   1.118182e+00   1.118182e+00  
234       2.728064e+01   2.723477e+01   1.118173e+00   1.118173e+00  
235       2.728209e+01   2.723622e+01   1.118163e+00   1.118163e+00  
236       2.728355e+01   2.723768e+01   1.118150e+00   1.118150e+00  
237       2.728501e+01   2.723915e+01   1.118137e+00   1.118137e+00  
238       2.728647e+01   2.724061e+01   1.118122e+00   1.118122e+00  
239       2.728794e+01   2.724209e+01   1.118105e+00   1.118105e+00  
240       2.728942e+01   2.724357e+01   1.118087e+00   1.118087e+00  
241       2.729090e+01   2.724505e+01   1.118068e+00   1.118068e+00  
242       2.729239e+01   2.724655e+01   1.118047e+00   1.118047e+00  
243       2.729388e+01   2.724804e+01   1.118026e+00   1.118026e+00  
244       2.729538e+01   2.724955e+01   1.118003e+00   1.118003e+00  
245       2.729688e+01   2.725105e+01   1.117978e+00   1.117978e+00  
246       2.729839e+01   2.725257e+01   1.117953e+00   1.117953e+00  
247       2.729990e+01   2.725409e+01   1.117926e+00   1.117926e+00  
248       2.730142e+01   2.725561e+01   1.117899e+00   1.117899e+00  
249       2.730295e+01   2.725714e+01   1.117870e+00   1.117870e+00  
250       2.730448e+01   2.725868e+01   1.117840e+00   1.117840e+00  
251       2.730601e+01   2.726022e+01   1.117809e+00   1.117809e+00  
252       2.730755e+01   2.726176e+01   1.117777e+00   1.117777e+00  
253       2.730910e+01   2.726331e+01   1.117744e+00   1.117744e+00  
254       2.731065e+01   2.726487e+01   1.117709e+00   1.117709e+00  
255       2.731221e+01   2.726643e+01   1.117674e+00   1.117674e+00  
256       2.731377e+01   2.726800e+01   1.117638e+00   1.117638e+00  
257       2.731534e+01   2.726958e+01   1.117601e+00   1.117601e+00  
258       2.731691e+01   2.727116e+01   1.117563e+00   1.117563e+00  
259       2.731849e+01   2.727274e+01   1.117524e+00   1.117524e+00  
260       2.732008e+01   2.727433e+01   1.117484e+00   1.117484e+00  
261       2.732167e+01   2.727593e+01   1.117443e+00   1.117443e+00  
262       2.732326e+01   2.727753e+01   1.117401e+00   1.117401e+00  
263       2.732486e+01   2.727913e+01   1.117359e+00   1.117359e+00  
264       2.732647e+01   2.728074e+01   1.117316e+00   1.117316e+00  
265       2.732808e+01   2.728236e+01   1.117272e+00   1.117272e+00  
266       2.732969e+01   2.728398e+01   1.117227e+00   1.117227e+00  
267       2.733131e+01   2.728561e+01   1.117182e+00   1.117182e+00  
268       2.733294e+01   2.728724e+01   1.117137e+00   1.117137e+00  
269       2.733457e+01   2.728888e+01   1.117091e+00   1.117091e+00  
270       2.733621e+01   2.729052e+01   1.117046e+00   1.117046e+00  
271       2.733785e+01   2.729217e+01   1.117000e+00   1.117000e+00  
272       2.733950e+01   2.729382e+01   1.116953e+00   1.116953e+00  
273       2.734115e+01   2.729548e+01   1.116907e+00   1.116907e+00  
274       2.734280e+01   2.729715e+01   1.116861e+00   1.116861e+00  
275       2.734447e+01   2.729882e+01   1.116815e+00   1.116815e+00  
276       2.734613e+01   2.730049e+01   1.116769e+00   1.116769e+00  
277       2.734781e+01   2.730217e+01   1.116723e+00   1.116723e+00  
278       2.734949e+01   2.730385e+01   1.116677e+00   1.116677e+00  
279       2.735117e+01   2.730554e+01   1.116631e+00   1.116631e+00  
280       2.735286e+01   2.730724e+01   1.116585e+00   1.116585e+00  
281       2.735455e+01   2.730894e+01   1.116539e+00   1.116539e+00  
282       2.735625e+01   2.731064e+01   1.116494e+00   1.116494e+00  
283       2.735795e+01   2.731235e+01   1.116448e+00   1.116448e+00  
284       2.735966e+01   2.731407e+01   1.116402e+00   1.116402e+00  
285       2.736137e+01   2.731579e+01   1.116356e+00   1.116356e+00  
286       2.736309e+01   2.731751e+01   1.116310e+00   1.116310e+00  
287       2.736481e+01   2.731924e+01   1.116265e+00   1.116265e+00  
288       2.736654e+01   2.732097e+01   1.116219e+00   1.116219e+00  
289       2.736827e+01   2.732271e+01   1.116173e+00   1.116173e+00  
290       2.737001e+01   2.732446e+01   1.116127e+00   1.116127e+00  
291       2.737175e+01   2.732621e+01   1.116081e+00   1.116081e+00  
292       2.737350e+01   2.732796e+01   1.116035e+00   1.116035e+00  
293       2.737525e+01   2.732972e+01   1.115989e+00   1.115989e+00  
294       2.737701e+01   2.733148e+01   1.115943e+00   1.115943e+00  
295       2.737877e+01   2.733325e+01   1.115898e+00   1.115898e+00  
296       2.738053e+01   2.733502e+01   1.115852e+00   1.115852e+00  
297       2.738230e+01   2.733680e+01   1.115806e+00   1.115806e+00  
298       2.738408e+01   2.733858e+01   1.115761e+00   1.115761e+00  
299       2.738586e+01   2.734036e+01   1.115715e+00   1.115715e+00  
300       2.738764e+01   2.734215e+01   1.115670e+00   1.115670e+00  
301       2.738943e+01   2.734395e+01   1.115625e+00   1.115625e+00  
302       2.739122e+01   2.734575e+01   1.115580e+00   1.115580e+00  
303       2.739302e+01   2.734755e+01   1.115535e+00   1.115535e+00  
304       2.739482e+01   2.734936e+01   1.115491e+00   1.115491e+00  
305       2.739663e+01   2.735117e+01   1.115446e+00   1.115446e+00  
306       2.739844e+01   2.735299e+01   1.115402e+00   1.115402e+00  
307       2.740025e+01   2.735481e+01   1.115358e+00   1.115358e+00  
308       2.740207e+01   2.735664e+01   1.115315e+00   1.115315e+00  
309       2.740390e+01   2.735847e+01   1.115272e+00   1.115272e+00  
310       2.740572e+01   2.736030e+01   1.115229e+00   1.115229e+00  
311       2.740756e+01   2.736214e+01   1.115186e+00   1.115186e+00  
312       2.740939e+01   2.736399e+01   1.115144e+00   1.115144e+00  
313       2.741123e+01   2.736583e+01   1.115103e+00   1.115103e+00  
314       2.741308e+01   2.736768e+01   1.115062e+00   1.115062e+00  
315       2.741493e+01   2.736954e+01   1.115022e+00   1.115022e+00  
316       2.741678e+01   2.737140e+01   1.114983e+00   1.114983e+00  
317       2.741864e+01   2.737326e+01   1.114944e+00   1.114944e+00  
318       2.742050e+01   2.737513e+01   1.114906e+00   1.114906e+00  
319       2.742237e+01   2.737700e+01   1.114869e+00   1.114869e+00  
320       2.742424e+01   2.737888e+01   1.114833e+00   1.114833e+00  
321       2.742611e+01   2.738076e+01   1.114798e+00   1.114798e+00  
322       2.742799e+01   2.738265e+01   1.114764e+00   1.114764e+00  
323       2.742987e+01   2.738453e+01   1.114731e+00   1.114731e+00  
324       2.743176e+01   2.738643e+01   1.114699e+00   1.114699e+00  
325       2.743365e+01   2.738832e+01   1.114669e+00   1.114669e+00  
326       2.743554e+01   2.739022e+01   1.114640e+00   1.114640e+00  
327       2.743744e+01   2.739213e+01   1.114612e+00   1.114612e+00  
328       2.743935e+01   2.739403e+01   1.114586e+00   1.114586e+00  
329       2.744125e+01   2.739595e+01   1.114561e+00   1.114561e+00  
330       2.744316e+01   2.739786e+01   1.114538e+00   1.114538e+00  
331       2.744508e+01   2.739978e+01   1.114516e+00   1.114516e+00  
332       2.744700e+01   2.740170e+01   1.114497e+00   1.114497e+00  
333       2.744892e+01   2.740363e+01   1.114479e+00   1.114479e+00  
334       2.745084e+01   2.740556e+01   1.114462e+00   1.114462e+00  
335       2.745277e+01   2.740750e+01   1.114447e+00   1.114447e+00  
336       2.745471e+01   2.740943e+01   1.114435e+00   1.114435e+00  
337       2.745665e+01   2.741138e+01   1.114423e+00   1.114423e+00  
338       2.745859e+01   2.741332e+01   1.114414e+00   1.114414e+00  
339       2.746053e+01   2.741527e+01   1.114406e+00   1.114406e+00  
340       2.746248e+01   2.741722e+01   1.114401e+00   1.114401e+00  
341       2.746444e+01   2.741918e+01   1.114396e+00   1.114396e+00  
342       2.746639e+01   2.742114e+01   1.114394e+00   1.114394e+00  
343       2.746835e+01   2.742310e+01   1.114393e+00   1.114393e+00  
344       2.747032e+01   2.742507e+01   1.114394e+00   1.114394e+00  
345       2.747228e+01   2.742704e+01   1.114396e+00   1.114396e+00  
346       2.747426e+01   2.742902e+01   1.114400e+00   1.114400e+00  
347       2.747623e+01   2.743099e+01   1.114405e+00   1.114405e+00  
348       2.747821e+01   2.743298e+01   1.114412e+00   1.114412e+00  
349       2.748019e+01   2.743496e+01   1.114419e+00   1.114419e+00  
350       2.748218e+01   2.743695e+01   1.114428e+00   1.114428e+00  
351       2.748417e+01   2.743894e+01   1.114439e+00   1.114439e+00  
352       2.748616e+01   2.744094e+01   1.114450e+00   1.114450e+00  
353       2.748815e+01   2.744293e+01   1.114462e+00   1.114462e+00  
354       2.749015e+01   2.744494e+01   1.114476e+00   1.114476e+00  
355       2.749216e+01   2.744694e+01   1.114490e+00   1.114490e+00  
356       2.749416e+01   2.744895e+01   1.114505e+00   1.114505e+00  
357       2.749617e+01   2.745096e+01   1.114520e+00   1.114520e+00  
358       2.749819e+01   2.745298e+01   1.114537e+00   1.114537e+00  
359       2.750020e+01   2.745499e+01   1.114554e+00   1.114554e+00  
360       2.750222e+01   2.745702e+01   1.114571e+00   1.114571e+00  
361       2.750425e+01   2.745904e+01   1.114590e+00   1.114590e+00  
362       2.750627e+01   2.746107e+01   1.114609e+00   1.114609e+00  
363       2.750830e+01   2.746310e+01   1.114628e+00   1.114628e+00  
364       2.751033e+01   2.746513e+01   1.114648e+00   1.114648e+00  
365       2.751237e+01   2.746717e+01   1.114669e+00   1.114669e+00  
366       2.751441e+01   2.746921e+01   1.114691e+00   1.114691e+00  
367       2.751645e+01   2.747126e+01   1.114713e+00   1.114713e+00  
368       2.751850e+01   2.747331e+01   1.114737e+00   1.114737e+00  
369       2.752055e+01   2.747536e+01   1.114761e+00   1.114761e+00  
370       2.752260e+01   2.747741e+01   1.114786e+00   1.114786e+00  
371       2.752466e+01   2.747947e+01   1.114812e+00   1.114812e+00  
372       2.752672e+01   2.748153e+01   1.114839e+00   1.114839e+00  
373       2.752878e+01   2.748359e+01   1.114867e+00   1.114867e+00  
374       2.753085e+01   2.748566e+01   1.114896e+00   1.114896e+00  
375       2.753292e+01   2.748773e+01   1.114926e+00   1.114926e+00  
376       2.753499e+01   2.748980e+01   1.114957e+00   1.114957e+00  
377       2.753706e+01   2.749188e+01   1.114989e+00   1.114989e+00  
378       2.753914e+01   2.749396e+01   1.115022e+00   1.115022e+00  
379       2.754123e+01   2.749604e+01   1.115056e+00   1.115056e+00  
380       2.754331e+01   2.749813e+01   1.115090e+00   1.115090e+00  
381       2.754540e+01   2.750022e+01   1.115125e+00   1.115125e+00  
382       2.754749e+01   2.750231e+01   1.115160e+00   1.115160e+00  
383       2.754959e+01   2.750441e+01   1.115195e+00   1.115195e+00  
384       2.755169e+01   2.750651e+01   1.115230e+00   1.115230e+00  
385       2.755379e+01   2.750861e+01   1.115265e+00   1.115265e+00  
386       2.755589e+01   2.751072e+01   1.115299e+00   1.115299e+00  
387       2.755800e+01   2.751283e+01   1.115333e+00   1.115333e+00  
388       2.756011e+01   2.751494e+01   1.115366e+00   1.115366e+00  
389       2.756223e+01   2.751705e+01   1.115397e+00   1.115397e+00  
390       2.756435e+01   2.751917e+01   1.115428e+00   1.115428e+00  
391       2.756647e+01   2.752129e+01   1.115457e+00   1.115457e+00  
392       2.756859e+01   2.752342e+01   1.115484e+00   1.115484e+00  
393       2.757072e+01   2.752555e+01   1.115510e+00   1.115510e+00  
394       2.757285e+01   2.752768e+01   1.115534e+00   1.115534e+00  
395       2.757498e+01   2.752981e+01   1.115555e+00   1.115555e+00  
396       2.757712e+01   2.753195e+01   1.115574e+00   1.115574e+00  
397       2.757926e+01   2.753409e+01   1.115592e+00   1.115592e+00  
398       2.758140e+01   2.753624e+01   1.115606e+00   1.115606e+00  
399       2.758354e+01   2.753838e+01   1.115618e+00   1.115618e+00  
400       2.758569e+01   2.754054e+01   1.115628e+00   1.115628e+00  
401       2.758784e+01   2.754269e+01   1.115635e+00   1.115635e+00  
402       2.759000e+01   2.754485e+01   1.115640e+00   1.115640e+00  
403       2.759215e+01   2.754701e+01   1.115642e+00   1.115642e+00  
404       2.759431e+01   2.754917e+01   1.115641e+00   1.115641e+00  
405       2.759648e+01   2.755134e+01   1.115638e+00   1.115638e+00  
406       2.759865e+01   2.755351e+01   1.115632e+00   1.115632e+00  
407       2.760082e+01   2.755568e+01   1.115624e+00   1.115624e+00  
408       2.760299e+01   2.755786e+01   1.115613e+00   1.115613e+00  
409       2.760516e+01   2.756004e+01   1.115599e+00   1.115599e+00  
410       2.760734e+01   2.756223e+01   1.115583e+00   1.115583e+00  
411       2.760953e+01   2.756442e+01   1.115564e+00   1.115564e+00  
412       2.761171e+01   2.756661e+01   1.115543e+00   1.115543e+00  
413       2.761390e+01   2.756880e+01   1.115520e+00   1.115520e+00  
414       2.761610e+01   2.757100e+01   1.115494e+00   1.115494e+00  
415       2.761829e+01   2.757320e+01   1.115466e+00   1.115466e+00  
416       2.762049e+01   2.757541e+01   1.115437e+00   1.115437e+00  
417       2.762269e+01   2.757762e+01   1.115405e+00   1.115405e+00  
418       2.762490e+01   2.757983e+01   1.115372e+00   1.115372e+00  
419       2.762711e+01   2.758204e+01   1.115337e+00   1.115337e+00  
420       2.762932e+01   2.758426e+01   1.115301e+00   1.115301e+00  
421       2.763154e+01   2.758649e+01   1.115263e+00   1.115263e+00  
422       2.763376e+01   2.758871e+01   1.115224e+00   1.115224e+00  
423       2.763598e+01   2.759094e+01   1.115184e+00   1.115184e+00  
424       2.763821e+01   2.759318e+01   1.115142e+00   1.115142e+00  
425       2.764044e+01   2.759542e+01   1.115100e+00   1.115100e+00  
426       2.764267e+01   2.759766e+01   1.115057e+00   1.115057e+00  
427       2.764491e+01   2.759990e+01   1.115013e+00   1.115013e+00  
428       2.764715e+01   2.760215e+01   1.114968e+00   1.114968e+00  
429       2.764940e+01   2.760440e+01   1.114922e+00   1.114922e+00  
430       2.765165e+01   2.760666e+01   1.114875e+00   1.114875e+00  
431       2.765390e+01   2.760892e+01   1.114827e+00   1.114827e+00  
432       2.765616e+01   2.761118e+01   1.114778e+00   1.114778e+00  
433       2.765841e+01   2.761345e+01   1.114728e+00   1.114728e+00  
434       2.766068e+01   2.761572e+01   1.114677e+00   1.114677e+00  
435       2.766294e+01   2.761800e+01   1.114625e+00   1.114625e+00  
436       2.766521e+01   2.762027e+01   1.114573e+00   1.114573e+00  
437       2.766749e+01   2.762256e+01   1.114519e+00   1.114519e+00  
438       2.766977e+01   2.762484e+01   1.114465e+00   1.114465e+00  
439       2.767205e+01   2.762713e+01   1.114410e+00   1.114410e+00  
440       2.767433e+01   2.762942e+01   1.114354e+00   1.114354e+00  
441       2.767662e+01   2.763172e+01   1.114298e+00   1.114298e+00  
442       2.767891e+01   2.763402e+01   1.114242e+00   1.114242e+00  
443       2.768121e+01   2.763633e+01   1.114187e+00   1.114187e+00  
444       2.768351e+01   2.763863e+01   1.114131e+00   1.114131e+00  
445       2.768581e+01   2.764094e+01   1.114076e+00   1.114076e+00  
446       2.768812e+01   2.764326e+01   1.114022e+00   1.114022e+00  
447       2.769043e+01   2.764558e+01   1.113969e+00   1.113969e+00  
448       2.769274e+01   2.764790e+01   1.113917e+00   1.113917e+00  
449       2.769506e+01   2.765023e+01   1.113867e+00   1.113867e+00  
450       2.769738e+01   2.765256e+01   1.113819e+00   1.113819e+00  
451       2.769971e+01   2.765489e+01   1.113773e+00   1.113773e+00  
452       2.770204e+01   2.765723e+01   1.113730e+00   1.113730e+00  
453       2.770438e+01   2.765957e+01   1.113689e+00   1.113689e+00  
454       2.770671e+01   2.766192e+01   1.113652e+00   1.113652e+00  
455       2.770906e+01   2.766426e+01   1.113617e+00   1.113617e+00  
456       2.771140e+01   2.766662e+01   1.113585e+00   1.113585e+00  
457       2.771375e+01   2.766897e+01   1.113557e+00   1.113557e+00  
458       2.771611e+01   2.767133e+01   1.113532e+00   1.113532e+00  
459       2.771846e+01   2.767370e+01   1.113510e+00   1.113510e+00  
460       2.772083e+01   2.767606e+01   1.113492e+00   1.113492e+00  
461       2.772319e+01   2.767843e+01   1.113477e+00   1.113477e+00  
462       2.772556e+01   2.768081e+01   1.113465e+00   1.113465e+00  
463       2.772794e+01   2.768319e+01   1.113457e+00   1.113457e+00  
464       2.773031e+01   2.768557e+01   1.113452e+00   1.113452e+00  
465       2.773269e+01   2.768795e+01   1.113449e+00   1.113449e+00  
466       2.773508e+01   2.769034e+01   1.113450e+00   1.113450e+00  
467       2.773747e+01   2.769273e+01   1.113453e+00   1.113453e+00  
468       2.773986e+01   2.769513e+01   1.113458e+00   1.113458e+00  
469       2.774226e+01   2.769753e+01   1.113466e+00   1.113466e+00  
470       2.774466e+01   2.769993e+01   1.113476e+00   1.113476e+00  
471       2.774706e+01   2.770234e+01   1.113488e+00   1.113488e+00  
472       2.774947e+01   2.770475e+01   1.113502e+00   1.113502e+00  
473       2.775188e+01   2.770716e+01   1.113518e+00   1.113518e+00  
474       2.775429e+01   2.770958e+01   1.113534e+00   1.113534e+00  
475       2.775671e+01   2.771200e+01   1.113553e+00   1.113553e+00  
476       2.775913e+01   2.771442e+01   1.113572e+00   1.113572e+00  
477       2.776156e+01   2.771685e+01   1.113592e+00   1.113592e+00  
478       2.776398e+01   2.771928e+01   1.113613e+00   1.113613e+00  
479       2.776642e+01   2.772171e+01   1.113635e+00   1.113635e+00  
480       2.776885e+01   2.772415e+01   1.113657e+00   1.113657e+00  
481       2.777129e+01   2.772659e+01   1.113680e+00   1.113680e+00  
482       2.777373e+01   2.772904e+01   1.113702e+00   1.113702e+00  
483       2.777617e+01   2.773148e+01   1.113725e+00   1.113725e+00  
484       2.777862e+01   2.773393e+01   1.113748e+00   1.113748e+00  
485       2.778107e+01   2.773639e+01   1.113770e+00   1.113770e+00  
486       2.778353e+01   2.773884e+01   1.113792e+00   1.113792e+00  
487       2.778599e+01   2.774130e+01   1.113813e+00   1.113813e+00  
488       2.778845e+01   2.774377e+01   1.113833e+00   1.113833e+00  
489       2.779091e+01   2.774623e+01   1.113853e+00   1.113853e+00  
490       2.779338e+01   2.774870e+01   1.113872e+00   1.113872e+00  
491       2.779585e+01   2.775118e+01   1.113889e+00   1.113889e+00  
492       2.779832e+01   2.775365e+01   1.113905e+00   1.113905e+00  
493       2.780080e+01   2.775613e+01   1.113919e+00   1.113919e+00  
494       2.780328e+01   2.775861e+01   1.113932e+00   1.113932e+00  
495       2.780576e+01   2.776110e+01   1.113943e+00   1.113943e+00  
496       2.780825e+01   2.776359e+01   1.113952e+00   1.113952e+00  
497       2.781074e+01   2.776608e+01   1.113959e+00   1.113959e+00  
498       2.781323e+01   2.776858e+01   1.113964e+00   1.113964e+00  
499       2.781572e+01   2.777108e+01   1.113966e+00   1.113966e+00  
500       2.781822e+01   2.777358e+01   1.113966e+00   1.113966e+00  
501       2.782072e+01   2.777608e+01   1.113963e+00   1.113963e+00  
502       2.782323e+01   2.777859e+01   1.113958e+00   1.113958e+00  
503       2.782573e+01   2.778110e+01   1.113950e+00   1.113950e+00  
504       2.782824e+01   2.778362e+01   1.113938e+00   1.113938e+00  
505       2.783075e+01   2.778613e+01   1.113924e+00   1.113924e+00  
506       2.783327e+01   2.778865e+01   1.113907e+00   1.113907e+00  
507       2.783579e+01   2.779118e+01   1.113887e+00   1.113887e+00  
508       2.783831e+01   2.779370e+01   1.113863e+00   1.113863e+00  
509       2.784083e+01   2.779623e+01   1.113836e+00   1.113836e+00  
510       2.784336e+01   2.779876e+01   1.113806e+00   1.113806e+00  
511       2.784588e+01   2.780130e+01   1.113773e+00   1.113773e+00  
512       2.784842e+01   2.780384e+01   1.113736e+00   1.113736e+00  
513       2.785095e+01   2.780638e+01   1.113696e+00   1.113696e+00  
514       2.785349e+01   2.780892e+01   1.113652e+00   1.113652e+00  
515       2.785603e+01   2.781147e+01   1.113604e+00   1.113604e+00  
516       2.785857e+01   2.781402e+01   1.113553e+00   1.113553e+00  
517       2.786111e+01   2.781658e+01   1.113498e+00   1.113498e+00  
518       2.786366e+01   2.781913e+01   1.113439e+00   1.113439e+00  
519       2.786621e+01   2.782169e+01   1.113377e+00   1.113377e+00  
520       2.786876e+01   2.782425e+01   1.113311e+00   1.113311e+00  
521       2.787132e+01   2.782682e+01   1.113241e+00   1.113241e+00  
522       2.787388e+01   2.782939e+01   1.113167e+00   1.113167e+00  
523       2.787644e+01   2.783196e+01   1.113090e+00   1.113090e+00  
524       2.787900e+01   2.783453e+01   1.113010e+00   1.113010e+00  
525       2.788156e+01   2.783711e+01   1.112925e+00   1.112925e+00  
526       2.788413e+01   2.783969e+01   1.112838e+00   1.112838e+00  
527       2.788670e+01   2.784227e+01   1.112748e+00   1.112748e+00  
528       2.788928e+01   2.784485e+01   1.112654e+00   1.112654e+00  
529       2.789185e+01   2.784744e+01   1.112558e+00   1.112558e+00  
530       2.789443e+01   2.785003e+01   1.112459e+00   1.112459e+00  
531       2.789701e+01   2.785262e+01   1.112358e+00   1.112358e+00  
532       2.789960e+01   2.785522e+01   1.112256e+00   1.112256e+00  
533       2.790219e+01   2.785782e+01   1.112151e+00   1.112151e+00  
534       2.790478e+01   2.786042e+01   1.112045e+00   1.112045e+00  
535       2.790737e+01   2.786303e+01   1.111938e+00   1.111938e+00  
536       2.790996e+01   2.786564e+01   1.111831e+00   1.111831e+00  
537       2.791256e+01   2.786825e+01   1.111722e+00   1.111722e+00  
538       2.791516e+01   2.787086e+01   1.111614e+00   1.111614e+00  
539       2.791777e+01   2.787348e+01   1.111506e+00   1.111506e+00  
540       2.792037e+01   2.787610e+01   1.111398e+00   1.111398e+00  
541       2.792298e+01   2.787872e+01   1.111290e+00   1.111290e+00  
542       2.792559e+01   2.788134e+01   1.111183e+00   1.111183e+00  
543       2.792821e+01   2.788397e+01   1.111077e+00   1.111077e+00  
544       2.793083e+01   2.788660e+01   1.110972e+00   1.110972e+00  
545       2.793345e+01   2.788924e+01   1.110869e+00   1.110869e+00  
546       2.793607e+01   2.789187e+01   1.110766e+00   1.110766e+00  
547       2.793870e+01   2.789451e+01   1.110665e+00   1.110665e+00  
548       2.794133e+01   2.789715e+01   1.110565e+00   1.110565e+00  
549       2.794396e+01   2.789980e+01   1.110467e+00   1.110467e+00  
550       2.794660e+01   2.790245e+01   1.110371e+00   1.110371e+00  
551       2.794924e+01   2.790510e+01   1.110276e+00   1.110276e+00  
552       2.795188e+01   2.790775e+01   1.110183e+00   1.110183e+00  
553       2.795452e+01   2.791040e+01   1.110092e+00   1.110092e+00  
554       2.795717e+01   2.791306e+01   1.110003e+00   1.110003e+00  
555       2.795981e+01   2.791572e+01   1.109916e+00   1.109916e+00  
556       2.796247e+01   2.791838e+01   1.109832e+00   1.109832e+00  
557       2.796512e+01   2.792105e+01   1.109750e+00   1.109750e+00  
558       2.796778e+01   2.792372e+01   1.109671e+00   1.109671e+00  
559       2.797044e+01   2.792639e+01   1.109594e+00   1.109594e+00  
560       2.797310e+01   2.792906e+01   1.109521e+00   1.109521e+00  
561       2.797577e+01   2.793174e+01   1.109451e+00   1.109451e+00  
562       2.797844e+01   2.793441e+01   1.109385e+00   1.109385e+00  
563       2.798111e+01   2.793709e+01   1.109322e+00   1.109322e+00  
564       2.798378e+01   2.793978e+01   1.109263e+00   1.109263e+00  
565       2.798646e+01   2.794246e+01   1.109209e+00   1.109209e+00  
566       2.798914e+01   2.794515e+01   1.109158e+00   1.109158e+00  
567       2.799182e+01   2.794784e+01   1.109112e+00   1.109112e+00  
568       2.799451e+01   2.795053e+01   1.109070e+00   1.109070e+00  
569       2.799719e+01   2.795323e+01   1.109033e+00   1.109033e+00  
570       2.799989e+01   2.795593e+01   1.109000e+00   1.109000e+00  
571       2.800258e+01   2.795863e+01   1.108971e+00   1.108971e+00  
572       2.800528e+01   2.796133e+01   1.108947e+00   1.108947e+00  
573       2.800798e+01   2.796403e+01   1.108928e+00   1.108928e+00  
574       2.801068e+01   2.796674e+01   1.108913e+00   1.108913e+00  
575       2.801338e+01   2.796945e+01   1.108902e+00   1.108902e+00  
576       2.801609e+01   2.797216e+01   1.108895e+00   1.108895e+00  
577       2.801880e+01   2.797488e+01   1.108893e+00   1.108893e+00  
578       2.802151e+01   2.797760e+01   1.108894e+00   1.108894e+00  
579       2.802423e+01   2.798031e+01   1.108900e+00   1.108900e+00  
580       2.802695e+01   2.798304e+01   1.108909e+00   1.108909e+00  
581       2.802967e+01   2.798576e+01   1.108922e+00   1.108922e+00  
582       2.803239e+01   2.798849e+01   1.108939e+00   1.108939e+00  
583       2.803512e+01   2.799122e+01   1.108959e+00   1.108959e+00  
584       2.803785e+01   2.799395e+01   1.108983e+00   1.108983e+00  
585       2.804058e+01   2.799668e+01   1.109010e+00   1.109010e+00  
586       2.804331e+01   2.799942e+01   1.109041e+00   1.109041e+00  
587       2.804605e+01   2.800216e+01   1.109074e+00   1.109074e+00  
588       2.804879e+01   2.800490e+01   1.109111e+00   1.109111e+00  
589       2.805153e+01   2.800764e+01   1.109151e+00   1.109151e+00  
590       2.805428e+01   2.801039e+01   1.109195e+00   1.109195e+00  
591       2.805702e+01   2.801313e+01   1.109241e+00   1.109241e+00  
592       2.805977e+01   2.801589e+01   1.109291e+00   1.109291e+00  
593       2.806253e+01   2.801864e+01   1.109345e+00   1.109345e+00  
594       2.806528e+01   2.802139e+01   1.109402e+00   1.109402e+00  
595       2.806804e+01   2.802415e+01   1.109462e+00   1.109462e+00  
596       2.807080e+01   2.802691e+01   1.109527e+00   1.109527e+00  
597       2.807356e+01   2.802967e+01   1.109596e+00   1.109596e+00  
598       2.807633e+01   2.803244e+01   1.109669e+00   1.109669e+00  
599       2.807909e+01   2.803520e+01   1.109748e+00   1.109748e+00  
600       2.808186e+01   2.803797e+01   1.109832e+00   1.109832e+00  
601       2.808463e+01   2.804073e+01   1.109922e+00   1.109922e+00  
602       2.808740e+01   2.804350e+01   1.110019e+00   1.110019e+00  
603       2.809018e+01   2.804627e+01   1.110124e+00   1.110124e+00  
604       2.809295e+01   2.804904e+01   1.110236e+00   1.110236e+00  
605       2.809572e+01   2.805180e+01   1.110357e+00   1.110357e+00  
606       2.809849e+01   2.805457e+01   1.110488e+00   1.110488e+00  
607       2.810126e+01   2.805733e+01   1.110629e+00   1.110629e+00  
608       2.810403e+01   2.806009e+01   1.110782e+00   1.110782e+00  
609       2.810679e+01   2.806285e+01   1.110947e+00   1.110947e+00  
610       2.810955e+01   2.806560e+01   1.111125e+00   1.111125e+00  
611       2.811231e+01   2.806834e+01   1.111317e+00   1.111317e+00  
612       2.811506e+01   2.807108e+01   1.111525e+00   1.111525e+00  
613       2.811781e+01   2.807382e+01   1.111750e+00   1.111750e+00  
614       2.812055e+01   2.807654e+01   1.111992e+00   1.111992e+00  
615       2.812328e+01   2.807926e+01   1.112253e+00   1.112253e+00  
616       2.812601e+01   2.808197e+01   1.112535e+00   1.112535e+00  
617       2.812873e+01   2.808467e+01   1.112838e+00   1.112838e+00  
618       2.813144e+01   2.808736e+01   1.113164e+00   1.113164e+00  
619       2.813415e+01   2.809004e+01   1.113514e+00   1.113514e+00  
620       2.813685e+01   2.809272e+01   1.113890e+00   1.113890e+00  
621       2.813954e+01   2.809538e+01   1.114293e+00   1.114293e+00  
622       2.814222e+01   2.809803e+01   1.114725e+00   1.114725e+00  
623       2.814489e+01   2.810067e+01   1.115186e+00   1.115186e+00  
624       2.814756e+01   2.810330e+01   1.115679e+00   1.115679e+00  
625       2.815022e+01   2.810593e+01   1.116205e+00   1.116205e+00  
626       2.815287e+01   2.810853e+01   1.116765e+00   1.116765e+00  
627       2.815551e+01   2.811113e+01   1.117362e+00   1.117362e+00  
628       2.815814e+01   2.811372e+01   1.117995e+00   1.117995e+00  
629       2.816077e+01   2.811629e+01   1.118667e+00   1.118667e+00  
630       2.816338e+01   2.811886e+01   1.119379e+00   1.119379e+00  
631       2.816599e+01   2.812140e+01   1.120132e+00   1.120132e+00  
632       2.816858e+01   2.812394e+01   1.120927e+00   1.120927e+00  
633       2.817117e+01   2.812646e+01   1.121766e+00   1.121766e+00  
634       2.817374e+01   2.812897e+01   1.122648e+00   1.122648e+00  
635       2.817631e+01   2.813147e+01   1.123575e+00   1.123575e+00  
636       2.817887e+01   2.813395e+01   1.124547e+00   1.124547e+00  
637       2.818141e+01   2.813642e+01   1.125566e+00   1.125566e+00  
638       2.818395e+01   2.813888e+01   1.126630e+00   1.126630e+00  
639       2.818647e+01   2.814132e+01   1.127741e+00   1.127741e+00  
640       2.818899e+01   2.814374e+01   1.128898e+00   1.128898e+00  
641       2.819149e+01   2.814616e+01   1.130102e+00   1.130102e+00  
642       2.819399e+01   2.814855e+01   1.131352e+00   1.131352e+00  
643       2.819647e+01   2.815094e+01   1.132647e+00   1.132647e+00  
644       2.819894e+01   2.815331e+01   1.133987e+00   1.133987e+00  
645       2.820141e+01   2.815566e+01   1.135372e+00   1.135372e+00  
646       2.820386e+01   2.815800e+01   1.136800e+00   1.136800e+00  
647       2.820630e+01   2.816033e+01   1.138271e+00   1.138271e+00  
648       2.820873e+01   2.816264e+01   1.139783e+00   1.139783e+00  
649       2.821116e+01   2.816494e+01   1.141337e+00   1.141337e+00  
650       2.821357e+01   2.816723e+01   1.142929e+00   1.142929e+00  
651       2.821598e+01   2.816951e+01   1.144560e+00   1.144560e+00  
652       2.821838e+01   2.817178e+01   1.146228e+00   1.146228e+00  
653       2.822078e+01   2.817404e+01   1.147931e+00   1.147931e+00  
654       2.822317e+01   2.817630e+01   1.149669e+00   1.149669e+00  
655       2.822556e+01   2.817855e+01   1.151440e+00   1.151440e+00  
656       2.822795e+01   2.818080e+01   1.153243e+00   1.153243e+00  
657       2.823035e+01   2.818305e+01   1.155077e+00   1.155077e+00  
658       2.823275e+01   2.818530e+01   1.156939e+00   1.156939e+00  
659       2.823515e+01   2.818755e+01   1.158830e+00   1.158830e+00  
660       2.823757e+01   2.818981e+01   1.160747e+00   1.160747e+00  
661       2.823999e+01   2.819208e+01   1.162689e+00   1.162689e+00  
662       2.824243e+01   2.819436e+01   1.164655e+00   1.164655e+00  
663       2.824488e+01   2.819665e+01   1.166644e+00   1.166644e+00  
664       2.824735e+01   2.819896e+01   1.168655e+00   1.168655e+00  
665       2.824984e+01   2.820128e+01   1.170685e+00   1.170685e+00  
666       2.825234e+01   2.820362e+01   1.172734e+00   1.172734e+00  
667       2.825487e+01   2.820598e+01   1.174801e+00   1.174801e+00  
668       2.825743e+01   2.820837e+01   1.176884e+00   1.176884e+00  
669       2.826000e+01   2.821078e+01   1.178982e+00   1.178982e+00  
670       2.826261e+01   2.821321e+01   1.181093e+00   1.181093e+00  
671       2.826525e+01   2.821567e+01   1.183217e+00   1.183217e+00  
672       2.826791e+01   2.821817e+01   1.185352e+00   1.185352e+00  
673       2.827061e+01   2.822069e+01   1.187497e+00   1.187497e+00  
674       2.827334e+01   2.822324e+01   1.189650e+00   1.189650e+00  
675       2.827611e+01   2.822583e+01   1.191811e+00   1.191811e+00  
676       2.827891e+01   2.822845e+01   1.193978e+00   1.193978e+00  
677       2.828174e+01   2.823110e+01   1.196151e+00   1.196151e+00  
678       2.828461e+01   2.823379e+01   1.198327e+00   1.198327e+00  
679       2.828751e+01   2.823651e+01   1.200506e+00   1.200506e+00  
680       2.829044e+01   2.823927e+01   1.202687e+00   1.202687e+00  
681       2.829342e+01   2.824206e+01   1.204868e+00   1.204868e+00  
682       2.829642e+01   2.824489e+01   1.207048e+00   1.207048e+00  
683       2.829947e+01   2.824775e+01   1.209226e+00   1.209226e+00  
684       2.830254e+01   2.825065e+01   1.211401e+00   1.211401e+00  
685       2.830566e+01   2.825358e+01   1.213572e+00   1.213572e+00  
686       2.830880e+01   2.825655e+01   1.215738e+00   1.215738e+00  
687       2.831198e+01   2.825955e+01   1.217897e+00   1.217897e+00  
688       2.831520e+01   2.826258e+01   1.220049e+00   1.220049e+00  
689       2.831845e+01   2.826565e+01   1.222193e+00   1.222193e+00  
690       2.832172e+01   2.826875e+01   1.224328e+00   1.224328e+00  
691       2.832503e+01   2.827188e+01   1.226452e+00   1.226452e+00  
692       2.832837e+01   2.827504e+01   1.228566e+00   1.228566e+00  
693       2.833174e+01   2.827823e+01   1.230668e+00   1.230668e+00  
694       2.833513e+01   2.828145e+01   1.232758e+00   1.232758e+00  
695       2.833855e+01   2.828469e+01   1.234834e+00   1.234834e+00  
696       2.834199e+01   2.828796e+01   1.236896e+00   1.236896e+00  
697       2.834545e+01   2.829125e+01   1.238943e+00   1.238943e+00  
698       2.834894e+01   2.829456e+01   1.240975e+00   1.240975e+00  
699       2.835244e+01   2.829789e+01   1.242990e+00   1.242990e+00  
700       2.835596e+01   2.830125e+01   1.244987e+00   1.244987e+00  
701       2.835950e+01   2.830462e+01   1.246966e+00   1.246966e+00  
702       2.836306e+01   2.830801e+01   1.248925e+00   1.248925e+00  
703       2.836663e+01   2.831142e+01   1.250865e+00   1.250865e+00  
704       2.837021e+01   2.831484e+01   1.252784e+00   1.252784e+00  
705       2.837381e+01   2.831828e+01   1.254682e+00   1.254682e+00  
706       2.837742e+01   2.832172e+01   1.256558e+00   1.256558e+00  
707       2.838104e+01   2.832519e+01   1.258412e+00   1.258412e+00  
708       2.838467e+01   2.832866e+01   1.260243e+00   1.260243e+00  
709       2.838830e+01   2.833214e+01   1.262051e+00   1.262051e+00  
710       2.839194e+01   2.833563e+01   1.263835e+00   1.263835e+00  
711       2.839559e+01   2.833912e+01   1.265595e+00   1.265595e+00  
712       2.839924e+01   2.834263e+01   1.267330e+00   1.267330e+00  
713       2.840289e+01   2.834613e+01   1.269039e+00   1.269039e+00  
714       2.840655e+01   2.834964e+01   1.270723e+00   1.270723e+00  
715       2.841020e+01   2.835316e+01   1.272381e+00   1.272381e+00  
716       2.841386e+01   2.835668e+01   1.274012e+00   1.274012e+00  
717       2.841752e+01   2.836020e+01   1.275617e+00   1.275617e+00  
718       2.842118e+01   2.836373e+01   1.277195e+00   1.277195e+00  
719       2.842484e+01   2.836725e+01   1.278746e+00   1.278746e+00  
720       2.842850e+01   2.837078e+01   1.280271e+00   1.280271e+00  
721       2.843215e+01   2.837431e+01   1.281769e+00   1.281769e+00  
722       2.843581e+01   2.837784e+01   1.283239e+00   1.283239e+00  
723       2.843947e+01   2.838138e+01   1.284683e+00   1.284683e+00  
724       2.844314e+01   2.838492e+01   1.286098e+00   1.286098e+00  
725       2.844680e+01   2.838847e+01   1.287485e+00   1.287485e+00  
726       2.845048e+01   2.839203e+01   1.288843e+00   1.288843e+00  
727       2.845416e+01   2.839560e+01   1.290171e+00   1.290171e+00  
728       2.845785e+01   2.839918e+01   1.291469e+00   1.291469e+00  
729       2.846156e+01   2.840278e+01   1.292737e+00   1.292737e+00  
730       2.846528e+01   2.840639e+01   1.293974e+00   1.293974e+00  
731       2.846902e+01   2.841003e+01   1.295180e+00   1.295180e+00  
732       2.847278e+01   2.841369e+01   1.296356e+00   1.296356e+00  
733       2.847657e+01   2.841739e+01   1.297501e+00   1.297501e+00  
734       2.848039e+01   2.842112e+01   1.298615e+00   1.298615e+00  
735       2.848426e+01   2.842490e+01   1.299699e+00   1.299699e+00  
736       2.848819e+01   2.842874e+01   1.300752e+00   1.300752e+00  
737       2.849219e+01   2.843265e+01   1.301775e+00   1.301775e+00  
738       2.849631e+01   2.843669e+01   1.302768e+00   1.302768e+00  
739       2.850061e+01   2.844091e+01   1.303733e+00   1.303733e+00  
740       2.850530e+01   2.844553e+01   1.304677e+00   1.304677e+00  
741       2.851111e+01   2.845126e+01   1.305631e+00   1.305631e+00  
742       2.852268e+01   2.846275e+01   1.306804e+00   1.306804e+00  
743       2.850723e+01   2.844728e+01   1.306696e+00   1.306696e+00  
744       2.852670e+01   2.846664e+01   1.308237e+00   1.308237e+00  
745       2.854071e+01   2.848055e+01   1.309627e+00   1.309627e+00  
746       2.850641e+01   2.844625e+01   1.308834e+00   1.308834e+00  
747       2.856963e+01   2.850924e+01   1.312778e+00   1.312778e+00  
748       2.851415e+01   2.845378e+01   1.311361e+00   1.311361e+00  
749       2.856347e+01   2.850286e+01   1.315068e+00   1.315068e+00  
750       2.855752e+01   2.849676e+01   1.316491e+00   1.316491e+00  
751       2.857475e+01   2.851378e+01   1.319224e+00   1.319224e+00  
752       2.857523e+01   2.851405e+01   1.321522e+00   1.321522e+00  
753       2.855549e+01   2.849411e+01   1.323192e+00   1.323192e+00  
754       2.857256e+01   2.851085e+01   1.327081e+00   1.327081e+00  
755       2.856671e+01   2.850470e+01   1.330238e+00   1.330238e+00  
756       2.857540e+01   2.851301e+01   1.334417e+00   1.334417e+00  
757       2.857411e+01   2.851134e+01   1.338610e+00   1.338610e+00  
758       2.857953e+01   2.851632e+01   1.343293e+00   1.343293e+00  
759       2.858010e+01   2.851641e+01   1.348408e+00   1.348408e+00  
760       2.858422e+01   2.852004e+01   1.353716e+00   1.353716e+00  
761       2.858557e+01   2.852081e+01   1.359730e+00   1.359730e+00  
762       2.858951e+01   2.852419e+01   1.365752e+00   1.365752e+00  
763       2.859095e+01   2.852497e+01   1.372691e+00   1.372691e+00  
764       2.859550e+01   2.852888e+01   1.379458e+00   1.379458e+00  
765       2.859670e+01   2.852931e+01   1.387360e+00   1.387360e+00  
766       2.860211e+01   2.853401e+01   1.394861e+00   1.394861e+00  
767       2.860299e+01   2.853402e+01   1.403732e+00   1.403732e+00  
768       2.860919e+01   2.853942e+01   1.411954e+00   1.411954e+00  
769       2.860969e+01   2.853895e+01   1.421763e+00   1.421763e+00  
770       2.861654e+01   2.854492e+01   1.430699e+00   1.430699e+00  
771       2.861663e+01   2.854393e+01   1.441369e+00   1.441369e+00  
772       2.862394e+01   2.855028e+01   1.451028e+00   1.451028e+00  
773       2.862354e+01   2.854872e+01   1.462456e+00   1.462456e+00  
774       2.863128e+01   2.855541e+01   1.472841e+00   1.472841e+00  
775       2.863017e+01   2.855304e+01   1.484969e+00   1.484969e+00  
776       2.863847e+01   2.856021e+01   1.496055e+00   1.496055e+00  
777       2.863633e+01   2.855671e+01   1.508939e+00   1.508939e+00  
778       2.864528e+01   2.856442e+01   1.520883e+00   1.520883e+00  
779       2.864158e+01   2.855919e+01   1.535082e+00   1.535082e+00  
780       2.865116e+01   2.856741e+01   1.547906e+00   1.547906e+00  
781       2.864597e+01   2.856061e+01   1.562531e+00   1.562531e+00  
782       2.865626e+01   2.856968e+01   1.573990e+00   1.573990e+00  
783       2.865020e+01   2.856229e+01   1.585821e+00   1.585820e+00  
784       2.866084e+01   2.857196e+01   1.594791e+00   1.594791e+00  
785       2.865262e+01   2.856237e+01   1.606826e+00   1.606826e+00  
786       2.866289e+01   2.857181e+01   1.614506e+00   1.614506e+00  
787       2.865642e+01   2.856487e+01   1.618363e+00   1.618363e+00  
788       2.866903e+01   2.857763e+01   1.617470e+00   1.617470e+00  
789       2.865988e+01   2.856780e+01   1.623114e+00   1.623114e+00  
790       2.866953e+01   2.857691e+01   1.628285e+00   1.628285e+00  
791       2.866094e+01   2.856827e+01   1.628421e+00   1.628421e+00  
792       2.867442e+01   2.858243e+01   1.622861e+00   1.622861e+00  
793       2.866373e+01   2.857162e+01   1.623540e+00   1.623540e+00  
794       2.867679e+01   2.858488e+01   1.622159e+00   1.622159e+00  
795       2.866349e+01   2.857133e+01   1.624001e+00   1.624001e+00  
796       2.867996e+01   2.858902e+01   1.613674e+00   1.613674e+00  
797       2.867096e+01   2.858045e+01   1.609631e+00   1.609631e+00  
798       2.868317e+01   2.859253e+01   1.611157e+00   1.611157e+00  
799       2.866616e+01   2.857489e+01   1.616275e+00   1.616275e+00  
800       2.868783e+01   2.859854e+01   1.599176e+00   1.599176e+00  
801       2.867520e+01   2.858554e+01   1.602178e+00   1.602178e+00  
802       2.868570e+01   2.859585e+01   1.604131e+00   1.604131e+00  
803       2.867740e+01   2.858839e+01   1.596464e+00   1.596464e+00  
804       2.869416e+01   2.860585e+01   1.590568e+00   1.590567e+00  
805       2.867964e+01   2.859072e+01   1.595654e+00   1.595654e+00  
806       2.869640e+01   2.860853e+01   1.586735e+00   1.586735e+00  
807       2.868594e+01   2.859814e+01   1.585798e+00   1.585798e+00  
808       2.870099e+01   2.861342e+01   1.584181e+00   1.584181e+00  
809       2.868916e+01   2.860181e+01   1.581814e+00   1.581814e+00  
810       2.870728e+01   2.862047e+01   1.577404e+00   1.577404e+00  
811       2.869587e+01   2.860895e+01   1.578119e+00   1.578119e+00  
812       2.870978e+01   2.862318e+01   1.575594e+00   1.575594e+00  
813       2.870475e+01   2.861860e+01   1.571408e+00   1.571408e+00  
814       2.871446e+01   2.862796e+01   1.574762e+00   1.574762e+00  
815       2.870820e+01   2.862215e+01   1.570511e+00   1.570511e+00  
816       2.872533e+01   2.863956e+01   1.568494e+00   1.568494e+00  
817       2.870874e+01   2.862220e+01   1.575033e+00   1.575033e+00  
818       2.873589e+01   2.865078e+01   1.562741e+00   1.562741e+00  
819       2.871361e+01   2.862686e+01   1.577069e+00   1.577069e+00  
820       2.873992e+01   2.865465e+01   1.564262e+00   1.564262e+00  
821       2.872359e+01   2.863717e+01   1.574271e+00   1.574271e+00  
822       2.873765e+01   2.865158e+01   1.571616e+00   1.571616e+00  
823       2.873116e+01   2.864498e+01   1.572361e+00   1.572361e+00  
824       2.873748e+01   2.865065e+01   1.578448e+00   1.578448e+00  
825       2.873900e+01   2.865248e+01   1.575719e+00   1.575719e+00  
826       2.875350e+01   2.866649e+01   1.580476e+00   1.580476e+00  
827       2.875118e+01   2.866381e+01   1.583694e+00   1.583694e+00  
828       2.877119e+01   2.868414e+01   1.581311e+00   1.581311e+00  
829       2.875236e+01   2.866376e+01   1.594871e+00   1.594871e+00  
830       2.877942e+01   2.869204e+01   1.584613e+00   1.584613e+00  
831       2.875738e+01   2.866792e+01   1.602693e+00   1.602693e+00  
832       2.879473e+01   2.870683e+01   1.589685e+00   1.589685e+00  
833       2.877317e+01   2.868333e+01   1.606581e+00   1.606581e+00  
834       2.880386e+01   2.871470e+01   1.601359e+00   1.601359e+00  
835       2.879394e+01   2.870379e+01   1.609866e+00   1.609866e+00  
836       2.881651e+01   2.872601e+01   1.613681e+00   1.613681e+00  
837       2.881613e+01   2.872572e+01   1.612746e+00   1.612746e+00  
838       2.881613e+01   2.872412e+01   1.626988e+00   1.626988e+00  
839       2.882373e+01   2.873216e+01   1.623252e+00   1.623251e+00  
840       2.882671e+01   2.873300e+01   1.642284e+00   1.642284e+00  
841       2.884377e+01   2.875115e+01   1.633167e+00   1.633167e+00  
842       2.884183e+01   2.874728e+01   1.650011e+00   1.650011e+00  
843       2.884734e+01   2.875306e+01   1.647779e+00   1.647779e+00  
844       2.885384e+01   2.875752e+01   1.665656e+00   1.665656e+00  
845       2.885775e+01   2.876139e+01   1.666142e+00   1.666142e+00  
846       2.887514e+01   2.877831e+01   1.670662e+00   1.670662e+00  
847       2.886124e+01   2.876259e+01   1.685905e+00   1.685905e+00  
848       2.888477e+01   2.878579e+01   1.689353e+00   1.689353e+00  
849       2.887514e+01   2.877458e+01   1.702530e+00   1.702529e+00  
850       2.889948e+01   2.879928e+01   1.700189e+00   1.700189e+00  
851       2.887806e+01   2.877452e+01   1.727616e+00   1.727616e+00  
852       2.891401e+01   2.881193e+01   1.716518e+00   1.716518e+00  
853       2.889275e+01   2.878749e+01   1.742272e+00   1.742272e+00  
854       2.891944e+01   2.881461e+01   1.739624e+00   1.739624e+00  
855       2.890342e+01   2.879577e+01   1.762215e+00   1.762215e+00  
856       2.893397e+01   2.882714e+01   1.756478e+00   1.756478e+00  
857       2.891144e+01   2.880114e+01   1.784045e+00   1.784045e+00  
858       2.894171e+01   2.883223e+01   1.778326e+00   1.778326e+00  
859       2.892792e+01   2.881606e+01   1.797115e+00   1.797115e+00  
860       2.894800e+01   2.883620e+01   1.797297e+00   1.797297e+00  
861       2.894098e+01   2.882793e+01   1.807026e+00   1.807026e+00  
862       2.895864e+01   2.884506e+01   1.811809e+00   1.811809e+00  
863       2.895168e+01   2.883738e+01   1.817349e+00   1.817349e+00  
864       2.896732e+01   2.885268e+01   1.820520e+00   1.820520e+00  
865       2.896713e+01   2.885231e+01   1.821864e+00   1.821864e+00  
866       2.897661e+01   2.886094e+01   1.828958e+00   1.828958e+00  
867       2.897762e+01   2.886231e+01   1.826100e+00   1.826100e+00  
868       2.898861e+01   2.887221e+01   1.835048e+00   1.835048e+00  
869       2.898585e+01   2.887001e+01   1.830569e+00   1.830569e+00  
870       2.899889e+01   2.888197e+01   1.839460e+00   1.839460e+00  
871       2.899891e+01   2.888301e+01   1.831449e+00   1.831449e+00  
872       2.901048e+01   2.889386e+01   1.837518e+00   1.837518e+00  
873       2.901095e+01   2.889485e+01   1.833477e+00   1.833477e+00  
874       2.902163e+01   2.890520e+01   1.836392e+00   1.836392e+00  
875       2.901690e+01   2.890018e+01   1.838477e+00   1.838477e+00  
876       2.903645e+01   2.892051e+01   1.832952e+00   1.832952e+00  
877       2.902686e+01   2.891010e+01   1.839080e+00   1.839080e+00  
878       2.904645e+01   2.893037e+01   1.834369e+00   1.834368e+00  
879       2.903630e+01   2.891938e+01   1.840696e+00   1.840696e+00  
880       2.905366e+01   2.893751e+01   1.835161e+00   1.835161e+00  
881       2.905296e+01   2.893690e+01   1.834433e+00   1.834433e+00  
882       2.906622e+01   2.895046e+01   1.832544e+00   1.832544e+00  
883       2.905943e+01   2.894286e+01   1.838648e+00   1.838648e+00  
884       2.907686e+01   2.896139e+01   1.830500e+00   1.830500e+00  
885       2.906799e+01   2.895162e+01   1.837397e+00   1.837397e+00  
886       2.909236e+01   2.897741e+01   1.826888e+00   1.826888e+00  
887       2.907810e+01   2.896187e+01   1.836582e+00   1.836582e+00  
888       2.910030e+01   2.898526e+01   1.827851e+00   1.827851e+00  
889       2.909186e+01   2.897634e+01   1.831420e+00   1.831420e+00  
890       2.910909e+01   2.899400e+01   1.828531e+00   1.828531e+00  
891       2.910623e+01   2.899116e+01   1.828231e+00   1.828231e+00  
892       2.911745e+01   2.900232e+01   1.829093e+00   1.829093e+00  
893       2.911696e+01   2.900214e+01   1.826660e+00   1.826660e+00  
894       2.912988e+01   2.901501e+01   1.827411e+00   1.827411e+00  
895       2.912647e+01   2.901160e+01   1.827336e+00   1.827336e+00  
896       2.914211e+01   2.902759e+01   1.825018e+00   1.825018e+00  
897       2.913508e+01   2.901997e+01   1.829534e+00   1.829534e+00  
898       2.915566e+01   2.904129e+01   1.824260e+00   1.824260e+00  
899       2.914731e+01   2.903226e+01   1.829474e+00   1.829474e+00  
900       2.916469e+01   2.905002e+01   1.826990e+00   1.826990e+00  
901       2.916394e+01   2.904908e+01   1.828409e+00   1.828409e+00  
902       2.917535e+01   2.906042e+01   1.829353e+00   1.829353e+00  
903       2.917735e+01   2.906271e+01   1.827063e+00   1.827063e+00  
904       2.918473e+01   2.906944e+01   1.832503e+00   1.832503e+00  
905       2.918835e+01   2.907380e+01   1.826722e+00   1.826722e+00  
906       2.919101e+01   2.907556e+01   1.833965e+00   1.833965e+00  
907       2.919206e+01   2.907703e+01   1.830681e+00   1.830681e+00  
908       2.920241e+01   2.908696e+01   1.834260e+00   1.834260e+00  
909       2.919831e+01   2.908284e+01   1.834383e+00   1.834383e+00  
910       2.921712e+01   2.910183e+01   1.833475e+00   1.833475e+00  
911       2.920903e+01   2.909315e+01   1.837929e+00   1.837929e+00  
912       2.922524e+01   2.910988e+01   1.834325e+00   1.834325e+00  
913       2.921327e+01   2.909675e+01   1.843138e+00   1.843138e+00  
914       2.922973e+01   2.911376e+01   1.839332e+00   1.839332e+00  
915       2.922106e+01   2.910460e+01   1.842925e+00   1.842925e+00  
916       2.923246e+01   2.911576e+01   1.845141e+00   1.845141e+00  
917       2.923083e+01   2.911420e+01   1.844519e+00   1.844519e+00  
918       2.923619e+01   2.911851e+01   1.853006e+00   1.853006e+00  
919       2.923980e+01   2.912259e+01   1.849383e+00   1.849383e+00  
920       2.925040e+01   2.913266e+01   1.853915e+00   1.853915e+00  
921       2.925075e+01   2.913359e+01   1.849326e+00   1.849326e+00  
922       2.925662e+01   2.913823e+01   1.859206e+00   1.859206e+00  
923       2.925097e+01   2.913231e+01   1.861145e+00   1.861145e+00  
924       2.926396e+01   2.914489e+01   1.864803e+00   1.864803e+00  
925       2.925877e+01   2.913927e+01   1.868014e+00   1.868014e+00  
926       2.928020e+01   2.916137e+01   1.863429e+00   1.863429e+00  
927       2.925980e+01   2.913875e+01   1.880079e+00   1.880079e+00  
928       2.928312e+01   2.916273e+01   1.875637e+00   1.875637e+00  
929       2.926763e+01   2.914571e+01   1.887068e+00   1.887067e+00  
930       2.929232e+01   2.917147e+01   1.879496e+00   1.879496e+00  
931       2.927547e+01   2.915228e+01   1.897072e+00   1.897072e+00  
932       2.929347e+01   2.917084e+01   1.893292e+00   1.893292e+00  
933       2.928147e+01   2.915748e+01   1.903358e+00   1.903358e+00  
934       2.930055e+01   2.917709e+01   1.899943e+00   1.899943e+00  
935       2.928794e+01   2.916319e+01   1.909455e+00   1.909455e+00  
936       2.930484e+01   2.918037e+01   1.907845e+00   1.907845e+00  
937       2.929560e+01   2.917097e+01   1.908764e+00   1.908764e+00  
938       2.930647e+01   2.918140e+01   1.912490e+00   1.912490e+00  
939       2.930378e+01   2.917895e+01   1.910511e+00   1.910511e+00  
940       2.931090e+01   2.918564e+01   1.914062e+00   1.914062e+00  
941       2.930672e+01   2.918183e+01   1.911119e+00   1.911119e+00  
942       2.931591e+01   2.919093e+01   1.912032e+00   1.912032e+00  
943       2.930864e+01   2.918342e+01   1.913639e+00   1.913639e+00  
944       2.932017e+01   2.919558e+01   1.909263e+00   1.909263e+00  
945       2.930888e+01   2.918364e+01   1.913840e+00   1.913840e+00  
946       2.932348e+01   2.919907e+01   1.908043e+00   1.908043e+00  
947       2.931067e+01   2.918526e+01   1.915145e+00   1.915145e+00  
948       2.932599e+01   2.920208e+01   1.904199e+00   1.904199e+00  
949       2.931306e+01   2.918799e+01   1.912644e+00   1.912644e+00  
950       2.933037e+01   2.920692e+01   1.900851e+00   1.900851e+00  
951       2.931459e+01   2.918980e+01   1.910559e+00   1.910559e+00  
952       2.933086e+01   2.920753e+01   1.899946e+00   1.899946e+00  
953       2.932139e+01   2.919754e+01   1.903616e+00   1.903616e+00  
954       2.933160e+01   2.920823e+01   1.900256e+00   1.900256e+00  
955       2.932655e+01   2.920340e+01   1.898388e+00   1.898388e+00  
956       2.933357e+01   2.921019e+01   1.900464e+00   1.900464e+00  
957       2.933239e+01   2.920989e+01   1.893573e+00   1.893573e+00  
958       2.933423e+01   2.921077e+01   1.901087e+00   1.901087e+00  
959       2.933896e+01   2.921737e+01   1.886840e+00   1.886840e+00  
960       2.934329e+01   2.922043e+01   1.896733e+00   1.896733e+00  
961       2.934029e+01   2.921874e+01   1.886509e+00   1.886509e+00  
962       2.934952e+01   2.922671e+01   1.896537e+00   1.896537e+00  
963       2.934457e+01   2.922352e+01   1.882768e+00   1.882768e+00  
964       2.935540e+01   2.923302e+01   1.893440e+00   1.893440e+00  
965       2.935177e+01   2.923077e+01   1.882648e+00   1.882648e+00  
966       2.936366e+01   2.924182e+01   1.889571e+00   1.889571e+00  
967       2.935798e+01   2.923685e+01   1.883837e+00   1.883837e+00  
968       2.936893e+01   2.924732e+01   1.887853e+00   1.887853e+00  
969       2.936822e+01   2.924746e+01   1.881287e+00   1.881287e+00  
970       2.937686e+01   2.925560e+01   1.885445e+00   1.885445e+00  
971       2.937552e+01   2.925451e+01   1.883434e+00   1.883434e+00  
972       2.938768e+01   2.926720e+01   1.879746e+00   1.879746e+00  
973       2.937977e+01   2.925846e+01   1.885905e+00   1.885905e+00  
974       2.939753e+01   2.927699e+01   1.880547e+00   1.880547e+00  
975       2.938921e+01   2.926806e+01   1.885035e+00   1.885035e+00  
976       2.940375e+01   2.928298e+01   1.882454e+00   1.882454e+00  
977       2.939703e+01   2.927560e+01   1.887430e+00   1.887430e+00  
978       2.941138e+01   2.929042e+01   1.884245e+00   1.884245e+00  
979       2.940465e+01   2.928278e+01   1.891035e+00   1.891035e+00  
980       2.941603e+01   2.929456e+01   1.888383e+00   1.888383e+00  
981       2.941581e+01   2.929407e+01   1.890357e+00   1.890357e+00  
982       2.941796e+01   2.929522e+01   1.898167e+00   1.898167e+00  
983       2.942676e+01   2.930477e+01   1.892708e+00   1.892708e+00  
984       2.942508e+01   2.930195e+01   1.901435e+00   1.901435e+00  
985       2.943374e+01   2.931093e+01   1.899274e+00   1.899274e+00  
986       2.943585e+01   2.931217e+01   1.906009e+00   1.906009e+00  
987       2.944377e+01   2.932053e+01   1.902846e+00   1.902846e+00  
988       2.944537e+01   2.932090e+01   1.912402e+00   1.912402e+00  
989       2.945408e+01   2.933044e+01   1.906295e+00   1.906295e+00  
990       2.945211e+01   2.932653e+01   1.921139e+00   1.921139e+00  
991       2.946529e+01   2.934096e+01   1.911966e+00   1.911966e+00  
992       2.946321e+01   2.933714e+01   1.925212e+00   1.925212e+00  
993       2.947856e+01   2.935340e+01   1.918716e+00   1.918715e+00  
994       2.947744e+01   2.935093e+01   1.928980e+00   1.928980e+00  
995       2.949208e+01   2.936634e+01   1.923620e+00   1.923620e+00  
996       2.948618e+01   2.935832e+01   1.939556e+00   1.939556e+00  
997       2.950316e+01   2.937654e+01   1.930733e+00   1.930733e+00  
998       2.949737e+01   2.936864e+01   1.946500e+00   1.946500e+00  
999       2.951188e+01   2.938427e+01   1.938529e+00   1.938529e+00  
1000      2.951159e+01   2.938255e+01   1.949321e+00   1.949321e+00  
1001      2.951544e+01   2.938586e+01   1.953508e+00   1.953508e+00  
1002      2.952462e+01   2.939444e+01   1.958336e+00   1.958336e+00  
1003      2.952087e+01   2.938942e+01   1.967751e+00   1.967751e+00  
1004      2.953821e+01   2.940725e+01   1.964632e+00   1.964632e+00  
1005      2.953492e+01   2.940285e+01   1.972809e+00   1.972809e+00  
1006      2.954650e+01   2.941407e+01   1.975815e+00   1.975815e+00  
1007      2.953998e+01   2.940580e+01   1.988613e+00   1.988613e+00  
1008      2.955449e+01   2.942045e+01   1.988095e+00   1.988095e+00  
1009      2.955009e+01   2.941469e+01   1.997937e+00   1.997937e+00  
1010      2.956523e+01   2.943070e+01   1.992081e+00   1.992081e+00  
1011      2.955976e+01   2.942300e+01   2.008291e+00   2.008291e+00  
1012      2.956945e+01   2.943307e+01   2.005836e+00   2.005836e+00  
1013      2.956918e+01   2.943194e+01   2.012098e+00   2.012098e+00  
1014      2.957845e+01   2.944169e+01   2.008886e+00   2.008886e+00  
1015      2.958206e+01   2.944495e+01   2.011610e+00   2.011610e+00  
1016      2.958359e+01   2.944563e+01   2.017938e+00   2.017938e+00  
1017      2.958776e+01   2.944994e+01   2.017023e+00   2.017023e+00  
1018      2.959463e+01   2.945646e+01   2.019779e+00   2.019779e+00  
1019      2.959415e+01   2.945603e+01   2.019418e+00   2.019418e+00  
1020      2.960498e+01   2.946686e+01   2.019713e+00   2.019713e+00  
1021      2.960047e+01   2.946164e+01   2.024765e+00   2.024765e+00  
1022      2.961180e+01   2.947317e+01   2.023709e+00   2.023709e+00  
1023      2.961103e+01   2.947254e+01   2.022660e+00   2.022660e+00  
1024      2.962073e+01   2.948190e+01   2.025530e+00   2.025530e+00  
1025      2.961704e+01   2.947798e+01   2.027062e+00   2.027062e+00  
1026      2.962813e+01   2.948896e+01   2.028235e+00   2.028235e+00  
1027      2.962781e+01   2.948876e+01   2.027358e+00   2.027358e+00  
1028      2.963523e+01   2.949618e+01   2.027620e+00   2.027620e+00  
1029      2.963449e+01   2.949490e+01   2.031472e+00   2.031472e+00  
1030      2.964367e+01   2.950429e+01   2.030255e+00   2.030255e+00  
1031      2.964423e+01   2.950472e+01   2.031195e+00   2.031195e+00  
1032      2.965212e+01   2.951298e+01   2.028831e+00   2.028831e+00  
1033      2.965616e+01   2.951677e+01   2.030762e+00   2.030762e+00  
1034      2.965870e+01   2.951920e+01   2.031714e+00   2.031714e+00  
1035      2.966698e+01   2.952785e+01   2.029296e+00   2.029296e+00  
1036      2.966658e+01   2.952731e+01   2.030290e+00   2.030290e+00  
1037      2.967352e+01   2.953405e+01   2.031944e+00   2.031944e+00  
1038      2.968008e+01   2.954105e+01   2.028957e+00   2.028957e+00  
1039      2.968071e+01   2.954106e+01   2.033561e+00   2.033561e+00  
1040      2.969099e+01   2.955251e+01   2.025338e+00   2.025338e+00  
1041      2.968785e+01   2.954775e+01   2.036974e+00   2.036974e+00  
1042      2.970306e+01   2.956499e+01   2.022808e+00   2.022808e+00  
1043      2.969503e+01   2.955516e+01   2.035615e+00   2.035615e+00  
1044      2.971352e+01   2.957530e+01   2.024219e+00   2.024219e+00  
1045      2.970584e+01   2.956589e+01   2.036585e+00   2.036585e+00  
1046      2.972194e+01   2.958360e+01   2.025401e+00   2.025401e+00  
1047      2.971692e+01   2.957754e+01   2.032844e+00   2.032844e+00  
1048      2.973006e+01   2.959131e+01   2.028625e+00   2.028625e+00  
1049      2.973011e+01   2.959055e+01   2.034540e+00   2.034540e+00  
1050      2.973937e+01   2.960066e+01   2.028685e+00   2.028685e+00  
1051      2.974011e+01   2.960040e+01   2.035980e+00   2.035980e+00  
1052      2.975028e+01   2.961146e+01   2.029806e+00   2.029806e+00  
1053      2.974900e+01   2.960893e+01   2.038866e+00   2.038866e+00  
1054      2.976044e+01   2.962144e+01   2.031515e+00   2.031515e+00  
1055      2.976381e+01   2.962353e+01   2.040893e+00   2.040893e+00  
1056      2.976707e+01   2.962776e+01   2.033980e+00   2.033980e+00  
1057      2.977478e+01   2.963465e+01   2.040263e+00   2.040263e+00  
1058      2.977585e+01   2.963583e+01   2.039496e+00   2.039496e+00  
1059      2.978707e+01   2.964672e+01   2.042258e+00   2.042258e+00  
1060      2.978581e+01   2.964573e+01   2.040224e+00   2.040224e+00  
1061      2.979525e+01   2.965462e+01   2.044535e+00   2.044535e+00  
1062      2.979341e+01   2.965282e+01   2.044188e+00   2.044188e+00  
1063      2.980364e+01   2.966276e+01   2.046671e+00   2.046671e+00  
1064      2.980394e+01   2.966326e+01   2.045214e+00   2.045214e+00  
1065      2.980954e+01   2.966775e+01   2.053406e+00   2.053406e+00  
1066      2.981462e+01   2.967412e+01   2.044278e+00   2.044278e+00  
1067      2.981924e+01   2.967683e+01   2.058293e+00   2.058293e+00  
1068      2.982897e+01   2.968840e+01   2.045324e+00   2.045324e+00  
1069      2.982766e+01   2.968493e+01   2.060876e+00   2.060876e+00  
1070      2.983761e+01   2.969650e+01   2.049532e+00   2.049532e+00  
1071      2.984125e+01   2.969848e+01   2.061625e+00   2.061625e+00  
1072      2.984230e+01   2.970001e+01   2.058173e+00   2.058173e+00  
1073      2.985101e+01   2.970766e+01   2.066120e+00   2.066120e+00  
1074      2.984603e+01   2.970223e+01   2.069214e+00   2.069214e+00  
1075      2.986204e+01   2.971824e+01   2.069727e+00   2.069727e+00  
1076      2.985898e+01   2.971471e+01   2.073066e+00   2.073066e+00  
1077      2.987408e+01   2.972964e+01   2.074697e+00   2.074697e+00  
1078      2.986873e+01   2.972410e+01   2.075964e+00   2.075964e+00  
1079      2.988596e+01   2.974054e+01   2.082224e+00   2.082224e+00  
1080      2.987550e+01   2.972921e+01   2.087969e+00   2.087969e+00  
1081      2.989160e+01   2.974426e+01   2.095970e+00   2.095970e+00  
1082      2.988736e+01   2.974035e+01   2.093559e+00   2.093559e+00  
1083      2.990385e+01   2.975602e+01   2.099963e+00   2.099963e+00  
1084      2.989714e+01   2.974971e+01   2.096882e+00   2.096882e+00  
1085      2.991295e+01   2.976418e+01   2.106853e+00   2.106853e+00  
1086      2.990287e+01   2.975403e+01   2.107039e+00   2.107039e+00  
1087      2.992222e+01   2.977307e+01   2.109926e+00   2.109926e+00  
1088      2.991233e+01   2.976277e+01   2.112462e+00   2.112462e+00  
1089      2.993278e+01   2.978381e+01   2.109033e+00   2.109033e+00  
1090      2.992079e+01   2.977103e+01   2.114188e+00   2.114188e+00  
1091      2.994210e+01   2.979300e+01   2.110254e+00   2.110254e+00  
1092      2.992494e+01   2.977411e+01   2.121870e+00   2.121870e+00  
1093      2.994907e+01   2.980002e+01   2.110117e+00   2.110117e+00  
1094      2.994032e+01   2.979034e+01   2.116434e+00   2.116434e+00  
1095      2.995264e+01   2.980310e+01   2.113762e+00   2.113762e+00  
1096      2.994985e+01   2.979988e+01   2.116664e+00   2.116664e+00  
1097      2.995687e+01   2.980649e+01   2.119822e+00   2.119822e+00  
1098      2.996017e+01   2.981065e+01   2.113882e+00   2.113882e+00  
1099      2.996730e+01   2.981721e+01   2.118151e+00   2.118151e+00  
1100      2.997135e+01   2.982227e+01   2.111150e+00   2.111150e+00  
1101      2.997384e+01   2.982332e+01   2.121423e+00   2.121423e+00  
1102      2.997860e+01   2.982905e+01   2.114760e+00   2.114760e+00  
1103      2.998501e+01   2.983502e+01   2.118089e+00   2.118089e+00  
1104      2.999036e+01   2.984142e+01   2.110875e+00   2.110875e+00  
1105      2.999512e+01   2.984514e+01   2.118315e+00   2.118315e+00  
1106      2.999713e+01   2.984770e+01   2.114517e+00   2.114517e+00  
1107      3.000892e+01   2.985960e+01   2.114203e+00   2.114203e+00  
1108      3.000706e+01   2.985756e+01   2.115416e+00   2.115416e+00  
1109      3.001886e+01   2.986981e+01   2.112613e+00   2.112613e+00  
1110      3.001407e+01   2.986440e+01   2.116846e+00   2.116846e+00  
1111      3.002796e+01   2.987843e+01   2.116367e+00   2.116367e+00  
1112      3.002298e+01   2.987325e+01   2.117581e+00   2.117581e+00  
1113      3.003973e+01   2.989060e+01   2.113937e+00   2.113937e+00  
1114      3.002714e+01   2.987657e+01   2.123612e+00   2.123612e+00  
1115      3.004920e+01   2.989945e+01   2.118645e+00   2.118646e+00  
1116      3.004257e+01   2.989238e+01   2.121511e+00   2.121511e+00  
1117      3.005408e+01   2.990357e+01   2.124162e+00   2.124162e+00  
1118      3.005241e+01   2.990194e+01   2.123841e+00   2.123841e+00  
1119      3.006073e+01   2.990970e+01   2.128056e+00   2.128056e+00  
1120      3.006549e+01   2.991511e+01   2.123692e+00   2.123692e+00  
1121      3.007033e+01   2.991873e+01   2.132406e+00   2.132406e+00  
1122      3.007219e+01   2.992104e+01   2.129319e+00   2.129319e+00  
1123      3.008289e+01   2.993108e+01   2.134319e+00   2.134319e+00  
1124      3.008370e+01   2.993192e+01   2.134172e+00   2.134172e+00  
1125      3.009489e+01   2.994339e+01   2.132572e+00   2.132572e+00  
1126      3.008938e+01   2.993684e+01   2.139717e+00   2.139717e+00  
1127      3.010562e+01   2.995357e+01   2.136804e+00   2.136804e+00  
1128      3.010425e+01   2.995160e+01   2.141003e+00   2.141003e+00  
1129      3.011461e+01   2.996224e+01   2.139369e+00   2.139369e+00  
1130      3.011041e+01   2.995672e+01   2.148462e+00   2.148462e+00  
1131      3.012442e+01   2.997168e+01   2.142289e+00   2.142289e+00  
1132      3.012130e+01   2.996712e+01   2.152292e+00   2.152292e+00  
1133      3.012824e+01   2.997435e+01   2.150497e+00   2.150497e+00  
1134      3.013408e+01   2.997980e+01   2.153363e+00   2.153363e+00  
1135      3.013680e+01   2.998192e+01   2.157658e+00   2.157658e+00  
1136      3.014035e+01   2.998520e+01   2.159641e+00   2.159641e+00  
1137      3.014495e+01   2.998945e+01   2.162231e+00   2.162231e+00  
1138      3.014879e+01   2.999282e+01   2.165669e+00   2.165669e+00  
1139      3.015847e+01   3.000236e+01   2.166984e+00   2.166984e+00  
1140      3.015635e+01   2.999973e+01   2.170465e+00   2.170465e+00  
1141      3.016493e+01   3.000787e+01   2.173804e+00   2.173804e+00  
1142      3.016949e+01   3.001229e+01   2.174948e+00   2.174948e+00  
1143      3.017562e+01   3.001810e+01   2.177335e+00   2.177335e+00  
1144      3.017731e+01   3.001920e+01   2.181471e+00   2.181471e+00  
1145      3.018361e+01   3.002486e+01   2.186136e+00   2.186136e+00  
1146      3.018670e+01   3.002781e+01   2.187224e+00   2.187224e+00  
1147      3.018909e+01   3.002905e+01   2.195155e+00   2.195155e+00  
1148      3.019359e+01   3.003313e+01   2.198204e+00   2.198204e+00  
1149      3.020112e+01   3.004020e+01   2.201606e+00   2.201606e+00  
1150      3.019785e+01   3.003568e+01   2.209986e+00   2.209986e+00  
1151      3.021348e+01   3.005215e+01   2.204829e+00   2.204829e+00  
1152      3.021034e+01   3.004737e+01   2.215878e+00   2.215878e+00  
1153      3.022359e+01   3.006130e+01   2.211708e+00   2.211708e+00  
1154      3.021859e+01   3.005463e+01   2.222868e+00   2.222868e+00  
1155      3.023210e+01   3.006881e+01   2.218837e+00   2.218837e+00  
1156      3.022540e+01   3.006004e+01   2.232605e+00   2.232605e+00  
1157      3.023386e+01   3.006884e+01   2.230622e+00   2.230622e+00  
1158      3.022914e+01   3.006164e+01   2.247079e+00   2.247079e+00  
1159      3.023569e+01   3.006910e+01   2.241269e+00   2.241269e+00  
1160      3.023518e+01   3.006732e+01   2.249687e+00   2.249687e+00  
1161      3.023949e+01   3.007211e+01   2.246633e+00   2.246633e+00  
1162      3.024288e+01   3.007489e+01   2.250874e+00   2.250874e+00  
1163      3.023869e+01   3.007032e+01   2.253241e+00   2.253241e+00  
1164      3.024382e+01   3.007472e+01   2.258283e+00   2.258283e+00  
1165      3.024307e+01   3.007373e+01   2.259863e+00   2.259863e+00  
1166      3.024075e+01   3.007088e+01   2.263304e+00   2.263304e+00  
1167      3.024958e+01   3.008041e+01   2.258994e+00   2.258994e+00  
1168      3.024508e+01   3.007490e+01   2.265534e+00   2.265534e+00  
1169      3.024866e+01   3.007907e+01   2.261749e+00   2.261749e+00  
1170      3.024339e+01   3.007232e+01   2.271389e+00   2.271389e+00  
1171      3.025138e+01   3.008135e+01   2.264708e+00   2.264708e+00  
1172      3.024406e+01   3.007264e+01   2.273731e+00   2.273731e+00  
1173      3.025662e+01   3.008705e+01   2.261951e+00   2.261951e+00  
1174      3.024911e+01   3.007731e+01   2.276465e+00   2.276465e+00  
1175      3.025425e+01   3.008387e+01   2.267218e+00   2.267218e+00  
1176      3.025401e+01   3.008237e+01   2.275573e+00   2.275573e+00  
1177      3.025791e+01   3.008709e+01   2.270314e+00   2.270314e+00  
1178      3.025756e+01   3.008570e+01   2.277096e+00   2.277096e+00  
1179      3.026519e+01   3.009471e+01   2.268239e+00   2.268239e+00  
1180      3.026236e+01   3.009044e+01   2.277707e+00   2.277707e+00  
1181      3.026779e+01   3.009669e+01   2.272512e+00   2.272512e+00  
1182      3.026612e+01   3.009415e+01   2.278166e+00   2.278166e+00  
1183      3.027977e+01   3.010891e+01   2.271366e+00   2.271366e+00  
1184      3.027144e+01   3.009969e+01   2.276926e+00   2.276926e+00  
1185      3.028128e+01   3.010985e+01   2.275140e+00   2.275141e+00  
1186      3.027695e+01   3.010493e+01   2.278900e+00   2.278900e+00  
1187      3.028793e+01   3.011644e+01   2.275826e+00   2.275826e+00  
1188      3.028412e+01   3.011221e+01   2.278457e+00   2.278457e+00  
1189      3.029557e+01   3.012382e+01   2.277847e+00   2.277847e+00  
1190      3.028552e+01   3.011331e+01   2.280435e+00   2.280435e+00  
1191      3.030096e+01   3.012884e+01   2.280429e+00   2.280429e+00  
1192      3.029748e+01   3.012512e+01   2.281889e+00   2.281889e+00  
1193      3.030107e+01   3.012829e+01   2.284867e+00   2.284867e+00  
1194      3.030325e+01   3.013106e+01   2.281037e+00   2.281037e+00  
1195      3.030508e+01   3.013175e+01   2.288601e+00   2.288601e+00  
1196      3.030801e+01   3.013533e+01   2.284412e+00   2.284412e+00  
1197      3.031071e+01   3.013724e+01   2.289762e+00   2.289762e+00  
1198      3.031582e+01   3.014289e+01   2.286350e+00   2.286351e+00  
1199      3.030973e+01   3.013544e+01   2.295099e+00   2.295099e+00  
1200      3.032461e+01   3.015138e+01   2.288718e+00   2.288718e+00  
1201      3.031927e+01   3.014477e+01   2.296848e+00   2.296848e+00  
1202      3.032753e+01   3.015364e+01   2.293146e+00   2.293146e+00  
1203      3.032675e+01   3.015223e+01   2.297266e+00   2.297266e+00  
1204      3.033268e+01   3.015817e+01   2.297421e+00   2.297421e+00  
1205      3.033575e+01   3.016097e+01   2.299300e+00   2.299300e+00  
1206      3.034165e+01   3.016646e+01   2.302213e+00   2.302213e+00  
1207      3.034354e+01   3.016849e+01   2.301406e+00   2.301406e+00  
1208      3.035023e+01   3.017488e+01   2.303571e+00   2.303571e+00  
1209      3.035245e+01   3.017657e+01   2.307134e+00   2.307134e+00  
1210      3.036021e+01   3.018456e+01   2.305934e+00   2.305934e+00  
1211      3.035880e+01   3.018236e+01   2.311048e+00   2.311048e+00  
1212      3.037484e+01   3.019894e+01   2.308126e+00   2.308126e+00  
1213      3.036688e+01   3.018997e+01   2.314418e+00   2.314418e+00  
1214      3.038471e+01   3.020824e+01   2.312198e+00   2.312198e+00  
1215      3.037445e+01   3.019653e+01   2.321288e+00   2.321288e+00  
1216      3.039438e+01   3.021734e+01   2.316321e+00   2.316321e+00  
1217      3.038907e+01   3.021092e+01   2.323387e+00   2.323387e+00  
1218      3.040231e+01   3.022413e+01   2.324065e+00   2.324065e+00  
1219      3.039851e+01   3.021970e+01   2.328003e+00   2.328003e+00  
1220      3.041510e+01   3.023635e+01   2.328219e+00   2.328219e+00  
1221      3.040750e+01   3.022770e+01   2.334787e+00   2.334787e+00  
1222      3.042697e+01   3.024754e+01   2.333082e+00   2.333082e+00  
1223      3.042246e+01   3.024232e+01   2.337538e+00   2.337538e+00  
1224      3.043524e+01   3.025464e+01   2.341000e+00   2.341000e+00  
1225      3.043755e+01   3.025673e+01   2.342503e+00   2.342502e+00  
1226      3.044590e+01   3.026459e+01   2.345985e+00   2.345985e+00  
1227      3.044785e+01   3.026608e+01   2.349039e+00   2.349039e+00  
1228      3.045904e+01   3.027682e+01   2.352353e+00   2.352353e+00  
1229      3.045782e+01   3.027511e+01   2.355436e+00   2.355436e+00  
1230      3.046376e+01   3.028039e+01   2.359976e+00   2.359976e+00  
1231      3.046978e+01   3.028613e+01   2.361964e+00   2.361964e+00  
1232      3.047073e+01   3.028636e+01   2.366622e+00   2.366622e+00  
1233      3.047440e+01   3.028975e+01   2.368560e+00   2.368560e+00  
1234      3.047679e+01   3.029119e+01   2.374740e+00   2.374740e+00  
1235      3.048136e+01   3.029620e+01   2.372090e+00   2.372090e+00  
1236      3.048492e+01   3.029906e+01   2.376686e+00   2.376686e+00  
1237      3.048628e+01   3.030094e+01   2.373406e+00   2.373406e+00  
1238      3.049646e+01   3.031075e+01   2.376198e+00   2.376197e+00  
1239      3.049340e+01   3.030777e+01   2.375541e+00   2.375541e+00  
1240      3.050294e+01   3.031721e+01   2.376530e+00   2.376530e+00  
1241      3.050305e+01   3.031736e+01   2.376295e+00   2.376295e+00  
1242      3.050879e+01   3.032244e+01   2.380730e+00   2.380730e+00  
1243      3.050813e+01   3.032224e+01   2.377780e+00   2.377780e+00  
1244      3.051859e+01   3.033284e+01   2.377348e+00   2.377348e+00  
1245      3.051876e+01   3.033334e+01   2.375192e+00   2.375192e+00  
1246      3.052303e+01   3.033732e+01   2.377262e+00   2.377262e+00  
1247      3.052895e+01   3.034375e+01   2.374185e+00   2.374185e+00  
1248      3.052486e+01   3.033860e+01   2.380784e+00   2.380784e+00  
1249      3.053758e+01   3.035240e+01   2.374410e+00   2.374410e+00  
1250      3.053542e+01   3.034973e+01   2.377603e+00   2.377603e+00  
-------------------------------------------------------------------

