
**********************************************
Real-time propagation in 3D, OPTION = 2
MPI nodes = 8, OMP threads = 16, cores = 128
**********************************************

Interactions
Contact: Natoms = 1.50000000000e+05, as = 8.900000e+01 * a0, G = 1.598870e+04, G * par = 3.197739e+04
Three-body: K3 =  0.000000e+00, g3 = 0.000000e+00
Regular DDI: add = 1.101000e+02 * a0, GD = 4.721954e+03, GD * par =  9.443909e+03, edd = 1.237079e+00
     Dipolar cutoffs Rcut = 1.112924e+01, Lcut = 3.020498e+02

QF = 1, QDEPL = 0: h2 = 2.013402e+05, h4 = 0.000000e+00
        q3 = 0.000000e+00, q5 = 3.457960e+00

GRAD = 0

Trap parameters
GAMMA = 0.000000e+00, NU = 0.000000e+00, LAMBDA = 0.000000e+00
Parameters of rotation: OMEGA = 0.000000e+00, OMEGA * par = 0.000000e+00

Space discretization: NX = 128, NY = 128, NZ = 128
                      DX = 4.719528e+00, DY = 1.738944e-01, DZ = 1.738944e-01
      Unit of length: aho = 5.552380e-07 m

Time discretization: NITER = 2500 (NSNAP = 1250)
                     DT = 1.511963e-02

Initial state: file ./imag3d-finalpsi.bin
ADD_VORTICES = 0, ADD_RANDOM_PHASE = 0


MUREL = 1.000000e-12, MUEND=1.000000e+05

-------------------------------------------------------------------
Snap      Na             QD             mu             <r>
-------------------------------------------------------------------
0         1.36574891895e+05   0.000000e+00   -3.994395e-01  2.710910e+01  
1         1.36574890900e+05   0.000000e+00   -3.995197e-01  2.710909e+01  
2         1.36574888382e+05   0.000000e+00   -3.996214e-01  2.710908e+01  
3         1.36574884356e+05   0.000000e+00   -3.997343e-01  2.710908e+01  
4         1.36574878845e+05   0.000000e+00   -3.998481e-01  2.710909e+01  
5         1.36574871876e+05   0.000000e+00   -3.999538e-01  2.710910e+01  
6         1.36574863487e+05   0.000000e+00   -4.000440e-01  2.710911e+01  
7         1.36574853714e+05   0.000000e+00   -4.001134e-01  2.710913e+01  
8         1.36574842605e+05   0.000000e+00   -4.001583e-01  2.710916e+01  
9         1.36574830203e+05   0.000000e+00   -4.001761e-01  2.710919e+01  
10        1.36574816559e+05   0.000000e+00   -4.001653e-01  2.710923e+01  
11        1.36574801720e+05   0.000000e+00   -4.001248e-01  2.710927e+01  
12        1.36574785738e+05   0.000000e+00   -4.000546e-01  2.710931e+01  
13        1.36574768660e+05   0.000000e+00   -3.999557e-01  2.710936e+01  
14        1.36574750536e+05   0.000000e+00   -3.998306e-01  2.710942e+01  
15        1.36574731417e+05   0.000000e+00   -3.996833e-01  2.710948e+01  
16        1.36574711350e+05   0.000000e+00   -3.995189e-01  2.710955e+01  
17        1.36574690386e+05   0.000000e+00   -3.993434e-01  2.710962e+01  
18        1.36574668575e+05   0.000000e+00   -3.991630e-01  2.710970e+01  
19        1.36574645968e+05   0.000000e+00   -3.989836e-01  2.710979e+01  
20        1.36574622616e+05   0.000000e+00   -3.988107e-01  2.710988e+01  
21        1.36574598574e+05   0.000000e+00   -3.986488e-01  2.710998e+01  
22        1.36574573897e+05   0.000000e+00   -3.985014e-01  2.711008e+01  
23        1.36574548643e+05   0.000000e+00   -3.983711e-01  2.711019e+01  
24        1.36574522871e+05   0.000000e+00   -3.982595e-01  2.711031e+01  
25        1.36574496642e+05   0.000000e+00   -3.981673e-01  2.711043e+01  
26        1.36574470020e+05   0.000000e+00   -3.980946e-01  2.711056e+01  
27        1.36574443069e+05   0.000000e+00   -3.980409e-01  2.711070e+01  
28        1.36574415857e+05   0.000000e+00   -3.980053e-01  2.711085e+01  
29        1.36574388450e+05   0.000000e+00   -3.979867e-01  2.711100e+01  
30        1.36574360918e+05   0.000000e+00   -3.979837e-01  2.711115e+01  
31        1.36574333329e+05   0.000000e+00   -3.979948e-01  2.711132e+01  
32        1.36574305755e+05   0.000000e+00   -3.980185e-01  2.711149e+01  
33        1.36574278263e+05   0.000000e+00   -3.980535e-01  2.711167e+01  
34        1.36574250924e+05   0.000000e+00   -3.980983e-01  2.711186e+01  
35        1.36574223807e+05   0.000000e+00   -3.981516e-01  2.711205e+01  
36        1.36574196980e+05   0.000000e+00   -3.982121e-01  2.711225e+01  
37        1.36574170511e+05   0.000000e+00   -3.982788e-01  2.711246e+01  
38        1.36574144466e+05   0.000000e+00   -3.983505e-01  2.711268e+01  
39        1.36574118911e+05   0.000000e+00   -3.984264e-01  2.711290e+01  
40        1.36574093910e+05   0.000000e+00   -3.985055e-01  2.711313e+01  
41        1.36574069525e+05   0.000000e+00   -3.985872e-01  2.711337e+01  
42        1.36574045820e+05   0.000000e+00   -3.986707e-01  2.711362e+01  
43        1.36574022856e+05   0.000000e+00   -3.987554e-01  2.711387e+01  
44        1.36574000692e+05   0.000000e+00   -3.988408e-01  2.711413e+01  
45        1.36573979385e+05   0.000000e+00   -3.989263e-01  2.711440e+01  
46        1.36573958987e+05   0.000000e+00   -3.990116e-01  2.711467e+01  
47        1.36573939552e+05   0.000000e+00   -3.990962e-01  2.711495e+01  
48        1.36573921133e+05   0.000000e+00   -3.991798e-01  2.711524e+01  
49        1.36573903783e+05   0.000000e+00   -3.992622e-01  2.711554e+01  
50        1.36573887552e+05   0.000000e+00   -3.993431e-01  2.711584e+01  
51        1.36573872490e+05   0.000000e+00   -3.994222e-01  2.711615e+01  
52        1.36573858647e+05   0.000000e+00   -3.994994e-01  2.711647e+01  
53        1.36573846068e+05   0.000000e+00   -3.995745e-01  2.711679e+01  
54        1.36573834800e+05   0.000000e+00   -3.996474e-01  2.711713e+01  
55        1.36573824885e+05   0.000000e+00   -3.997180e-01  2.711747e+01  
56        1.36573816364e+05   0.000000e+00   -3.997862e-01  2.711781e+01  
57        1.36573809275e+05   0.000000e+00   -3.998519e-01  2.711816e+01  
58        1.36573803656e+05   0.000000e+00   -3.999151e-01  2.711853e+01  
59        1.36573799541e+05   0.000000e+00   -3.999758e-01  2.711889e+01  
60        1.36573796962e+05   0.000000e+00   -4.000338e-01  2.711927e+01  
61        1.36573795953e+05   0.000000e+00   -4.000893e-01  2.711965e+01  
62        1.36573796541e+05   0.000000e+00   -4.001421e-01  2.712004e+01  
63        1.36573798757e+05   0.000000e+00   -4.001924e-01  2.712043e+01  
64        1.36573802625e+05   0.000000e+00   -4.002400e-01  2.712083e+01  
65        1.36573808173e+05   0.000000e+00   -4.002852e-01  2.712124e+01  
66        1.36573815424e+05   0.000000e+00   -4.003278e-01  2.712166e+01  
67        1.36573824402e+05   0.000000e+00   -4.003680e-01  2.712208e+01  
68        1.36573835127e+05   0.000000e+00   -4.004057e-01  2.712251e+01  
69        1.36573847621e+05   0.000000e+00   -4.004410e-01  2.712294e+01  
70        1.36573861902e+05   0.000000e+00   -4.004740e-01  2.712339e+01  
71        1.36573877988e+05   0.000000e+00   -4.005047e-01  2.712383e+01  
72        1.36573895896e+05   0.000000e+00   -4.005332e-01  2.712429e+01  
73        1.36573915640e+05   0.000000e+00   -4.005597e-01  2.712475e+01  
74        1.36573937236e+05   0.000000e+00   -4.005841e-01  2.712522e+01  
75        1.36573960695e+05   0.000000e+00   -4.006065e-01  2.712570e+01  
76        1.36573986030e+05   0.000000e+00   -4.006269e-01  2.712618e+01  
77        1.36574013252e+05   0.000000e+00   -4.006454e-01  2.712667e+01  
78        1.36574042369e+05   0.000000e+00   -4.006620e-01  2.712716e+01  
79        1.36574073390e+05   0.000000e+00   -4.006767e-01  2.712766e+01  
80        1.36574106321e+05   0.000000e+00   -4.006897e-01  2.712817e+01  
81        1.36574141170e+05   0.000000e+00   -4.007012e-01  2.712869e+01  
82        1.36574177941e+05   0.000000e+00   -4.007112e-01  2.712921e+01  
83        1.36574216638e+05   0.000000e+00   -4.007200e-01  2.712974e+01  
84        1.36574257263e+05   0.000000e+00   -4.007277e-01  2.713027e+01  
85        1.36574299819e+05   0.000000e+00   -4.007343e-01  2.713081e+01  
86        1.36574344307e+05   0.000000e+00   -4.007396e-01  2.713136e+01  
87        1.36574390727e+05   0.000000e+00   -4.007436e-01  2.713191e+01  
88        1.36574439076e+05   0.000000e+00   -4.007462e-01  2.713247e+01  
89        1.36574489354e+05   0.000000e+00   -4.007472e-01  2.713304e+01  
90        1.36574541557e+05   0.000000e+00   -4.007468e-01  2.713361e+01  
91        1.36574595682e+05   0.000000e+00   -4.007452e-01  2.713419e+01  
92        1.36574651723e+05   0.000000e+00   -4.007425e-01  2.713477e+01  
93        1.36574709677e+05   0.000000e+00   -4.007391e-01  2.713536e+01  
94        1.36574769536e+05   0.000000e+00   -4.007354e-01  2.713596e+01  
95        1.36574831294e+05   0.000000e+00   -4.007312e-01  2.713657e+01  
96        1.36574894943e+05   0.000000e+00   -4.007268e-01  2.713718e+01  
97        1.36574960476e+05   0.000000e+00   -4.007220e-01  2.713779e+01  
98        1.36575027881e+05   0.000000e+00   -4.007167e-01  2.713842e+01  
99        1.36575097151e+05   0.000000e+00   -4.007108e-01  2.713905e+01  
100       1.36575168273e+05   0.000000e+00   -4.007043e-01  2.713968e+01  
101       1.36575241239e+05   0.000000e+00   -4.006973e-01  2.714032e+01  
102       1.36575316035e+05   0.000000e+00   -4.006899e-01  2.714097e+01  
103       1.36575392649e+05   0.000000e+00   -4.006823e-01  2.714163e+01  
104       1.36575471065e+05   0.000000e+00   -4.006746e-01  2.714229e+01  
105       1.36575551269e+05   0.000000e+00   -4.006670e-01  2.714296e+01  
106       1.36575633256e+05   0.000000e+00   -4.006591e-01  2.714363e+01  
107       1.36575717017e+05   0.000000e+00   -4.006509e-01  2.714431e+01  
108       1.36575802531e+05   0.000000e+00   -4.006421e-01  2.714499e+01  
109       1.36575889771e+05   0.000000e+00   -4.006324e-01  2.714569e+01  
110       1.36575978717e+05   0.000000e+00   -4.006217e-01  2.714639e+01  
111       1.36576069367e+05   0.000000e+00   -4.006099e-01  2.714709e+01  
112       1.36576161718e+05   0.000000e+00   -4.005970e-01  2.714780e+01  
113       1.36576255754e+05   0.000000e+00   -4.005831e-01  2.714852e+01  
114       1.36576351449e+05   0.000000e+00   -4.005685e-01  2.714924e+01  
115       1.36576448774e+05   0.000000e+00   -4.005533e-01  2.714997e+01  
116       1.36576547704e+05   0.000000e+00   -4.005377e-01  2.715071e+01  
117       1.36576648222e+05   0.000000e+00   -4.005223e-01  2.715145e+01  
118       1.36576750321e+05   0.000000e+00   -4.005076e-01  2.715220e+01  
119       1.36576853999e+05   0.000000e+00   -4.004942e-01  2.715295e+01  
120       1.36576959239e+05   0.000000e+00   -4.004828e-01  2.715372e+01  
121       1.36577066013e+05   0.000000e+00   -4.004740e-01  2.715448e+01  
122       1.36577174291e+05   0.000000e+00   -4.004681e-01  2.715526e+01  
123       1.36577284051e+05   0.000000e+00   -4.004653e-01  2.715604e+01  
124       1.36577395277e+05   0.000000e+00   -4.004653e-01  2.715682e+01  
125       1.36577507955e+05   0.000000e+00   -4.004677e-01  2.715761e+01  
126       1.36577622069e+05   0.000000e+00   -4.004715e-01  2.715841e+01  
127       1.36577737603e+05   0.000000e+00   -4.004759e-01  2.715922e+01  
128       1.36577854539e+05   0.000000e+00   -4.004800e-01  2.716003e+01  
129       1.36577972856e+05   0.000000e+00   -4.004829e-01  2.716085e+01  
130       1.36578092536e+05   0.000000e+00   -4.004838e-01  2.716167e+01  
131       1.36578213560e+05   0.000000e+00   -4.004820e-01  2.716250e+01  
132       1.36578335908e+05   0.000000e+00   -4.004770e-01  2.716334e+01  
133       1.36578459563e+05   0.000000e+00   -4.004684e-01  2.716418e+01  
134       1.36578584505e+05   0.000000e+00   -4.004560e-01  2.716503e+01  
135       1.36578710715e+05   0.000000e+00   -4.004396e-01  2.716588e+01  
136       1.36578838172e+05   0.000000e+00   -4.004195e-01  2.716674e+01  
137       1.36578966859e+05   0.000000e+00   -4.003960e-01  2.716761e+01  
138       1.36579096755e+05   0.000000e+00   -4.003698e-01  2.716848e+01  
139       1.36579227846e+05   0.000000e+00   -4.003421e-01  2.716936e+01  
140       1.36579360113e+05   0.000000e+00   -4.003139e-01  2.717025e+01  
141       1.36579493541e+05   0.000000e+00   -4.002867e-01  2.717114e+01  
142       1.36579628114e+05   0.000000e+00   -4.002619e-01  2.717204e+01  
143       1.36579763816e+05   0.000000e+00   -4.002409e-01  2.717295e+01  
144       1.36579900629e+05   0.000000e+00   -4.002249e-01  2.717386e+01  
145       1.36580038536e+05   0.000000e+00   -4.002148e-01  2.717477e+01  
146       1.36580177519e+05   0.000000e+00   -4.002113e-01  2.717570e+01  
147       1.36580317558e+05   0.000000e+00   -4.002144e-01  2.717663e+01  
148       1.36580458635e+05   0.000000e+00   -4.002240e-01  2.717756e+01  
149       1.36580600733e+05   0.000000e+00   -4.002396e-01  2.717851e+01  
150       1.36580743834e+05   0.000000e+00   -4.002605e-01  2.717945e+01  
151       1.36580887925e+05   0.000000e+00   -4.002856e-01  2.718041e+01  
152       1.36581032991e+05   0.000000e+00   -4.003138e-01  2.718137e+01  
153       1.36581179021e+05   0.000000e+00   -4.003440e-01  2.718234e+01  
154       1.36581326005e+05   0.000000e+00   -4.003750e-01  2.718331e+01  
155       1.36581473934e+05   0.000000e+00   -4.004057e-01  2.718429e+01  
156       1.36581622800e+05   0.000000e+00   -4.004352e-01  2.718528e+01  
157       1.36581772594e+05   0.000000e+00   -4.004624e-01  2.718627e+01  
158       1.36581923307e+05   0.000000e+00   -4.004868e-01  2.718727e+01  
159       1.36582074931e+05   0.000000e+00   -4.005078e-01  2.718827e+01  
160       1.36582227456e+05   0.000000e+00   -4.005250e-01  2.718928e+01  
161       1.36582380872e+05   0.000000e+00   -4.005384e-01  2.719030e+01  
162       1.36582535167e+05   0.000000e+00   -4.005477e-01  2.719132e+01  
163       1.36582690331e+05   0.000000e+00   -4.005531e-01  2.719235e+01  
164       1.36582846351e+05   0.000000e+00   -4.005544e-01  2.719338e+01  
165       1.36583003214e+05   0.000000e+00   -4.005519e-01  2.719443e+01  
166       1.36583160910e+05   0.000000e+00   -4.005457e-01  2.719547e+01  
167       1.36583319427e+05   0.000000e+00   -4.005359e-01  2.719653e+01  
168       1.36583478754e+05   0.000000e+00   -4.005231e-01  2.719759e+01  
169       1.36583638882e+05   0.000000e+00   -4.005075e-01  2.719865e+01  
170       1.36583799801e+05   0.000000e+00   -4.004899e-01  2.719972e+01  
171       1.36583961503e+05   0.000000e+00   -4.004709e-01  2.720080e+01  
172       1.36584123982e+05   0.000000e+00   -4.004511e-01  2.720188e+01  
173       1.36584287230e+05   0.000000e+00   -4.004313e-01  2.720297e+01  
174       1.36584451240e+05   0.000000e+00   -4.004120e-01  2.720407e+01  
175       1.36584616007e+05   0.000000e+00   -4.003941e-01  2.720517e+01  
176       1.36584781524e+05   0.000000e+00   -4.003784e-01  2.720628e+01  
177       1.36584947785e+05   0.000000e+00   -4.003662e-01  2.720739e+01  
178       1.36585114786e+05   0.000000e+00   -4.003587e-01  2.720851e+01  
179       1.36585282521e+05   0.000000e+00   -4.003570e-01  2.720964e+01  
180       1.36585450985e+05   0.000000e+00   -4.003621e-01  2.721077e+01  
181       1.36585620176e+05   0.000000e+00   -4.003748e-01  2.721191e+01  
182       1.36585790093e+05   0.000000e+00   -4.003949e-01  2.721306e+01  
183       1.36585960732e+05   0.000000e+00   -4.004222e-01  2.721421e+01  
184       1.36586132084e+05   0.000000e+00   -4.004560e-01  2.721536e+01  
185       1.36586304146e+05   0.000000e+00   -4.004952e-01  2.721653e+01  
186       1.36586476922e+05   0.000000e+00   -4.005391e-01  2.721770e+01  
187       1.36586650422e+05   0.000000e+00   -4.005866e-01  2.721887e+01  
188       1.36586824651e+05   0.000000e+00   -4.006369e-01  2.722005e+01  
189       1.36586999605e+05   0.000000e+00   -4.006888e-01  2.722124e+01  
190       1.36587175281e+05   0.000000e+00   -4.007412e-01  2.722243e+01  
191       1.36587351682e+05   0.000000e+00   -4.007926e-01  2.722363e+01  
192       1.36587528814e+05   0.000000e+00   -4.008416e-01  2.722484e+01  
193       1.36587706690e+05   0.000000e+00   -4.008865e-01  2.722605e+01  
194       1.36587885321e+05   0.000000e+00   -4.009261e-01  2.722726e+01  
195       1.36588064715e+05   0.000000e+00   -4.009594e-01  2.722849e+01  
196       1.36588244881e+05   0.000000e+00   -4.009861e-01  2.722972e+01  
197       1.36588425827e+05   0.000000e+00   -4.010064e-01  2.723095e+01  
198       1.36588607558e+05   0.000000e+00   -4.010208e-01  2.723219e+01  
199       1.36588790075e+05   0.000000e+00   -4.010303e-01  2.723344e+01  
200       1.36588973381e+05   0.000000e+00   -4.010358e-01  2.723469e+01  
201       1.36589157482e+05   0.000000e+00   -4.010385e-01  2.723595e+01  
202       1.36589342387e+05   0.000000e+00   -4.010393e-01  2.723721e+01  
203       1.36589528103e+05   0.000000e+00   -4.010392e-01  2.723848e+01  
204       1.36589714635e+05   0.000000e+00   -4.010392e-01  2.723975e+01  
205       1.36589901981e+05   0.000000e+00   -4.010404e-01  2.724103e+01  
206       1.36590090137e+05   0.000000e+00   -4.010438e-01  2.724232e+01  
207       1.36590279103e+05   0.000000e+00   -4.010504e-01  2.724361e+01  
208       1.36590468881e+05   0.000000e+00   -4.010611e-01  2.724491e+01  
209       1.36590659479e+05   0.000000e+00   -4.010768e-01  2.724621e+01  
210       1.36590850906e+05   0.000000e+00   -4.010978e-01  2.724752e+01  
211       1.36591043165e+05   0.000000e+00   -4.011244e-01  2.724884e+01  
212       1.36591236257e+05   0.000000e+00   -4.011562e-01  2.725016e+01  
213       1.36591430170e+05   0.000000e+00   -4.011927e-01  2.725149e+01  
214       1.36591624895e+05   0.000000e+00   -4.012330e-01  2.725282e+01  
215       1.36591820420e+05   0.000000e+00   -4.012760e-01  2.725416e+01  
216       1.36592016741e+05   0.000000e+00   -4.013207e-01  2.725550e+01  
217       1.36592213861e+05   0.000000e+00   -4.013662e-01  2.725685e+01  
218       1.36592411791e+05   0.000000e+00   -4.014117e-01  2.725821e+01  
219       1.36592610545e+05   0.000000e+00   -4.014563e-01  2.725957e+01  
220       1.36592810136e+05   0.000000e+00   -4.014994e-01  2.726093e+01  
221       1.36593010574e+05   0.000000e+00   -4.015402e-01  2.726231e+01  
222       1.36593211860e+05   0.000000e+00   -4.015780e-01  2.726368e+01  
223       1.36593413993e+05   0.000000e+00   -4.016122e-01  2.726507e+01  
224       1.36593616964e+05   0.000000e+00   -4.016422e-01  2.726645e+01  
225       1.36593820766e+05   0.000000e+00   -4.016679e-01  2.726785e+01  
226       1.36594025390e+05   0.000000e+00   -4.016890e-01  2.726925e+01  
227       1.36594230834e+05   0.000000e+00   -4.017057e-01  2.727065e+01  
228       1.36594437095e+05   0.000000e+00   -4.017184e-01  2.727206e+01  
229       1.36594644175e+05   0.000000e+00   -4.017276e-01  2.727348e+01  
230       1.36594852074e+05   0.000000e+00   -4.017339e-01  2.727490e+01  
231       1.36595060797e+05   0.000000e+00   -4.017379e-01  2.727633e+01  
232       1.36595270344e+05   0.000000e+00   -4.017404e-01  2.727776e+01  
233       1.36595480718e+05   0.000000e+00   -4.017422e-01  2.727920e+01  
234       1.36595691920e+05   0.000000e+00   -4.017440e-01  2.728064e+01  
235       1.36595903955e+05   0.000000e+00   -4.017466e-01  2.728209e+01  
236       1.36596116825e+05   0.000000e+00   -4.017505e-01  2.728355e+01  
237       1.36596330535e+05   0.000000e+00   -4.017560e-01  2.728501e+01  
238       1.36596545088e+05   0.000000e+00   -4.017630e-01  2.728647e+01  
239       1.36596760487e+05   0.000000e+00   -4.017713e-01  2.728794e+01  
240       1.36596976735e+05   0.000000e+00   -4.017805e-01  2.728942e+01  
241       1.36597193832e+05   0.000000e+00   -4.017903e-01  2.729090e+01  
242       1.36597411779e+05   0.000000e+00   -4.018004e-01  2.729239e+01  
243       1.36597630573e+05   0.000000e+00   -4.018107e-01  2.729388e+01  
244       1.36597850214e+05   0.000000e+00   -4.018215e-01  2.729538e+01  
245       1.36598070701e+05   0.000000e+00   -4.018331e-01  2.729688e+01  
246       1.36598292035e+05   0.000000e+00   -4.018462e-01  2.729839e+01  
247       1.36598514217e+05   0.000000e+00   -4.018614e-01  2.729990e+01  
248       1.36598737253e+05   0.000000e+00   -4.018790e-01  2.730142e+01  
249       1.36598961145e+05   0.000000e+00   -4.018996e-01  2.730295e+01  
250       1.36599185900e+05   0.000000e+00   -4.019230e-01  2.730448e+01  
251       1.36599411519e+05   0.000000e+00   -4.019493e-01  2.730601e+01  
252       1.36599638005e+05   0.000000e+00   -4.019781e-01  2.730755e+01  
253       1.36599865363e+05   0.000000e+00   -4.020091e-01  2.730910e+01  
254       1.36600093594e+05   0.000000e+00   -4.020416e-01  2.731065e+01  
255       1.36600322698e+05   0.000000e+00   -4.020750e-01  2.731221e+01  
256       1.36600552664e+05   0.000000e+00   -4.021086e-01  2.731377e+01  
257       1.36600783484e+05   0.000000e+00   -4.021414e-01  2.731534e+01  
258       1.36601015157e+05   0.000000e+00   -4.021724e-01  2.731691e+01  
259       1.36601247683e+05   0.000000e+00   -4.022004e-01  2.731849e+01  
260       1.36601481053e+05   0.000000e+00   -4.022244e-01  2.732008e+01  
261       1.36601715246e+05   0.000000e+00   -4.022434e-01  2.732167e+01  
262       1.36601950243e+05   0.000000e+00   -4.022570e-01  2.732326e+01  
263       1.36602186032e+05   0.000000e+00   -4.022651e-01  2.732486e+01  
264       1.36602422610e+05   0.000000e+00   -4.022683e-01  2.732647e+01  
265       1.36602659966e+05   0.000000e+00   -4.022676e-01  2.732808e+01  
266       1.36602898081e+05   0.000000e+00   -4.022644e-01  2.732969e+01  
267       1.36603136925e+05   0.000000e+00   -4.022600e-01  2.733131e+01  
268       1.36603376463e+05   0.000000e+00   -4.022562e-01  2.733294e+01  
269       1.36603616664e+05   0.000000e+00   -4.022545e-01  2.733457e+01  
270       1.36603857512e+05   0.000000e+00   -4.022563e-01  2.733621e+01  
271       1.36604098991e+05   0.000000e+00   -4.022628e-01  2.733785e+01  
272       1.36604341075e+05   0.000000e+00   -4.022749e-01  2.733950e+01  
273       1.36604583724e+05   0.000000e+00   -4.022929e-01  2.734115e+01  
274       1.36604826897e+05   0.000000e+00   -4.023170e-01  2.734280e+01  
275       1.36605070560e+05   0.000000e+00   -4.023467e-01  2.734447e+01  
276       1.36605314678e+05   0.000000e+00   -4.023811e-01  2.734613e+01  
277       1.36605559217e+05   0.000000e+00   -4.024193e-01  2.734781e+01  
278       1.36605804147e+05   0.000000e+00   -4.024598e-01  2.734949e+01  
279       1.36606049434e+05   0.000000e+00   -4.025014e-01  2.735117e+01  
280       1.36606295044e+05   0.000000e+00   -4.025428e-01  2.735286e+01  
281       1.36606540940e+05   0.000000e+00   -4.025829e-01  2.735455e+01  
282       1.36606787083e+05   0.000000e+00   -4.026208e-01  2.735625e+01  
283       1.36607033432e+05   0.000000e+00   -4.026561e-01  2.735795e+01  
284       1.36607279947e+05   0.000000e+00   -4.026882e-01  2.735966e+01  
285       1.36607526586e+05   0.000000e+00   -4.027171e-01  2.736137e+01  
286       1.36607773309e+05   0.000000e+00   -4.027430e-01  2.736309e+01  
287       1.36608020074e+05   0.000000e+00   -4.027659e-01  2.736481e+01  
288       1.36608266840e+05   0.000000e+00   -4.027864e-01  2.736654e+01  
289       1.36608513561e+05   0.000000e+00   -4.028049e-01  2.736827e+01  
290       1.36608760191e+05   0.000000e+00   -4.028221e-01  2.737001e+01  
291       1.36609006682e+05   0.000000e+00   -4.028388e-01  2.737175e+01  
292       1.36609252989e+05   0.000000e+00   -4.028558e-01  2.737350e+01  
293       1.36609499064e+05   0.000000e+00   -4.028739e-01  2.737525e+01  
294       1.36609744864e+05   0.000000e+00   -4.028936e-01  2.737701e+01  
295       1.36609990342e+05   0.000000e+00   -4.029153e-01  2.737877e+01  
296       1.36610235457e+05   0.000000e+00   -4.029388e-01  2.738053e+01  
297       1.36610480162e+05   0.000000e+00   -4.029639e-01  2.738230e+01  
298       1.36610724413e+05   0.000000e+00   -4.029900e-01  2.738408e+01  
299       1.36610968168e+05   0.000000e+00   -4.030166e-01  2.738586e+01  
300       1.36611211386e+05   0.000000e+00   -4.030430e-01  2.738764e+01  
301       1.36611454026e+05   0.000000e+00   -4.030687e-01  2.738943e+01  
302       1.36611696050e+05   0.000000e+00   -4.030935e-01  2.739122e+01  
303       1.36611937416e+05   0.000000e+00   -4.031171e-01  2.739302e+01  
304       1.36612178084e+05   0.000000e+00   -4.031392e-01  2.739482e+01  
305       1.36612418007e+05   0.000000e+00   -4.031598e-01  2.739663e+01  
306       1.36612657139e+05   0.000000e+00   -4.031787e-01  2.739844e+01  
307       1.36612895436e+05   0.000000e+00   -4.031957e-01  2.740025e+01  
308       1.36613132854e+05   0.000000e+00   -4.032107e-01  2.740207e+01  
309       1.36613369352e+05   0.000000e+00   -4.032240e-01  2.740390e+01  
310       1.36613604894e+05   0.000000e+00   -4.032357e-01  2.740572e+01  
311       1.36613839445e+05   0.000000e+00   -4.032465e-01  2.740756e+01  
312       1.36614072971e+05   0.000000e+00   -4.032567e-01  2.740939e+01  
313       1.36614305435e+05   0.000000e+00   -4.032668e-01  2.741123e+01  
314       1.36614536799e+05   0.000000e+00   -4.032771e-01  2.741308e+01  
315       1.36614767020e+05   0.000000e+00   -4.032879e-01  2.741493e+01  
316       1.36614996052e+05   0.000000e+00   -4.032991e-01  2.741678e+01  
317       1.36615223848e+05   0.000000e+00   -4.033103e-01  2.741864e+01  
318       1.36615450361e+05   0.000000e+00   -4.033210e-01  2.742050e+01  
319       1.36615675546e+05   0.000000e+00   -4.033309e-01  2.742237e+01  
320       1.36615899364e+05   0.000000e+00   -4.033394e-01  2.742424e+01  
321       1.36616121775e+05   0.000000e+00   -4.033462e-01  2.742611e+01  
322       1.36616342745e+05   0.000000e+00   -4.033513e-01  2.742799e+01  
323       1.36616562238e+05   0.000000e+00   -4.033545e-01  2.742987e+01  
324       1.36616780220e+05   0.000000e+00   -4.033562e-01  2.743176e+01  
325       1.36616996653e+05   0.000000e+00   -4.033565e-01  2.743365e+01  
326       1.36617211499e+05   0.000000e+00   -4.033561e-01  2.743554e+01  
327       1.36617424717e+05   0.000000e+00   -4.033553e-01  2.743744e+01  
328       1.36617636270e+05   0.000000e+00   -4.033546e-01  2.743935e+01  
329       1.36617846116e+05   0.000000e+00   -4.033545e-01  2.744125e+01  
330       1.36618054215e+05   0.000000e+00   -4.033553e-01  2.744316e+01  
331       1.36618260524e+05   0.000000e+00   -4.033576e-01  2.744508e+01  
332       1.36618465007e+05   0.000000e+00   -4.033617e-01  2.744700e+01  
333       1.36618667634e+05   0.000000e+00   -4.033680e-01  2.744892e+01  
334       1.36618868381e+05   0.000000e+00   -4.033768e-01  2.745084e+01  
335       1.36619067213e+05   0.000000e+00   -4.033881e-01  2.745277e+01  
336       1.36619264091e+05   0.000000e+00   -4.034018e-01  2.745471e+01  
337       1.36619458976e+05   0.000000e+00   -4.034178e-01  2.745665e+01  
338       1.36619651843e+05   0.000000e+00   -4.034358e-01  2.745859e+01  
339       1.36619842669e+05   0.000000e+00   -4.034554e-01  2.746053e+01  
340       1.36620031428e+05   0.000000e+00   -4.034766e-01  2.746248e+01  
341       1.36620218087e+05   0.000000e+00   -4.034993e-01  2.746444e+01  
342       1.36620402609e+05   0.000000e+00   -4.035237e-01  2.746639e+01  
343       1.36620584957e+05   0.000000e+00   -4.035500e-01  2.746835e+01  
344       1.36620765106e+05   0.000000e+00   -4.035786e-01  2.747032e+01  
345       1.36620943041e+05   0.000000e+00   -4.036098e-01  2.747228e+01  
346       1.36621118757e+05   0.000000e+00   -4.036435e-01  2.747426e+01  
347       1.36621292232e+05   0.000000e+00   -4.036798e-01  2.747623e+01  
348       1.36621463443e+05   0.000000e+00   -4.037185e-01  2.747821e+01  
349       1.36621632363e+05   0.000000e+00   -4.037592e-01  2.748019e+01  
350       1.36621798974e+05   0.000000e+00   -4.038014e-01  2.748218e+01  
351       1.36621963262e+05   0.000000e+00   -4.038446e-01  2.748417e+01  
352       1.36622125216e+05   0.000000e+00   -4.038882e-01  2.748616e+01  
353       1.36622284821e+05   0.000000e+00   -4.039316e-01  2.748815e+01  
354       1.36622442067e+05   0.000000e+00   -4.039736e-01  2.749015e+01  
355       1.36622596936e+05   0.000000e+00   -4.040131e-01  2.749216e+01  
356       1.36622749412e+05   0.000000e+00   -4.040490e-01  2.749416e+01  
357       1.36622899474e+05   0.000000e+00   -4.040801e-01  2.749617e+01  
358       1.36623047105e+05   0.000000e+00   -4.041055e-01  2.749819e+01  
359       1.36623192289e+05   0.000000e+00   -4.041247e-01  2.750020e+01  
360       1.36623335016e+05   0.000000e+00   -4.041377e-01  2.750222e+01  
361       1.36623475272e+05   0.000000e+00   -4.041449e-01  2.750425e+01  
362       1.36623613046e+05   0.000000e+00   -4.041466e-01  2.750627e+01  
363       1.36623748325e+05   0.000000e+00   -4.041436e-01  2.750830e+01  
364       1.36623881096e+05   0.000000e+00   -4.041361e-01  2.751033e+01  
365       1.36624011348e+05   0.000000e+00   -4.041247e-01  2.751237e+01  
366       1.36624139079e+05   0.000000e+00   -4.041097e-01  2.751441e+01  
367       1.36624264284e+05   0.000000e+00   -4.040918e-01  2.751645e+01  
368       1.36624386968e+05   0.000000e+00   -4.040720e-01  2.751850e+01  
369       1.36624507133e+05   0.000000e+00   -4.040518e-01  2.752055e+01  
370       1.36624624781e+05   0.000000e+00   -4.040327e-01  2.752260e+01  
371       1.36624739912e+05   0.000000e+00   -4.040168e-01  2.752466e+01  
372       1.36624852529e+05   0.000000e+00   -4.040058e-01  2.752672e+01  
373       1.36624962633e+05   0.000000e+00   -4.040014e-01  2.752878e+01  
374       1.36625070235e+05   0.000000e+00   -4.040047e-01  2.753085e+01  
375       1.36625175346e+05   0.000000e+00   -4.040164e-01  2.753292e+01  
376       1.36625277986e+05   0.000000e+00   -4.040370e-01  2.753499e+01  
377       1.36625378174e+05   0.000000e+00   -4.040665e-01  2.753706e+01  
378       1.36625475936e+05   0.000000e+00   -4.041049e-01  2.753914e+01  
379       1.36625571293e+05   0.000000e+00   -4.041521e-01  2.754123e+01  
380       1.36625664270e+05   0.000000e+00   -4.042077e-01  2.754331e+01  
381       1.36625754887e+05   0.000000e+00   -4.042714e-01  2.754540e+01  
382       1.36625843172e+05   0.000000e+00   -4.043422e-01  2.754749e+01  
383       1.36625929150e+05   0.000000e+00   -4.044188e-01  2.754959e+01  
384       1.36626012854e+05   0.000000e+00   -4.044996e-01  2.755169e+01  
385       1.36626094318e+05   0.000000e+00   -4.045825e-01  2.755379e+01  
386       1.36626173583e+05   0.000000e+00   -4.046655e-01  2.755589e+01  
387       1.36626250687e+05   0.000000e+00   -4.047467e-01  2.755800e+01  
388       1.36626325674e+05   0.000000e+00   -4.048242e-01  2.756011e+01  
389       1.36626398586e+05   0.000000e+00   -4.048968e-01  2.756223e+01  
390       1.36626469463e+05   0.000000e+00   -4.049634e-01  2.756435e+01  
391       1.36626538349e+05   0.000000e+00   -4.050236e-01  2.756647e+01  
392       1.36626605285e+05   0.000000e+00   -4.050772e-01  2.756859e+01  
393       1.36626670313e+05   0.000000e+00   -4.051242e-01  2.757072e+01  
394       1.36626733477e+05   0.000000e+00   -4.051652e-01  2.757285e+01  
395       1.36626794819e+05   0.000000e+00   -4.052007e-01  2.757498e+01  
396       1.36626854387e+05   0.000000e+00   -4.052316e-01  2.757712e+01  
397       1.36626912224e+05   0.000000e+00   -4.052588e-01  2.757926e+01  
398       1.36626968380e+05   0.000000e+00   -4.052833e-01  2.758140e+01  
399       1.36627022907e+05   0.000000e+00   -4.053060e-01  2.758354e+01  
400       1.36627075860e+05   0.000000e+00   -4.053275e-01  2.758569e+01  
401       1.36627127293e+05   0.000000e+00   -4.053484e-01  2.758784e+01  
402       1.36627177266e+05   0.000000e+00   -4.053687e-01  2.759000e+01  
403       1.36627225835e+05   0.000000e+00   -4.053886e-01  2.759215e+01  
404       1.36627273063e+05   0.000000e+00   -4.054078e-01  2.759431e+01  
405       1.36627319012e+05   0.000000e+00   -4.054262e-01  2.759648e+01  
406       1.36627363741e+05   0.000000e+00   -4.054433e-01  2.759865e+01  
407       1.36627407306e+05   0.000000e+00   -4.054584e-01  2.760082e+01  
408       1.36627449761e+05   0.000000e+00   -4.054711e-01  2.760299e+01  
409       1.36627491165e+05   0.000000e+00   -4.054805e-01  2.760516e+01  
410       1.36627531583e+05   0.000000e+00   -4.054860e-01  2.760734e+01  
411       1.36627571072e+05   0.000000e+00   -4.054870e-01  2.760953e+01  
412       1.36627609689e+05   0.000000e+00   -4.054831e-01  2.761171e+01  
413       1.36627647488e+05   0.000000e+00   -4.054741e-01  2.761390e+01  
414       1.36627684530e+05   0.000000e+00   -4.054603e-01  2.761610e+01  
415       1.36627720876e+05   0.000000e+00   -4.054423e-01  2.761829e+01  
416       1.36627756591e+05   0.000000e+00   -4.054210e-01  2.762049e+01  
417       1.36627791736e+05   0.000000e+00   -4.053980e-01  2.762269e+01  
418       1.36627826370e+05   0.000000e+00   -4.053748e-01  2.762490e+01  
419       1.36627860543e+05   0.000000e+00   -4.053536e-01  2.762711e+01  
420       1.36627894307e+05   0.000000e+00   -4.053365e-01  2.762932e+01  
421       1.36627927714e+05   0.000000e+00   -4.053255e-01  2.763154e+01  
422       1.36627960830e+05   0.000000e+00   -4.053227e-01  2.763376e+01  
423       1.36627993714e+05   0.000000e+00   -4.053296e-01  2.763598e+01  
424       1.36628026428e+05   0.000000e+00   -4.053472e-01  2.763821e+01  
425       1.36628059020e+05   0.000000e+00   -4.053760e-01  2.764044e+01  
426       1.36628091545e+05   0.000000e+00   -4.054154e-01  2.764267e+01  
427       1.36628124055e+05   0.000000e+00   -4.054645e-01  2.764491e+01  
428       1.36628156606e+05   0.000000e+00   -4.055214e-01  2.764715e+01  
429       1.36628189252e+05   0.000000e+00   -4.055842e-01  2.764940e+01  
430       1.36628222046e+05   0.000000e+00   -4.056506e-01  2.765165e+01  
431       1.36628255041e+05   0.000000e+00   -4.057182e-01  2.765390e+01  
432       1.36628288284e+05   0.000000e+00   -4.057848e-01  2.765616e+01  
433       1.36628321817e+05   0.000000e+00   -4.058479e-01  2.765841e+01  
434       1.36628355683e+05   0.000000e+00   -4.059056e-01  2.766068e+01  
435       1.36628389922e+05   0.000000e+00   -4.059559e-01  2.766294e+01  
436       1.36628424570e+05   0.000000e+00   -4.059968e-01  2.766521e+01  
437       1.36628459657e+05   0.000000e+00   -4.060268e-01  2.766749e+01  
438       1.36628495210e+05   0.000000e+00   -4.060447e-01  2.766977e+01  
439       1.36628531251e+05   0.000000e+00   -4.060495e-01  2.767205e+01  
440       1.36628567796e+05   0.000000e+00   -4.060409e-01  2.767433e+01  
441       1.36628604859e+05   0.000000e+00   -4.060192e-01  2.767662e+01  
442       1.36628642453e+05   0.000000e+00   -4.059853e-01  2.767891e+01  
443       1.36628680586e+05   0.000000e+00   -4.059406e-01  2.768121e+01  
444       1.36628719263e+05   0.000000e+00   -4.058872e-01  2.768351e+01  
445       1.36628758486e+05   0.000000e+00   -4.058277e-01  2.768581e+01  
446       1.36628798257e+05   0.000000e+00   -4.057645e-01  2.768812e+01  
447       1.36628838571e+05   0.000000e+00   -4.057006e-01  2.769043e+01  
448       1.36628879427e+05   0.000000e+00   -4.056382e-01  2.769274e+01  
449       1.36628920820e+05   0.000000e+00   -4.055796e-01  2.769506e+01  
450       1.36628962747e+05   0.000000e+00   -4.055265e-01  2.769738e+01  
451       1.36629005199e+05   0.000000e+00   -4.054805e-01  2.769971e+01  
452       1.36629048170e+05   0.000000e+00   -4.054426e-01  2.770204e+01  
453       1.36629091649e+05   0.000000e+00   -4.054138e-01  2.770438e+01  
454       1.36629135627e+05   0.000000e+00   -4.053949e-01  2.770671e+01  
455       1.36629180092e+05   0.000000e+00   -4.053865e-01  2.770906e+01  
456       1.36629225037e+05   0.000000e+00   -4.053889e-01  2.771140e+01  
457       1.36629270452e+05   0.000000e+00   -4.054022e-01  2.771375e+01  
458       1.36629316330e+05   0.000000e+00   -4.054261e-01  2.771611e+01  
459       1.36629362662e+05   0.000000e+00   -4.054599e-01  2.771846e+01  
460       1.36629409435e+05   0.000000e+00   -4.055026e-01  2.772083e+01  
461       1.36629456632e+05   0.000000e+00   -4.055530e-01  2.772319e+01  
462       1.36629504235e+05   0.000000e+00   -4.056100e-01  2.772556e+01  
463       1.36629552218e+05   0.000000e+00   -4.056723e-01  2.772794e+01  
464       1.36629600557e+05   0.000000e+00   -4.057390e-01  2.773031e+01  
465       1.36629649225e+05   0.000000e+00   -4.058091e-01  2.773269e+01  
466       1.36629698200e+05   0.000000e+00   -4.058814e-01  2.773508e+01  
467       1.36629747459e+05   0.000000e+00   -4.059548e-01  2.773747e+01  
468       1.36629796984e+05   0.000000e+00   -4.060283e-01  2.773986e+01  
469       1.36629846755e+05   0.000000e+00   -4.061003e-01  2.774226e+01  
470       1.36629896759e+05   0.000000e+00   -4.061697e-01  2.774466e+01  
471       1.36629946978e+05   0.000000e+00   -4.062356e-01  2.774706e+01  
472       1.36629997397e+05   0.000000e+00   -4.062972e-01  2.774947e+01  
473       1.36630047997e+05   0.000000e+00   -4.063544e-01  2.775188e+01  
474       1.36630098761e+05   0.000000e+00   -4.064072e-01  2.775429e+01  
475       1.36630149672e+05   0.000000e+00   -4.064560e-01  2.775671e+01  
476       1.36630200715e+05   0.000000e+00   -4.065013e-01  2.775913e+01  
477       1.36630251880e+05   0.000000e+00   -4.065439e-01  2.776156e+01  
478       1.36630303158e+05   0.000000e+00   -4.065842e-01  2.776398e+01  
479       1.36630354539e+05   0.000000e+00   -4.066226e-01  2.776642e+01  
480       1.36630406013e+05   0.000000e+00   -4.066597e-01  2.776885e+01  
481       1.36630457574e+05   0.000000e+00   -4.066960e-01  2.777129e+01  
482       1.36630509217e+05   0.000000e+00   -4.067320e-01  2.777373e+01  
483       1.36630560938e+05   0.000000e+00   -4.067684e-01  2.777617e+01  
484       1.36630612727e+05   0.000000e+00   -4.068059e-01  2.777862e+01  
485       1.36630664572e+05   0.000000e+00   -4.068449e-01  2.778107e+01  
486       1.36630716462e+05   0.000000e+00   -4.068857e-01  2.778353e+01  
487       1.36630768390e+05   0.000000e+00   -4.069284e-01  2.778599e+01  
488       1.36630820354e+05   0.000000e+00   -4.069727e-01  2.778845e+01  
489       1.36630872347e+05   0.000000e+00   -4.070184e-01  2.779091e+01  
490       1.36630924365e+05   0.000000e+00   -4.070651e-01  2.779338e+01  
491       1.36630976401e+05   0.000000e+00   -4.071125e-01  2.779585e+01  
492       1.36631028450e+05   0.000000e+00   -4.071603e-01  2.779832e+01  
493       1.36631080509e+05   0.000000e+00   -4.072085e-01  2.780080e+01  
494       1.36631132581e+05   0.000000e+00   -4.072569e-01  2.780328e+01  
495       1.36631184662e+05   0.000000e+00   -4.073049e-01  2.780576e+01  
496       1.36631236744e+05   0.000000e+00   -4.073522e-01  2.780825e+01  
497       1.36631288815e+05   0.000000e+00   -4.073980e-01  2.781074e+01  
498       1.36631340870e+05   0.000000e+00   -4.074416e-01  2.781323e+01  
499       1.36631392903e+05   0.000000e+00   -4.074824e-01  2.781572e+01  
500       1.36631444906e+05   0.000000e+00   -4.075201e-01  2.781822e+01  
501       1.36631496865e+05   0.000000e+00   -4.075546e-01  2.782072e+01  
502       1.36631548764e+05   0.000000e+00   -4.075862e-01  2.782323e+01  
503       1.36631600590e+05   0.000000e+00   -4.076155e-01  2.782573e+01  
504       1.36631652335e+05   0.000000e+00   -4.076433e-01  2.782824e+01  
505       1.36631703993e+05   0.000000e+00   -4.076707e-01  2.783075e+01  
506       1.36631755560e+05   0.000000e+00   -4.076985e-01  2.783327e+01  
507       1.36631807029e+05   0.000000e+00   -4.077278e-01  2.783579e+01  
508       1.36631858386e+05   0.000000e+00   -4.077591e-01  2.783831e+01  
509       1.36631909618e+05   0.000000e+00   -4.077929e-01  2.784083e+01  
510       1.36631960716e+05   0.000000e+00   -4.078293e-01  2.784336e+01  
511       1.36632011669e+05   0.000000e+00   -4.078685e-01  2.784588e+01  
512       1.36632062468e+05   0.000000e+00   -4.079104e-01  2.784842e+01  
513       1.36632113105e+05   0.000000e+00   -4.079548e-01  2.785095e+01  
514       1.36632163572e+05   0.000000e+00   -4.080014e-01  2.785349e+01  
515       1.36632213855e+05   0.000000e+00   -4.080500e-01  2.785603e+01  
516       1.36632263941e+05   0.000000e+00   -4.080999e-01  2.785857e+01  
517       1.36632313816e+05   0.000000e+00   -4.081504e-01  2.786111e+01  
518       1.36632363466e+05   0.000000e+00   -4.082004e-01  2.786366e+01  
519       1.36632412875e+05   0.000000e+00   -4.082486e-01  2.786621e+01  
520       1.36632462021e+05   0.000000e+00   -4.082935e-01  2.786876e+01  
521       1.36632510883e+05   0.000000e+00   -4.083337e-01  2.787132e+01  
522       1.36632559436e+05   0.000000e+00   -4.083677e-01  2.787388e+01  
523       1.36632607653e+05   0.000000e+00   -4.083945e-01  2.787644e+01  
524       1.36632655505e+05   0.000000e+00   -4.084129e-01  2.787900e+01  
525       1.36632702967e+05   0.000000e+00   -4.084224e-01  2.788156e+01  
526       1.36632750006e+05   0.000000e+00   -4.084226e-01  2.788413e+01  
527       1.36632796591e+05   0.000000e+00   -4.084138e-01  2.788670e+01  
528       1.36632842685e+05   0.000000e+00   -4.083963e-01  2.788928e+01  
529       1.36632888250e+05   0.000000e+00   -4.083711e-01  2.789185e+01  
530       1.36632933246e+05   0.000000e+00   -4.083392e-01  2.789443e+01  
531       1.36632977629e+05   0.000000e+00   -4.083021e-01  2.789701e+01  
532       1.36633021360e+05   0.000000e+00   -4.082612e-01  2.789960e+01  
533       1.36633064396e+05   0.000000e+00   -4.082183e-01  2.790219e+01  
534       1.36633106695e+05   0.000000e+00   -4.081750e-01  2.790478e+01  
535       1.36633148218e+05   0.000000e+00   -4.081333e-01  2.790737e+01  
536       1.36633188919e+05   0.000000e+00   -4.080955e-01  2.790996e+01  
537       1.36633228754e+05   0.000000e+00   -4.080636e-01  2.791256e+01  
538       1.36633267674e+05   0.000000e+00   -4.080398e-01  2.791516e+01  
539       1.36633305626e+05   0.000000e+00   -4.080258e-01  2.791777e+01  
540       1.36633342549e+05   0.000000e+00   -4.080231e-01  2.792037e+01  
541       1.36633378380e+05   0.000000e+00   -4.080323e-01  2.792298e+01  
542       1.36633413051e+05   0.000000e+00   -4.080534e-01  2.792559e+01  
543       1.36633446489e+05   0.000000e+00   -4.080858e-01  2.792821e+01  
544       1.36633478616e+05   0.000000e+00   -4.081282e-01  2.793083e+01  
545       1.36633509348e+05   0.000000e+00   -4.081787e-01  2.793345e+01  
546       1.36633538592e+05   0.000000e+00   -4.082350e-01  2.793607e+01  
547       1.36633566244e+05   0.000000e+00   -4.082947e-01  2.793870e+01  
548       1.36633592192e+05   0.000000e+00   -4.083547e-01  2.794133e+01  
549       1.36633616310e+05   0.000000e+00   -4.084122e-01  2.794396e+01  
550       1.36633638460e+05   0.000000e+00   -4.084644e-01  2.794660e+01  
551       1.36633658496e+05   0.000000e+00   -4.085091e-01  2.794924e+01  
552       1.36633676258e+05   0.000000e+00   -4.085440e-01  2.795188e+01  
553       1.36633691576e+05   0.000000e+00   -4.085678e-01  2.795452e+01  
554       1.36633704276e+05   0.000000e+00   -4.085798e-01  2.795717e+01  
555       1.36633714181e+05   0.000000e+00   -4.085800e-01  2.795981e+01  
556       1.36633721116e+05   0.000000e+00   -4.085690e-01  2.796247e+01  
557       1.36633724908e+05   0.000000e+00   -4.085482e-01  2.796512e+01  
558       1.36633725385e+05   0.000000e+00   -4.085193e-01  2.796778e+01  
559       1.36633722375e+05   0.000000e+00   -4.084844e-01  2.797044e+01  
560       1.36633715716e+05   0.000000e+00   -4.084458e-01  2.797310e+01  
561       1.36633705256e+05   0.000000e+00   -4.084062e-01  2.797577e+01  
562       1.36633690849e+05   0.000000e+00   -4.083678e-01  2.797844e+01  
563       1.36633672346e+05   0.000000e+00   -4.083331e-01  2.798111e+01  
564       1.36633649592e+05   0.000000e+00   -4.083040e-01  2.798378e+01  
565       1.36633622422e+05   0.000000e+00   -4.082820e-01  2.798646e+01  
566       1.36633590663e+05   0.000000e+00   -4.082685e-01  2.798914e+01  
567       1.36633554130e+05   0.000000e+00   -4.082639e-01  2.799182e+01  
568       1.36633512626e+05   0.000000e+00   -4.082683e-01  2.799451e+01  
569       1.36633465941e+05   0.000000e+00   -4.082809e-01  2.799719e+01  
570       1.36633413857e+05   0.000000e+00   -4.083006e-01  2.799989e+01  
571       1.36633356154e+05   0.000000e+00   -4.083255e-01  2.800258e+01  
572       1.36633292615e+05   0.000000e+00   -4.083534e-01  2.800528e+01  
573       1.36633223033e+05   0.000000e+00   -4.083818e-01  2.800798e+01  
574       1.36633147207e+05   0.000000e+00   -4.084084e-01  2.801068e+01  
575       1.36633064953e+05   0.000000e+00   -4.084309e-01  2.801338e+01  
576       1.36632976079e+05   0.000000e+00   -4.084475e-01  2.801609e+01  
577       1.36632880400e+05   0.000000e+00   -4.084566e-01  2.801880e+01  
578       1.36632777729e+05   0.000000e+00   -4.084577e-01  2.802151e+01  
579       1.36632667904e+05   0.000000e+00   -4.084501e-01  2.802423e+01  
580       1.36632550790e+05   0.000000e+00   -4.084337e-01  2.802695e+01  
581       1.36632426305e+05   0.000000e+00   -4.084083e-01  2.802967e+01  
582       1.36632294429e+05   0.000000e+00   -4.083734e-01  2.803239e+01  
583       1.36632155218e+05   0.000000e+00   -4.083281e-01  2.803512e+01  
584       1.36632008795e+05   0.000000e+00   -4.082712e-01  2.803785e+01  
585       1.36631855349e+05   0.000000e+00   -4.082009e-01  2.804058e+01  
586       1.36631695124e+05   0.000000e+00   -4.081154e-01  2.804331e+01  
587       1.36631528419e+05   0.000000e+00   -4.080122e-01  2.804605e+01  
588       1.36631355580e+05   0.000000e+00   -4.078888e-01  2.804879e+01  
589       1.36631177032e+05   0.000000e+00   -4.077425e-01  2.805153e+01  
590       1.36630993299e+05   0.000000e+00   -4.075699e-01  2.805428e+01  
591       1.36630805058e+05   0.000000e+00   -4.073674e-01  2.805702e+01  
592       1.36630613191e+05   0.000000e+00   -4.071308e-01  2.805977e+01  
593       1.36630418848e+05   0.000000e+00   -4.068552e-01  2.806253e+01  
594       1.36630223492e+05   0.000000e+00   -4.065357e-01  2.806528e+01  
595       1.36630028934e+05   0.000000e+00   -4.061673e-01  2.806804e+01  
596       1.36629837350e+05   0.000000e+00   -4.057454e-01  2.807080e+01  
597       1.36629651301e+05   0.000000e+00   -4.052659e-01  2.807356e+01  
598       1.36629473754e+05   0.000000e+00   -4.047256e-01  2.807633e+01  
599       1.36629308133e+05   0.000000e+00   -4.041215e-01  2.807909e+01  
600       1.36629158387e+05   0.000000e+00   -4.034513e-01  2.808186e+01  
601       1.36629029071e+05   0.000000e+00   -4.027128e-01  2.808463e+01  
602       1.36628925427e+05   0.000000e+00   -4.019038e-01  2.808740e+01  
603       1.36628853431e+05   0.000000e+00   -4.010217e-01  2.809018e+01  
604       1.36628819793e+05   0.000000e+00   -4.000638e-01  2.809295e+01  
605       1.36628831899e+05   0.000000e+00   -3.990269e-01  2.809572e+01  
606       1.36628897700e+05   0.000000e+00   -3.979084e-01  2.809849e+01  
607       1.36629025568e+05   0.000000e+00   -3.967054e-01  2.810126e+01  
608       1.36629224123e+05   0.000000e+00   -3.954156e-01  2.810403e+01  
609       1.36629502061e+05   0.000000e+00   -3.940371e-01  2.810679e+01  
610       1.36629867988e+05   0.000000e+00   -3.925681e-01  2.810955e+01  
611       1.36630330291e+05   0.000000e+00   -3.910071e-01  2.811231e+01  
612       1.36630897011e+05   0.000000e+00   -3.893525e-01  2.811506e+01  
613       1.36631575740e+05   0.000000e+00   -3.876025e-01  2.811781e+01  
614       1.36632373503e+05   0.000000e+00   -3.857554e-01  2.812055e+01  
615       1.36633296677e+05   0.000000e+00   -3.838096e-01  2.812328e+01  
616       1.36634350932e+05   0.000000e+00   -3.817640e-01  2.812601e+01  
617       1.36635541241e+05   0.000000e+00   -3.796184e-01  2.812873e+01  
618       1.36636871910e+05   0.000000e+00   -3.773732e-01  2.813144e+01  
619       1.36638346673e+05   0.000000e+00   -3.750296e-01  2.813415e+01  
620       1.36639968788e+05   0.000000e+00   -3.725895e-01  2.813685e+01  
621       1.36641741164e+05   0.000000e+00   -3.700556e-01  2.813954e+01  
622       1.36643666447e+05   0.000000e+00   -3.674312e-01  2.814222e+01  
623       1.36645747081e+05   0.000000e+00   -3.647206e-01  2.814489e+01  
624       1.36647985323e+05   0.000000e+00   -3.619286e-01  2.814756e+01  
625       1.36650383243e+05   0.000000e+00   -3.590614e-01  2.815022e+01  
626       1.36652942705e+05   0.000000e+00   -3.561259e-01  2.815287e+01  
627       1.36655665321e+05   0.000000e+00   -3.531307e-01  2.815551e+01  
628       1.36658552390e+05   0.000000e+00   -3.500852e-01  2.815814e+01  
629       1.36661604828e+05   0.000000e+00   -3.470001e-01  2.816077e+01  
630       1.36664823109e+05   0.000000e+00   -3.438869e-01  2.816338e+01  
631       1.36668207218e+05   0.000000e+00   -3.407579e-01  2.816599e+01  
632       1.36671756644e+05   0.000000e+00   -3.376256e-01  2.816858e+01  
633       1.36675470411e+05   0.000000e+00   -3.345025e-01  2.817117e+01  
634       1.36679347165e+05   0.000000e+00   -3.314009e-01  2.817374e+01  
635       1.36683385304e+05   0.000000e+00   -3.283322e-01  2.817631e+01  
636       1.36687583105e+05   0.000000e+00   -3.253071e-01  2.817887e+01  
637       1.36691938818e+05   0.000000e+00   -3.223348e-01  2.818141e+01  
638       1.36696450709e+05   0.000000e+00   -3.194229e-01  2.818395e+01  
639       1.36701117096e+05   0.000000e+00   -3.165773e-01  2.818647e+01  
640       1.36705936357e+05   0.000000e+00   -3.138023e-01  2.818899e+01  
641       1.36710906891e+05   0.000000e+00   -3.111005e-01  2.819149e+01  
642       1.36716026983e+05   0.000000e+00   -3.084730e-01  2.819399e+01  
643       1.36721294560e+05   0.000000e+00   -3.059193e-01  2.819647e+01  
644       1.36726706884e+05   0.000000e+00   -3.034374e-01  2.819894e+01  
645       1.36732260251e+05   0.000000e+00   -3.010239e-01  2.820141e+01  
646       1.36737949728e+05   0.000000e+00   -2.986739e-01  2.820386e+01  
647       1.36743768922e+05   0.000000e+00   -2.963819e-01  2.820630e+01  
648       1.36749709764e+05   0.000000e+00   -2.941417e-01  2.820873e+01  
649       1.36755762306e+05   0.000000e+00   -2.919469e-01  2.821116e+01  
650       1.36761914540e+05   0.000000e+00   -2.897913e-01  2.821357e+01  
651       1.36768152312e+05   0.000000e+00   -2.876684e-01  2.821598e+01  
652       1.36774459311e+05   0.000000e+00   -2.855723e-01  2.821838e+01  
653       1.36780817216e+05   0.000000e+00   -2.834976e-01  2.822078e+01  
654       1.36787205948e+05   0.000000e+00   -2.814394e-01  2.822317e+01  
655       1.36793604031e+05   0.000000e+00   -2.793937e-01  2.822556e+01  
656       1.36799988991e+05   0.000000e+00   -2.773573e-01  2.822795e+01  
657       1.36806337744e+05   0.000000e+00   -2.753279e-01  2.823035e+01  
658       1.36812626917e+05   0.000000e+00   -2.733041e-01  2.823275e+01  
659       1.36818833076e+05   0.000000e+00   -2.712853e-01  2.823515e+01  
660       1.36824932874e+05   0.000000e+00   -2.692709e-01  2.823757e+01  
661       1.36830903166e+05   0.000000e+00   -2.672610e-01  2.823999e+01  
662       1.36836721126e+05   0.000000e+00   -2.652552e-01  2.824243e+01  
663       1.36842364409e+05   0.000000e+00   -2.632530e-01  2.824488e+01  
664       1.36847811337e+05   0.000000e+00   -2.612538e-01  2.824735e+01  
665       1.36853041122e+05   0.000000e+00   -2.592568e-01  2.824984e+01  
666       1.36858034053e+05   0.000000e+00   -2.572610e-01  2.825234e+01  
667       1.36862771651e+05   0.000000e+00   -2.552656e-01  2.825487e+01  
668       1.36867236782e+05   0.000000e+00   -2.532696e-01  2.825743e+01  
669       1.36871413786e+05   0.000000e+00   -2.512723e-01  2.826000e+01  
670       1.36875288597e+05   0.000000e+00   -2.492723e-01  2.826261e+01  
671       1.36878848903e+05   0.000000e+00   -2.472682e-01  2.826525e+01  
672       1.36882084313e+05   0.000000e+00   -2.452583e-01  2.826791e+01  
673       1.36884986527e+05   0.000000e+00   -2.432407e-01  2.827061e+01  
674       1.36887549439e+05   0.000000e+00   -2.412136e-01  2.827334e+01  
675       1.36889769157e+05   0.000000e+00   -2.391758e-01  2.827611e+01  
676       1.36891643896e+05   0.000000e+00   -2.371261e-01  2.827891e+01  
677       1.36893173733e+05   0.000000e+00   -2.350641e-01  2.828174e+01  
678       1.36894360250e+05   0.000000e+00   -2.329897e-01  2.828461e+01  
679       1.36895206153e+05   0.000000e+00   -2.309039e-01  2.828751e+01  
680       1.36895714917e+05   0.000000e+00   -2.288082e-01  2.829044e+01  
681       1.36895890596e+05   0.000000e+00   -2.267046e-01  2.829342e+01  
682       1.36895737783e+05   0.000000e+00   -2.245954e-01  2.829642e+01  
683       1.36895261767e+05   0.000000e+00   -2.224831e-01  2.829947e+01  
684       1.36894468852e+05   0.000000e+00   -2.203698e-01  2.830254e+01  
685       1.36893366789e+05   0.000000e+00   -2.182572e-01  2.830566e+01  
686       1.36891965173e+05   0.000000e+00   -2.161464e-01  2.830880e+01  
687       1.36890275672e+05   0.000000e+00   -2.140382e-01  2.831198e+01  
688       1.36888311985e+05   0.000000e+00   -2.119337e-01  2.831520e+01  
689       1.36886089586e+05   0.000000e+00   -2.098345e-01  2.831845e+01  
690       1.36883625378e+05   0.000000e+00   -2.077432e-01  2.832172e+01  
691       1.36880937395e+05   0.000000e+00   -2.056625e-01  2.832503e+01  
692       1.36878044580e+05   0.000000e+00   -2.035955e-01  2.832837e+01  
693       1.36874966658e+05   0.000000e+00   -2.015444e-01  2.833174e+01  
694       1.36871723956e+05   0.000000e+00   -1.995107e-01  2.833513e+01  
695       1.36868337121e+05   0.000000e+00   -1.974952e-01  2.833855e+01  
696       1.36864826645e+05   0.000000e+00   -1.954981e-01  2.834199e+01  
697       1.36861212344e+05   0.000000e+00   -1.935195e-01  2.834545e+01  
698       1.36857512975e+05   0.000000e+00   -1.915602e-01  2.834894e+01  
699       1.36853746186e+05   0.000000e+00   -1.896217e-01  2.835244e+01  
700       1.36849928805e+05   0.000000e+00   -1.877059e-01  2.835596e+01  
701       1.36846077376e+05   0.000000e+00   -1.858154e-01  2.835950e+01  
702       1.36842208693e+05   0.000000e+00   -1.839526e-01  2.836306e+01  
703       1.36838340209e+05   0.000000e+00   -1.821197e-01  2.836663e+01  
704       1.36834490129e+05   0.000000e+00   -1.803187e-01  2.837021e+01  
705       1.36830677221e+05   0.000000e+00   -1.785514e-01  2.837381e+01  
706       1.36826920397e+05   0.000000e+00   -1.768200e-01  2.837742e+01  
707       1.36823238291e+05   0.000000e+00   -1.751273e-01  2.838104e+01  
708       1.36819648948e+05   0.000000e+00   -1.734763e-01  2.838467e+01  
709       1.36816169687e+05   0.000000e+00   -1.718700e-01  2.838830e+01  
710       1.36812817035e+05   0.000000e+00   -1.703107e-01  2.839194e+01  
711       1.36809606704e+05   0.000000e+00   -1.687995e-01  2.839559e+01  
712       1.36806553447e+05   0.000000e+00   -1.673365e-01  2.839924e+01  
713       1.36803670893e+05   0.000000e+00   -1.659208e-01  2.840289e+01  
714       1.36800971355e+05   0.000000e+00   -1.645512e-01  2.840655e+01  
715       1.36798465708e+05   0.000000e+00   -1.632267e-01  2.841020e+01  
716       1.36796163266e+05   0.000000e+00   -1.619465e-01  2.841386e+01  
717       1.36794071704e+05   0.000000e+00   -1.607103e-01  2.841752e+01  
718       1.36792196878e+05   0.000000e+00   -1.595173e-01  2.842118e+01  
719       1.36790542509e+05   0.000000e+00   -1.583667e-01  2.842484e+01  
720       1.36789109708e+05   0.000000e+00   -1.572576e-01  2.842850e+01  
721       1.36787896512e+05   0.000000e+00   -1.561887e-01  2.843215e+01  
722       1.36786897529e+05   0.000000e+00   -1.551588e-01  2.843581e+01  
723       1.36786103845e+05   0.000000e+00   -1.541663e-01  2.843947e+01  
724       1.36785503159e+05   0.000000e+00   -1.532088e-01  2.844314e+01  
725       1.36785080092e+05   0.000000e+00   -1.522825e-01  2.844680e+01  
726       1.36784816456e+05   0.000000e+00   -1.513826e-01  2.845048e+01  
727       1.36784691421e+05   0.000000e+00   -1.505019e-01  2.845416e+01  
728       1.36784681485e+05   0.000000e+00   -1.496312e-01  2.845785e+01  
729       1.36784760244e+05   0.000000e+00   -1.487582e-01  2.846156e+01  
730       1.36784897702e+05   0.000000e+00   -1.478670e-01  2.846528e+01  
731       1.36785059032e+05   0.000000e+00   -1.469365e-01  2.846902e+01  
732       1.36785202526e+05   0.000000e+00   -1.459380e-01  2.847278e+01  
733       1.36785276397e+05   0.000000e+00   -1.448326e-01  2.847657e+01  
734       1.36785213633e+05   0.000000e+00   -1.435648e-01  2.848039e+01  
735       1.36784923151e+05   0.000000e+00   -1.420537e-01  2.848426e+01  
736       1.36784273195e+05   0.000000e+00   -1.401762e-01  2.848819e+01  
737       1.36783056899e+05   0.000000e+00   -1.377340e-01  2.849219e+01  
738       1.36780910259e+05   0.000000e+00   -1.343840e-01  2.849631e+01  
739       1.36777079721e+05   0.000000e+00   -1.294708e-01  2.850061e+01  
740       1.36769595907e+05   0.000000e+00   -1.215474e-01  2.850530e+01  
741       1.36751218878e+05   0.000000e+00   -1.064584e-01  2.851111e+01  
742       1.36676270365e+05   0.000000e+00   -5.734963e-02  2.852268e+01  
743       1.36867864303e+05   0.000000e+00   4.613362e-02   2.850723e+01  
744       1.36715500774e+05   0.000000e+00   6.132855e-02   2.852670e+01  
745       1.36616951246e+05   0.000000e+00   8.461405e-02   2.854071e+01  
746       1.36995680121e+05   0.000000e+00   9.439099e-02   2.850641e+01  
747       1.36412925540e+05   0.000000e+00   9.727464e-02   2.856963e+01  
748       1.37000375488e+05   0.000000e+00   1.537029e-01   2.851415e+01  
749       1.36555519829e+05   0.000000e+00   1.251532e-01   2.856347e+01  
750       1.36655664452e+05   0.000000e+00   1.412027e-01   2.855752e+01  
751       1.36528715513e+05   0.000000e+00   2.456996e-01   2.857475e+01  
752       1.36566348615e+05   0.000000e+00   2.446509e-01   2.857523e+01  
753       1.36804547581e+05   0.000000e+00   2.246987e-01   2.855549e+01  
754       1.36679845208e+05   0.000000e+00   2.172352e-01   2.857256e+01  
755       1.36782811539e+05   0.000000e+00   2.172781e-01   2.856671e+01  
756       1.36741431126e+05   0.000000e+00   2.020598e-01   2.857540e+01  
757       1.36800998462e+05   0.000000e+00   2.102155e-01   2.857411e+01  
758       1.36792294045e+05   0.000000e+00   2.039940e-01   2.857953e+01  
759       1.36835034567e+05   0.000000e+00   2.169346e-01   2.858010e+01  
760       1.36839399912e+05   0.000000e+00   2.141783e-01   2.858422e+01  
761       1.36875744085e+05   0.000000e+00   2.288898e-01   2.858557e+01  
762       1.36882192441e+05   0.000000e+00   2.280300e-01   2.858951e+01  
763       1.36918690375e+05   0.000000e+00   2.422734e-01   2.859095e+01  
764       1.36919402973e+05   0.000000e+00   2.411952e-01   2.859550e+01  
765       1.36959469703e+05   0.000000e+00   2.538778e-01   2.859670e+01  
766       1.36951902566e+05   0.000000e+00   2.513110e-01   2.860211e+01  
767       1.36996310664e+05   0.000000e+00   2.616525e-01   2.860299e+01  
768       1.36981364134e+05   0.000000e+00   2.579329e-01   2.860919e+01  
769       1.37030636503e+05   0.000000e+00   2.658417e-01   2.860969e+01  
770       1.37010003095e+05   0.000000e+00   2.613622e-01   2.861654e+01  
771       1.37064475989e+05   0.000000e+00   2.672719e-01   2.861663e+01  
772       1.37040024885e+05   0.000000e+00   2.624514e-01   2.862394e+01  
773       1.37100395807e+05   0.000000e+00   2.669567e-01   2.862354e+01  
774       1.37072688580e+05   0.000000e+00   2.622462e-01   2.863128e+01  
775       1.37141157414e+05   0.000000e+00   2.658420e-01   2.863017e+01  
776       1.37108946104e+05   0.000000e+00   2.614705e-01   2.863847e+01  
777       1.37188677490e+05   0.000000e+00   2.643454e-01   2.863633e+01  
778       1.37151264551e+05   0.000000e+00   2.596407e-01   2.864528e+01  
779       1.37247946520e+05   0.000000e+00   2.601809e-01   2.864158e+01  
780       1.37205612238e+05   0.000000e+00   2.539123e-01   2.865116e+01  
781       1.37317527306e+05   0.000000e+00   2.518618e-01   2.864597e+01  
782       1.37266794499e+05   0.000000e+00   2.447666e-01   2.865626e+01  
783       1.37384139782e+05   0.000000e+00   2.450111e-01   2.865020e+01  
784       1.37327262753e+05   0.000000e+00   2.431041e-01   2.866084e+01  
785       1.37465697952e+05   0.000000e+00   2.447808e-01   2.865262e+01  
786       1.37410898276e+05   0.000000e+00   2.393788e-01   2.866289e+01  
787       1.37522272917e+05   0.000000e+00   2.384845e-01   2.865642e+01  
788       1.37434212558e+05   0.000000e+00   2.363389e-01   2.866903e+01  
789       1.37573280316e+05   0.000000e+00   2.416009e-01   2.865988e+01  
790       1.37521005215e+05   0.000000e+00   2.409464e-01   2.866953e+01  
791       1.37647298924e+05   0.000000e+00   2.422084e-01   2.866094e+01  
792       1.37544544781e+05   0.000000e+00   2.373085e-01   2.867442e+01  
793       1.37691246765e+05   0.000000e+00   2.461596e-01   2.866373e+01  
794       1.37596905595e+05   0.000000e+00   2.542621e-01   2.867679e+01  
795       1.37769772634e+05   0.000000e+00   2.501560e-01   2.866349e+01  
796       1.37631183407e+05   0.000000e+00   2.441601e-01   2.867996e+01  
797       1.37753680749e+05   0.000000e+00   2.524310e-01   2.867096e+01  
798       1.37670243207e+05   0.000000e+00   2.554458e-01   2.868317e+01  
799       1.37881613637e+05   0.000000e+00   2.499027e-01   2.866616e+01  
800       1.37683081626e+05   0.000000e+00   2.468004e-01   2.868783e+01  
801       1.37847426383e+05   0.000000e+00   2.551410e-01   2.867520e+01  
802       1.37780851746e+05   0.000000e+00   2.507092e-01   2.868570e+01  
803       1.37889408041e+05   0.000000e+00   2.483559e-01   2.867740e+01  
804       1.37751693551e+05   0.000000e+00   2.523216e-01   2.869416e+01  
805       1.37935264053e+05   0.000000e+00   2.560911e-01   2.867964e+01  
806       1.37793928022e+05   0.000000e+00   2.494395e-01   2.869640e+01  
807       1.37929635260e+05   0.000000e+00   2.566765e-01   2.868594e+01  
808       1.37813259084e+05   0.000000e+00   2.569980e-01   2.870099e+01  
809       1.37960323733e+05   0.000000e+00   2.545758e-01   2.868916e+01  
810       1.37810148530e+05   0.000000e+00   2.591599e-01   2.870728e+01  
811       1.37955598151e+05   0.000000e+00   2.608364e-01   2.869587e+01  
812       1.37849211604e+05   0.000000e+00   2.568901e-01   2.870978e+01  
813       1.37925337638e+05   0.000000e+00   2.666630e-01   2.870475e+01  
814       1.37866949037e+05   0.000000e+00   2.599603e-01   2.871446e+01  
815       1.37954692584e+05   0.000000e+00   2.671424e-01   2.870820e+01  
816       1.37816464169e+05   0.000000e+00   2.682984e-01   2.872533e+01  
817       1.38018191844e+05   0.000000e+00   2.691193e-01   2.870874e+01  
818       1.37769056112e+05   0.000000e+00   2.746444e-01   2.873589e+01  
819       1.38035461873e+05   0.000000e+00   2.749130e-01   2.871361e+01  
820       1.37793920609e+05   0.000000e+00   2.773413e-01   2.873992e+01  
821       1.37996131521e+05   0.000000e+00   2.809966e-01   2.872359e+01  
822       1.37887167508e+05   0.000000e+00   2.777528e-01   2.873765e+01  
823       1.37981490427e+05   0.000000e+00   2.802326e-01   2.873116e+01  
824       1.37958996520e+05   0.000000e+00   2.730627e-01   2.873748e+01  
825       1.37969833713e+05   0.000000e+00   2.733288e-01   2.873900e+01  
826       1.37865070780e+05   0.000000e+00   2.711198e-01   2.875350e+01  
827       1.37920528871e+05   0.000000e+00   2.674627e-01   2.875118e+01  
828       1.37753688094e+05   0.000000e+00   2.722280e-01   2.877119e+01  
829       1.37984357995e+05   0.000000e+00   2.714294e-01   2.875236e+01  
830       1.37739127312e+05   0.000000e+00   2.765403e-01   2.877942e+01  
831       1.38006915269e+05   0.000000e+00   2.754947e-01   2.875738e+01  
832       1.37657189605e+05   0.000000e+00   2.710839e-01   2.879473e+01  
833       1.37918988839e+05   0.000000e+00   2.716852e-01   2.877317e+01  
834       1.37644419246e+05   0.000000e+00   2.779041e-01   2.880386e+01  
835       1.37782130292e+05   0.000000e+00   2.901262e-01   2.879394e+01  
836       1.37598597074e+05   0.000000e+00   2.839739e-01   2.881651e+01  
837       1.37631825058e+05   0.000000e+00   2.829160e-01   2.881613e+01  
838       1.37683703946e+05   0.000000e+00   2.793158e-01   2.881613e+01  
839       1.37635319313e+05   0.000000e+00   2.847678e-01   2.882373e+01  
840       1.37663777976e+05   0.000000e+00   2.840003e-01   2.882671e+01  
841       1.37516401229e+05   0.000000e+00   2.826532e-01   2.884377e+01  
842       1.37591561571e+05   0.000000e+00   2.838684e-01   2.884183e+01  
843       1.37566550768e+05   0.000000e+00   2.875596e-01   2.884734e+01  
844       1.37560223471e+05   0.000000e+00   2.819896e-01   2.885384e+01  
845       1.37554628356e+05   0.000000e+00   2.828578e-01   2.885775e+01  
846       1.37426318039e+05   0.000000e+00   2.859244e-01   2.887514e+01  
847       1.37614079910e+05   0.000000e+00   2.875403e-01   2.886124e+01  
848       1.37424370343e+05   0.000000e+00   2.803057e-01   2.888477e+01  
849       1.37568525530e+05   0.000000e+00   2.850562e-01   2.887514e+01  
850       1.37364705371e+05   0.000000e+00   2.831345e-01   2.889948e+01  
851       1.37642840979e+05   0.000000e+00   2.855529e-01   2.887806e+01  
852       1.37314514426e+05   0.000000e+00   2.776413e-01   2.891401e+01  
853       1.37590119549e+05   0.000000e+00   2.857849e-01   2.889275e+01  
854       1.37363271935e+05   0.000000e+00   2.797025e-01   2.891944e+01  
855       1.37584731558e+05   0.000000e+00   2.779888e-01   2.890342e+01  
856       1.37316691091e+05   0.000000e+00   2.742620e-01   2.893397e+01  
857       1.37609037573e+05   0.000000e+00   2.752538e-01   2.891144e+01  
858       1.37344175666e+05   0.000000e+00   2.662238e-01   2.894171e+01  
859       1.37540637393e+05   0.000000e+00   2.712212e-01   2.892792e+01  
860       1.37383866160e+05   0.000000e+00   2.710753e-01   2.894800e+01  
861       1.37503172305e+05   0.000000e+00   2.632826e-01   2.894098e+01  
862       1.37376580483e+05   0.000000e+00   2.682685e-01   2.895864e+01  
863       1.37490448750e+05   0.000000e+00   2.656942e-01   2.895168e+01  
864       1.37382533049e+05   0.000000e+00   2.677332e-01   2.896732e+01  
865       1.37424968960e+05   0.000000e+00   2.659651e-01   2.896713e+01  
866       1.37383212870e+05   0.000000e+00   2.688311e-01   2.897661e+01  
867       1.37408996776e+05   0.000000e+00   2.638200e-01   2.897762e+01  
868       1.37355325918e+05   0.000000e+00   2.720338e-01   2.898861e+01  
869       1.37416628951e+05   0.000000e+00   2.653473e-01   2.898585e+01  
870       1.37343298653e+05   0.000000e+00   2.694983e-01   2.899889e+01  
871       1.37373461307e+05   0.000000e+00   2.719020e-01   2.899891e+01  
872       1.37311445419e+05   0.000000e+00   2.664296e-01   2.901048e+01  
873       1.37342833033e+05   0.000000e+00   2.706003e-01   2.901095e+01  
874       1.37285971559e+05   0.000000e+00   2.645724e-01   2.902163e+01  
875       1.37376750285e+05   0.000000e+00   2.658003e-01   2.901690e+01  
876       1.37222674409e+05   0.000000e+00   2.692483e-01   2.903645e+01  
877       1.37366813341e+05   0.000000e+00   2.673489e-01   2.902686e+01  
878       1.37213653277e+05   0.000000e+00   2.592647e-01   2.904645e+01  
879       1.37364049324e+05   0.000000e+00   2.658207e-01   2.903630e+01  
880       1.37232090271e+05   0.000000e+00   2.569074e-01   2.905366e+01  
881       1.37281600223e+05   0.000000e+00   2.750188e-01   2.905296e+01  
882       1.37194770728e+05   0.000000e+00   2.570667e-01   2.906622e+01  
883       1.37312767168e+05   0.000000e+00   2.646808e-01   2.905943e+01  
884       1.37177656636e+05   0.000000e+00   2.576592e-01   2.907686e+01  
885       1.37317302584e+05   0.000000e+00   2.643649e-01   2.906799e+01  
886       1.37111682125e+05   0.000000e+00   2.624537e-01   2.909236e+01  
887       1.37307661946e+05   0.000000e+00   2.634447e-01   2.907810e+01  
888       1.37125557900e+05   0.000000e+00   2.605082e-01   2.910030e+01  
889       1.37257203927e+05   0.000000e+00   2.684854e-01   2.909186e+01  
890       1.37130997823e+05   0.000000e+00   2.585449e-01   2.910909e+01  
891       1.37203407199e+05   0.000000e+00   2.665123e-01   2.910623e+01  
892       1.37140512754e+05   0.000000e+00   2.603970e-01   2.911745e+01  
893       1.37187029851e+05   0.000000e+00   2.668623e-01   2.911696e+01  
894       1.37107337140e+05   0.000000e+00   2.644960e-01   2.912988e+01  
895       1.37185247640e+05   0.000000e+00   2.651727e-01   2.912647e+01  
896       1.37075032593e+05   0.000000e+00   2.697926e-01   2.914211e+01  
897       1.37193925967e+05   0.000000e+00   2.636776e-01   2.913508e+01  
898       1.37031699617e+05   0.000000e+00   2.676394e-01   2.915566e+01  
899       1.37164337509e+05   0.000000e+00   2.617566e-01   2.914731e+01  
900       1.37036628136e+05   0.000000e+00   2.649266e-01   2.916469e+01  
901       1.37090652964e+05   0.000000e+00   2.594506e-01   2.916394e+01  
902       1.37025389624e+05   0.000000e+00   2.614743e-01   2.917535e+01  
903       1.37048065003e+05   0.000000e+00   2.632283e-01   2.917735e+01  
904       1.37027624359e+05   0.000000e+00   2.609369e-01   2.918473e+01  
905       1.37030275625e+05   0.000000e+00   2.642130e-01   2.918835e+01  
906       1.37058230633e+05   0.000000e+00   2.681741e-01   2.919101e+01  
907       1.37088833573e+05   0.000000e+00   2.652571e-01   2.919206e+01  
908       1.37037612349e+05   0.000000e+00   2.694098e-01   2.920241e+01  
909       1.37122443544e+05   0.000000e+00   2.671520e-01   2.919831e+01  
910       1.36983406347e+05   0.000000e+00   2.678139e-01   2.921712e+01  
911       1.37112188210e+05   0.000000e+00   2.597874e-01   2.920903e+01  
912       1.36994885526e+05   0.000000e+00   2.661627e-01   2.922524e+01  
913       1.37166535614e+05   0.000000e+00   2.600526e-01   2.921327e+01  
914       1.37046051614e+05   0.000000e+00   2.680791e-01   2.922973e+01  
915       1.37178679536e+05   0.000000e+00   2.720474e-01   2.922106e+01  
916       1.37114289879e+05   0.000000e+00   2.682306e-01   2.923246e+01  
917       1.37172683971e+05   0.000000e+00   2.697537e-01   2.923083e+01  
918       1.37173947143e+05   0.000000e+00   2.725191e-01   2.923619e+01  
919       1.37177079964e+05   0.000000e+00   2.756685e-01   2.923980e+01  
920       1.37121799081e+05   0.000000e+00   2.823739e-01   2.925040e+01  
921       1.37154682345e+05   0.000000e+00   2.879945e-01   2.925075e+01  
922       1.37151135769e+05   0.000000e+00   2.751322e-01   2.925662e+01  
923       1.37249752073e+05   0.000000e+00   2.842692e-01   2.925097e+01  
924       1.37168574490e+05   0.000000e+00   2.792211e-01   2.926396e+01  
925       1.37263872734e+05   0.000000e+00   2.886372e-01   2.925877e+01  
926       1.37089860087e+05   0.000000e+00   2.847406e-01   2.928020e+01  
927       1.37349353631e+05   0.000000e+00   2.867422e-01   2.925980e+01  
928       1.37156381991e+05   0.000000e+00   2.761718e-01   2.928312e+01  
929       1.37361601535e+05   0.000000e+00   2.928950e-01   2.926763e+01  
930       1.37151040602e+05   0.000000e+00   2.770610e-01   2.929232e+01  
931       1.37376870263e+05   0.000000e+00   2.872970e-01   2.927547e+01  
932       1.37235617516e+05   0.000000e+00   2.736714e-01   2.929347e+01  
933       1.37404684922e+05   0.000000e+00   2.817747e-01   2.928147e+01  
934       1.37253209437e+05   0.000000e+00   2.722815e-01   2.930055e+01  
935       1.37426982928e+05   0.000000e+00   2.788502e-01   2.928794e+01  
936       1.37298780896e+05   0.000000e+00   2.708059e-01   2.930484e+01  
937       1.37428365750e+05   0.000000e+00   2.830815e-01   2.929560e+01  
938       1.37365220123e+05   0.000000e+00   2.724864e-01   2.930647e+01  
939       1.37426683150e+05   0.000000e+00   2.853098e-01   2.930378e+01  
940       1.37399432521e+05   0.000000e+00   2.809870e-01   2.931090e+01  
941       1.37473452647e+05   0.000000e+00   2.859943e-01   2.930672e+01  
942       1.37422020159e+05   0.000000e+00   2.874262e-01   2.931591e+01  
943       1.37531074333e+05   0.000000e+00   2.932768e-01   2.930864e+01  
944       1.37449307328e+05   0.000000e+00   2.953466e-01   2.932017e+01  
945       1.37600426284e+05   0.000000e+00   3.004586e-01   2.930888e+01  
946       1.37485990114e+05   0.000000e+00   2.958992e-01   2.932348e+01  
947       1.37654082843e+05   0.000000e+00   3.068937e-01   2.931067e+01  
948       1.37525253145e+05   0.000000e+00   3.053112e-01   2.932599e+01  
949       1.37694919778e+05   0.000000e+00   3.108581e-01   2.931306e+01  
950       1.37544553676e+05   0.000000e+00   3.118215e-01   2.933037e+01  
951       1.37742449545e+05   0.000000e+00   3.135019e-01   2.931459e+01  
952       1.37602626471e+05   0.000000e+00   3.162187e-01   2.933086e+01  
953       1.37730236813e+05   0.000000e+00   3.213620e-01   2.932139e+01  
954       1.37657842818e+05   0.000000e+00   3.270141e-01   2.933160e+01  
955       1.37734240185e+05   0.000000e+00   3.310032e-01   2.932655e+01  
956       1.37699041377e+05   0.000000e+00   3.252677e-01   2.933357e+01  
957       1.37730542052e+05   0.000000e+00   3.292888e-01   2.933239e+01  
958       1.37752127864e+05   0.000000e+00   3.321538e-01   2.933423e+01  
959       1.37716083593e+05   0.000000e+00   3.323433e-01   2.933896e+01  
960       1.37716208646e+05   0.000000e+00   3.420577e-01   2.934329e+01  
961       1.37760107743e+05   0.000000e+00   3.341004e-01   2.934029e+01  
962       1.37712493174e+05   0.000000e+00   3.393812e-01   2.934952e+01  
963       1.37770809043e+05   0.000000e+00   3.336293e-01   2.934457e+01  
964       1.37708447812e+05   0.000000e+00   3.471838e-01   2.935540e+01  
965       1.37757762561e+05   0.000000e+00   3.362697e-01   2.935177e+01  
966       1.37680571573e+05   0.000000e+00   3.444070e-01   2.936366e+01  
967       1.37756524081e+05   0.000000e+00   3.411029e-01   2.935798e+01  
968       1.37685182737e+05   0.000000e+00   3.448980e-01   2.936893e+01  
969       1.37711882369e+05   0.000000e+00   3.474404e-01   2.936822e+01  
970       1.37663530337e+05   0.000000e+00   3.508950e-01   2.937686e+01  
971       1.37702510865e+05   0.000000e+00   3.502275e-01   2.937552e+01  
972       1.37610366217e+05   0.000000e+00   3.530490e-01   2.938768e+01  
973       1.37723874297e+05   0.000000e+00   3.606290e-01   2.937977e+01  
974       1.37575366555e+05   0.000000e+00   3.534854e-01   2.939753e+01  
975       1.37691296857e+05   0.000000e+00   3.630919e-01   2.938921e+01  
976       1.37577517456e+05   0.000000e+00   3.572216e-01   2.940375e+01  
977       1.37679178738e+05   0.000000e+00   3.639950e-01   2.939703e+01  
978       1.37566427364e+05   0.000000e+00   3.590328e-01   2.941138e+01  
979       1.37671150381e+05   0.000000e+00   3.631325e-01   2.940465e+01  
980       1.37588048802e+05   0.000000e+00   3.567353e-01   2.941603e+01  
981       1.37624088584e+05   0.000000e+00   3.631202e-01   2.941581e+01  
982       1.37644318290e+05   0.000000e+00   3.546020e-01   2.941796e+01  
983       1.37583834761e+05   0.000000e+00   3.562002e-01   2.942676e+01  
984       1.37643272151e+05   0.000000e+00   3.574872e-01   2.942508e+01  
985       1.37588712437e+05   0.000000e+00   3.510813e-01   2.943374e+01  
986       1.37610017154e+05   0.000000e+00   3.537176e-01   2.943585e+01  
987       1.37562004911e+05   0.000000e+00   3.465855e-01   2.944377e+01  
988       1.37593095390e+05   0.000000e+00   3.492493e-01   2.944537e+01  
989       1.37534464900e+05   0.000000e+00   3.428662e-01   2.945408e+01  
990       1.37608260250e+05   0.000000e+00   3.527794e-01   2.945211e+01  
991       1.37503393028e+05   0.000000e+00   3.463951e-01   2.946529e+01  
992       1.37577692740e+05   0.000000e+00   3.625570e-01   2.946321e+01  
993       1.37456592806e+05   0.000000e+00   3.546319e-01   2.947856e+01  
994       1.37519153499e+05   0.000000e+00   3.657162e-01   2.947744e+01  
995       1.37407704056e+05   0.000000e+00   3.601306e-01   2.949208e+01  
996       1.37525077821e+05   0.000000e+00   3.624353e-01   2.948618e+01  
997       1.37387962695e+05   0.000000e+00   3.614561e-01   2.950316e+01  
998       1.37505468749e+05   0.000000e+00   3.631647e-01   2.949737e+01  
999       1.37394505708e+05   0.000000e+00   3.664793e-01   2.951188e+01  
1000      1.37453930596e+05   0.000000e+00   3.642931e-01   2.951159e+01  
1001      1.37462473542e+05   0.000000e+00   3.654318e-01   2.951544e+01  
1002      1.37424031966e+05   0.000000e+00   3.627028e-01   2.952462e+01  
1003      1.37513744327e+05   0.000000e+00   3.705210e-01   2.952087e+01  
1004      1.37387484397e+05   0.000000e+00   3.654902e-01   2.953821e+01  
1005      1.37471884042e+05   0.000000e+00   3.742136e-01   2.953492e+01  
1006      1.37410289233e+05   0.000000e+00   3.639781e-01   2.954650e+01  
1007      1.37532337421e+05   0.000000e+00   3.656655e-01   2.953998e+01  
1008      1.37438983353e+05   0.000000e+00   3.634855e-01   2.955449e+01  
1009      1.37537235183e+05   0.000000e+00   3.673445e-01   2.955009e+01  
1010      1.37432150392e+05   0.000000e+00   3.675994e-01   2.956523e+01  
1011      1.37549076415e+05   0.000000e+00   3.637266e-01   2.955976e+01  
1012      1.37502376458e+05   0.000000e+00   3.643884e-01   2.956945e+01  
1013      1.37556273663e+05   0.000000e+00   3.700003e-01   2.956918e+01  
1014      1.37513894195e+05   0.000000e+00   3.653478e-01   2.957845e+01  
1015      1.37525699363e+05   0.000000e+00   3.683804e-01   2.958206e+01  
1016      1.37571598061e+05   0.000000e+00   3.650584e-01   2.958359e+01  
1017      1.37573358716e+05   0.000000e+00   3.680078e-01   2.958776e+01  
1018      1.37564007976e+05   0.000000e+00   3.692294e-01   2.959463e+01  
1019      1.37611608238e+05   0.000000e+00   3.678442e-01   2.959415e+01  
1020      1.37561469830e+05   0.000000e+00   3.666645e-01   2.960498e+01  
1021      1.37655396904e+05   0.000000e+00   3.663899e-01   2.960047e+01  
1022      1.37599215955e+05   0.000000e+00   3.640780e-01   2.961180e+01  
1023      1.37649372685e+05   0.000000e+00   3.648334e-01   2.961103e+01  
1024      1.37614789895e+05   0.000000e+00   3.579292e-01   2.962073e+01  
1025      1.37696741773e+05   0.000000e+00   3.585266e-01   2.961704e+01  
1026      1.37647480234e+05   0.000000e+00   3.564189e-01   2.962813e+01  
1027      1.37693985295e+05   0.000000e+00   3.570691e-01   2.962781e+01  
1028      1.37679743454e+05   0.000000e+00   3.522620e-01   2.963523e+01  
1029      1.37736831919e+05   0.000000e+00   3.484776e-01   2.963449e+01  
1030      1.37704520619e+05   0.000000e+00   3.483635e-01   2.964367e+01  
1031      1.37745438495e+05   0.000000e+00   3.500895e-01   2.964423e+01  
1032      1.37724545187e+05   0.000000e+00   3.460876e-01   2.965212e+01  
1033      1.37733410695e+05   0.000000e+00   3.494733e-01   2.965616e+01  
1034      1.37768761156e+05   0.000000e+00   3.438562e-01   2.965870e+01  
1035      1.37731139635e+05   0.000000e+00   3.454396e-01   2.966698e+01  
1036      1.37794822923e+05   0.000000e+00   3.417483e-01   2.966658e+01  
1037      1.37775401846e+05   0.000000e+00   3.439845e-01   2.967352e+01  
1038      1.37766506214e+05   0.000000e+00   3.419021e-01   2.968008e+01  
1039      1.37811343624e+05   0.000000e+00   3.401755e-01   2.968071e+01  
1040      1.37759121074e+05   0.000000e+00   3.395804e-01   2.969099e+01  
1041      1.37849291997e+05   0.000000e+00   3.418069e-01   2.968785e+01  
1042      1.37740753997e+05   0.000000e+00   3.426780e-01   2.970306e+01  
1043      1.37879106819e+05   0.000000e+00   3.408964e-01   2.969503e+01  
1044      1.37741824219e+05   0.000000e+00   3.411047e-01   2.971352e+01  
1045      1.37875676295e+05   0.000000e+00   3.419945e-01   2.970584e+01  
1046      1.37760849556e+05   0.000000e+00   3.355369e-01   2.972194e+01  
1047      1.37861853326e+05   0.000000e+00   3.472276e-01   2.971692e+01  
1048      1.37784158028e+05   0.000000e+00   3.337591e-01   2.973006e+01  
1049      1.37833585026e+05   0.000000e+00   3.437821e-01   2.973011e+01  
1050      1.37790444029e+05   0.000000e+00   3.320936e-01   2.973937e+01  
1051      1.37834359718e+05   0.000000e+00   3.443534e-01   2.974011e+01  
1052      1.37781349078e+05   0.000000e+00   3.296065e-01   2.975028e+01  
1053      1.37846220431e+05   0.000000e+00   3.400574e-01   2.974900e+01  
1054      1.37778605530e+05   0.000000e+00   3.291639e-01   2.976044e+01  
1055      1.37798662394e+05   0.000000e+00   3.421479e-01   2.976381e+01  
1056      1.37809216291e+05   0.000000e+00   3.278987e-01   2.976707e+01  
1057      1.37782614529e+05   0.000000e+00   3.392918e-01   2.977478e+01  
1058      1.37821295901e+05   0.000000e+00   3.308916e-01   2.977585e+01  
1059      1.37755595206e+05   0.000000e+00   3.388320e-01   2.978707e+01  
1060      1.37813707037e+05   0.000000e+00   3.333965e-01   2.978581e+01  
1061      1.37766017325e+05   0.000000e+00   3.412944e-01   2.979525e+01  
1062      1.37830753935e+05   0.000000e+00   3.315601e-01   2.979341e+01  
1063      1.37771763182e+05   0.000000e+00   3.453044e-01   2.980364e+01  
1064      1.37813295206e+05   0.000000e+00   3.358628e-01   2.980394e+01  
1065      1.37805068180e+05   0.000000e+00   3.471325e-01   2.980954e+01  
1066      1.37789122988e+05   0.000000e+00   3.402082e-01   2.981462e+01  
1067      1.37797053031e+05   0.000000e+00   3.500319e-01   2.981924e+01  
1068      1.37729943132e+05   0.000000e+00   3.499563e-01   2.982897e+01  
1069      1.37795938361e+05   0.000000e+00   3.499297e-01   2.982766e+01  
1070      1.37727172657e+05   0.000000e+00   3.509068e-01   2.983761e+01  
1071      1.37740748534e+05   0.000000e+00   3.529258e-01   2.984125e+01  
1072      1.37765990322e+05   0.000000e+00   3.472619e-01   2.984230e+01  
1073      1.37725192868e+05   0.000000e+00   3.467092e-01   2.985101e+01  
1074      1.37815334800e+05   0.000000e+00   3.474215e-01   2.984603e+01  
1075      1.37694500099e+05   0.000000e+00   3.439127e-01   2.986204e+01  
1076      1.37765309773e+05   0.000000e+00   3.568042e-01   2.985898e+01  
1077      1.37654567819e+05   0.000000e+00   3.484580e-01   2.987408e+01  
1078      1.37743170186e+05   0.000000e+00   3.595152e-01   2.986873e+01  
1079      1.37618045916e+05   0.000000e+00   3.522975e-01   2.988596e+01  
1080      1.37760377914e+05   0.000000e+00   3.534977e-01   2.987550e+01  
1081      1.37648264932e+05   0.000000e+00   3.518471e-01   2.989160e+01  
1082      1.37719091498e+05   0.000000e+00   3.587579e-01   2.988736e+01  
1083      1.37601007735e+05   0.000000e+00   3.572676e-01   2.990385e+01  
1084      1.37693408877e+05   0.000000e+00   3.612102e-01   2.989714e+01  
1085      1.37586502071e+05   0.000000e+00   3.567451e-01   2.991295e+01  
1086      1.37714406474e+05   0.000000e+00   3.623769e-01   2.990287e+01  
1087      1.37564018562e+05   0.000000e+00   3.617667e-01   2.992222e+01  
1088      1.37692316231e+05   0.000000e+00   3.714818e-01   2.991233e+01  
1089      1.37522791946e+05   0.000000e+00   3.709618e-01   2.993278e+01  
1090      1.37673864874e+05   0.000000e+00   3.692999e-01   2.992079e+01  
1091      1.37495218835e+05   0.000000e+00   3.756266e-01   2.994210e+01  
1092      1.37703713508e+05   0.000000e+00   3.720181e-01   2.992494e+01  
1093      1.37487452832e+05   0.000000e+00   3.894845e-01   2.994907e+01  
1094      1.37608344131e+05   0.000000e+00   3.845637e-01   2.994032e+01  
1095      1.37516793656e+05   0.000000e+00   3.937242e-01   2.995264e+01  
1096      1.37576212720e+05   0.000000e+00   3.896862e-01   2.994985e+01  
1097      1.37543316177e+05   0.000000e+00   3.990154e-01   2.995687e+01  
1098      1.37532704180e+05   0.000000e+00   3.942757e-01   2.996017e+01  
1099      1.37500693344e+05   0.000000e+00   4.094765e-01   2.996730e+01  
1100      1.37481848391e+05   0.000000e+00   3.994387e-01   2.997135e+01  
1101      1.37502429848e+05   0.000000e+00   4.088150e-01   2.997384e+01  
1102      1.37477951355e+05   0.000000e+00   4.073533e-01   2.997860e+01  
1103      1.37452056370e+05   0.000000e+00   4.179337e-01   2.998501e+01  
1104      1.37422302627e+05   0.000000e+00   4.147008e-01   2.999036e+01  
1105      1.37417682082e+05   0.000000e+00   4.206330e-01   2.999512e+01  
1106      1.37425358704e+05   0.000000e+00   4.204313e-01   2.999713e+01  
1107      1.37343551833e+05   0.000000e+00   4.263777e-01   3.000892e+01  
1108      1.37395578106e+05   0.000000e+00   4.285564e-01   3.000706e+01  
1109      1.37310641000e+05   0.000000e+00   4.303288e-01   3.001886e+01  
1110      1.37395269594e+05   0.000000e+00   4.324889e-01   3.001407e+01  
1111      1.37293891951e+05   0.000000e+00   4.308087e-01   3.002796e+01  
1112      1.37376951250e+05   0.000000e+00   4.326954e-01   3.002298e+01  
1113      1.37244656405e+05   0.000000e+00   4.362069e-01   3.003973e+01  
1114      1.37411613362e+05   0.000000e+00   4.294749e-01   3.002714e+01  
1115      1.37227775138e+05   0.000000e+00   4.373041e-01   3.004920e+01  
1116      1.37329536917e+05   0.000000e+00   4.333961e-01   3.004257e+01  
1117      1.37256642360e+05   0.000000e+00   4.309335e-01   3.005408e+01  
1118      1.37307539278e+05   0.000000e+00   4.343585e-01   3.005241e+01  
1119      1.37267917514e+05   0.000000e+00   4.349976e-01   3.006073e+01  
1120      1.37253186109e+05   0.000000e+00   4.340263e-01   3.006549e+01  
1121      1.37253531784e+05   0.000000e+00   4.319353e-01   3.007033e+01  
1122      1.37268876089e+05   0.000000e+00   4.260063e-01   3.007219e+01  
1123      1.37209656988e+05   0.000000e+00   4.265961e-01   3.008289e+01  
1124      1.37240169445e+05   0.000000e+00   4.233836e-01   3.008370e+01  
1125      1.37168272774e+05   0.000000e+00   4.256908e-01   3.009489e+01  
1126      1.37269911722e+05   0.000000e+00   4.230205e-01   3.008938e+01  
1127      1.37149289259e+05   0.000000e+00   4.253560e-01   3.010562e+01  
1128      1.37209544484e+05   0.000000e+00   4.234134e-01   3.010425e+01  
1129      1.37146818455e+05   0.000000e+00   4.266535e-01   3.011461e+01  
1130      1.37242206602e+05   0.000000e+00   4.231040e-01   3.011041e+01  
1131      1.37139448809e+05   0.000000e+00   4.285910e-01   3.012442e+01  
1132      1.37227449943e+05   0.000000e+00   4.237595e-01   3.012130e+01  
1133      1.37197724816e+05   0.000000e+00   4.255330e-01   3.012824e+01  
1134      1.37192930681e+05   0.000000e+00   4.314228e-01   3.013408e+01  
1135      1.37211633303e+05   0.000000e+00   4.245110e-01   3.013680e+01  
1136      1.37228244451e+05   0.000000e+00   4.276819e-01   3.014035e+01  
1137      1.37226893675e+05   0.000000e+00   4.280895e-01   3.014495e+01  
1138      1.37243696257e+05   0.000000e+00   4.299757e-01   3.014879e+01  
1139      1.37192463266e+05   0.000000e+00   4.320159e-01   3.015847e+01  
1140      1.37266466559e+05   0.000000e+00   4.285577e-01   3.015635e+01  
1141      1.37227766610e+05   0.000000e+00   4.301317e-01   3.016493e+01  
1142      1.37236551432e+05   0.000000e+00   4.335253e-01   3.016949e+01  
1143      1.37219019096e+05   0.000000e+00   4.305158e-01   3.017562e+01  
1144      1.37259890181e+05   0.000000e+00   4.311508e-01   3.017731e+01  
1145      1.37243141663e+05   0.000000e+00   4.276190e-01   3.018361e+01  
1146      1.37267704664e+05   0.000000e+00   4.254523e-01   3.018670e+01  
1147      1.37291714431e+05   0.000000e+00   4.227939e-01   3.018909e+01  
1148      1.37306761115e+05   0.000000e+00   4.216910e-01   3.019359e+01  
1149      1.37275620368e+05   0.000000e+00   4.187165e-01   3.020112e+01  
1150      1.37372452110e+05   0.000000e+00   4.184748e-01   3.019785e+01  
1151      1.37252591154e+05   0.000000e+00   4.238089e-01   3.021348e+01  
1152      1.37353143635e+05   0.000000e+00   4.276769e-01   3.021034e+01  
1153      1.37256487490e+05   0.000000e+00   4.219311e-01   3.022359e+01  
1154      1.37375990597e+05   0.000000e+00   4.311354e-01   3.021859e+01  
1155      1.37276444458e+05   0.000000e+00   4.235217e-01   3.023210e+01  
1156      1.37416658467e+05   0.000000e+00   4.289143e-01   3.022540e+01  
1157      1.37366812017e+05   0.000000e+00   4.221693e-01   3.023386e+01  
1158      1.37492962638e+05   0.000000e+00   4.226329e-01   3.022914e+01  
1159      1.37454958020e+05   0.000000e+00   4.174782e-01   3.023569e+01  
1160      1.37530366129e+05   0.000000e+00   4.205110e-01   3.023518e+01  
1161      1.37516424608e+05   0.000000e+00   4.202252e-01   3.023949e+01  
1162      1.37548626607e+05   0.000000e+00   4.268916e-01   3.024288e+01  
1163      1.37621367502e+05   0.000000e+00   4.211290e-01   3.023869e+01  
1164      1.37637456656e+05   0.000000e+00   4.268124e-01   3.024382e+01  
1165      1.37674936003e+05   0.000000e+00   4.283105e-01   3.024307e+01  
1166      1.37757932073e+05   0.000000e+00   4.318389e-01   3.024075e+01  
1167      1.37694484395e+05   0.000000e+00   4.376833e-01   3.024958e+01  
1168      1.37801175375e+05   0.000000e+00   4.368588e-01   3.024508e+01  
1169      1.37785330764e+05   0.000000e+00   4.369962e-01   3.024866e+01  
1170      1.37902536884e+05   0.000000e+00   4.392768e-01   3.024339e+01  
1171      1.37837766831e+05   0.000000e+00   4.428558e-01   3.025138e+01  
1172      1.37972397063e+05   0.000000e+00   4.422450e-01   3.024406e+01  
1173      1.37853828508e+05   0.000000e+00   4.485332e-01   3.025662e+01  
1174      1.37997009040e+05   0.000000e+00   4.460804e-01   3.024911e+01  
1175      1.37949035208e+05   0.000000e+00   4.425567e-01   3.025425e+01  
1176      1.38013594016e+05   0.000000e+00   4.462545e-01   3.025401e+01  
1177      1.37980088746e+05   0.000000e+00   4.434612e-01   3.025791e+01  
1178      1.38042483510e+05   0.000000e+00   4.508007e-01   3.025756e+01  
1179      1.37965798348e+05   0.000000e+00   4.473172e-01   3.026519e+01  
1180      1.38054754811e+05   0.000000e+00   4.477134e-01   3.026236e+01  
1181      1.38001387043e+05   0.000000e+00   4.431348e-01   3.026779e+01  
1182      1.38073445735e+05   0.000000e+00   4.480247e-01   3.026612e+01  
1183      1.37937869960e+05   0.000000e+00   4.465734e-01   3.027977e+01  
1184      1.38072365488e+05   0.000000e+00   4.497570e-01   3.027144e+01  
1185      1.37977891509e+05   0.000000e+00   4.432971e-01   3.028128e+01  
1186      1.38071657066e+05   0.000000e+00   4.472409e-01   3.027695e+01  
1187      1.37962789088e+05   0.000000e+00   4.434198e-01   3.028793e+01  
1188      1.38049614429e+05   0.000000e+00   4.440356e-01   3.028412e+01  
1189      1.37938266075e+05   0.000000e+00   4.434196e-01   3.029557e+01  
1190      1.38083682183e+05   0.000000e+00   4.366187e-01   3.028552e+01  
1191      1.37933851678e+05   0.000000e+00   4.423925e-01   3.030096e+01  
1192      1.38015003929e+05   0.000000e+00   4.378511e-01   3.029748e+01  
1193      1.37979704841e+05   0.000000e+00   4.365490e-01   3.030107e+01  
1194      1.37999443606e+05   0.000000e+00   4.358939e-01   3.030325e+01  
1195      1.37985594935e+05   0.000000e+00   4.316837e-01   3.030508e+01  
1196      1.37997336827e+05   0.000000e+00   4.322825e-01   3.030801e+01  
1197      1.37970037177e+05   0.000000e+00   4.308984e-01   3.031071e+01  
1198      1.37962079607e+05   0.000000e+00   4.292285e-01   3.031582e+01  
1199      1.38020634792e+05   0.000000e+00   4.193225e-01   3.030973e+01  
1200      1.37915916317e+05   0.000000e+00   4.298354e-01   3.032461e+01  
1201      1.37964608588e+05   0.000000e+00   4.208429e-01   3.031927e+01  
1202      1.37926024622e+05   0.000000e+00   4.286832e-01   3.032753e+01  
1203      1.37924171552e+05   0.000000e+00   4.223977e-01   3.032675e+01  
1204      1.37912919511e+05   0.000000e+00   4.236244e-01   3.033268e+01  
1205      1.37870088685e+05   0.000000e+00   4.231400e-01   3.033575e+01  
1206      1.37863019054e+05   0.000000e+00   4.230272e-01   3.034165e+01  
1207      1.37826167926e+05   0.000000e+00   4.248988e-01   3.034354e+01  
1208      1.37810443213e+05   0.000000e+00   4.204688e-01   3.035023e+01  
1209      1.37775781669e+05   0.000000e+00   4.276482e-01   3.035245e+01  
1210      1.37744884930e+05   0.000000e+00   4.232190e-01   3.036021e+01  
1211      1.37745883180e+05   0.000000e+00   4.289996e-01   3.035880e+01  
1212      1.37634393926e+05   0.000000e+00   4.303395e-01   3.037484e+01  
1213      1.37697979314e+05   0.000000e+00   4.366921e-01   3.036688e+01  
1214      1.37570710960e+05   0.000000e+00   4.310099e-01   3.038471e+01  
1215      1.37659144340e+05   0.000000e+00   4.362817e-01   3.037445e+01  
1216      1.37508479020e+05   0.000000e+00   4.324684e-01   3.039438e+01  
1217      1.37546808720e+05   0.000000e+00   4.457261e-01   3.038907e+01  
1218      1.37467716839e+05   0.000000e+00   4.343391e-01   3.040231e+01  
1219      1.37486747310e+05   0.000000e+00   4.425246e-01   3.039851e+01  
1220      1.37376732655e+05   0.000000e+00   4.405754e-01   3.041510e+01  
1221      1.37434576468e+05   0.000000e+00   4.474614e-01   3.040750e+01  
1222      1.37296220972e+05   0.000000e+00   4.420175e-01   3.042697e+01  
1223      1.37321753576e+05   0.000000e+00   4.508599e-01   3.042246e+01  
1224      1.37255278658e+05   0.000000e+00   4.438676e-01   3.043524e+01  
1225      1.37212914790e+05   0.000000e+00   4.469844e-01   3.043755e+01  
1226      1.37189830312e+05   0.000000e+00   4.443097e-01   3.044590e+01  
1227      1.37153598326e+05   0.000000e+00   4.413510e-01   3.044785e+01  
1228      1.37105741684e+05   0.000000e+00   4.445427e-01   3.045904e+01  
1229      1.37100355783e+05   0.000000e+00   4.357632e-01   3.045782e+01  
1230      1.37105105083e+05   0.000000e+00   4.428870e-01   3.046376e+01  
1231      1.37031984228e+05   0.000000e+00   4.372916e-01   3.046978e+01  
1232      1.37085612764e+05   0.000000e+00   4.384923e-01   3.047073e+01  
1233      1.37035873173e+05   0.000000e+00   4.300063e-01   3.047440e+01  
1234      1.37080294501e+05   0.000000e+00   4.367709e-01   3.047679e+01  
1235      1.37017378247e+05   0.000000e+00   4.329415e-01   3.048136e+01  
1236      1.37050646367e+05   0.000000e+00   4.388561e-01   3.048492e+01  
1237      1.37018352656e+05   0.000000e+00   4.365458e-01   3.048628e+01  
1238      1.36989176772e+05   0.000000e+00   4.478386e-01   3.049646e+01  
1239      1.37003662130e+05   0.000000e+00   4.431025e-01   3.049340e+01  
1240      1.36979455092e+05   0.000000e+00   4.515928e-01   3.050294e+01  
1241      1.36966653011e+05   0.000000e+00   4.565263e-01   3.050305e+01  
1242      1.36984275839e+05   0.000000e+00   4.615736e-01   3.050879e+01  
1243      1.36976081896e+05   0.000000e+00   4.617170e-01   3.050813e+01  
1244      1.36943895243e+05   0.000000e+00   4.731609e-01   3.051859e+01  
1245      1.36930364871e+05   0.000000e+00   4.724946e-01   3.051876e+01  
1246      1.36960756536e+05   0.000000e+00   4.782987e-01   3.052303e+01  
1247      1.36893137863e+05   0.000000e+00   4.769484e-01   3.052895e+01  
1248      1.37009321666e+05   0.000000e+00   4.830658e-01   3.052486e+01  
1249      1.36874274298e+05   0.000000e+00   4.846415e-01   3.053758e+01  
1250      1.36968681313e+05   0.000000e+00   4.930864e-01   3.053542e+01  
-------------------------------------------------------------------

Initialization/allocation wall-clock time: 2.728 seconds
Calculation (iterations) wall-clock time : 252.459 seconds

