
**********************************************
Real-time propagation in 3D, OPTION = 2
MPI nodes = 8, OMP threads = 16, cores = 128
**********************************************

Interactions
Contact: Natoms = 1.50000000000e+05, as = 6.700000e+01 * a0, G = 1.203644e+04, G * par = 2.407287e+04
Three-body: K3 =  0.000000e+00, g3 = 0.000000e+00
Regular DDI: add = 1.101000e+02 * a0, GD = 4.721954e+03, GD * par =  9.443909e+03, edd = 1.643284e+00
     Dipolar cutoffs Rcut = 4.554491e+00, Lcut = 1.601837e+02

QF = 1, QDEPL = 0: h2 = 1.533427e+05, h4 = 0.000000e+00
        q3 = 0.000000e+00, q5 = 5.356002e+00

GRAD = 0

Trap parameters
GAMMA = 0.000000e+00, NU = 0.000000e+00, LAMBDA = 0.000000e+00
Parameters of rotation: OMEGA = 0.000000e+00, OMEGA * par = 0.000000e+00

Space discretization: NX = 128, NY = 128, NZ = 128
                      DX = 2.502870e+00, DY = 7.116392e-02, DZ = 7.116392e-02
      Unit of length: aho = 5.552380e-07 m

Time discretization: NITER = 2500 (NSNAP = 1250)
                     DT = 2.532152e-03

Initial state: file ./imag3d-finalpsi.bin
ADD_VORTICES = 0, ADD_RANDOM_PHASE = 0


MUREL = 1.000000e-12, MUEND=1.000000e+05

-------------------------------------------------------------------
Snap      Na             QD             mu             <r>
-------------------------------------------------------------------
0         1.49947158733e+05   0.000000e+00   -8.469523e+00  1.596732e+01  
1         1.49947155393e+05   0.000000e+00   -8.475665e+00  1.596732e+01  
2         1.49947153640e+05   0.000000e+00   -8.481666e+00  1.596731e+01  
3         1.49947153970e+05   0.000000e+00   -8.485999e+00  1.596730e+01  
4         1.49947148738e+05   0.000000e+00   -8.487930e+00  1.596729e+01  
5         1.49947147032e+05   0.000000e+00   -8.487346e+00  1.596728e+01  
6         1.49947139105e+05   0.000000e+00   -8.484454e+00  1.596727e+01  
7         1.49947133780e+05   0.000000e+00   -8.479597e+00  1.596726e+01  
8         1.49947123133e+05   0.000000e+00   -8.473096e+00  1.596724e+01  
9         1.49947114715e+05   0.000000e+00   -8.465270e+00  1.596722e+01  
10        1.49947101467e+05   0.000000e+00   -8.456516e+00  1.596721e+01  
11        1.49947091245e+05   0.000000e+00   -8.447178e+00  1.596719e+01  
12        1.49947077717e+05   0.000000e+00   -8.437475e+00  1.596717e+01  
13        1.49947064309e+05   0.000000e+00   -8.427581e+00  1.596716e+01  
14        1.49947050399e+05   0.000000e+00   -8.417659e+00  1.596714e+01  
15        1.49947038891e+05   0.000000e+00   -8.407768e+00  1.596712e+01  
16        1.49947020459e+05   0.000000e+00   -8.397819e+00  1.596711e+01  
17        1.49947004249e+05   0.000000e+00   -8.387690e+00  1.596709e+01  
18        1.49946987935e+05   0.000000e+00   -8.377381e+00  1.596708e+01  
19        1.49946970141e+05   0.000000e+00   -8.367099e+00  1.596706e+01  
20        1.49946950977e+05   0.000000e+00   -8.357246e+00  1.596705e+01  
21        1.49946931740e+05   0.000000e+00   -8.348316e+00  1.596704e+01  
22        1.49946909343e+05   0.000000e+00   -8.340785e+00  1.596703e+01  
23        1.49946887502e+05   0.000000e+00   -8.335030e+00  1.596703e+01  
24        1.49946862651e+05   0.000000e+00   -8.331271e+00  1.596702e+01  
25        1.49946837451e+05   0.000000e+00   -8.329574e+00  1.596702e+01  
26        1.49946810487e+05   0.000000e+00   -8.329868e+00  1.596702e+01  
27        1.49946782140e+05   0.000000e+00   -8.331982e+00  1.596702e+01  
28        1.49946753108e+05   0.000000e+00   -8.335686e+00  1.596702e+01  
29        1.49946722061e+05   0.000000e+00   -8.340721e+00  1.596703e+01  
30        1.49946691125e+05   0.000000e+00   -8.346828e+00  1.596704e+01  
31        1.49946657911e+05   0.000000e+00   -8.353761e+00  1.596705e+01  
32        1.49946625165e+05   0.000000e+00   -8.361301e+00  1.596706e+01  
33        1.49946589934e+05   0.000000e+00   -8.369260e+00  1.596707e+01  
34        1.49946555100e+05   0.000000e+00   -8.377480e+00  1.596709e+01  
35        1.49946517942e+05   0.000000e+00   -8.385835e+00  1.596710e+01  
36        1.49946481288e+05   0.000000e+00   -8.394219e+00  1.596712e+01  
37        1.49946442712e+05   0.000000e+00   -8.402547e+00  1.596714e+01  
38        1.49946404402e+05   0.000000e+00   -8.410746e+00  1.596716e+01  
39        1.49946364471e+05   0.000000e+00   -8.418751e+00  1.596718e+01  
40        1.49946324783e+05   0.000000e+00   -8.426508e+00  1.596720e+01  
41        1.49946283874e+05   0.000000e+00   -8.433967e+00  1.596722e+01  
42        1.49946243080e+05   0.000000e+00   -8.441084e+00  1.596724e+01  
43        1.49946201459e+05   0.000000e+00   -8.447819e+00  1.596725e+01  
44        1.49946159718e+05   0.000000e+00   -8.454137e+00  1.596727e+01  
45        1.49946117103e+05   0.000000e+00   -8.460007e+00  1.596729e+01  
46        1.49946074219e+05   0.000000e+00   -8.465400e+00  1.596731e+01  
47        1.49946031060e+05   0.000000e+00   -8.470293e+00  1.596733e+01  
48        1.49945988070e+05   0.000000e+00   -8.474665e+00  1.596734e+01  
49        1.49945945198e+05   0.000000e+00   -8.478498e+00  1.596736e+01  
50        1.49945902331e+05   0.000000e+00   -8.481776e+00  1.596737e+01  
51        1.49945859558e+05   0.000000e+00   -8.484486e+00  1.596739e+01  
52        1.49945816805e+05   0.000000e+00   -8.486619e+00  1.596740e+01  
53        1.49945774112e+05   0.000000e+00   -8.488168e+00  1.596741e+01  
54        1.49945731460e+05   0.000000e+00   -8.489132e+00  1.596742e+01  
55        1.49945689059e+05   0.000000e+00   -8.489512e+00  1.596743e+01  
56        1.49945646844e+05   0.000000e+00   -8.489315e+00  1.596743e+01  
57        1.49945604931e+05   0.000000e+00   -8.488552e+00  1.596744e+01  
58        1.49945563246e+05   0.000000e+00   -8.487235e+00  1.596744e+01  
59        1.49945521913e+05   0.000000e+00   -8.485381e+00  1.596745e+01  
60        1.49945481189e+05   0.000000e+00   -8.483012e+00  1.596745e+01  
61        1.49945441134e+05   0.000000e+00   -8.480156e+00  1.596745e+01  
62        1.49945401419e+05   0.000000e+00   -8.476848e+00  1.596745e+01  
63        1.49945361984e+05   0.000000e+00   -8.473120e+00  1.596744e+01  
64        1.49945323239e+05   0.000000e+00   -8.469002e+00  1.596744e+01  
65        1.49945285296e+05   0.000000e+00   -8.464525e+00  1.596744e+01  
66        1.49945247848e+05   0.000000e+00   -8.459725e+00  1.596743e+01  
67        1.49945211034e+05   0.000000e+00   -8.454653e+00  1.596743e+01  
68        1.49945174471e+05   0.000000e+00   -8.449367e+00  1.596742e+01  
69        1.49945138558e+05   0.000000e+00   -8.443924e+00  1.596742e+01  
70        1.49945102878e+05   0.000000e+00   -8.438372e+00  1.596741e+01  
71        1.49945067662e+05   0.000000e+00   -8.432750e+00  1.596740e+01  
72        1.49945032731e+05   0.000000e+00   -8.427096e+00  1.596740e+01  
73        1.49944998304e+05   0.000000e+00   -8.421445e+00  1.596739e+01  
74        1.49944963560e+05   0.000000e+00   -8.415838e+00  1.596739e+01  
75        1.49944929287e+05   0.000000e+00   -8.410319e+00  1.596738e+01  
76        1.49944894643e+05   0.000000e+00   -8.404954e+00  1.596738e+01  
77        1.49944859876e+05   0.000000e+00   -8.399829e+00  1.596737e+01  
78        1.49944824056e+05   0.000000e+00   -8.395029e+00  1.596737e+01  
79        1.49944787342e+05   0.000000e+00   -8.390597e+00  1.596737e+01  
80        1.49944749297e+05   0.000000e+00   -8.386533e+00  1.596737e+01  
81        1.49944710168e+05   0.000000e+00   -8.382820e+00  1.596737e+01  
82        1.49944668940e+05   0.000000e+00   -8.379463e+00  1.596737e+01  
83        1.49944626303e+05   0.000000e+00   -8.376503e+00  1.596738e+01  
84        1.49944580286e+05   0.000000e+00   -8.373991e+00  1.596738e+01  
85        1.49944530674e+05   0.000000e+00   -8.371958e+00  1.596739e+01  
86        1.49944474754e+05   0.000000e+00   -8.370419e+00  1.596740e+01  
87        1.49944411765e+05   0.000000e+00   -8.369373e+00  1.596741e+01  
88        1.49944339842e+05   0.000000e+00   -8.368790e+00  1.596742e+01  
89        1.49944257192e+05   0.000000e+00   -8.368625e+00  1.596744e+01  
90        1.49944162227e+05   0.000000e+00   -8.368833e+00  1.596746e+01  
91        1.49944052850e+05   0.000000e+00   -8.369381e+00  1.596748e+01  
92        1.49943924966e+05   0.000000e+00   -8.370208e+00  1.596750e+01  
93        1.49943775921e+05   0.000000e+00   -8.371160e+00  1.596752e+01  
94        1.49943597182e+05   0.000000e+00   -8.371925e+00  1.596755e+01  
95        1.49943379857e+05   0.000000e+00   -8.371995e+00  1.596759e+01  
96        1.49943105693e+05   0.000000e+00   -8.370638e+00  1.596762e+01  
97        1.49942751099e+05   0.000000e+00   -8.366802e+00  1.596766e+01  
98        1.49942273136e+05   0.000000e+00   -8.358966e+00  1.596771e+01  
99        1.49941604797e+05   0.000000e+00   -8.344959e+00  1.596778e+01  
100       1.49940630559e+05   0.000000e+00   -8.321756e+00  1.596785e+01  
101       1.49939167483e+05   0.000000e+00   -8.285279e+00  1.596796e+01  
102       1.49936929804e+05   0.000000e+00   -8.230262e+00  1.596810e+01  
103       1.49933509023e+05   0.000000e+00   -8.150288e+00  1.596831e+01  
104       1.49928382538e+05   0.000000e+00   -8.038082e+00  1.596860e+01  
105       1.49920987883e+05   0.000000e+00   -7.885957e+00  1.596901e+01  
106       1.49910858411e+05   0.000000e+00   -7.686262e+00  1.596956e+01  
107       1.49897775550e+05   0.000000e+00   -7.431908e+00  1.597026e+01  
108       1.49881897378e+05   0.000000e+00   -7.117307e+00  1.597111e+01  
109       1.49863813246e+05   0.000000e+00   -6.739843e+00  1.597207e+01  
110       1.49844479274e+05   0.000000e+00   -6.301493e+00  1.597312e+01  
111       1.49825076329e+05   0.000000e+00   -5.810040e+00  1.597419e+01  
112       1.49806793427e+05   0.000000e+00   -5.279178e+00  1.597525e+01  
113       1.49790720018e+05   0.000000e+00   -4.726891e+00  1.597627e+01  
114       1.49777846460e+05   0.000000e+00   -4.172571e+00  1.597719e+01  
115       1.49768759081e+05   0.000000e+00   -3.634489e+00  1.597802e+01  
116       1.49762661449e+05   0.000000e+00   -3.127656e+00  1.597881e+01  
117       1.49754780097e+05   0.000000e+00   -2.659502e+00  1.597979e+01  
118       1.49723080499e+05   0.000000e+00   -2.205032e+00  1.598210e+01  
119       1.49502595918e+05   0.000000e+00   -8.329435e-01  1.599416e+01  
120       1.49904157263e+05   0.000000e+00   -1.466310e-01  1.597415e+01  
121       1.49521340375e+05   0.000000e+00   -4.925254e-01  1.599372e+01  
122       1.49946905065e+05   0.000000e+00   6.288495e-02   1.597393e+01  
123       1.49848389330e+05   0.000000e+00   -3.287470e-01  1.598024e+01  
124       1.50099299434e+05   0.000000e+00   -1.071052e-01  1.596932e+01  
125       1.50059852637e+05   0.000000e+00   -1.974420e-01  1.597244e+01  
126       1.50159625612e+05   0.000000e+00   -1.601072e-04  1.596871e+01  
127       1.50095823084e+05   0.000000e+00   2.257610e-01   1.597299e+01  
128       1.50179466368e+05   0.000000e+00   1.976758e-01   1.596953e+01  
129       1.49900768855e+05   0.000000e+00   7.914750e-01   1.598265e+01  
130       1.50153450098e+05   0.000000e+00   5.212419e-01   1.597232e+01  
131       1.49828782496e+05   0.000000e+00   6.873872e-01   1.599045e+01  
132       1.50180524253e+05   0.000000e+00   5.883409e-01   1.597376e+01  
133       1.49737490794e+05   0.000000e+00   1.133531e+00   1.599684e+01  
134       1.50165619676e+05   0.000000e+00   1.126965e+00   1.597643e+01  
135       1.49824649186e+05   0.000000e+00   9.969920e-01   1.599843e+01  
136       1.50144457733e+05   0.000000e+00   1.815737e+00   1.597814e+01  
137       1.49874034846e+05   0.000000e+00   1.503327e+00   1.600148e+01  
138       1.50221562998e+05   0.000000e+00   1.482545e+00   1.598075e+01  
139       1.49805524461e+05   0.000000e+00   2.649850e+00   1.600427e+01  
140       1.50230532333e+05   0.000000e+00   2.113905e+00   1.598367e+01  
141       1.49894589205e+05   0.000000e+00   2.665705e+00   1.600446e+01  
142       1.50248861719e+05   0.000000e+00   2.686444e+00   1.598492e+01  
143       1.49954293053e+05   0.000000e+00   3.173796e+00   1.600351e+01  
144       1.50309129826e+05   0.000000e+00   3.203237e+00   1.598392e+01  
145       1.49997923097e+05   0.000000e+00   3.857421e+00   1.600331e+01  
146       1.50445756411e+05   0.000000e+00   3.708216e+00   1.597896e+01  
147       1.50107944317e+05   0.000000e+00   4.051082e+00   1.599987e+01  
148       1.50409166650e+05   0.000000e+00   5.861073e+00   1.598211e+01  
149       1.50242722368e+05   0.000000e+00   5.050954e+00   1.599494e+01  
150       1.50670346245e+05   0.000000e+00   4.649854e+00   1.597032e+01  
151       1.50184447475e+05   0.000000e+00   5.901988e+00   1.599891e+01  
152       1.50811273757e+05   0.000000e+00   5.723681e+00   1.596266e+01  
153       1.50348236038e+05   0.000000e+00   5.814684e+00   1.599014e+01  
154       1.50771546632e+05   0.000000e+00   6.281181e+00   1.596237e+01  
155       1.50488775996e+05   0.000000e+00   6.262904e+00   1.598125e+01  
156       1.50678781629e+05   0.000000e+00   6.623996e+00   1.596334e+01  
157       1.50390638198e+05   0.000000e+00   6.917432e+00   1.598232e+01  
158       1.50435678790e+05   0.000000e+00   7.078640e+00   1.596997e+01  
159       1.50181311747e+05   0.000000e+00   8.829840e+00   1.598675e+01  
160       1.50210081303e+05   0.000000e+00   7.516601e+00   1.597444e+01  
161       1.50208465981e+05   0.000000e+00   8.204661e+00   1.597991e+01  
162       1.50024567851e+05   0.000000e+00   9.009773e+00   1.597597e+01  
163       1.50264731242e+05   0.000000e+00   9.017346e+00   1.596955e+01  
164       1.49681028369e+05   0.000000e+00   9.748891e+00   1.598250e+01  
165       1.50231395843e+05   0.000000e+00   9.228432e+00   1.596373e+01  
166       1.49385526604e+05   0.000000e+00   9.611062e+00   1.598697e+01  
167       1.50127613772e+05   0.000000e+00   9.750298e+00   1.595960e+01  
168       1.49067683058e+05   0.000000e+00   1.030534e+01   1.599154e+01  
169       1.50048028830e+05   0.000000e+00   1.052109e+01   1.595553e+01  
170       1.48659275296e+05   0.000000e+00   1.112777e+01   1.600044e+01  
171       1.50027500361e+05   0.000000e+00   1.125384e+01   1.594860e+01  
172       1.48303519068e+05   0.000000e+00   1.182040e+01   1.600754e+01  
173       1.49831549098e+05   0.000000e+00   1.196478e+01   1.595149e+01  
174       1.47995911212e+05   0.000000e+00   1.379106e+01   1.601261e+01  
175       1.49581906510e+05   0.000000e+00   1.409775e+01   1.595544e+01  
176       1.47646364369e+05   0.000000e+00   1.601143e+01   1.602140e+01  
177       1.49644760891e+05   0.000000e+00   1.648621e+01   1.594899e+01  
178       1.47505067200e+05   0.000000e+00   1.586249e+01   1.602133e+01  
179       1.49411782999e+05   0.000000e+00   1.761243e+01   1.595547e+01  
180       1.47518462760e+05   0.000000e+00   1.739003e+01   1.601707e+01  
181       1.49094617268e+05   0.000000e+00   1.857029e+01   1.596840e+01  
182       1.47690278230e+05   0.000000e+00   1.976342e+01   1.600921e+01  
183       1.49399958228e+05   0.000000e+00   1.939810e+01   1.595987e+01  
184       1.47525413946e+05   0.000000e+00   1.993545e+01   1.601485e+01  
185       1.49169019351e+05   0.000000e+00   2.072065e+01   1.596998e+01  
186       1.47454624842e+05   0.000000e+00   2.393327e+01   1.602202e+01  
187       1.49156194198e+05   0.000000e+00   2.325126e+01   1.597891e+01  
188       1.47511310658e+05   0.000000e+00   2.481760e+01   1.602041e+01  
189       1.48976788537e+05   0.000000e+00   2.709971e+01   1.598817e+01  
190       1.47692466735e+05   0.000000e+00   2.903946e+01   1.600808e+01  
191       1.49029635642e+05   0.000000e+00   2.593099e+01   1.600181e+01  
192       1.47966987524e+05   0.000000e+00   2.850995e+01   1.600586e+01  
193       1.49208003439e+05   0.000000e+00   2.774802e+01   1.599603e+01  
194       1.47774282219e+05   0.000000e+00   3.095679e+01   1.602854e+01  
195       1.49673156432e+05   0.000000e+00   2.915742e+01   1.598778e+01  
196       1.47675806769e+05   0.000000e+00   3.182295e+01   1.600765e+01  
197       1.49493621265e+05   0.000000e+00   3.559959e+01   1.599714e+01  
198       1.48123344136e+05   0.000000e+00   3.478228e+01   1.601134e+01  
199       1.50057275466e+05   0.000000e+00   3.405076e+01   1.599128e+01  
200       1.48086678192e+05   0.000000e+00   3.534398e+01   1.602927e+01  
201       1.50133872463e+05   0.000000e+00   3.378436e+01   1.598688e+01  
202       1.48468953579e+05   0.000000e+00   3.536928e+01   1.600731e+01  
203       1.50135621612e+05   0.000000e+00   3.593959e+01   1.601615e+01  
204       1.48444195257e+05   0.000000e+00   3.643438e+01   1.601846e+01  
205       1.50202148441e+05   0.000000e+00   3.802053e+01   1.602392e+01  
206       1.48705578722e+05   0.000000e+00   3.999759e+01   1.602811e+01  
207       1.50025712348e+05   0.000000e+00   3.775188e+01   1.603888e+01  
208       1.48807355649e+05   0.000000e+00   3.854636e+01   1.602765e+01  
209       1.50100056229e+05   0.000000e+00   3.763249e+01   1.603872e+01  
210       1.48581282177e+05   0.000000e+00   3.924293e+01   1.604649e+01  
211       1.50710390669e+05   0.000000e+00   3.859186e+01   1.601019e+01  
212       1.48435085462e+05   0.000000e+00   4.126736e+01   1.605456e+01  
213       1.51247931597e+05   0.000000e+00   3.974283e+01   1.599081e+01  
214       1.48057181870e+05   0.000000e+00   4.151327e+01   1.609139e+01  
215       1.51820060579e+05   0.000000e+00   4.756867e+01   1.596191e+01  
216       1.49393113681e+05   0.000000e+00   6.322130e+01   1.604281e+01  
217       1.51946567914e+05   0.000000e+00   5.527875e+01   1.597545e+01  
218       1.48872028085e+05   0.000000e+00   5.163151e+01   1.610902e+01  
219       1.51971529271e+05   0.000000e+00   5.473709e+01   1.600561e+01  
220       1.49406629347e+05   0.000000e+00   5.913816e+01   1.609717e+01  
221       1.51630367324e+05   0.000000e+00   5.383264e+01   1.600378e+01  
222       1.49885138735e+05   0.000000e+00   5.279736e+01   1.609330e+01  
223       1.51458698961e+05   0.000000e+00   5.153751e+01   1.601685e+01  
224       1.49432936613e+05   0.000000e+00   5.204882e+01   1.610743e+01  
225       1.51710621192e+05   0.000000e+00   5.146347e+01   1.602077e+01  
226       1.49736429424e+05   0.000000e+00   5.726479e+01   1.609967e+01  
227       1.51450482757e+05   0.000000e+00   5.342501e+01   1.603261e+01  
228       1.49483511575e+05   0.000000e+00   5.542599e+01   1.611505e+01  
229       1.51364282637e+05   0.000000e+00   5.429571e+01   1.604759e+01  
230       1.49550018506e+05   0.000000e+00   5.708198e+01   1.612849e+01  
231       1.51395511356e+05   0.000000e+00   6.003857e+01   1.605936e+01  
232       1.49645728874e+05   0.000000e+00   5.559979e+01   1.613520e+01  
233       1.51457843653e+05   0.000000e+00   5.408396e+01   1.607378e+01  
234       1.49539503656e+05   0.000000e+00   5.540555e+01   1.614939e+01  
235       1.51185050097e+05   0.000000e+00   5.457375e+01   1.609463e+01  
236       1.49360355553e+05   0.000000e+00   5.592250e+01   1.617458e+01  
237       1.51159491681e+05   0.000000e+00   5.519135e+01   1.610214e+01  
238       1.49576844173e+05   0.000000e+00   5.585474e+01   1.617731e+01  
239       1.51239446994e+05   0.000000e+00   5.525666e+01   1.610398e+01  
240       1.49586103919e+05   0.000000e+00   5.603139e+01   1.618635e+01  
241       1.51192569399e+05   0.000000e+00   5.538916e+01   1.612317e+01  
242       1.49557678521e+05   0.000000e+00   5.582646e+01   1.619393e+01  
243       1.51029491168e+05   0.000000e+00   5.570783e+01   1.612941e+01  
244       1.49525808140e+05   0.000000e+00   5.661303e+01   1.619521e+01  
245       1.51090483664e+05   0.000000e+00   5.591995e+01   1.613996e+01  
246       1.49696172128e+05   0.000000e+00   5.629763e+01   1.619780e+01  
247       1.51079650717e+05   0.000000e+00   5.611931e+01   1.614217e+01  
248       1.49374498626e+05   0.000000e+00   5.679548e+01   1.621497e+01  
249       1.50822769052e+05   0.000000e+00   5.656590e+01   1.616646e+01  
250       1.49186837932e+05   0.000000e+00   5.740684e+01   1.622919e+01  
251       1.51026867615e+05   0.000000e+00   5.660292e+01   1.615884e+01  
252       1.49247994989e+05   0.000000e+00   5.721335e+01   1.623830e+01  
253       1.51431934855e+05   0.000000e+00   5.637303e+01   1.616667e+01  
254       1.49398950569e+05   0.000000e+00   5.686900e+01   1.623421e+01  
255       1.51335892197e+05   0.000000e+00   5.618711e+01   1.617706e+01  
256       1.49769846230e+05   0.000000e+00   5.676607e+01   1.623321e+01  
257       1.51248379860e+05   0.000000e+00   5.801242e+01   1.617148e+01  
258       1.49723467855e+05   0.000000e+00   5.739967e+01   1.624094e+01  
259       1.51411987853e+05   0.000000e+00   5.687325e+01   1.618553e+01  
260       1.49884289179e+05   0.000000e+00   5.725773e+01   1.623543e+01  
261       1.51582237331e+05   0.000000e+00   5.670048e+01   1.618998e+01  
262       1.50039663508e+05   0.000000e+00   5.741768e+01   1.623542e+01  
263       1.51429155188e+05   0.000000e+00   5.708610e+01   1.618275e+01  
264       1.49796805215e+05   0.000000e+00   5.784089e+01   1.625195e+01  
265       1.51474270983e+05   0.000000e+00   5.725753e+01   1.620074e+01  
266       1.50195516055e+05   0.000000e+00   5.768833e+01   1.623056e+01  
267       1.51748401021e+05   0.000000e+00   5.707498e+01   1.619178e+01  
268       1.50179071335e+05   0.000000e+00   5.797371e+01   1.623025e+01  
269       1.51316122161e+05   0.000000e+00   5.747710e+01   1.622187e+01  
270       1.50490645066e+05   0.000000e+00   5.789144e+01   1.622531e+01  
271       1.51496387349e+05   0.000000e+00   5.744799e+01   1.621470e+01  
272       1.50364367981e+05   0.000000e+00   5.824679e+01   1.624936e+01  
273       1.51712446780e+05   0.000000e+00   5.775482e+01   1.621299e+01  
274       1.50331677409e+05   0.000000e+00   5.866938e+01   1.625353e+01  
275       1.51688868446e+05   0.000000e+00   5.815426e+01   1.622636e+01  
276       1.50281025445e+05   0.000000e+00   5.871205e+01   1.625603e+01  
277       1.51987467648e+05   0.000000e+00   5.817108e+01   1.622465e+01  
278       1.50312586483e+05   0.000000e+00   5.881316e+01   1.626340e+01  
279       1.51797015377e+05   0.000000e+00   5.844720e+01   1.623120e+01  
280       1.49746794353e+05   0.000000e+00   5.941779e+01   1.627949e+01  
281       1.51625419265e+05   0.000000e+00   5.899260e+01   1.622541e+01  
282       1.49622668485e+05   0.000000e+00   5.973956e+01   1.627696e+01  
283       1.51285739579e+05   0.000000e+00   5.948707e+01   1.622132e+01  
284       1.49743473721e+05   0.000000e+00   6.028765e+01   1.626013e+01  
285       1.51609553462e+05   0.000000e+00   5.956799e+01   1.621628e+01  
286       1.49710281552e+05   0.000000e+00   6.025202e+01   1.626287e+01  
287       1.51575075576e+05   0.000000e+00   6.014371e+01   1.621238e+01  
288       1.49307133572e+05   0.000000e+00   6.099637e+01   1.627725e+01  
289       1.51697659799e+05   0.000000e+00   5.988015e+01   1.620609e+01  
290       1.49449655325e+05   0.000000e+00   6.072057e+01   1.627992e+01  
291       1.51687129996e+05   0.000000e+00   5.982470e+01   1.621230e+01  
292       1.49511167395e+05   0.000000e+00   6.088929e+01   1.626928e+01  
293       1.51723510081e+05   0.000000e+00   5.981726e+01   1.621742e+01  
294       1.49952925463e+05   0.000000e+00   6.042779e+01   1.627150e+01  
295       1.51423279194e+05   0.000000e+00   6.017833e+01   1.624229e+01  
296       1.50089528539e+05   0.000000e+00   6.054575e+01   1.625829e+01  
297       1.51162338652e+05   0.000000e+00   6.042832e+01   1.625166e+01  
298       1.49983962578e+05   0.000000e+00   6.078542e+01   1.626593e+01  
299       1.51157061774e+05   0.000000e+00   6.057775e+01   1.624868e+01  
300       1.49917993829e+05   0.000000e+00   6.078988e+01   1.625167e+01  
301       1.51307828431e+05   0.000000e+00   6.038738e+01   1.625134e+01  
302       1.49804978757e+05   0.000000e+00   6.086769e+01   1.626076e+01  
303       1.51007845409e+05   0.000000e+00   6.064322e+01   1.625250e+01  
304       1.49709555807e+05   0.000000e+00   6.108490e+01   1.626890e+01  
305       1.51268718484e+05   0.000000e+00   6.050886e+01   1.625468e+01  
306       1.49919970323e+05   0.000000e+00   6.088862e+01   1.625464e+01  
307       1.51099034799e+05   0.000000e+00   6.063922e+01   1.626783e+01  
308       1.49880436127e+05   0.000000e+00   6.162260e+01   1.626522e+01  
309       1.51009631061e+05   0.000000e+00   6.107704e+01   1.626794e+01  
310       1.50051589691e+05   0.000000e+00   6.115537e+01   1.627088e+01  
311       1.51159074689e+05   0.000000e+00   6.081241e+01   1.628001e+01  
312       1.49974022418e+05   0.000000e+00   6.134589e+01   1.625643e+01  
313       1.51195706607e+05   0.000000e+00   6.094882e+01   1.628929e+01  
314       1.49711007740e+05   0.000000e+00   6.170707e+01   1.627190e+01  
315       1.51097444127e+05   0.000000e+00   6.135528e+01   1.628705e+01  
316       1.49519802972e+05   0.000000e+00   6.185526e+01   1.627034e+01  
317       1.51120883987e+05   0.000000e+00   6.148813e+01   1.629511e+01  
318       1.49361929457e+05   0.000000e+00   6.214055e+01   1.626287e+01  
319       1.51423103236e+05   0.000000e+00   6.162345e+01   1.629878e+01  
320       1.49311180396e+05   0.000000e+00   6.252671e+01   1.627847e+01  
321       1.51139845309e+05   0.000000e+00   6.204404e+01   1.630164e+01  
322       1.49418498500e+05   0.000000e+00   6.262979e+01   1.627660e+01  
323       1.51226963100e+05   0.000000e+00   6.198405e+01   1.628995e+01  
324       1.49504872419e+05   0.000000e+00   6.300114e+01   1.628667e+01  
325       1.50970126346e+05   0.000000e+00   6.248535e+01   1.630358e+01  
326       1.49499547723e+05   0.000000e+00   6.319688e+01   1.629296e+01  
327       1.50999609947e+05   0.000000e+00   6.257849e+01   1.631614e+01  
328       1.49407872066e+05   0.000000e+00   6.319840e+01   1.629146e+01  
329       1.51169872314e+05   0.000000e+00   6.244202e+01   1.631060e+01  
330       1.49736331286e+05   0.000000e+00   6.296952e+01   1.629106e+01  
331       1.51315527215e+05   0.000000e+00   6.235640e+01   1.631443e+01  
332       1.49411241671e+05   0.000000e+00   6.349354e+01   1.630397e+01  
333       1.51193351745e+05   0.000000e+00   6.266910e+01   1.631841e+01  
334       1.49283958138e+05   0.000000e+00   6.373303e+01   1.630674e+01  
335       1.51077530041e+05   0.000000e+00   6.298368e+01   1.633390e+01  
336       1.49515380721e+05   0.000000e+00   6.413509e+01   1.629797e+01  
337       1.50872671094e+05   0.000000e+00   6.564781e+01   1.632883e+01  
338       1.49385592228e+05   0.000000e+00   6.481386e+01   1.630602e+01  
339       1.50833133043e+05   0.000000e+00   6.436613e+01   1.632992e+01  
340       1.49256413944e+05   0.000000e+00   6.499443e+01   1.632344e+01  
341       1.50636229657e+05   0.000000e+00   6.457596e+01   1.632043e+01  
342       1.49168608136e+05   0.000000e+00   6.510851e+01   1.632184e+01  
343       1.50810216877e+05   0.000000e+00   6.443728e+01   1.632616e+01  
344       1.49224588976e+05   0.000000e+00   6.504368e+01   1.631911e+01  
345       1.50824685130e+05   0.000000e+00   6.444491e+01   1.631963e+01  
346       1.49287119561e+05   0.000000e+00   6.514663e+01   1.632539e+01  
347       1.50587098258e+05   0.000000e+00   6.478936e+01   1.631999e+01  
348       1.49147855440e+05   0.000000e+00   6.544754e+01   1.632934e+01  
349       1.50674745541e+05   0.000000e+00   6.475062e+01   1.632034e+01  
350       1.49266543639e+05   0.000000e+00   6.550367e+01   1.632444e+01  
351       1.50808616291e+05   0.000000e+00   6.481812e+01   1.630606e+01  
352       1.48897800101e+05   0.000000e+00   6.590142e+01   1.632265e+01  
353       1.50581794775e+05   0.000000e+00   6.518912e+01   1.630943e+01  
354       1.48706844739e+05   0.000000e+00   6.600977e+01   1.633273e+01  
355       1.50647569609e+05   0.000000e+00   6.517455e+01   1.629023e+01  
356       1.48696668060e+05   0.000000e+00   6.603736e+01   1.633314e+01  
357       1.50924582262e+05   0.000000e+00   6.525501e+01   1.627694e+01  
358       1.48465250824e+05   0.000000e+00   6.635675e+01   1.634505e+01  
359       1.51199073854e+05   0.000000e+00   6.508356e+01   1.628014e+01  
360       1.48716324397e+05   0.000000e+00   6.615112e+01   1.634206e+01  
361       1.51423338727e+05   0.000000e+00   6.495909e+01   1.627814e+01  
362       1.48887867289e+05   0.000000e+00   6.611572e+01   1.635093e+01  
363       1.51306177741e+05   0.000000e+00   6.518933e+01   1.629479e+01  
364       1.48973705886e+05   0.000000e+00   6.617122e+01   1.634750e+01  
365       1.51024935284e+05   0.000000e+00   6.533470e+01   1.631164e+01  
366       1.49012629111e+05   0.000000e+00   6.636438e+01   1.635864e+01  
367       1.51007777514e+05   0.000000e+00   6.541875e+01   1.630812e+01  
368       1.49202431415e+05   0.000000e+00   6.611874e+01   1.635498e+01  
369       1.50941529493e+05   0.000000e+00   6.534930e+01   1.631203e+01  
370       1.49206645106e+05   0.000000e+00   6.624749e+01   1.634341e+01  
371       1.51159279063e+05   0.000000e+00   6.528294e+01   1.631299e+01  
372       1.49024377579e+05   0.000000e+00   6.646443e+01   1.636283e+01  
373       1.50625700466e+05   0.000000e+00   6.582323e+01   1.631289e+01  
374       1.49089804434e+05   0.000000e+00   6.650583e+01   1.635539e+01  
375       1.50685815304e+05   0.000000e+00   6.579539e+01   1.630664e+01  
376       1.49219815440e+05   0.000000e+00   6.627927e+01   1.635695e+01  
377       1.50613733222e+05   0.000000e+00   6.590859e+01   1.631026e+01  
378       1.49239146584e+05   0.000000e+00   6.638679e+01   1.636033e+01  
379       1.50504821283e+05   0.000000e+00   6.603298e+01   1.630453e+01  
380       1.49102107754e+05   0.000000e+00   6.648300e+01   1.638251e+01  
381       1.50459664236e+05   0.000000e+00   6.630984e+01   1.630168e+01  
382       1.49017705529e+05   0.000000e+00   6.656605e+01   1.638448e+01  
383       1.50721766067e+05   0.000000e+00   6.611680e+01   1.628849e+01  
384       1.49325636711e+05   0.000000e+00   6.610314e+01   1.637753e+01  
385       1.50933453992e+05   0.000000e+00   6.587471e+01   1.627889e+01  
386       1.49097119622e+05   0.000000e+00   6.644857e+01   1.638238e+01  
387       1.50687504639e+05   0.000000e+00   6.620918e+01   1.626921e+01  
388       1.48889612214e+05   0.000000e+00   6.678052e+01   1.639445e+01  
389       1.50577095970e+05   0.000000e+00   6.639157e+01   1.626581e+01  
390       1.48856970645e+05   0.000000e+00   6.689700e+01   1.638876e+01  
391       1.50467041248e+05   0.000000e+00   6.664047e+01   1.626696e+01  
392       1.48870898917e+05   0.000000e+00   6.711398e+01   1.638824e+01  
393       1.49963075502e+05   0.000000e+00   6.701553e+01   1.626991e+01  
394       1.49053963531e+05   0.000000e+00   6.699056e+01   1.639204e+01  
395       1.49948037704e+05   0.000000e+00   6.696557e+01   1.628372e+01  
396       1.49252043407e+05   0.000000e+00   6.677901e+01   1.638411e+01  
397       1.49775985713e+05   0.000000e+00   6.707508e+01   1.626908e+01  
398       1.49418194201e+05   0.000000e+00   6.682006e+01   1.640641e+01  
399       1.49586954745e+05   0.000000e+00   6.721365e+01   1.628303e+01  
400       1.49612327359e+05   0.000000e+00   6.677341e+01   1.639133e+01  
401       1.49552113724e+05   0.000000e+00   6.708922e+01   1.628053e+01  
402       1.50050502800e+05   0.000000e+00   6.647691e+01   1.638427e+01  
403       1.49373894945e+05   0.000000e+00   6.727316e+01   1.628957e+01  
404       1.49781196669e+05   0.000000e+00   6.670303e+01   1.639183e+01  
405       1.49330299276e+05   0.000000e+00   6.735110e+01   1.629336e+01  
406       1.49796815950e+05   0.000000e+00   6.676176e+01   1.638141e+01  
407       1.49288396186e+05   0.000000e+00   6.735038e+01   1.629207e+01  
408       1.49760568464e+05   0.000000e+00   6.685332e+01   1.637986e+01  
409       1.49361461448e+05   0.000000e+00   6.727160e+01   1.629755e+01  
410       1.49543202134e+05   0.000000e+00   6.713568e+01   1.637016e+01  
411       1.49342755611e+05   0.000000e+00   6.746688e+01   1.632387e+01  
412       1.49820687644e+05   0.000000e+00   6.698174e+01   1.635861e+01  
413       1.49507022632e+05   0.000000e+00   6.722581e+01   1.630832e+01  
414       1.50044785715e+05   0.000000e+00   6.684185e+01   1.635282e+01  
415       1.49453151691e+05   0.000000e+00   6.731755e+01   1.631303e+01  
416       1.50137759071e+05   0.000000e+00   6.696812e+01   1.634686e+01  
417       1.49421086471e+05   0.000000e+00   6.737024e+01   1.631992e+01  
418       1.49868011221e+05   0.000000e+00   6.733688e+01   1.635625e+01  
419       1.49561166431e+05   0.000000e+00   6.742311e+01   1.630481e+01  
420       1.50083402307e+05   0.000000e+00   6.711390e+01   1.636351e+01  
421       1.49766539331e+05   0.000000e+00   6.735823e+01   1.631235e+01  
422       1.49832958570e+05   0.000000e+00   6.744579e+01   1.635992e+01  
423       1.49776443392e+05   0.000000e+00   6.755604e+01   1.631415e+01  
424       1.49769302623e+05   0.000000e+00   6.751070e+01   1.637260e+01  
425       1.49708352291e+05   0.000000e+00   6.755000e+01   1.630449e+01  
426       1.49754105285e+05   0.000000e+00   6.753227e+01   1.637500e+01  
427       1.49836328823e+05   0.000000e+00   6.754083e+01   1.630625e+01  
428       1.49724323886e+05   0.000000e+00   6.752530e+01   1.637439e+01  
429       1.50089562379e+05   0.000000e+00   6.726527e+01   1.631322e+01  
430       1.49862152538e+05   0.000000e+00   6.732699e+01   1.636217e+01  
431       1.50035030520e+05   0.000000e+00   6.738739e+01   1.631777e+01  
432       1.49771703615e+05   0.000000e+00   6.748791e+01   1.637764e+01  
433       1.50051242558e+05   0.000000e+00   6.752139e+01   1.632914e+01  
434       1.49803670820e+05   0.000000e+00   6.925723e+01   1.634805e+01  
435       1.50180625648e+05   0.000000e+00   6.752296e+01   1.632373e+01  
436       1.49867072644e+05   0.000000e+00   6.868816e+01   1.634806e+01  
437       1.49909246131e+05   0.000000e+00   6.832980e+01   1.634018e+01  
438       1.49672335716e+05   0.000000e+00   6.820930e+01   1.635120e+01  
439       1.49659061361e+05   0.000000e+00   6.830847e+01   1.634455e+01  
440       1.49680056891e+05   0.000000e+00   6.846904e+01   1.635353e+01  
441       1.49408219418e+05   0.000000e+00   6.874365e+01   1.634575e+01  
442       1.49525913754e+05   0.000000e+00   6.889984e+01   1.635445e+01  
443       1.49364131074e+05   0.000000e+00   6.888306e+01   1.635960e+01  
444       1.49734441875e+05   0.000000e+00   6.886023e+01   1.635248e+01  
445       1.49579160178e+05   0.000000e+00   6.917110e+01   1.634657e+01  
446       1.50024337844e+05   0.000000e+00   6.996015e+01   1.634864e+01  
447       1.49973070304e+05   0.000000e+00   7.250179e+01   1.634564e+01  
448       1.49773976425e+05   0.000000e+00   7.008230e+01   1.634698e+01  
449       1.50219981078e+05   0.000000e+00   6.956181e+01   1.635123e+01  
450       1.49993596213e+05   0.000000e+00   6.992791e+01   1.635575e+01  
451       1.50160836879e+05   0.000000e+00   7.051001e+01   1.636205e+01  
452       1.50180325851e+05   0.000000e+00   6.943130e+01   1.634436e+01  
453       1.50260321299e+05   0.000000e+00   6.929073e+01   1.636465e+01  
454       1.50251032634e+05   0.000000e+00   6.950215e+01   1.635073e+01  
455       1.50110266675e+05   0.000000e+00   6.949126e+01   1.637154e+01  
456       1.50191497118e+05   0.000000e+00   6.969318e+01   1.636098e+01  
457       1.50006194529e+05   0.000000e+00   6.965434e+01   1.638344e+01  
458       1.50155435787e+05   0.000000e+00   6.962587e+01   1.635052e+01  
459       1.49896237502e+05   0.000000e+00   6.976515e+01   1.639675e+01  
460       1.50459778878e+05   0.000000e+00   6.938726e+01   1.634771e+01  
461       1.49957651997e+05   0.000000e+00   6.960482e+01   1.640031e+01  
462       1.50475128809e+05   0.000000e+00   6.940130e+01   1.634743e+01  
463       1.49689391603e+05   0.000000e+00   7.002766e+01   1.640221e+01  
464       1.50513087765e+05   0.000000e+00   6.965850e+01   1.634659e+01  
465       1.49697709396e+05   0.000000e+00   7.001966e+01   1.639872e+01  
466       1.50316681420e+05   0.000000e+00   6.999330e+01   1.635518e+01  
467       1.49629939838e+05   0.000000e+00   7.026769e+01   1.640597e+01  
468       1.50539440863e+05   0.000000e+00   6.985992e+01   1.633762e+01  
469       1.49875234938e+05   0.000000e+00   7.006413e+01   1.641680e+01  
470       1.50465397541e+05   0.000000e+00   6.989492e+01   1.634251e+01  
471       1.49728523757e+05   0.000000e+00   7.034168e+01   1.640205e+01  
472       1.50426829341e+05   0.000000e+00   6.997653e+01   1.635622e+01  
473       1.49899967302e+05   0.000000e+00   7.031118e+01   1.641345e+01  
474       1.50101004240e+05   0.000000e+00   7.027683e+01   1.635792e+01  
475       1.50206159784e+05   0.000000e+00   7.013717e+01   1.640389e+01  
476       1.49895065110e+05   0.000000e+00   7.041911e+01   1.635728e+01  
477       1.50310217518e+05   0.000000e+00   7.011068e+01   1.641239e+01  
478       1.49774302805e+05   0.000000e+00   7.053194e+01   1.636811e+01  
479       1.50348095781e+05   0.000000e+00   7.018429e+01   1.641425e+01  
480       1.49802178255e+05   0.000000e+00   7.045207e+01   1.636432e+01  
481       1.50651133170e+05   0.000000e+00   6.998222e+01   1.641251e+01  
482       1.49814485618e+05   0.000000e+00   7.060808e+01   1.637397e+01  
483       1.50706786580e+05   0.000000e+00   7.005751e+01   1.640793e+01  
484       1.49761403018e+05   0.000000e+00   7.059790e+01   1.637713e+01  
485       1.51050029643e+05   0.000000e+00   6.976916e+01   1.640196e+01  
486       1.49924635424e+05   0.000000e+00   7.040965e+01   1.637230e+01  
487       1.50642909817e+05   0.000000e+00   7.020364e+01   1.640776e+01  
488       1.50010855272e+05   0.000000e+00   7.038919e+01   1.637748e+01  
489       1.50386624635e+05   0.000000e+00   7.038518e+01   1.641561e+01  
490       1.50095570627e+05   0.000000e+00   7.047903e+01   1.637286e+01  
491       1.50099796236e+05   0.000000e+00   7.053152e+01   1.640404e+01  
492       1.50530140295e+05   0.000000e+00   7.030530e+01   1.637821e+01  
493       1.49699654535e+05   0.000000e+00   7.086196e+01   1.640860e+01  
494       1.50397641213e+05   0.000000e+00   7.060771e+01   1.637759e+01  
495       1.49482683768e+05   0.000000e+00   7.113699e+01   1.641705e+01  
496       1.50563170613e+05   0.000000e+00   7.056236e+01   1.638053e+01  
497       1.49382459224e+05   0.000000e+00   7.128800e+01   1.640157e+01  
498       1.50748752308e+05   0.000000e+00   7.041719e+01   1.637531e+01  
499       1.49422815316e+05   0.000000e+00   7.143135e+01   1.639738e+01  
500       1.50419366204e+05   0.000000e+00   7.084447e+01   1.636951e+01  
501       1.49298926061e+05   0.000000e+00   7.170525e+01   1.640302e+01  
502       1.50314531062e+05   0.000000e+00   7.106894e+01   1.636199e+01  
503       1.49360929304e+05   0.000000e+00   7.164829e+01   1.639882e+01  
504       1.50272845917e+05   0.000000e+00   7.115739e+01   1.635145e+01  
505       1.49517716657e+05   0.000000e+00   7.151808e+01   1.639846e+01  
506       1.50229593901e+05   0.000000e+00   7.120563e+01   1.634696e+01  
507       1.49460626050e+05   0.000000e+00   7.169364e+01   1.638632e+01  
508       1.50150673149e+05   0.000000e+00   7.122521e+01   1.635411e+01  
509       1.49489828744e+05   0.000000e+00   7.176213e+01   1.638139e+01  
510       1.50282373840e+05   0.000000e+00   7.124902e+01   1.634118e+01  
511       1.49223210380e+05   0.000000e+00   7.206067e+01   1.638263e+01  
512       1.50152240632e+05   0.000000e+00   7.137411e+01   1.634198e+01  
513       1.49396956593e+05   0.000000e+00   7.186449e+01   1.636285e+01  
514       1.50042881599e+05   0.000000e+00   7.133208e+01   1.634011e+01  
515       1.49280832172e+05   0.000000e+00   7.206379e+01   1.636632e+01  
516       1.49854750462e+05   0.000000e+00   7.156708e+01   1.633850e+01  
517       1.49285368268e+05   0.000000e+00   7.218128e+01   1.636597e+01  
518       1.50161558547e+05   0.000000e+00   7.138585e+01   1.635190e+01  
519       1.49548390955e+05   0.000000e+00   7.200681e+01   1.634152e+01  
520       1.50203279899e+05   0.000000e+00   7.140266e+01   1.634495e+01  
521       1.49664555942e+05   0.000000e+00   7.190014e+01   1.633866e+01  
522       1.49934231517e+05   0.000000e+00   7.163387e+01   1.637208e+01  
523       1.49784674429e+05   0.000000e+00   7.186516e+01   1.633294e+01  
524       1.50038484044e+05   0.000000e+00   7.150324e+01   1.636672e+01  
525       1.49766131838e+05   0.000000e+00   7.212222e+01   1.635165e+01  
526       1.49720047316e+05   0.000000e+00   7.174512e+01   1.636335e+01  
527       1.49733443412e+05   0.000000e+00   7.222938e+01   1.637919e+01  
528       1.49543665976e+05   0.000000e+00   7.186089e+01   1.637064e+01  
529       1.49963487064e+05   0.000000e+00   7.200581e+01   1.637237e+01  
530       1.49656197287e+05   0.000000e+00   7.174962e+01   1.637590e+01  
531       1.50104461843e+05   0.000000e+00   7.197969e+01   1.638005e+01  
532       1.49549668662e+05   0.000000e+00   7.194628e+01   1.638138e+01  
533       1.50266170394e+05   0.000000e+00   7.180155e+01   1.638286e+01  
534       1.49568459566e+05   0.000000e+00   7.200389e+01   1.639378e+01  
535       1.50354054530e+05   0.000000e+00   7.180426e+01   1.637454e+01  
536       1.49546424900e+05   0.000000e+00   7.206868e+01   1.639452e+01  
537       1.50542907553e+05   0.000000e+00   7.177085e+01   1.637615e+01  
538       1.49523697372e+05   0.000000e+00   7.213142e+01   1.640767e+01  
539       1.50552501156e+05   0.000000e+00   7.180526e+01   1.636814e+01  
540       1.49343396245e+05   0.000000e+00   7.243051e+01   1.642617e+01  
541       1.50782275655e+05   0.000000e+00   7.184104e+01   1.636769e+01  
542       1.49286182632e+05   0.000000e+00   7.256834e+01   1.643213e+01  
543       1.50851690158e+05   0.000000e+00   7.183516e+01   1.635846e+01  
544       1.49468886490e+05   0.000000e+00   7.241514e+01   1.644723e+01  
545       1.51036147714e+05   0.000000e+00   7.175622e+01   1.635358e+01  
546       1.49432195265e+05   0.000000e+00   7.253219e+01   1.645016e+01  
547       1.51076261562e+05   0.000000e+00   7.171718e+01   1.635620e+01  
548       1.49431646863e+05   0.000000e+00   7.253790e+01   1.645953e+01  
549       1.51003891949e+05   0.000000e+00   7.196594e+01   1.635299e+01  
550       1.49510253839e+05   0.000000e+00   7.258370e+01   1.646732e+01  
551       1.51043090469e+05   0.000000e+00   7.203031e+01   1.636092e+01  
552       1.49250334842e+05   0.000000e+00   7.279356e+01   1.646526e+01  
553       1.51199656428e+05   0.000000e+00   7.186600e+01   1.636508e+01  
554       1.49580565649e+05   0.000000e+00   7.232992e+01   1.645838e+01  
555       1.51236001487e+05   0.000000e+00   7.167663e+01   1.637017e+01  
556       1.49531025929e+05   0.000000e+00   7.239316e+01   1.645770e+01  
557       1.51241273164e+05   0.000000e+00   7.167818e+01   1.637845e+01  
558       1.49912458521e+05   0.000000e+00   7.210806e+01   1.644562e+01  
559       1.51225327483e+05   0.000000e+00   7.154388e+01   1.637389e+01  
560       1.50104082460e+05   0.000000e+00   7.209709e+01   1.643389e+01  
561       1.51076302669e+05   0.000000e+00   7.179408e+01   1.637632e+01  
562       1.50221260513e+05   0.000000e+00   7.203042e+01   1.642705e+01  
563       1.51112373868e+05   0.000000e+00   7.177690e+01   1.637686e+01  
564       1.49944321587e+05   0.000000e+00   7.235393e+01   1.643068e+01  
565       1.51073169884e+05   0.000000e+00   7.198643e+01   1.634873e+01  
566       1.50009076815e+05   0.000000e+00   7.243225e+01   1.644027e+01  
567       1.50843218626e+05   0.000000e+00   7.219424e+01   1.635349e+01  
568       1.49973701520e+05   0.000000e+00   7.255269e+01   1.643340e+01  
569       1.50840846837e+05   0.000000e+00   7.218995e+01   1.634119e+01  
570       1.50036786826e+05   0.000000e+00   7.265077e+01   1.643261e+01  
571       1.50895141058e+05   0.000000e+00   7.230054e+01   1.634137e+01  
572       1.49896890847e+05   0.000000e+00   7.298685e+01   1.642678e+01  
573       1.50745504003e+05   0.000000e+00   7.247000e+01   1.634097e+01  
574       1.50177747550e+05   0.000000e+00   7.270091e+01   1.641274e+01  
575       1.50874008531e+05   0.000000e+00   7.229026e+01   1.632913e+01  
576       1.50335867759e+05   0.000000e+00   7.259790e+01   1.640301e+01  
577       1.50767041443e+05   0.000000e+00   7.241145e+01   1.634457e+01  
578       1.50116214553e+05   0.000000e+00   7.285446e+01   1.640322e+01  
579       1.50695486015e+05   0.000000e+00   7.253294e+01   1.636299e+01  
580       1.49995806127e+05   0.000000e+00   7.309189e+01   1.639373e+01  
581       1.50707544392e+05   0.000000e+00   7.250371e+01   1.637191e+01  
582       1.50376339295e+05   0.000000e+00   7.266194e+01   1.638779e+01  
583       1.50648296207e+05   0.000000e+00   7.259535e+01   1.638811e+01  
584       1.50166883673e+05   0.000000e+00   7.297183e+01   1.637357e+01  
585       1.50313384639e+05   0.000000e+00   7.294492e+01   1.640213e+01  
586       1.50416552959e+05   0.000000e+00   7.287806e+01   1.637895e+01  
587       1.50024669897e+05   0.000000e+00   7.312662e+01   1.639669e+01  
588       1.50518013026e+05   0.000000e+00   7.284960e+01   1.638167e+01  
589       1.50264718701e+05   0.000000e+00   7.290538e+01   1.639369e+01  
590       1.50394399243e+05   0.000000e+00   7.299132e+01   1.638110e+01  
591       1.50320443656e+05   0.000000e+00   7.287332e+01   1.639985e+01  
592       1.50299758763e+05   0.000000e+00   7.303401e+01   1.638173e+01  
593       1.50488531206e+05   0.000000e+00   7.286830e+01   1.640930e+01  
594       1.50241674356e+05   0.000000e+00   7.317256e+01   1.637914e+01  
595       1.50629887485e+05   0.000000e+00   7.264201e+01   1.640579e+01  
596       1.50231946580e+05   0.000000e+00   7.300803e+01   1.638784e+01  
597       1.50464888260e+05   0.000000e+00   7.276505e+01   1.640488e+01  
598       1.50032383925e+05   0.000000e+00   7.315072e+01   1.638852e+01  
599       1.50549575652e+05   0.000000e+00   7.269131e+01   1.640604e+01  
600       1.49673273899e+05   0.000000e+00   7.365284e+01   1.639376e+01  
601       1.50155506826e+05   0.000000e+00   7.325875e+01   1.641343e+01  
602       1.49910978066e+05   0.000000e+00   7.362534e+01   1.639448e+01  
603       1.50339293629e+05   0.000000e+00   7.314895e+01   1.641478e+01  
604       1.50097135274e+05   0.000000e+00   7.341544e+01   1.636966e+01  
605       1.50356478708e+05   0.000000e+00   7.307148e+01   1.641424e+01  
606       1.50279116380e+05   0.000000e+00   7.327103e+01   1.637724e+01  
607       1.50476821998e+05   0.000000e+00   7.273331e+01   1.640736e+01  
608       1.50618534424e+05   0.000000e+00   7.293896e+01   1.637418e+01  
609       1.50252470228e+05   0.000000e+00   7.301933e+01   1.640967e+01  
610       1.50681377657e+05   0.000000e+00   7.302547e+01   1.637691e+01  
611       1.50035773521e+05   0.000000e+00   7.315815e+01   1.641701e+01  
612       1.50686905298e+05   0.000000e+00   7.306576e+01   1.638733e+01  
613       1.49911867276e+05   0.000000e+00   7.324462e+01   1.640721e+01  
614       1.51050295470e+05   0.000000e+00   7.289975e+01   1.638344e+01  
615       1.50007376089e+05   0.000000e+00   7.330406e+01   1.640476e+01  
616       1.50852592999e+05   0.000000e+00   7.312112e+01   1.641193e+01  
617       1.49962580059e+05   0.000000e+00   7.356852e+01   1.640208e+01  
618       1.50783742981e+05   0.000000e+00   7.320152e+01   1.641189e+01  
619       1.50113822178e+05   0.000000e+00   7.346947e+01   1.640695e+01  
620       1.50803625857e+05   0.000000e+00   7.320571e+01   1.639831e+01  
621       1.50192862381e+05   0.000000e+00   7.330284e+01   1.640127e+01  
622       1.50794567632e+05   0.000000e+00   7.308692e+01   1.640045e+01  
623       1.50202813854e+05   0.000000e+00   7.319346e+01   1.640180e+01  
624       1.50598780875e+05   0.000000e+00   7.330149e+01   1.639981e+01  
625       1.50057843942e+05   0.000000e+00   7.343248e+01   1.640993e+01  
626       1.50544726952e+05   0.000000e+00   7.337252e+01   1.639654e+01  
627       1.50014263971e+05   0.000000e+00   7.349148e+01   1.641967e+01  
628       1.50653295977e+05   0.000000e+00   7.329012e+01   1.639235e+01  
629       1.50080880543e+05   0.000000e+00   7.341172e+01   1.641805e+01  
630       1.50670519807e+05   0.000000e+00   7.328686e+01   1.639054e+01  
631       1.50134263453e+05   0.000000e+00   7.344427e+01   1.642337e+01  
632       1.50610469329e+05   0.000000e+00   7.335653e+01   1.639114e+01  
633       1.50209574361e+05   0.000000e+00   7.337737e+01   1.641994e+01  
634       1.50673066311e+05   0.000000e+00   7.336508e+01   1.640531e+01  
635       1.50319284540e+05   0.000000e+00   7.343116e+01   1.642448e+01  
636       1.50475078982e+05   0.000000e+00   7.364443e+01   1.639528e+01  
637       1.50400352988e+05   0.000000e+00   7.335260e+01   1.641741e+01  
638       1.50531030089e+05   0.000000e+00   7.368105e+01   1.641082e+01  
639       1.50589553267e+05   0.000000e+00   7.330735e+01   1.639990e+01  
640       1.50337941591e+05   0.000000e+00   7.378428e+01   1.641561e+01  
641       1.50484842371e+05   0.000000e+00   7.360411e+01   1.641091e+01  
642       1.50406315097e+05   0.000000e+00   7.370632e+01   1.641630e+01  
643       1.50583295325e+05   0.000000e+00   7.354339e+01   1.641232e+01  
644       1.50387505351e+05   0.000000e+00   7.364245e+01   1.641769e+01  
645       1.50431247390e+05   0.000000e+00   7.379837e+01   1.640964e+01  
646       1.49976228790e+05   0.000000e+00   7.404872e+01   1.642699e+01  
647       1.50657446092e+05   0.000000e+00   7.365991e+01   1.641166e+01  
648       1.49948146560e+05   0.000000e+00   7.403655e+01   1.641817e+01  
649       1.50818937926e+05   0.000000e+00   7.365346e+01   1.640773e+01  
650       1.49880793368e+05   0.000000e+00   7.416080e+01   1.641150e+01  
651       1.50933253088e+05   0.000000e+00   7.354797e+01   1.642655e+01  
652       1.49967340092e+05   0.000000e+00   7.403442e+01   1.641262e+01  
653       1.50730368448e+05   0.000000e+00   7.382346e+01   1.642795e+01  
654       1.50075073822e+05   0.000000e+00   7.409780e+01   1.641502e+01  
655       1.50919714551e+05   0.000000e+00   7.376016e+01   1.642121e+01  
656       1.49831784094e+05   0.000000e+00   7.422190e+01   1.642103e+01  
657       1.50801263488e+05   0.000000e+00   7.392030e+01   1.642535e+01  
658       1.49655024224e+05   0.000000e+00   7.448906e+01   1.641466e+01  
659       1.50949309488e+05   0.000000e+00   7.390205e+01   1.641475e+01  
660       1.49808263686e+05   0.000000e+00   7.442302e+01   1.641596e+01  
661       1.50703939396e+05   0.000000e+00   7.414700e+01   1.642309e+01  
662       1.49798743561e+05   0.000000e+00   7.444732e+01   1.642042e+01  
663       1.50564227834e+05   0.000000e+00   7.429508e+01   1.641580e+01  
664       1.49754328564e+05   0.000000e+00   7.461708e+01   1.644103e+01  
665       1.50649063427e+05   0.000000e+00   7.418905e+01   1.640056e+01  
666       1.50090877038e+05   0.000000e+00   7.428993e+01   1.644117e+01  
667       1.50904457564e+05   0.000000e+00   7.395435e+01   1.639683e+01  
668       1.50140384988e+05   0.000000e+00   7.438126e+01   1.644859e+01  
669       1.50784429111e+05   0.000000e+00   7.415254e+01   1.639809e+01  
670       1.50158076068e+05   0.000000e+00   7.445441e+01   1.644237e+01  
671       1.50724655458e+05   0.000000e+00   7.422829e+01   1.641191e+01  
672       1.50220559006e+05   0.000000e+00   7.443836e+01   1.643474e+01  
673       1.50637774548e+05   0.000000e+00   7.432312e+01   1.641208e+01  
674       1.50304543118e+05   0.000000e+00   7.444378e+01   1.643217e+01  
675       1.50643891412e+05   0.000000e+00   7.417496e+01   1.641507e+01  
676       1.50367009502e+05   0.000000e+00   7.444800e+01   1.643109e+01  
677       1.50251830271e+05   0.000000e+00   7.444431e+01   1.642827e+01  
678       1.50669015575e+05   0.000000e+00   7.436860e+01   1.642503e+01  
679       1.50364805280e+05   0.000000e+00   7.430630e+01   1.643040e+01  
680       1.50821215498e+05   0.000000e+00   7.420259e+01   1.642535e+01  
681       1.50446050029e+05   0.000000e+00   7.424811e+01   1.642363e+01  
682       1.50877117795e+05   0.000000e+00   7.406190e+01   1.642985e+01  
683       1.50510741325e+05   0.000000e+00   7.421691e+01   1.642564e+01  
684       1.50813649415e+05   0.000000e+00   7.412638e+01   1.643068e+01  
685       1.50290592688e+05   0.000000e+00   7.449823e+01   1.643183e+01  
686       1.50829946872e+05   0.000000e+00   7.412108e+01   1.644398e+01  
687       1.50437010167e+05   0.000000e+00   7.453173e+01   1.643232e+01  
688       1.50817233130e+05   0.000000e+00   7.438395e+01   1.644309e+01  
689       1.50586832305e+05   0.000000e+00   7.447565e+01   1.642762e+01  
690       1.50800192451e+05   0.000000e+00   7.438620e+01   1.645404e+01  
691       1.50729799948e+05   0.000000e+00   7.434660e+01   1.641560e+01  
692       1.50970785305e+05   0.000000e+00   7.427076e+01   1.645678e+01  
693       1.51030476705e+05   0.000000e+00   7.421451e+01   1.642030e+01  
694       1.50701860336e+05   0.000000e+00   7.460829e+01   1.644799e+01  
695       1.50777412529e+05   0.000000e+00   7.453250e+01   1.642694e+01  
696       1.50656158820e+05   0.000000e+00   7.455503e+01   1.645279e+01  
697       1.50774047665e+05   0.000000e+00   7.451570e+01   1.643154e+01  
698       1.50809949991e+05   0.000000e+00   7.440429e+01   1.643955e+01  
699       1.50887817102e+05   0.000000e+00   7.444476e+01   1.643955e+01  
700       1.50837160847e+05   0.000000e+00   7.438161e+01   1.644242e+01  
701       1.50742872404e+05   0.000000e+00   7.456332e+01   1.644888e+01  
702       1.50736760099e+05   0.000000e+00   7.465464e+01   1.644276e+01  
703       1.50687881145e+05   0.000000e+00   7.462667e+01   1.645260e+01  
704       1.51012821754e+05   0.000000e+00   7.451667e+01   1.642600e+01  
705       1.50759364692e+05   0.000000e+00   7.455946e+01   1.644973e+01  
706       1.51112119519e+05   0.000000e+00   7.434616e+01   1.643422e+01  
707       1.50866682339e+05   0.000000e+00   7.446850e+01   1.644646e+01  
708       1.51164185186e+05   0.000000e+00   7.433703e+01   1.642934e+01  
709       1.50638905511e+05   0.000000e+00   7.470155e+01   1.645848e+01  
710       1.51072251680e+05   0.000000e+00   7.451390e+01   1.643856e+01  
711       1.50560181648e+05   0.000000e+00   7.469956e+01   1.645300e+01  
712       1.51211522590e+05   0.000000e+00   7.443600e+01   1.644740e+01  
713       1.50561749796e+05   0.000000e+00   7.468164e+01   1.645204e+01  
714       1.51025204207e+05   0.000000e+00   7.461893e+01   1.643893e+01  
715       1.50887564194e+05   0.000000e+00   7.445760e+01   1.645082e+01  
716       1.50793674475e+05   0.000000e+00   7.473492e+01   1.644525e+01  
717       1.51024225019e+05   0.000000e+00   7.437081e+01   1.644863e+01  
718       1.50924450023e+05   0.000000e+00   7.464139e+01   1.643936e+01  
719       1.50915886054e+05   0.000000e+00   7.453308e+01   1.645196e+01  
720       1.51035874183e+05   0.000000e+00   7.464331e+01   1.643479e+01  
721       1.50816682230e+05   0.000000e+00   7.464687e+01   1.643954e+01  
722       1.51122013327e+05   0.000000e+00   7.469479e+01   1.643169e+01  
723       1.50834645361e+05   0.000000e+00   7.474414e+01   1.643907e+01  
724       1.51171162434e+05   0.000000e+00   7.475119e+01   1.642396e+01  
725       1.50707326727e+05   0.000000e+00   7.490602e+01   1.644557e+01  
726       1.51095717111e+05   0.000000e+00   7.486033e+01   1.642441e+01  
727       1.50765789293e+05   0.000000e+00   7.485269e+01   1.644510e+01  
728       1.51275462079e+05   0.000000e+00   7.483305e+01   1.642877e+01  
729       1.50602168251e+05   0.000000e+00   7.500465e+01   1.644584e+01  
730       1.51174118003e+05   0.000000e+00   7.500209e+01   1.642984e+01  
731       1.50505737864e+05   0.000000e+00   7.497170e+01   1.643978e+01  
732       1.51478950793e+05   0.000000e+00   7.480930e+01   1.643935e+01  
733       1.50546085464e+05   0.000000e+00   7.498139e+01   1.641496e+01  
734       1.51260416373e+05   0.000000e+00   7.499378e+01   1.643243e+01  
735       1.50536911473e+05   0.000000e+00   7.506206e+01   1.642144e+01  
736       1.51416999248e+05   0.000000e+00   7.491047e+01   1.642292e+01  
737       1.50619913266e+05   0.000000e+00   7.497510e+01   1.641539e+01  
738       1.51571240054e+05   0.000000e+00   7.470429e+01   1.642688e+01  
739       1.50579805323e+05   0.000000e+00   7.504640e+01   1.640883e+01  
740       1.51632491040e+05   0.000000e+00   7.478110e+01   1.642854e+01  
741       1.50386934732e+05   0.000000e+00   7.523051e+01   1.641670e+01  
742       1.51829612886e+05   0.000000e+00   7.468208e+01   1.641984e+01  
743       1.50448435497e+05   0.000000e+00   7.522945e+01   1.640571e+01  
744       1.52005474490e+05   0.000000e+00   7.459584e+01   1.641325e+01  
745       1.50632264203e+05   0.000000e+00   7.505636e+01   1.641641e+01  
746       1.51667760597e+05   0.000000e+00   7.497805e+01   1.640767e+01  
747       1.50716026854e+05   0.000000e+00   7.513233e+01   1.642030e+01  
748       1.51581762023e+05   0.000000e+00   7.503397e+01   1.640807e+01  
749       1.51085219842e+05   0.000000e+00   7.483837e+01   1.642124e+01  
750       1.51563133257e+05   0.000000e+00   7.493011e+01   1.640338e+01  
751       1.50947467571e+05   0.000000e+00   7.505879e+01   1.643896e+01  
752       1.51735327883e+05   0.000000e+00   7.483102e+01   1.639365e+01  
753       1.50811359477e+05   0.000000e+00   7.516334e+01   1.645109e+01  
754       1.51646613864e+05   0.000000e+00   7.502987e+01   1.639811e+01  
755       1.50769260317e+05   0.000000e+00   7.512744e+01   1.644558e+01  
756       1.51643893432e+05   0.000000e+00   7.504663e+01   1.640164e+01  
757       1.50855338188e+05   0.000000e+00   7.511295e+01   1.642862e+01  
758       1.51331395643e+05   0.000000e+00   7.522436e+01   1.641109e+01  
759       1.50672462406e+05   0.000000e+00   7.533711e+01   1.641950e+01  
760       1.51288765793e+05   0.000000e+00   7.524071e+01   1.641172e+01  
761       1.50588093425e+05   0.000000e+00   7.548031e+01   1.641957e+01  
762       1.50974198236e+05   0.000000e+00   7.569779e+01   1.641487e+01  
763       1.50732681782e+05   0.000000e+00   7.542031e+01   1.640449e+01  
764       1.51063356883e+05   0.000000e+00   7.559182e+01   1.642242e+01  
765       1.50765219571e+05   0.000000e+00   7.543307e+01   1.640370e+01  
766       1.51364506530e+05   0.000000e+00   7.520644e+01   1.640293e+01  
767       1.50837505124e+05   0.000000e+00   7.524432e+01   1.640624e+01  
768       1.51345756854e+05   0.000000e+00   7.541055e+01   1.641229e+01  
769       1.50613693502e+05   0.000000e+00   7.554600e+01   1.641087e+01  
770       1.51279432552e+05   0.000000e+00   7.552972e+01   1.641242e+01  
771       1.50602911561e+05   0.000000e+00   7.563230e+01   1.641508e+01  
772       1.51397255473e+05   0.000000e+00   7.541884e+01   1.641282e+01  
773       1.50640159743e+05   0.000000e+00   7.559944e+01   1.641795e+01  
774       1.51116694627e+05   0.000000e+00   7.561022e+01   1.641714e+01  
775       1.50743792839e+05   0.000000e+00   7.557311e+01   1.642361e+01  
776       1.51438015785e+05   0.000000e+00   7.526443e+01   1.641380e+01  
777       1.50807897129e+05   0.000000e+00   7.560087e+01   1.642507e+01  
778       1.51416299661e+05   0.000000e+00   7.534365e+01   1.640625e+01  
779       1.50509798786e+05   0.000000e+00   7.584381e+01   1.642312e+01  
780       1.51266143975e+05   0.000000e+00   7.555399e+01   1.640654e+01  
781       1.50568974011e+05   0.000000e+00   7.578413e+01   1.642155e+01  
782       1.51533482553e+05   0.000000e+00   7.530030e+01   1.638930e+01  
783       1.50677331188e+05   0.000000e+00   7.555466e+01   1.641585e+01  
784       1.51472847949e+05   0.000000e+00   7.544635e+01   1.639270e+01  
785       1.50564688349e+05   0.000000e+00   7.577954e+01   1.642458e+01  
786       1.51514515025e+05   0.000000e+00   7.533703e+01   1.640094e+01  
787       1.50502259335e+05   0.000000e+00   7.594832e+01   1.642476e+01  
788       1.51611829796e+05   0.000000e+00   7.540135e+01   1.639345e+01  
789       1.50618037373e+05   0.000000e+00   7.589486e+01   1.642252e+01  
790       1.51400858216e+05   0.000000e+00   7.548060e+01   1.639866e+01  
791       1.50896709667e+05   0.000000e+00   7.569438e+01   1.641868e+01  
792       1.51221947128e+05   0.000000e+00   7.566078e+01   1.638675e+01  
793       1.50910988607e+05   0.000000e+00   7.572368e+01   1.642458e+01  
794       1.51155851601e+05   0.000000e+00   7.579994e+01   1.638146e+01  
795       1.50817415924e+05   0.000000e+00   7.594509e+01   1.642536e+01  
796       1.51060622540e+05   0.000000e+00   7.583917e+01   1.637850e+01  
797       1.50867458886e+05   0.000000e+00   7.595785e+01   1.642809e+01  
798       1.50997563081e+05   0.000000e+00   7.596634e+01   1.637046e+01  
799       1.50748079853e+05   0.000000e+00   7.610667e+01   1.643113e+01  
800       1.50983458151e+05   0.000000e+00   7.603093e+01   1.637982e+01  
801       1.50793306707e+05   0.000000e+00   7.606231e+01   1.642977e+01  
802       1.51104860860e+05   0.000000e+00   7.589245e+01   1.636927e+01  
803       1.50701264918e+05   0.000000e+00   7.614804e+01   1.643785e+01  
804       1.50907403532e+05   0.000000e+00   7.609038e+01   1.636683e+01  
805       1.50868510475e+05   0.000000e+00   7.609317e+01   1.643037e+01  
806       1.50725839193e+05   0.000000e+00   7.619742e+01   1.636950e+01  
807       1.50835138025e+05   0.000000e+00   7.620873e+01   1.642291e+01  
808       1.50757082045e+05   0.000000e+00   7.618950e+01   1.637158e+01  
809       1.50898754648e+05   0.000000e+00   7.610785e+01   1.641519e+01  
810       1.50525120613e+05   0.000000e+00   7.630585e+01   1.638320e+01  
811       1.51212166755e+05   0.000000e+00   7.583498e+01   1.640475e+01  
812       1.50608852463e+05   0.000000e+00   7.618991e+01   1.638055e+01  
813       1.51416934288e+05   0.000000e+00   7.581844e+01   1.641184e+01  
814       1.50298142727e+05   0.000000e+00   7.638934e+01   1.638859e+01  
815       1.51484539999e+05   0.000000e+00   7.590087e+01   1.640999e+01  
816       1.50467814440e+05   0.000000e+00   7.618160e+01   1.637968e+01  
817       1.51438841296e+05   0.000000e+00   7.608150e+01   1.641708e+01  
818       1.50512058575e+05   0.000000e+00   7.616522e+01   1.636847e+01  
819       1.51176055699e+05   0.000000e+00   7.626306e+01   1.641772e+01  
820       1.50506236233e+05   0.000000e+00   7.636968e+01   1.636607e+01  
821       1.51133333549e+05   0.000000e+00   7.627934e+01   1.642152e+01  
822       1.50645490727e+05   0.000000e+00   7.625509e+01   1.636188e+01  
823       1.51107641081e+05   0.000000e+00   7.628204e+01   1.641790e+01  
824       1.50279150800e+05   0.000000e+00   7.655967e+01   1.636738e+01  
825       1.51189677743e+05   0.000000e+00   7.628946e+01   1.642080e+01  
826       1.50534819052e+05   0.000000e+00   7.625759e+01   1.636227e+01  
827       1.51236211025e+05   0.000000e+00   7.625698e+01   1.640874e+01  
828       1.50442032910e+05   0.000000e+00   7.636224e+01   1.635816e+01  
829       1.51202143871e+05   0.000000e+00   7.629960e+01   1.640515e+01  
830       1.50328947228e+05   0.000000e+00   7.640895e+01   1.636294e+01  
831       1.50904241727e+05   0.000000e+00   7.656741e+01   1.639884e+01  
832       1.50218651637e+05   0.000000e+00   7.654866e+01   1.636694e+01  
833       1.50976237870e+05   0.000000e+00   7.644172e+01   1.639142e+01  
834       1.50535715566e+05   0.000000e+00   7.625539e+01   1.635681e+01  
835       1.50663024934e+05   0.000000e+00   7.652812e+01   1.639093e+01  
836       1.50730298164e+05   0.000000e+00   7.627082e+01   1.636430e+01  
837       1.50471250288e+05   0.000000e+00   7.678417e+01   1.639065e+01  
838       1.50753514285e+05   0.000000e+00   7.623272e+01   1.636924e+01  
839       1.50638143010e+05   0.000000e+00   7.662274e+01   1.639564e+01  
840       1.50849748521e+05   0.000000e+00   7.625977e+01   1.636080e+01  
841       1.50756778421e+05   0.000000e+00   7.657108e+01   1.639166e+01  
842       1.50896648837e+05   0.000000e+00   7.610655e+01   1.635616e+01  
843       1.50807110593e+05   0.000000e+00   7.657452e+01   1.639159e+01  
844       1.50539047149e+05   0.000000e+00   7.648223e+01   1.636212e+01  
845       1.50597930245e+05   0.000000e+00   7.672230e+01   1.639686e+01  
846       1.50570140228e+05   0.000000e+00   7.655608e+01   1.635668e+01  
847       1.50484077060e+05   0.000000e+00   7.683201e+01   1.639821e+01  
848       1.50200105864e+05   0.000000e+00   7.693316e+01   1.636931e+01  
849       1.50783193015e+05   0.000000e+00   7.654583e+01   1.639270e+01  
850       1.50283662807e+05   0.000000e+00   7.675883e+01   1.636619e+01  
851       1.50659324960e+05   0.000000e+00   7.673709e+01   1.638924e+01  
852       1.50182197386e+05   0.000000e+00   7.696247e+01   1.637217e+01  
853       1.50510651263e+05   0.000000e+00   7.686162e+01   1.638777e+01  
854       1.50354350104e+05   0.000000e+00   7.682812e+01   1.637344e+01  
855       1.50338582863e+05   0.000000e+00   7.704763e+01   1.637818e+01  
856       1.50437407439e+05   0.000000e+00   7.676172e+01   1.637469e+01  
857       1.50387804748e+05   0.000000e+00   7.691134e+01   1.637762e+01  
858       1.50291220044e+05   0.000000e+00   7.692121e+01   1.638423e+01  
859       1.50444299291e+05   0.000000e+00   7.688839e+01   1.637186e+01  
860       1.50572674133e+05   0.000000e+00   7.662566e+01   1.637796e+01  
861       1.50717352529e+05   0.000000e+00   7.665998e+01   1.637985e+01  
862       1.50652910621e+05   0.000000e+00   7.662030e+01   1.637599e+01  
863       1.50370894715e+05   0.000000e+00   7.700076e+01   1.637872e+01  
864       1.50514175413e+05   0.000000e+00   7.676043e+01   1.637075e+01  
865       1.50318331725e+05   0.000000e+00   7.708861e+01   1.638690e+01  
866       1.50802291906e+05   0.000000e+00   7.647949e+01   1.636485e+01  
867       1.50458561532e+05   0.000000e+00   7.691098e+01   1.637374e+01  
868       1.50623479603e+05   0.000000e+00   7.673468e+01   1.636343e+01  
869       1.50293781295e+05   0.000000e+00   7.714067e+01   1.639413e+01  
870       1.50634373905e+05   0.000000e+00   7.685901e+01   1.635924e+01  
871       1.50327534510e+05   0.000000e+00   7.719877e+01   1.640438e+01  
872       1.50650931592e+05   0.000000e+00   7.694004e+01   1.635537e+01  
873       1.50396523342e+05   0.000000e+00   7.724908e+01   1.639871e+01  
874       1.50743065206e+05   0.000000e+00   7.680491e+01   1.636102e+01  
875       1.50522476540e+05   0.000000e+00   7.715702e+01   1.639239e+01  
876       1.50859357140e+05   0.000000e+00   7.671947e+01   1.635415e+01  
877       1.50763221041e+05   0.000000e+00   7.693278e+01   1.638510e+01  
878       1.50804006014e+05   0.000000e+00   7.689872e+01   1.636531e+01  
879       1.50848303433e+05   0.000000e+00   7.687247e+01   1.637629e+01  
880       1.50778522428e+05   0.000000e+00   7.683062e+01   1.636710e+01  
881       1.50878330690e+05   0.000000e+00   7.688412e+01   1.637479e+01  
882       1.50637827087e+05   0.000000e+00   7.701733e+01   1.636552e+01  
883       1.50739209904e+05   0.000000e+00   7.709683e+01   1.637299e+01  
884       1.50530635392e+05   0.000000e+00   7.712161e+01   1.637637e+01  
885       1.50643550397e+05   0.000000e+00   7.728149e+01   1.637258e+01  
886       1.50441795409e+05   0.000000e+00   7.728945e+01   1.638022e+01  
887       1.50571942516e+05   0.000000e+00   7.727077e+01   1.637135e+01  
888       1.50224797043e+05   0.000000e+00   7.751693e+01   1.638874e+01  
889       1.50645029574e+05   0.000000e+00   7.733247e+01   1.636091e+01  
890       1.50140311073e+05   0.000000e+00   7.743375e+01   1.639300e+01  
891       1.50765339611e+05   0.000000e+00   7.729313e+01   1.636032e+01  
892       1.50241944286e+05   0.000000e+00   7.748574e+01   1.638208e+01  
893       1.50719292636e+05   0.000000e+00   7.741372e+01   1.636347e+01  
894       1.50509016195e+05   0.000000e+00   7.732686e+01   1.637984e+01  
895       1.50917267751e+05   0.000000e+00   7.723476e+01   1.635214e+01  
896       1.50598219645e+05   0.000000e+00   7.720904e+01   1.637894e+01  
897       1.50858648553e+05   0.000000e+00   7.723510e+01   1.636608e+01  
898       1.50678604742e+05   0.000000e+00   7.729631e+01   1.638821e+01  
899       1.50730398537e+05   0.000000e+00   7.731196e+01   1.636534e+01  
900       1.50450519559e+05   0.000000e+00   7.747777e+01   1.639730e+01  
901       1.50920345943e+05   0.000000e+00   7.727738e+01   1.636673e+01  
902       1.50368021230e+05   0.000000e+00   7.756823e+01   1.639891e+01  
903       1.50934507793e+05   0.000000e+00   7.726801e+01   1.636738e+01  
904       1.50185967254e+05   0.000000e+00   7.763793e+01   1.640847e+01  
905       1.51195389516e+05   0.000000e+00   7.710477e+01   1.636166e+01  
906       1.50197266298e+05   0.000000e+00   7.758262e+01   1.640210e+01  
907       1.51291062490e+05   0.000000e+00   7.713502e+01   1.636901e+01  
908       1.49953985325e+05   0.000000e+00   7.774072e+01   1.639897e+01  
909       1.51452302130e+05   0.000000e+00   7.700316e+01   1.637414e+01  
910       1.50175966724e+05   0.000000e+00   7.744600e+01   1.640251e+01  
911       1.51651334027e+05   0.000000e+00   7.677570e+01   1.637675e+01  
912       1.50495440775e+05   0.000000e+00   7.718252e+01   1.639836e+01  
913       1.51540856825e+05   0.000000e+00   7.697448e+01   1.638258e+01  
914       1.50131525211e+05   0.000000e+00   7.767379e+01   1.641521e+01  
915       1.51428549914e+05   0.000000e+00   7.718980e+01   1.639804e+01  
916       1.50148037392e+05   0.000000e+00   7.776911e+01   1.641309e+01  
917       1.51301328375e+05   0.000000e+00   7.731972e+01   1.639334e+01  
918       1.50143115371e+05   0.000000e+00   7.777834e+01   1.641403e+01  
919       1.51377038812e+05   0.000000e+00   7.728317e+01   1.638307e+01  
920       1.50131285902e+05   0.000000e+00   7.783899e+01   1.641642e+01  
921       1.51047043403e+05   0.000000e+00   7.761470e+01   1.639059e+01  
922       1.49960906183e+05   0.000000e+00   7.801798e+01   1.642427e+01  
923       1.51278701745e+05   0.000000e+00   7.746210e+01   1.638882e+01  
924       1.49975764319e+05   0.000000e+00   7.797876e+01   1.642453e+01  
925       1.51407823379e+05   0.000000e+00   7.731996e+01   1.638530e+01  
926       1.50105264494e+05   0.000000e+00   7.790858e+01   1.641949e+01  
927       1.51500323185e+05   0.000000e+00   7.716236e+01   1.638845e+01  
928       1.50015372365e+05   0.000000e+00   7.790700e+01   1.641921e+01  
929       1.51368354268e+05   0.000000e+00   7.739581e+01   1.639305e+01  
930       1.49874886846e+05   0.000000e+00   7.815666e+01   1.642499e+01  
931       1.51248333862e+05   0.000000e+00   7.766048e+01   1.639821e+01  
932       1.49864396327e+05   0.000000e+00   7.813068e+01   1.643417e+01  
933       1.51189376515e+05   0.000000e+00   7.773092e+01   1.639962e+01  
934       1.50014350667e+05   0.000000e+00   7.801117e+01   1.643161e+01  
935       1.51336046100e+05   0.000000e+00   7.755035e+01   1.639754e+01  
936       1.50069207794e+05   0.000000e+00   7.796855e+01   1.643510e+01  
937       1.51207863303e+05   0.000000e+00   7.775295e+01   1.640293e+01  
938       1.50058064343e+05   0.000000e+00   7.814832e+01   1.643440e+01  
939       1.51225905326e+05   0.000000e+00   7.771711e+01   1.640414e+01  
940       1.50451292332e+05   0.000000e+00   7.789876e+01   1.642475e+01  
941       1.50845160340e+05   0.000000e+00   7.805386e+01   1.640462e+01  
942       1.50420436739e+05   0.000000e+00   7.793156e+01   1.643366e+01  
943       1.51074245212e+05   0.000000e+00   7.776600e+01   1.640257e+01  
944       1.50472906579e+05   0.000000e+00   7.794206e+01   1.643058e+01  
945       1.50960604904e+05   0.000000e+00   7.789629e+01   1.640788e+01  
946       1.50533132577e+05   0.000000e+00   7.793006e+01   1.644128e+01  
947       1.51027343513e+05   0.000000e+00   7.798069e+01   1.640962e+01  
948       1.50235154687e+05   0.000000e+00   7.817255e+01   1.644097e+01  
949       1.51018749161e+05   0.000000e+00   7.803395e+01   1.641260e+01  
950       1.50533933086e+05   0.000000e+00   7.803569e+01   1.643116e+01  
951       1.50850041895e+05   0.000000e+00   7.813425e+01   1.641378e+01  
952       1.50583579661e+05   0.000000e+00   7.808405e+01   1.642554e+01  
953       1.50564435534e+05   0.000000e+00   7.832082e+01   1.640795e+01  
954       1.50504571716e+05   0.000000e+00   7.817169e+01   1.643365e+01  
955       1.50621765210e+05   0.000000e+00   7.830879e+01   1.641314e+01  
956       1.50519628442e+05   0.000000e+00   7.823044e+01   1.643621e+01  
957       1.50585765530e+05   0.000000e+00   7.838551e+01   1.639937e+01  
958       1.50419206111e+05   0.000000e+00   7.835714e+01   1.644293e+01  
959       1.50713816091e+05   0.000000e+00   7.834000e+01   1.641756e+01  
960       1.50391494828e+05   0.000000e+00   7.832334e+01   1.644255e+01  
961       1.50716672340e+05   0.000000e+00   7.841582e+01   1.641425e+01  
962       1.50452652794e+05   0.000000e+00   7.828399e+01   1.644182e+01  
963       1.50820969356e+05   0.000000e+00   7.829017e+01   1.641581e+01  
964       1.50478407129e+05   0.000000e+00   7.832300e+01   1.643947e+01  
965       1.50902007603e+05   0.000000e+00   7.815673e+01   1.641170e+01  
966       1.50407377067e+05   0.000000e+00   7.841770e+01   1.643890e+01  
967       1.50899527445e+05   0.000000e+00   7.818324e+01   1.640716e+01  
968       1.50538496006e+05   0.000000e+00   7.835691e+01   1.643665e+01  
969       1.50819035821e+05   0.000000e+00   7.827624e+01   1.641565e+01  
970       1.50525545179e+05   0.000000e+00   7.839817e+01   1.643694e+01  
971       1.50894345695e+05   0.000000e+00   7.828689e+01   1.641288e+01  
972       1.50535095814e+05   0.000000e+00   7.839297e+01   1.643491e+01  
973       1.50909521907e+05   0.000000e+00   7.827061e+01   1.642041e+01  
974       1.50397377531e+05   0.000000e+00   7.857036e+01   1.643501e+01  
975       1.50864044182e+05   0.000000e+00   7.829015e+01   1.642943e+01  
976       1.50340186941e+05   0.000000e+00   7.874074e+01   1.644107e+01  
977       1.50731727025e+05   0.000000e+00   7.839945e+01   1.642584e+01  
978       1.50521421878e+05   0.000000e+00   7.864474e+01   1.644821e+01  
979       1.50678417378e+05   0.000000e+00   7.833383e+01   1.641951e+01  
980       1.50573080423e+05   0.000000e+00   7.848632e+01   1.645116e+01  
981       1.50612864756e+05   0.000000e+00   7.839768e+01   1.642216e+01  
982       1.50441092579e+05   0.000000e+00   7.870045e+01   1.645720e+01  
983       1.50572013808e+05   0.000000e+00   7.853899e+01   1.641931e+01  
984       1.50472066948e+05   0.000000e+00   7.843971e+01   1.645353e+01  
985       1.50554311291e+05   0.000000e+00   7.857841e+01   1.642644e+01  
986       1.50448121664e+05   0.000000e+00   7.850153e+01   1.644807e+01  
987       1.50423629797e+05   0.000000e+00   7.867884e+01   1.643510e+01  
988       1.50574238038e+05   0.000000e+00   7.842203e+01   1.643933e+01  
989       1.50308908586e+05   0.000000e+00   7.868787e+01   1.642599e+01  
990       1.50713888323e+05   0.000000e+00   7.838598e+01   1.643025e+01  
991       1.50185732066e+05   0.000000e+00   7.883667e+01   1.643829e+01  
992       1.50739985856e+05   0.000000e+00   7.859536e+01   1.642172e+01  
993       1.49799879268e+05   0.000000e+00   7.917377e+01   1.644490e+01  
994       1.50766754210e+05   0.000000e+00   7.863729e+01   1.642196e+01  
995       1.50130405888e+05   0.000000e+00   7.883520e+01   1.643993e+01  
996       1.50767388569e+05   0.000000e+00   7.864223e+01   1.641998e+01  
997       1.50063178684e+05   0.000000e+00   7.896461e+01   1.643195e+01  
998       1.50793892973e+05   0.000000e+00   7.863463e+01   1.643720e+01  
999       1.50117655405e+05   0.000000e+00   7.910045e+01   1.643293e+01  
1000      1.50765112433e+05   0.000000e+00   7.861825e+01   1.645187e+01  
1001      1.50371979381e+05   0.000000e+00   7.880996e+01   1.642770e+01  
1002      1.51088015758e+05   0.000000e+00   7.833753e+01   1.643658e+01  
1003      1.50353571213e+05   0.000000e+00   7.878448e+01   1.642792e+01  
1004      1.50853854080e+05   0.000000e+00   7.866908e+01   1.645015e+01  
1005      1.50247943745e+05   0.000000e+00   7.906536e+01   1.643814e+01  
1006      1.50604352846e+05   0.000000e+00   7.891710e+01   1.645247e+01  
1007      1.50050223639e+05   0.000000e+00   7.933677e+01   1.643896e+01  
1008      1.50666254299e+05   0.000000e+00   7.886013e+01   1.646175e+01  
1009      1.50136077809e+05   0.000000e+00   7.919162e+01   1.643199e+01  
1010      1.50728937476e+05   0.000000e+00   7.880598e+01   1.646120e+01  
1011      1.50155679965e+05   0.000000e+00   7.918634e+01   1.642971e+01  
1012      1.50661975144e+05   0.000000e+00   7.884673e+01   1.646097e+01  
1013      1.50428547298e+05   0.000000e+00   7.895166e+01   1.642286e+01  
1014      1.50680233083e+05   0.000000e+00   7.890981e+01   1.646508e+01  
1015      1.50320037905e+05   0.000000e+00   7.920560e+01   1.642268e+01  
1016      1.50794316080e+05   0.000000e+00   7.899892e+01   1.646332e+01  
1017      1.50590055160e+05   0.000000e+00   7.893061e+01   1.642233e+01  
1018      1.50717706587e+05   0.000000e+00   7.902432e+01   1.647296e+01  
1019      1.50539320364e+05   0.000000e+00   7.895128e+01   1.642356e+01  
1020      1.50997950671e+05   0.000000e+00   7.886982e+01   1.647379e+01  
1021      1.50567164732e+05   0.000000e+00   7.895523e+01   1.642697e+01  
1022      1.50837086574e+05   0.000000e+00   7.904821e+01   1.648069e+01  
1023      1.50626697793e+05   0.000000e+00   7.903173e+01   1.642128e+01  
1024      1.50827935520e+05   0.000000e+00   7.899035e+01   1.646727e+01  
1025      1.50865447647e+05   0.000000e+00   7.885252e+01   1.642056e+01  
1026      1.50585501770e+05   0.000000e+00   7.917341e+01   1.645898e+01  
1027      1.50789044426e+05   0.000000e+00   7.906098e+01   1.642732e+01  
1028      1.50569416319e+05   0.000000e+00   7.913274e+01   1.645586e+01  
1029      1.50965035284e+05   0.000000e+00   7.880596e+01   1.642098e+01  
1030      1.50569658157e+05   0.000000e+00   7.917598e+01   1.645775e+01  
1031      1.50718524050e+05   0.000000e+00   7.919803e+01   1.643347e+01  
1032      1.50327406159e+05   0.000000e+00   7.946122e+01   1.646370e+01  
1033      1.51054480309e+05   0.000000e+00   7.889093e+01   1.642837e+01  
1034      1.50300949318e+05   0.000000e+00   7.947389e+01   1.646153e+01  
1035      1.50915004884e+05   0.000000e+00   7.915845e+01   1.642969e+01  
1036      1.50446013149e+05   0.000000e+00   7.922288e+01   1.645899e+01  
1037      1.50866370665e+05   0.000000e+00   7.918915e+01   1.642874e+01  
1038      1.50174000607e+05   0.000000e+00   7.959108e+01   1.646254e+01  
1039      1.51043759138e+05   0.000000e+00   7.899176e+01   1.643419e+01  
1040      1.50371571932e+05   0.000000e+00   7.946541e+01   1.645204e+01  
1041      1.51212947477e+05   0.000000e+00   7.890632e+01   1.642278e+01  
1042      1.50173872496e+05   0.000000e+00   7.972241e+01   1.645049e+01  
1043      1.51151822860e+05   0.000000e+00   7.899385e+01   1.642253e+01  
1044      1.50153950399e+05   0.000000e+00   7.979147e+01   1.645531e+01  
1045      1.50893279148e+05   0.000000e+00   7.928136e+01   1.642167e+01  
1046      1.50039327210e+05   0.000000e+00   7.995056e+01   1.645852e+01  
1047      1.50891264197e+05   0.000000e+00   7.940755e+01   1.641430e+01  
1048      1.49968057340e+05   0.000000e+00   8.000514e+01   1.646287e+01  
1049      1.50866431867e+05   0.000000e+00   7.933713e+01   1.641897e+01  
1050      1.50162085261e+05   0.000000e+00   7.977568e+01   1.645206e+01  
1051      1.50824944564e+05   0.000000e+00   7.939049e+01   1.641689e+01  
1052      1.50104829199e+05   0.000000e+00   7.987599e+01   1.645843e+01  
1053      1.50969897791e+05   0.000000e+00   7.931040e+01   1.642627e+01  
1054      1.50113765661e+05   0.000000e+00   7.989985e+01   1.645435e+01  
1055      1.50881840329e+05   0.000000e+00   7.934843e+01   1.642587e+01  
1056      1.50251131475e+05   0.000000e+00   7.972189e+01   1.645822e+01  
1057      1.50984091484e+05   0.000000e+00   7.922110e+01   1.642313e+01  
1058      1.50195888931e+05   0.000000e+00   7.982129e+01   1.645917e+01  
1059      1.50828480435e+05   0.000000e+00   7.937536e+01   1.642877e+01  
1060      1.50011239659e+05   0.000000e+00   8.002921e+01   1.646125e+01  
1061      1.50711281504e+05   0.000000e+00   7.949947e+01   1.643576e+01  
1062      1.50044821944e+05   0.000000e+00   8.007302e+01   1.645467e+01  
1063      1.50518728932e+05   0.000000e+00   7.974434e+01   1.645037e+01  
1064      1.50113483081e+05   0.000000e+00   7.990071e+01   1.644348e+01  
1065      1.50684326742e+05   0.000000e+00   7.957388e+01   1.645579e+01  
1066      1.50159408104e+05   0.000000e+00   7.995996e+01   1.644109e+01  
1067      1.50584931016e+05   0.000000e+00   7.972812e+01   1.646509e+01  
1068      1.50192957052e+05   0.000000e+00   8.001570e+01   1.643429e+01  
1069      1.50539707220e+05   0.000000e+00   7.969264e+01   1.647036e+01  
1070      1.50108236509e+05   0.000000e+00   8.002572e+01   1.643509e+01  
1071      1.50505841911e+05   0.000000e+00   7.973155e+01   1.646900e+01  
1072      1.50085613259e+05   0.000000e+00   8.008775e+01   1.643687e+01  
1073      1.50512002304e+05   0.000000e+00   7.969093e+01   1.645753e+01  
1074      1.50038528321e+05   0.000000e+00   8.001427e+01   1.643689e+01  
1075      1.50431399629e+05   0.000000e+00   7.986787e+01   1.645735e+01  
1076      1.49815376232e+05   0.000000e+00   8.023592e+01   1.644787e+01  
1077      1.50268686161e+05   0.000000e+00   8.010236e+01   1.644688e+01  
1078      1.49626497761e+05   0.000000e+00   8.034040e+01   1.644637e+01  
1079      1.50365149645e+05   0.000000e+00   8.006135e+01   1.644616e+01  
1080      1.49676743240e+05   0.000000e+00   8.032097e+01   1.643486e+01  
1081      1.50446092850e+05   0.000000e+00   8.005242e+01   1.644579e+01  
1082      1.49401305403e+05   0.000000e+00   8.056437e+01   1.643135e+01  
1083      1.50440531523e+05   0.000000e+00   8.000445e+01   1.645556e+01  
1084      1.49509200979e+05   0.000000e+00   8.052366e+01   1.642789e+01  
1085      1.50466998795e+05   0.000000e+00   7.987632e+01   1.645619e+01  
1086      1.49897562925e+05   0.000000e+00   8.015977e+01   1.641422e+01  
1087      1.50270657199e+05   0.000000e+00   7.996819e+01   1.644802e+01  
1088      1.50070205989e+05   0.000000e+00   8.004552e+01   1.642314e+01  
1089      1.50185164636e+05   0.000000e+00   8.010333e+01   1.645219e+01  
1090      1.49869428262e+05   0.000000e+00   8.029448e+01   1.642510e+01  
1091      1.50203055667e+05   0.000000e+00   8.009632e+01   1.644841e+01  
1092      1.49910741949e+05   0.000000e+00   8.032683e+01   1.642336e+01  
1093      1.50298414523e+05   0.000000e+00   8.007018e+01   1.644489e+01  
1094      1.49847112438e+05   0.000000e+00   8.041661e+01   1.642675e+01  
1095      1.50279412844e+05   0.000000e+00   8.010079e+01   1.643955e+01  
1096      1.50011783005e+05   0.000000e+00   8.034160e+01   1.641908e+01  
1097      1.49992383520e+05   0.000000e+00   8.025701e+01   1.644239e+01  
1098      1.50047277152e+05   0.000000e+00   8.030496e+01   1.643381e+01  
1099      1.50006542751e+05   0.000000e+00   8.040176e+01   1.643395e+01  
1100      1.49900406864e+05   0.000000e+00   8.053266e+01   1.643351e+01  
1101      1.49941447483e+05   0.000000e+00   8.049667e+01   1.643447e+01  
1102      1.50144014633e+05   0.000000e+00   8.025347e+01   1.642867e+01  
1103      1.49920491494e+05   0.000000e+00   8.054947e+01   1.643010e+01  
1104      1.50110586868e+05   0.000000e+00   8.036666e+01   1.643498e+01  
1105      1.49980458603e+05   0.000000e+00   8.057687e+01   1.643450e+01  
1106      1.50191856578e+05   0.000000e+00   8.039552e+01   1.643328e+01  
1107      1.50053871440e+05   0.000000e+00   8.044349e+01   1.643246e+01  
1108      1.50038923049e+05   0.000000e+00   8.061182e+01   1.643377e+01  
1109      1.49887907152e+05   0.000000e+00   8.072536e+01   1.643087e+01  
1110      1.50307151823e+05   0.000000e+00   8.038080e+01   1.642471e+01  
1111      1.49835753270e+05   0.000000e+00   8.068696e+01   1.643137e+01  
1112      1.50115726009e+05   0.000000e+00   8.065419e+01   1.642752e+01  
1113      1.49894476048e+05   0.000000e+00   8.060034e+01   1.642048e+01  
1114      1.50284918416e+05   0.000000e+00   8.050271e+01   1.642624e+01  
1115      1.49706408495e+05   0.000000e+00   8.084004e+01   1.642862e+01  
1116      1.50076025335e+05   0.000000e+00   8.068298e+01   1.642514e+01  
1117      1.49826061207e+05   0.000000e+00   8.084642e+01   1.643126e+01  
1118      1.50198281222e+05   0.000000e+00   8.052977e+01   1.641568e+01  
1119      1.50003969347e+05   0.000000e+00   8.068939e+01   1.642210e+01  
1120      1.50031501576e+05   0.000000e+00   8.074360e+01   1.641419e+01  
1121      1.49962293829e+05   0.000000e+00   8.080400e+01   1.642657e+01  
1122      1.49904383020e+05   0.000000e+00   8.082020e+01   1.641744e+01  
1123      1.49912559185e+05   0.000000e+00   8.086208e+01   1.642641e+01  
1124      1.49918597678e+05   0.000000e+00   8.088710e+01   1.641563e+01  
1125      1.50031343106e+05   0.000000e+00   8.074312e+01   1.642212e+01  
1126      1.50015763527e+05   0.000000e+00   8.073718e+01   1.640077e+01  
1127      1.49990936975e+05   0.000000e+00   8.082378e+01   1.642342e+01  
1128      1.49744928966e+05   0.000000e+00   8.096492e+01   1.641162e+01  
1129      1.50066152914e+05   0.000000e+00   8.076984e+01   1.641936e+01  
1130      1.49919284621e+05   0.000000e+00   8.080941e+01   1.640578e+01  
1131      1.49824777307e+05   0.000000e+00   8.098249e+01   1.642006e+01  
1132      1.49765135460e+05   0.000000e+00   8.107988e+01   1.640872e+01  
1133      1.49815709170e+05   0.000000e+00   8.093053e+01   1.641993e+01  
1134      1.49996436998e+05   0.000000e+00   8.097227e+01   1.640549e+01  
1135      1.49548518886e+05   0.000000e+00   8.108758e+01   1.641830e+01  
1136      1.50035197993e+05   0.000000e+00   8.101493e+01   1.639910e+01  
1137      1.49773602889e+05   0.000000e+00   8.093967e+01   1.642181e+01  
1138      1.49942208619e+05   0.000000e+00   8.116229e+01   1.640482e+01  
1139      1.49720698209e+05   0.000000e+00   8.113073e+01   1.641717e+01  
1140      1.49950731298e+05   0.000000e+00   8.103074e+01   1.639928e+01  
1141      1.49831962113e+05   0.000000e+00   8.122534e+01   1.641770e+01  
1142      1.49700989509e+05   0.000000e+00   8.129856e+01   1.641217e+01  
1143      1.50028530758e+05   0.000000e+00   8.100626e+01   1.641453e+01  
1144      1.49661870355e+05   0.000000e+00   8.135683e+01   1.641731e+01  
1145      1.49870651021e+05   0.000000e+00   8.125774e+01   1.640545e+01  
1146      1.49737286891e+05   0.000000e+00   8.130245e+01   1.642023e+01  
1147      1.49987181845e+05   0.000000e+00   8.103746e+01   1.640185e+01  
1148      1.49657748861e+05   0.000000e+00   8.137543e+01   1.640864e+01  
1149      1.50046200743e+05   0.000000e+00   8.093278e+01   1.640623e+01  
1150      1.49540278446e+05   0.000000e+00   8.142192e+01   1.640809e+01  
1151      1.50204638747e+05   0.000000e+00   8.086828e+01   1.640434e+01  
1152      1.49580707666e+05   0.000000e+00   8.139677e+01   1.641004e+01  
1153      1.49937797068e+05   0.000000e+00   8.117920e+01   1.640896e+01  
1154      1.49705102545e+05   0.000000e+00   8.134058e+01   1.641516e+01  
1155      1.50001890243e+05   0.000000e+00   8.127885e+01   1.640271e+01  
1156      1.49650122246e+05   0.000000e+00   8.138653e+01   1.642235e+01  
1157      1.50310356950e+05   0.000000e+00   8.108488e+01   1.639847e+01  
1158      1.49739237870e+05   0.000000e+00   8.123579e+01   1.640901e+01  
1159      1.50317860734e+05   0.000000e+00   8.109936e+01   1.641451e+01  
1160      1.49785872462e+05   0.000000e+00   8.130003e+01   1.641484e+01  
1161      1.50190546604e+05   0.000000e+00   8.126386e+01   1.642379e+01  
1162      1.49792602816e+05   0.000000e+00   8.133615e+01   1.641118e+01  
1163      1.50233730935e+05   0.000000e+00   8.113001e+01   1.642585e+01  
1164      1.49924825719e+05   0.000000e+00   8.128663e+01   1.640713e+01  
1165      1.50142522404e+05   0.000000e+00   8.132622e+01   1.641864e+01  
1166      1.49825971104e+05   0.000000e+00   8.153759e+01   1.641876e+01  
1167      1.49782845226e+05   0.000000e+00   8.169178e+01   1.641554e+01  
1168      1.49921495157e+05   0.000000e+00   8.145851e+01   1.641779e+01  
1169      1.49864986941e+05   0.000000e+00   8.154966e+01   1.641726e+01  
1170      1.50078865245e+05   0.000000e+00   8.126688e+01   1.641062e+01  
1171      1.50000547816e+05   0.000000e+00   8.142787e+01   1.640308e+01  
1172      1.49958373895e+05   0.000000e+00   8.143534e+01   1.641363e+01  
1173      1.49806405116e+05   0.000000e+00   8.165148e+01   1.641707e+01  
1174      1.50075175682e+05   0.000000e+00   8.134166e+01   1.641514e+01  
1175      1.49766019672e+05   0.000000e+00   8.168231e+01   1.641904e+01  
1176      1.50088573968e+05   0.000000e+00   8.141886e+01   1.640759e+01  
1177      1.49710939375e+05   0.000000e+00   8.174438e+01   1.642712e+01  
1178      1.50180877563e+05   0.000000e+00   8.142090e+01   1.641027e+01  
1179      1.49771075773e+05   0.000000e+00   8.177684e+01   1.642649e+01  
1180      1.50056704252e+05   0.000000e+00   8.144538e+01   1.641262e+01  
1181      1.49999370309e+05   0.000000e+00   8.159586e+01   1.641456e+01  
1182      1.50234760154e+05   0.000000e+00   8.140845e+01   1.642000e+01  
1183      1.49763621486e+05   0.000000e+00   8.195573e+01   1.642473e+01  
1184      1.50175874286e+05   0.000000e+00   8.158266e+01   1.641540e+01  
1185      1.49680332697e+05   0.000000e+00   8.207424e+01   1.642048e+01  
1186      1.50260893775e+05   0.000000e+00   8.159051e+01   1.640662e+01  
1187      1.49459935154e+05   0.000000e+00   8.215939e+01   1.642140e+01  
1188      1.50332699393e+05   0.000000e+00   8.154211e+01   1.641342e+01  
1189      1.49441704581e+05   0.000000e+00   8.221740e+01   1.641652e+01  
1190      1.50335789431e+05   0.000000e+00   8.160614e+01   1.641937e+01  
1191      1.49411879406e+05   0.000000e+00   8.218386e+01   1.642085e+01  
1192      1.50467048545e+05   0.000000e+00   8.140777e+01   1.642000e+01  
1193      1.49564836017e+05   0.000000e+00   8.210523e+01   1.641752e+01  
1194      1.50385823578e+05   0.000000e+00   8.149771e+01   1.641812e+01  
1195      1.49850881670e+05   0.000000e+00   8.185343e+01   1.642469e+01  
1196      1.50551849299e+05   0.000000e+00   8.135383e+01   1.640837e+01  
1197      1.49899534280e+05   0.000000e+00   8.190944e+01   1.642372e+01  
1198      1.50590774384e+05   0.000000e+00   8.126561e+01   1.640356e+01  
1199      1.49900312304e+05   0.000000e+00   8.201213e+01   1.643275e+01  
1200      1.50455349011e+05   0.000000e+00   8.158471e+01   1.640766e+01  
1201      1.49837649970e+05   0.000000e+00   8.205707e+01   1.643615e+01  
1202      1.50518994678e+05   0.000000e+00   8.153872e+01   1.640801e+01  
1203      1.50070482757e+05   0.000000e+00   8.187604e+01   1.642280e+01  
1204      1.50585741784e+05   0.000000e+00   8.149494e+01   1.640741e+01  
1205      1.49900174279e+05   0.000000e+00   8.203003e+01   1.642965e+01  
1206      1.50462355219e+05   0.000000e+00   8.171180e+01   1.641462e+01  
1207      1.50011425401e+05   0.000000e+00   8.194103e+01   1.643057e+01  
1208      1.50503684538e+05   0.000000e+00   8.166265e+01   1.641890e+01  
1209      1.50042964949e+05   0.000000e+00   8.194344e+01   1.643142e+01  
1210      1.50519492674e+05   0.000000e+00   8.173124e+01   1.642519e+01  
1211      1.50085699234e+05   0.000000e+00   8.178036e+01   1.642141e+01  
1212      1.50478733414e+05   0.000000e+00   8.181148e+01   1.643307e+01  
1213      1.50015910207e+05   0.000000e+00   8.185386e+01   1.641651e+01  
1214      1.50583514511e+05   0.000000e+00   8.176229e+01   1.642673e+01  
1215      1.50259019830e+05   0.000000e+00   8.169041e+01   1.641422e+01  
1216      1.50283658828e+05   0.000000e+00   8.205016e+01   1.642889e+01  
1217      1.50102664463e+05   0.000000e+00   8.203776e+01   1.641659e+01  
1218      1.50341437045e+05   0.000000e+00   8.198838e+01   1.643512e+01  
1219      1.50108976846e+05   0.000000e+00   8.204555e+01   1.641745e+01  
1220      1.50474690272e+05   0.000000e+00   8.192315e+01   1.642404e+01  
1221      1.49998207262e+05   0.000000e+00   8.220199e+01   1.642177e+01  
1222      1.50528335207e+05   0.000000e+00   8.194156e+01   1.643522e+01  
1223      1.50206098486e+05   0.000000e+00   8.189467e+01   1.641696e+01  
1224      1.50483184060e+05   0.000000e+00   8.198167e+01   1.643102e+01  
1225      1.49989812265e+05   0.000000e+00   8.212561e+01   1.641902e+01  
1226      1.50509401066e+05   0.000000e+00   8.199038e+01   1.643049e+01  
1227      1.50184844261e+05   0.000000e+00   8.199969e+01   1.643653e+01  
1228      1.50462464238e+05   0.000000e+00   8.209649e+01   1.643748e+01  
1229      1.49957185606e+05   0.000000e+00   8.222075e+01   1.643715e+01  
1230      1.50603766661e+05   0.000000e+00   8.205863e+01   1.643477e+01  
1231      1.49928197457e+05   0.000000e+00   8.234820e+01   1.643869e+01  
1232      1.50431584522e+05   0.000000e+00   8.214817e+01   1.643951e+01  
1233      1.49883725527e+05   0.000000e+00   8.237022e+01   1.643211e+01  
1234      1.50650715097e+05   0.000000e+00   8.187537e+01   1.643356e+01  
1235      1.49744687075e+05   0.000000e+00   8.263820e+01   1.644121e+01  
1236      1.50325821604e+05   0.000000e+00   8.217561e+01   1.643572e+01  
1237      1.49929019866e+05   0.000000e+00   8.244876e+01   1.643441e+01  
1238      1.50302828916e+05   0.000000e+00   8.214812e+01   1.643241e+01  
1239      1.49761537688e+05   0.000000e+00   8.257634e+01   1.644017e+01  
1240      1.50248000251e+05   0.000000e+00   8.226941e+01   1.643068e+01  
1241      1.49918862487e+05   0.000000e+00   8.241651e+01   1.643187e+01  
1242      1.50304452791e+05   0.000000e+00   8.228241e+01   1.642338e+01  
1243      1.49647871924e+05   0.000000e+00   8.265357e+01   1.643721e+01  
1244      1.50457405828e+05   0.000000e+00   8.222442e+01   1.642704e+01  
1245      1.49570827187e+05   0.000000e+00   8.275696e+01   1.643726e+01  
1246      1.50462334993e+05   0.000000e+00   8.223028e+01   1.643195e+01  
1247      1.49678687889e+05   0.000000e+00   8.263801e+01   1.643137e+01  
1248      1.50705183532e+05   0.000000e+00   8.202864e+01   1.642620e+01  
1249      1.49689689664e+05   0.000000e+00   8.270857e+01   1.643052e+01  
1250      1.50483923688e+05   0.000000e+00   8.225629e+01   1.643324e+01  
-------------------------------------------------------------------

Initialization/allocation wall-clock time: 2.780 seconds
Calculation (iterations) wall-clock time : 251.856 seconds

