
**********************************************
Real-time propagation in 3D, OPTION = 2
MPI nodes = 8, OMP threads = 16, cores = 128
**********************************************

Interactions
Contact: Natoms = 1.50000000000e+05, as = 6.700000e+01 * a0, G = 1.203644e+04, G * par = 2.407287e+04
Three-body: K3 =  0.000000e+00, g3 = 0.000000e+00
Regular DDI: add = 1.101000e+02 * a0, GD = 4.721954e+03, GD * par = 9.443909e+03, edd = 1.643284e+00
     Dipolar cutoff Rcut = 4.554491e+00, Lcut = 1.601837e+02

QF = 1: h2 = 1.533427e+05, h4 = 0.000000e+00
        q3 = 0.000000e+00, q5 = 5.356002e+00

GRAD = 0

Trap parameters:
GAMMA = 0.000000e+00, NU = 0.000000e+00, LAMBDA = 0.000000e+00
Parameters of rotation: OMEGA = 0.000000e+00, OMEGA * par = 0.000000e+00

Space discretization: NX = 128, NY = 128, NZ = 128
                      DX = 2.502870e+00, DY = 7.116392e-02, DZ = 7.116392e-02
      Unit of length: aho = 5.552380e-07 m

Time discretization: NITER = 2500 (NSNAP = 1250)
                     DT = 2.532152e-03

Initial state: file ./imag3d-finalpsi.bin
ADD_VORTICES = 0, ADD_RANDOM_PHASE = 0


MUREL = 1.000000e-12, MUEND=1.000000e+05

-------------------------------------------------------------------
Snap      <r>            <x>            <y>            <z>
-------------------------------------------------------------------
0         1.596732e+01   1.595428e+01   4.562826e-01   4.562826e-01  
1         1.596732e+01   1.595428e+01   4.561841e-01   4.561841e-01  
2         1.596731e+01   1.595428e+01   4.560675e-01   4.560675e-01  
3         1.596730e+01   1.595428e+01   4.559330e-01   4.559330e-01  
4         1.596729e+01   1.595428e+01   4.557812e-01   4.557812e-01  
5         1.596728e+01   1.595428e+01   4.556130e-01   4.556130e-01  
6         1.596727e+01   1.595427e+01   4.554298e-01   4.554298e-01  
7         1.596726e+01   1.595427e+01   4.552333e-01   4.552333e-01  
8         1.596724e+01   1.595427e+01   4.550253e-01   4.550253e-01  
9         1.596722e+01   1.595426e+01   4.548079e-01   4.548079e-01  
10        1.596721e+01   1.595426e+01   4.545836e-01   4.545836e-01  
11        1.596719e+01   1.595426e+01   4.543546e-01   4.543546e-01  
12        1.596717e+01   1.595425e+01   4.541236e-01   4.541236e-01  
13        1.596716e+01   1.595425e+01   4.538930e-01   4.538930e-01  
14        1.596714e+01   1.595424e+01   4.536653e-01   4.536653e-01  
15        1.596712e+01   1.595424e+01   4.534430e-01   4.534430e-01  
16        1.596711e+01   1.595424e+01   4.532286e-01   4.532286e-01  
17        1.596709e+01   1.595423e+01   4.530245e-01   4.530245e-01  
18        1.596708e+01   1.595423e+01   4.528330e-01   4.528330e-01  
19        1.596706e+01   1.595423e+01   4.526566e-01   4.526566e-01  
20        1.596705e+01   1.595422e+01   4.524976e-01   4.524976e-01  
21        1.596704e+01   1.595422e+01   4.523582e-01   4.523582e-01  
22        1.596703e+01   1.595422e+01   4.522405e-01   4.522405e-01  
23        1.596703e+01   1.595422e+01   4.521462e-01   4.521462e-01  
24        1.596702e+01   1.595422e+01   4.520768e-01   4.520768e-01  
25        1.596702e+01   1.595422e+01   4.520333e-01   4.520333e-01  
26        1.596702e+01   1.595422e+01   4.520164e-01   4.520164e-01  
27        1.596702e+01   1.595422e+01   4.520263e-01   4.520263e-01  
28        1.596702e+01   1.595422e+01   4.520629e-01   4.520629e-01  
29        1.596703e+01   1.595422e+01   4.521256e-01   4.521256e-01  
30        1.596704e+01   1.595423e+01   4.522134e-01   4.522134e-01  
31        1.596705e+01   1.595423e+01   4.523250e-01   4.523250e-01  
32        1.596706e+01   1.595423e+01   4.524587e-01   4.524587e-01  
33        1.596707e+01   1.595424e+01   4.526128e-01   4.526128e-01  
34        1.596709e+01   1.595424e+01   4.527852e-01   4.527852e-01  
35        1.596710e+01   1.595425e+01   4.529735e-01   4.529735e-01  
36        1.596712e+01   1.595425e+01   4.531756e-01   4.531756e-01  
37        1.596714e+01   1.595426e+01   4.533890e-01   4.533890e-01  
38        1.596716e+01   1.595427e+01   4.536111e-01   4.536111e-01  
39        1.596718e+01   1.595427e+01   4.538395e-01   4.538395e-01  
40        1.596720e+01   1.595428e+01   4.540717e-01   4.540717e-01  
41        1.596722e+01   1.595428e+01   4.543052e-01   4.543052e-01  
42        1.596724e+01   1.595429e+01   4.545376e-01   4.545376e-01  
43        1.596725e+01   1.595430e+01   4.547666e-01   4.547666e-01  
44        1.596727e+01   1.595430e+01   4.549900e-01   4.549900e-01  
45        1.596729e+01   1.595431e+01   4.552055e-01   4.552055e-01  
46        1.596731e+01   1.595432e+01   4.554112e-01   4.554112e-01  
47        1.596733e+01   1.595432e+01   4.556053e-01   4.556053e-01  
48        1.596734e+01   1.595433e+01   4.557862e-01   4.557862e-01  
49        1.596736e+01   1.595433e+01   4.559522e-01   4.559522e-01  
50        1.596737e+01   1.595434e+01   4.561020e-01   4.561020e-01  
51        1.596739e+01   1.595435e+01   4.562345e-01   4.562345e-01  
52        1.596740e+01   1.595435e+01   4.563485e-01   4.563485e-01  
53        1.596741e+01   1.595436e+01   4.564433e-01   4.564433e-01  
54        1.596742e+01   1.595436e+01   4.565182e-01   4.565182e-01  
55        1.596743e+01   1.595437e+01   4.565728e-01   4.565728e-01  
56        1.596743e+01   1.595437e+01   4.566068e-01   4.566068e-01  
57        1.596744e+01   1.595438e+01   4.566202e-01   4.566202e-01  
58        1.596744e+01   1.595438e+01   4.566132e-01   4.566132e-01  
59        1.596745e+01   1.595438e+01   4.565861e-01   4.565861e-01  
60        1.596745e+01   1.595439e+01   4.565395e-01   4.565395e-01  
61        1.596745e+01   1.595439e+01   4.564740e-01   4.564740e-01  
62        1.596745e+01   1.595440e+01   4.563904e-01   4.563904e-01  
63        1.596744e+01   1.595440e+01   4.562899e-01   4.562899e-01  
64        1.596744e+01   1.595440e+01   4.561736e-01   4.561736e-01  
65        1.596744e+01   1.595441e+01   4.560428e-01   4.560428e-01  
66        1.596743e+01   1.595441e+01   4.558988e-01   4.558988e-01  
67        1.596743e+01   1.595442e+01   4.557432e-01   4.557432e-01  
68        1.596742e+01   1.595442e+01   4.555776e-01   4.555776e-01  
69        1.596742e+01   1.595442e+01   4.554037e-01   4.554037e-01  
70        1.596741e+01   1.595443e+01   4.552231e-01   4.552231e-01  
71        1.596740e+01   1.595443e+01   4.550378e-01   4.550378e-01  
72        1.596740e+01   1.595444e+01   4.548495e-01   4.548495e-01  
73        1.596739e+01   1.595444e+01   4.546600e-01   4.546600e-01  
74        1.596739e+01   1.595445e+01   4.544711e-01   4.544711e-01  
75        1.596738e+01   1.595445e+01   4.542848e-01   4.542848e-01  
76        1.596738e+01   1.595446e+01   4.541026e-01   4.541026e-01  
77        1.596737e+01   1.595447e+01   4.539265e-01   4.539265e-01  
78        1.596737e+01   1.595447e+01   4.537580e-01   4.537580e-01  
79        1.596737e+01   1.595448e+01   4.535988e-01   4.535988e-01  
80        1.596737e+01   1.595449e+01   4.534503e-01   4.534503e-01  
81        1.596737e+01   1.595450e+01   4.533139e-01   4.533139e-01  
82        1.596737e+01   1.595451e+01   4.531908e-01   4.531908e-01  
83        1.596738e+01   1.595452e+01   4.530822e-01   4.530822e-01  
84        1.596738e+01   1.595453e+01   4.529891e-01   4.529891e-01  
85        1.596739e+01   1.595454e+01   4.529122e-01   4.529122e-01  
86        1.596740e+01   1.595455e+01   4.528523e-01   4.528523e-01  
87        1.596741e+01   1.595456e+01   4.528100e-01   4.528100e-01  
88        1.596742e+01   1.595458e+01   4.527855e-01   4.527855e-01  
89        1.596744e+01   1.595459e+01   4.527790e-01   4.527790e-01  
90        1.596746e+01   1.595461e+01   4.527905e-01   4.527905e-01  
91        1.596748e+01   1.595463e+01   4.528200e-01   4.528200e-01  
92        1.596750e+01   1.595465e+01   4.528672e-01   4.528672e-01  
93        1.596752e+01   1.595467e+01   4.529316e-01   4.529316e-01  
94        1.596755e+01   1.595470e+01   4.530127e-01   4.530127e-01  
95        1.596759e+01   1.595472e+01   4.531099e-01   4.531099e-01  
96        1.596762e+01   1.595475e+01   4.532225e-01   4.532225e-01  
97        1.596766e+01   1.595479e+01   4.533499e-01   4.533499e-01  
98        1.596771e+01   1.595483e+01   4.534917e-01   4.534917e-01  
99        1.596778e+01   1.595488e+01   4.536479e-01   4.536479e-01  
100       1.596785e+01   1.595495e+01   4.538189e-01   4.538189e-01  
101       1.596796e+01   1.595504e+01   4.540061e-01   4.540061e-01  
102       1.596810e+01   1.595518e+01   4.542123e-01   4.542123e-01  
103       1.596831e+01   1.595537e+01   4.544419e-01   4.544419e-01  
104       1.596860e+01   1.595565e+01   4.547019e-01   4.547019e-01  
105       1.596901e+01   1.595604e+01   4.550020e-01   4.550020e-01  
106       1.596956e+01   1.595657e+01   4.553548e-01   4.553548e-01  
107       1.597026e+01   1.595725e+01   4.557765e-01   4.557765e-01  
108       1.597111e+01   1.595807e+01   4.562865e-01   4.562865e-01  
109       1.597207e+01   1.595900e+01   4.569081e-01   4.569081e-01  
110       1.597312e+01   1.596000e+01   4.576674e-01   4.576674e-01  
111       1.597419e+01   1.596102e+01   4.585933e-01   4.585933e-01  
112       1.597525e+01   1.596202e+01   4.597162e-01   4.597162e-01  
113       1.597627e+01   1.596295e+01   4.610659e-01   4.610659e-01  
114       1.597719e+01   1.596379e+01   4.626698e-01   4.626698e-01  
115       1.597802e+01   1.596451e+01   4.645517e-01   4.645517e-01  
116       1.597881e+01   1.596517e+01   4.667326e-01   4.667326e-01  
117       1.597979e+01   1.596601e+01   4.692337e-01   4.692337e-01  
118       1.598210e+01   1.596814e+01   4.720955e-01   4.720955e-01  
119       1.599416e+01   1.598001e+01   4.755720e-01   4.755720e-01  
120       1.597415e+01   1.595982e+01   4.784056e-01   4.784056e-01  
121       1.599372e+01   1.597914e+01   4.828527e-01   4.828527e-01  
122       1.597393e+01   1.595911e+01   4.864056e-01   4.864056e-01  
123       1.598024e+01   1.596514e+01   4.911563e-01   4.911563e-01  
124       1.596932e+01   1.595392e+01   4.957700e-01   4.957700e-01  
125       1.597244e+01   1.595670e+01   5.011758e-01   5.011758e-01  
126       1.596871e+01   1.595262e+01   5.067666e-01   5.067666e-01  
127       1.597299e+01   1.595651e+01   5.130329e-01   5.130329e-01  
128       1.596953e+01   1.595264e+01   5.192263e-01   5.192263e-01  
129       1.598265e+01   1.596529e+01   5.265390e-01   5.265390e-01  
130       1.597232e+01   1.595453e+01   5.329055e-01   5.329055e-01  
131       1.599045e+01   1.597214e+01   5.409371e-01   5.409371e-01  
132       1.597376e+01   1.595499e+01   5.474608e-01   5.474608e-01  
133       1.599684e+01   1.597748e+01   5.563184e-01   5.563184e-01  
134       1.597643e+01   1.595660e+01   5.627158e-01   5.627158e-01  
135       1.599843e+01   1.597797e+01   5.719532e-01   5.719532e-01  
136       1.597814e+01   1.595718e+01   5.784813e-01   5.784813e-01  
137       1.600148e+01   1.597985e+01   5.881065e-01   5.881065e-01  
138       1.598075e+01   1.595862e+01   5.944376e-01   5.944376e-01  
139       1.600427e+01   1.598138e+01   6.049316e-01   6.049316e-01  
140       1.598367e+01   1.596030e+01   6.109471e-01   6.109471e-01  
141       1.600446e+01   1.598027e+01   6.219675e-01   6.219675e-01  
142       1.598492e+01   1.596023e+01   6.279811e-01   6.279811e-01  
143       1.600351e+01   1.597793e+01   6.396415e-01   6.396415e-01  
144       1.598392e+01   1.595783e+01   6.455623e-01   6.455623e-01  
145       1.600331e+01   1.597623e+01   6.579315e-01   6.579316e-01  
146       1.597896e+01   1.595138e+01   6.635464e-01   6.635464e-01  
147       1.599987e+01   1.597123e+01   6.765799e-01   6.765799e-01  
148       1.598211e+01   1.595295e+01   6.824174e-01   6.824174e-01  
149       1.599494e+01   1.596466e+01   6.955844e-01   6.955844e-01  
150       1.597032e+01   1.593952e+01   7.010485e-01   7.010485e-01  
151       1.599891e+01   1.596689e+01   7.154050e-01   7.154050e-01  
152       1.596266e+01   1.593012e+01   7.203479e-01   7.203480e-01  
153       1.599014e+01   1.595630e+01   7.351760e-01   7.351760e-01  
154       1.596237e+01   1.592796e+01   7.407560e-01   7.407561e-01  
155       1.598125e+01   1.594547e+01   7.557385e-01   7.557385e-01  
156       1.596334e+01   1.592689e+01   7.623074e-01   7.623074e-01  
157       1.598232e+01   1.594441e+01   7.779035e-01   7.779035e-01  
158       1.596997e+01   1.593135e+01   7.848607e-01   7.848608e-01  
159       1.598675e+01   1.594672e+01   7.994974e-01   7.994975e-01  
160       1.597444e+01   1.593386e+01   8.046544e-01   8.046545e-01  
161       1.597991e+01   1.593805e+01   8.173934e-01   8.173934e-01  
162       1.597597e+01   1.593342e+01   8.239760e-01   8.239760e-01  
163       1.596955e+01   1.592571e+01   8.361459e-01   8.361459e-01  
164       1.598250e+01   1.593821e+01   8.408204e-01   8.408204e-01  
165       1.596373e+01   1.591859e+01   8.483063e-01   8.483063e-01  
166       1.598697e+01   1.594106e+01   8.560632e-01   8.560632e-01  
167       1.595960e+01   1.591242e+01   8.670977e-01   8.670978e-01  
168       1.599154e+01   1.594369e+01   8.740239e-01   8.740239e-01  
169       1.595553e+01   1.590698e+01   8.794615e-01   8.794615e-01  
170       1.600044e+01   1.595093e+01   8.892988e-01   8.892989e-01  
171       1.594860e+01   1.589814e+01   8.963093e-01   8.963093e-01  
172       1.600754e+01   1.595654e+01   9.028157e-01   9.028157e-01  
173       1.595149e+01   1.589963e+01   9.088232e-01   9.088232e-01  
174       1.601261e+01   1.595965e+01   9.201676e-01   9.201676e-01  
175       1.595544e+01   1.590225e+01   9.205330e-01   9.205330e-01  
176       1.602140e+01   1.596688e+01   9.338336e-01   9.338336e-01  
177       1.594899e+01   1.589335e+01   9.412249e-01   9.412249e-01  
178       1.602133e+01   1.596524e+01   9.471129e-01   9.471129e-01  
179       1.595547e+01   1.589854e+01   9.522484e-01   9.522484e-01  
180       1.601707e+01   1.595864e+01   9.665085e-01   9.665085e-01  
181       1.596840e+01   1.590975e+01   9.668710e-01   9.668710e-01  
182       1.600921e+01   1.594893e+01   9.814186e-01   9.814187e-01  
183       1.595987e+01   1.589873e+01   9.869103e-01   9.869103e-01  
184       1.601485e+01   1.595254e+01   9.979681e-01   9.979682e-01  
185       1.596998e+01   1.590635e+01   1.007006e+00   1.007006e+00  
186       1.602202e+01   1.595703e+01   1.019363e+00   1.019363e+00  
187       1.597891e+01   1.591280e+01   1.026764e+00   1.026764e+00  
188       1.602041e+01   1.595267e+01   1.040642e+00   1.040642e+00  
189       1.598817e+01   1.591943e+01   1.047170e+00   1.047170e+00  
190       1.600808e+01   1.593733e+01   1.063060e+00   1.063060e+00  
191       1.600181e+01   1.593068e+01   1.065670e+00   1.065670e+00  
192       1.600586e+01   1.593281e+01   1.080087e+00   1.080087e+00  
193       1.599603e+01   1.592202e+01   1.086782e+00   1.086782e+00  
194       1.602854e+01   1.595285e+01   1.100152e+00   1.100152e+00  
195       1.598778e+01   1.591107e+01   1.106172e+00   1.106172e+00  
196       1.600765e+01   1.592905e+01   1.120364e+00   1.120364e+00  
197       1.599714e+01   1.591762e+01   1.126495e+00   1.126495e+00  
198       1.601134e+01   1.592960e+01   1.142570e+00   1.142570e+00  
199       1.599128e+01   1.590832e+01   1.150279e+00   1.150279e+00  
200       1.602927e+01   1.594468e+01   1.162894e+00   1.162894e+00  
201       1.598688e+01   1.590072e+01   1.172084e+00   1.172084e+00  
202       1.600731e+01   1.591826e+01   1.192288e+00   1.192288e+00  
203       1.601615e+01   1.592691e+01   1.193818e+00   1.193818e+00  
204       1.601846e+01   1.592646e+01   1.212244e+00   1.212244e+00  
205       1.602392e+01   1.593063e+01   1.220878e+00   1.220878e+00  
206       1.602811e+01   1.593264e+01   1.235146e+00   1.235146e+00  
207       1.603888e+01   1.594171e+01   1.246495e+00   1.246495e+00  
208       1.602765e+01   1.592731e+01   1.266182e+00   1.266182e+00  
209       1.603872e+01   1.593786e+01   1.269872e+00   1.269872e+00  
210       1.604649e+01   1.594196e+01   1.293026e+00   1.293026e+00  
211       1.601019e+01   1.590463e+01   1.297830e+00   1.297829e+00  
212       1.605456e+01   1.594546e+01   1.321249e+00   1.321246e+00  
213       1.599081e+01   1.588008e+01   1.328360e+00   1.328349e+00  
214       1.609139e+01   1.597777e+01   1.349779e+00   1.349792e+00  
215       1.596191e+01   1.584608e+01   1.357218e+00   1.357238e+00  
216       1.604281e+01   1.592412e+01   1.377336e+00   1.377381e+00  
217       1.597545e+01   1.585455e+01   1.387114e+00   1.387153e+00  
218       1.610902e+01   1.598467e+01   1.412502e+00   1.412599e+00  
219       1.600561e+01   1.587943e+01   1.418230e+00   1.418315e+00  
220       1.609717e+01   1.596815e+01   1.438163e+00   1.438305e+00  
221       1.600378e+01   1.587146e+01   1.452174e+00   1.452253e+00  
222       1.609330e+01   1.595817e+01   1.471486e+00   1.471635e+00  
223       1.601685e+01   1.587853e+01   1.485177e+00   1.485260e+00  
224       1.610743e+01   1.596628e+01   1.504483e+00   1.504607e+00  
225       1.602077e+01   1.587631e+01   1.517803e+00   1.517856e+00  
226       1.609967e+01   1.595124e+01   1.542195e+00   1.542283e+00  
227       1.603261e+01   1.588159e+01   1.552336e+00   1.552343e+00  
228       1.611505e+01   1.595959e+01   1.578929e+00   1.578992e+00  
229       1.604759e+01   1.588934e+01   1.589663e+00   1.589613e+00  
230       1.612849e+01   1.596636e+01   1.613007e+00   1.613024e+00  
231       1.605936e+01   1.589404e+01   1.625205e+00   1.625127e+00  
232       1.613520e+01   1.596549e+01   1.650436e+00   1.650414e+00  
233       1.607378e+01   1.590198e+01   1.657373e+00   1.657238e+00  
234       1.614939e+01   1.597342e+01   1.681199e+00   1.681162e+00  
235       1.609463e+01   1.591660e+01   1.688169e+00   1.687918e+00  
236       1.617458e+01   1.599325e+01   1.707930e+00   1.707643e+00  
237       1.610214e+01   1.591768e+01   1.718620e+00   1.718393e+00  
238       1.617731e+01   1.599064e+01   1.732987e+00   1.732467e+00  
239       1.610398e+01   1.591477e+01   1.740711e+00   1.740200e+00  
240       1.618635e+01   1.599476e+01   1.755985e+00   1.755563e+00  
241       1.612317e+01   1.592864e+01   1.766001e+00   1.765240e+00  
242       1.619393e+01   1.599772e+01   1.777492e+00   1.776776e+00  
243       1.612941e+01   1.593050e+01   1.785988e+00   1.785285e+00  
244       1.619521e+01   1.599402e+01   1.799931e+00   1.798968e+00  
245       1.613996e+01   1.593635e+01   1.807521e+00   1.806711e+00  
246       1.619780e+01   1.599189e+01   1.820975e+00   1.819955e+00  
247       1.614217e+01   1.593380e+01   1.828712e+00   1.827411e+00  
248       1.621497e+01   1.600469e+01   1.841100e+00   1.839923e+00  
249       1.616646e+01   1.595415e+01   1.847360e+00   1.845763e+00  
250       1.622919e+01   1.601456e+01   1.861161e+00   1.859225e+00  
251       1.615884e+01   1.594144e+01   1.869340e+00   1.866622e+00  
252       1.623830e+01   1.601911e+01   1.881819e+00   1.878562e+00  
253       1.616667e+01   1.594477e+01   1.888964e+00   1.886165e+00  
254       1.623421e+01   1.601011e+01   1.902528e+00   1.899028e+00  
255       1.617706e+01   1.595137e+01   1.905598e+00   1.902587e+00  
256       1.623321e+01   1.600493e+01   1.919961e+00   1.916461e+00  
257       1.617148e+01   1.594172e+01   1.922058e+00   1.919383e+00  
258       1.624094e+01   1.600957e+01   1.932709e+00   1.930410e+00  
259       1.618553e+01   1.595311e+01   1.934335e+00   1.930819e+00  
260       1.623543e+01   1.600187e+01   1.942225e+00   1.938266e+00  
261       1.618998e+01   1.595600e+01   1.940906e+00   1.937649e+00  
262       1.623542e+01   1.600005e+01   1.949676e+00   1.945812e+00  
263       1.618275e+01   1.594734e+01   1.946418e+00   1.942942e+00  
264       1.625195e+01   1.601646e+01   1.951105e+00   1.947315e+00  
265       1.620074e+01   1.596472e+01   1.950225e+00   1.946370e+00  
266       1.623056e+01   1.599332e+01   1.957266e+00   1.952942e+00  
267       1.619178e+01   1.595497e+01   1.952730e+00   1.949228e+00  
268       1.623025e+01   1.599291e+01   1.957166e+00   1.953748e+00  
269       1.622187e+01   1.598567e+01   1.952611e+00   1.948049e+00  
270       1.622531e+01   1.598751e+01   1.959470e+00   1.954653e+00  
271       1.621470e+01   1.597851e+01   1.951117e+00   1.948507e+00  
272       1.624936e+01   1.601252e+01   1.956711e+00   1.952478e+00  
273       1.621299e+01   1.597708e+01   1.950831e+00   1.946321e+00  
274       1.625353e+01   1.601723e+01   1.953824e+00   1.951400e+00  
275       1.622636e+01   1.599167e+01   1.946029e+00   1.942741e+00  
276       1.625603e+01   1.602049e+01   1.951723e+00   1.947555e+00  
277       1.622465e+01   1.599024e+01   1.944096e+00   1.942125e+00  
278       1.626340e+01   1.602836e+01   1.949213e+00   1.946914e+00  
279       1.623120e+01   1.599780e+01   1.940859e+00   1.937864e+00  
280       1.627949e+01   1.604623e+01   1.942872e+00   1.940519e+00  
281       1.622541e+01   1.599277e+01   1.937090e+00   1.934708e+00  
282       1.627696e+01   1.604390e+01   1.941999e+00   1.939343e+00  
283       1.622132e+01   1.598957e+01   1.933375e+00   1.930513e+00  
284       1.626013e+01   1.602760e+01   1.938809e+00   1.936230e+00  
285       1.621628e+01   1.598456e+01   1.932604e+00   1.930421e+00  
286       1.626287e+01   1.603084e+01   1.937092e+00   1.934073e+00  
287       1.621238e+01   1.598015e+01   1.934148e+00   1.932627e+00  
288       1.627725e+01   1.604561e+01   1.936256e+00   1.933492e+00  
289       1.620609e+01   1.597395e+01   1.933628e+00   1.931677e+00  
290       1.627992e+01   1.604766e+01   1.938533e+00   1.936655e+00  
291       1.621230e+01   1.597975e+01   1.936021e+00   1.933401e+00  
292       1.626928e+01   1.603649e+01   1.939395e+00   1.938844e+00  
293       1.621742e+01   1.598421e+01   1.938932e+00   1.936585e+00  
294       1.627150e+01   1.603788e+01   1.943086e+00   1.942356e+00  
295       1.624229e+01   1.600865e+01   1.941652e+00   1.940378e+00  
296       1.625829e+01   1.602360e+01   1.947014e+00   1.945610e+00  
297       1.625166e+01   1.601691e+01   1.946449e+00   1.945854e+00  
298       1.626593e+01   1.602979e+01   1.953496e+00   1.951935e+00  
299       1.624868e+01   1.601268e+01   1.951369e+00   1.950819e+00  
300       1.625167e+01   1.601398e+01   1.958467e+00   1.957993e+00  
301       1.625134e+01   1.601295e+01   1.960965e+00   1.961163e+00  
302       1.626076e+01   1.602106e+01   1.966558e+00   1.967385e+00  
303       1.625250e+01   1.601228e+01   1.968429e+00   1.968800e+00  
304       1.626890e+01   1.602702e+01   1.976223e+00   1.976395e+00  
305       1.625468e+01   1.601201e+01   1.978650e+00   1.978630e+00  
306       1.625464e+01   1.600995e+01   1.986445e+00   1.987160e+00  
307       1.626783e+01   1.602273e+01   1.988669e+00   1.989850e+00  
308       1.626522e+01   1.601868e+01   1.994613e+00   1.995160e+00  
309       1.626794e+01   1.602086e+01   1.997016e+00   1.997529e+00  
310       1.627088e+01   1.602267e+01   2.001618e+00   2.002264e+00  
311       1.628001e+01   1.603100e+01   2.004613e+00   2.006851e+00  
312       1.625643e+01   1.600609e+01   2.008562e+00   2.010510e+00  
313       1.628929e+01   1.603897e+01   2.010470e+00   2.012608e+00  
314       1.627190e+01   1.602030e+01   2.014574e+00   2.016445e+00  
315       1.628705e+01   1.603546e+01   2.015375e+00   2.017484e+00  
316       1.627034e+01   1.601666e+01   2.022941e+00   2.024481e+00  
317       1.629511e+01   1.604194e+01   2.022357e+00   2.024041e+00  
318       1.626287e+01   1.600738e+01   2.029181e+00   2.031506e+00  
319       1.629878e+01   1.604408e+01   2.028306e+00   2.030708e+00  
320       1.627847e+01   1.602129e+01   2.036928e+00   2.038987e+00  
321       1.630164e+01   1.604513e+01   2.035931e+00   2.037705e+00  
322       1.627660e+01   1.601739e+01   2.044948e+00   2.046787e+00  
323       1.628995e+01   1.603179e+01   2.041418e+00   2.043757e+00  
324       1.628667e+01   1.602595e+01   2.051286e+00   2.053501e+00  
325       1.630358e+01   1.604408e+01   2.047567e+00   2.049764e+00  
326       1.629296e+01   1.603046e+01   2.058699e+00   2.060810e+00  
327       1.631614e+01   1.605514e+01   2.054465e+00   2.056211e+00  
328       1.629146e+01   1.602728e+01   2.065337e+00   2.067004e+00  
329       1.631060e+01   1.604747e+01   2.062687e+00   2.063957e+00  
330       1.629106e+01   1.602515e+01   2.071775e+00   2.073878e+00  
331       1.631443e+01   1.604973e+01   2.069422e+00   2.069845e+00  
332       1.630397e+01   1.603675e+01   2.077625e+00   2.079832e+00  
333       1.631841e+01   1.605256e+01   2.073545e+00   2.075093e+00  
334       1.630674e+01   1.603838e+01   2.082518e+00   2.084048e+00  
335       1.633390e+01   1.606711e+01   2.078222e+00   2.079733e+00  
336       1.629797e+01   1.602873e+01   2.085051e+00   2.087135e+00  
337       1.632883e+01   1.606142e+01   2.080731e+00   2.081354e+00  
338       1.630602e+01   1.603581e+01   2.089781e+00   2.090925e+00  
339       1.632992e+01   1.606242e+01   2.080991e+00   2.081946e+00  
340       1.632344e+01   1.605384e+01   2.088906e+00   2.089319e+00  
341       1.632043e+01   1.605197e+01   2.083812e+00   2.085308e+00  
342       1.632184e+01   1.605173e+01   2.090319e+00   2.091713e+00  
343       1.632616e+01   1.605776e+01   2.083663e+00   2.085757e+00  
344       1.631911e+01   1.604826e+01   2.093511e+00   2.093783e+00  
345       1.631963e+01   1.605082e+01   2.084899e+00   2.086776e+00  
346       1.632539e+01   1.605463e+01   2.093413e+00   2.093943e+00  
347       1.631999e+01   1.605086e+01   2.086437e+00   2.087805e+00  
348       1.632934e+01   1.605889e+01   2.092086e+00   2.093450e+00  
349       1.632034e+01   1.605170e+01   2.084279e+00   2.086195e+00  
350       1.632444e+01   1.605396e+01   2.092075e+00   2.093076e+00  
351       1.630606e+01   1.603713e+01   2.084121e+00   2.086748e+00  
352       1.632265e+01   1.605258e+01   2.090507e+00   2.091306e+00  
353       1.630943e+01   1.604081e+01   2.082967e+00   2.086003e+00  
354       1.633273e+01   1.606325e+01   2.088382e+00   2.090217e+00  
355       1.629023e+01   1.602134e+01   2.082913e+00   2.085654e+00  
356       1.633314e+01   1.606405e+01   2.086634e+00   2.088916e+00  
357       1.627694e+01   1.600757e+01   2.083468e+00   2.087005e+00  
358       1.634505e+01   1.607652e+01   2.085939e+00   2.086915e+00  
359       1.628014e+01   1.601072e+01   2.083468e+00   2.087779e+00  
360       1.634206e+01   1.607356e+01   2.085412e+00   2.086740e+00  
361       1.627814e+01   1.600845e+01   2.085126e+00   2.087952e+00  
362       1.635093e+01   1.608253e+01   2.085094e+00   2.087494e+00  
363       1.629479e+01   1.602486e+01   2.087118e+00   2.089981e+00  
364       1.634750e+01   1.607870e+01   2.086593e+00   2.088679e+00  
365       1.631164e+01   1.604229e+01   2.085885e+00   2.088914e+00  
366       1.635864e+01   1.608937e+01   2.088919e+00   2.091323e+00  
367       1.630812e+01   1.603722e+01   2.091817e+00   2.094373e+00  
368       1.635498e+01   1.608436e+01   2.094148e+00   2.096058e+00  
369       1.631203e+01   1.604072e+01   2.093848e+00   2.096048e+00  
370       1.634341e+01   1.607104e+01   2.099679e+00   2.102372e+00  
371       1.631299e+01   1.603992e+01   2.100947e+00   2.102552e+00  
372       1.636283e+01   1.608983e+01   2.103839e+00   2.105609e+00  
373       1.631289e+01   1.603942e+01   2.102192e+00   2.104296e+00  
374       1.635539e+01   1.608060e+01   2.110101e+00   2.111997e+00  
375       1.630664e+01   1.603094e+01   2.110728e+00   2.111952e+00  
376       1.635695e+01   1.608052e+01   2.116478e+00   2.118257e+00  
377       1.631026e+01   1.603227e+01   2.119247e+00   2.121219e+00  
378       1.636033e+01   1.608237e+01   2.123193e+00   2.123681e+00  
379       1.630453e+01   1.602466e+01   2.125981e+00   2.127946e+00  
380       1.638251e+01   1.610337e+01   2.128857e+00   2.129862e+00  
381       1.630168e+01   1.601923e+01   2.135602e+00   2.137301e+00  
382       1.638448e+01   1.610357e+01   2.135004e+00   2.137299e+00  
383       1.628849e+01   1.600365e+01   2.143193e+00   2.145852e+00  
384       1.637753e+01   1.609472e+01   2.141800e+00   2.143847e+00  
385       1.627889e+01   1.599147e+01   2.152522e+00   2.154492e+00  
386       1.638238e+01   1.609894e+01   2.144014e+00   2.147042e+00  
387       1.626921e+01   1.597970e+01   2.159675e+00   2.161535e+00  
388       1.639445e+01   1.610970e+01   2.150045e+00   2.152456e+00  
389       1.626581e+01   1.597501e+01   2.164172e+00   2.166094e+00  
390       1.638876e+01   1.610285e+01   2.153667e+00   2.156655e+00  
391       1.626696e+01   1.597488e+01   2.169387e+00   2.170492e+00  
392       1.638824e+01   1.610056e+01   2.160602e+00   2.162915e+00  
393       1.626991e+01   1.597727e+01   2.171570e+00   2.172820e+00  
394       1.639204e+01   1.610270e+01   2.167442e+00   2.168900e+00  
395       1.628372e+01   1.598943e+01   2.178371e+00   2.179970e+00  
396       1.638411e+01   1.609343e+01   2.171812e+00   2.173437e+00  
397       1.626908e+01   1.597299e+01   2.183850e+00   2.185679e+00  
398       1.640641e+01   1.611449e+01   2.177694e+00   2.179707e+00  
399       1.628303e+01   1.598608e+01   2.187619e+00   2.190163e+00  
400       1.639133e+01   1.609791e+01   2.182743e+00   2.183697e+00  
401       1.628053e+01   1.598265e+01   2.191199e+00   2.192965e+00  
402       1.638427e+01   1.608840e+01   2.191871e+00   2.191672e+00  
403       1.628957e+01   1.599041e+01   2.196709e+00   2.198031e+00  
404       1.639183e+01   1.609518e+01   2.194659e+00   2.195654e+00  
405       1.629336e+01   1.599286e+01   2.202174e+00   2.202883e+00  
406       1.638141e+01   1.608287e+01   2.201448e+00   2.201255e+00  
407       1.629207e+01   1.599012e+01   2.207712e+00   2.207663e+00  
408       1.637986e+01   1.608054e+01   2.204078e+00   2.204136e+00  
409       1.629755e+01   1.599461e+01   2.211677e+00   2.211546e+00  
410       1.637016e+01   1.607029e+01   2.205213e+00   2.205647e+00  
411       1.632387e+01   1.602119e+01   2.212897e+00   2.212056e+00  
412       1.635861e+01   1.605738e+01   2.209559e+00   2.209610e+00  
413       1.630832e+01   1.600485e+01   2.214638e+00   2.213981e+00  
414       1.635282e+01   1.605060e+01   2.212796e+00   2.212807e+00  
415       1.631303e+01   1.600946e+01   2.215465e+00   2.214428e+00  
416       1.634686e+01   1.604438e+01   2.213770e+00   2.212952e+00  
417       1.631992e+01   1.601659e+01   2.215493e+00   2.213634e+00  
418       1.635625e+01   1.605332e+01   2.216205e+00   2.214971e+00  
419       1.630481e+01   1.600193e+01   2.212781e+00   2.211039e+00  
420       1.636351e+01   1.606061e+01   2.216940e+00   2.215080e+00  
421       1.631235e+01   1.600967e+01   2.212700e+00   2.210698e+00  
422       1.635992e+01   1.605746e+01   2.215208e+00   2.213129e+00  
423       1.631415e+01   1.601161e+01   2.212621e+00   2.209984e+00  
424       1.637260e+01   1.607081e+01   2.213722e+00   2.211441e+00  
425       1.630449e+01   1.600176e+01   2.212727e+00   2.209993e+00  
426       1.637500e+01   1.607380e+01   2.211820e+00   2.209400e+00  
427       1.630625e+01   1.600360e+01   2.212496e+00   2.209848e+00  
428       1.637439e+01   1.607352e+01   2.210690e+00   2.208087e+00  
429       1.631322e+01   1.601061e+01   2.213212e+00   2.209846e+00  
430       1.636217e+01   1.606129e+01   2.209835e+00   2.207269e+00  
431       1.631777e+01   1.601534e+01   2.212769e+00   2.209577e+00  
432       1.637764e+01   1.607702e+01   2.210342e+00   2.207058e+00  
433       1.632914e+01   1.602754e+01   2.210237e+00   2.207603e+00  
434       1.634805e+01   1.604641e+01   2.212120e+00   2.208588e+00  
435       1.632373e+01   1.602138e+01   2.212605e+00   2.209919e+00  
436       1.634806e+01   1.604608e+01   2.213170e+00   2.210082e+00  
437       1.634018e+01   1.603868e+01   2.210975e+00   2.207661e+00  
438       1.635120e+01   1.604921e+01   2.213189e+00   2.210544e+00  
439       1.634455e+01   1.604348e+01   2.209211e+00   2.206909e+00  
440       1.635353e+01   1.605120e+01   2.214793e+00   2.211725e+00  
441       1.634575e+01   1.604387e+01   2.212374e+00   2.209795e+00  
442       1.635445e+01   1.605200e+01   2.215198e+00   2.212272e+00  
443       1.635960e+01   1.605862e+01   2.210273e+00   2.207259e+00  
444       1.635248e+01   1.604905e+01   2.218280e+00   2.216000e+00  
445       1.634657e+01   1.604451e+01   2.213365e+00   2.210212e+00  
446       1.634864e+01   1.604463e+01   2.220635e+00   2.217339e+00  
447       1.634564e+01   1.604256e+01   2.216838e+00   2.214054e+00  
448       1.634698e+01   1.604263e+01   2.221371e+00   2.218851e+00  
449       1.635123e+01   1.604776e+01   2.218473e+00   2.215945e+00  
450       1.635575e+01   1.605037e+01   2.226036e+00   2.222817e+00  
451       1.636205e+01   1.605769e+01   2.222477e+00   2.219896e+00  
452       1.634436e+01   1.603736e+01   2.231154e+00   2.227781e+00  
453       1.636465e+01   1.605932e+01   2.226291e+00   2.223462e+00  
454       1.635073e+01   1.604294e+01   2.234267e+00   2.231244e+00  
455       1.637154e+01   1.606500e+01   2.230787e+00   2.228600e+00  
456       1.636098e+01   1.605187e+01   2.239573e+00   2.236883e+00  
457       1.638344e+01   1.607555e+01   2.236405e+00   2.234372e+00  
458       1.635052e+01   1.604046e+01   2.242420e+00   2.239349e+00  
459       1.639675e+01   1.608757e+01   2.241480e+00   2.240345e+00  
460       1.634771e+01   1.603607e+01   2.247667e+00   2.245042e+00  
461       1.640031e+01   1.609006e+01   2.245987e+00   2.244021e+00  
462       1.634743e+01   1.603428e+01   2.252701e+00   2.250706e+00  
463       1.640221e+01   1.609215e+01   2.245008e+00   2.243941e+00  
464       1.634659e+01   1.603220e+01   2.257180e+00   2.254921e+00  
465       1.639872e+01   1.608752e+01   2.249094e+00   2.247527e+00  
466       1.635518e+01   1.604054e+01   2.258457e+00   2.256592e+00  
467       1.640597e+01   1.609438e+01   2.250474e+00   2.249936e+00  
468       1.633762e+01   1.602157e+01   2.262351e+00   2.260317e+00  
469       1.641680e+01   1.610465e+01   2.253301e+00   2.252655e+00  
470       1.634251e+01   1.602579e+01   2.264726e+00   2.263337e+00  
471       1.640205e+01   1.608876e+01   2.256442e+00   2.255556e+00  
472       1.635622e+01   1.603821e+01   2.269791e+00   2.269328e+00  
473       1.641345e+01   1.609899e+01   2.260847e+00   2.261064e+00  
474       1.635792e+01   1.603908e+01   2.272525e+00   2.272734e+00  
475       1.640389e+01   1.608799e+01   2.266082e+00   2.264719e+00  
476       1.635728e+01   1.603829e+01   2.273230e+00   2.272988e+00  
477       1.641239e+01   1.609517e+01   2.270769e+00   2.270602e+00  
478       1.636811e+01   1.604869e+01   2.275975e+00   2.274760e+00  
479       1.641425e+01   1.609677e+01   2.272249e+00   2.271218e+00  
480       1.636432e+01   1.604442e+01   2.277288e+00   2.276279e+00  
481       1.641251e+01   1.609416e+01   2.275544e+00   2.273798e+00  
482       1.637397e+01   1.605347e+01   2.279915e+00   2.279274e+00  
483       1.640793e+01   1.608887e+01   2.276755e+00   2.277024e+00  
484       1.637713e+01   1.605721e+01   2.278389e+00   2.277161e+00  
485       1.640196e+01   1.608256e+01   2.278169e+00   2.277208e+00  
486       1.637230e+01   1.605208e+01   2.279154e+00   2.277848e+00  
487       1.640776e+01   1.608807e+01   2.280013e+00   2.278156e+00  
488       1.637748e+01   1.605788e+01   2.276593e+00   2.276710e+00  
489       1.641561e+01   1.609679e+01   2.277435e+00   2.275708e+00  
490       1.637286e+01   1.605408e+01   2.273715e+00   2.273212e+00  
491       1.640404e+01   1.608490e+01   2.278165e+00   2.275629e+00  
492       1.637821e+01   1.605944e+01   2.274249e+00   2.273288e+00  
493       1.640860e+01   1.609024e+01   2.275601e+00   2.273341e+00  
494       1.637759e+01   1.606030e+01   2.269388e+00   2.267600e+00  
495       1.641705e+01   1.609978e+01   2.272017e+00   2.270355e+00  
496       1.638053e+01   1.606397e+01   2.267013e+00   2.265218e+00  
497       1.640157e+01   1.608490e+01   2.269041e+00   2.266975e+00  
498       1.637531e+01   1.605940e+01   2.264135e+00   2.262771e+00  
499       1.639738e+01   1.608121e+01   2.267302e+00   2.264578e+00  
500       1.636951e+01   1.605442e+01   2.261156e+00   2.259104e+00  
501       1.640302e+01   1.608746e+01   2.265383e+00   2.262884e+00  
502       1.636199e+01   1.604759e+01   2.258551e+00   2.255796e+00  
503       1.639882e+01   1.608378e+01   2.263687e+00   2.260273e+00  
504       1.635145e+01   1.603740e+01   2.256494e+00   2.253912e+00  
505       1.639846e+01   1.608367e+01   2.262593e+00   2.259543e+00  
506       1.634696e+01   1.603287e+01   2.256358e+00   2.253729e+00  
507       1.638632e+01   1.607203e+01   2.259928e+00   2.256991e+00  
508       1.635411e+01   1.604023e+01   2.256337e+00   2.253153e+00  
509       1.638139e+01   1.606775e+01   2.257573e+00   2.254054e+00  
510       1.634118e+01   1.602764e+01   2.253794e+00   2.251552e+00  
511       1.638263e+01   1.606957e+01   2.255811e+00   2.251844e+00  
512       1.634198e+01   1.602867e+01   2.253156e+00   2.250582e+00  
513       1.636285e+01   1.604976e+01   2.254261e+00   2.250836e+00  
514       1.634011e+01   1.602713e+01   2.252135e+00   2.249036e+00  
515       1.636632e+01   1.605339e+01   2.254021e+00   2.250481e+00  
516       1.633850e+01   1.602562e+01   2.251981e+00   2.248224e+00  
517       1.636597e+01   1.605271e+01   2.255564e+00   2.251229e+00  
518       1.635190e+01   1.603886e+01   2.253419e+00   2.249853e+00  
519       1.634152e+01   1.602733e+01   2.257072e+00   2.252884e+00  
520       1.634495e+01   1.603117e+01   2.255208e+00   2.252368e+00  
521       1.633866e+01   1.602377e+01   2.259359e+00   2.255192e+00  
522       1.637208e+01   1.605896e+01   2.255445e+00   2.251195e+00  
523       1.633294e+01   1.601740e+01   2.261110e+00   2.257233e+00  
524       1.636672e+01   1.605256e+01   2.258945e+00   2.254348e+00  
525       1.635165e+01   1.603542e+01   2.264367e+00   2.261510e+00  
526       1.636335e+01   1.604859e+01   2.260976e+00   2.256089e+00  
527       1.637919e+01   1.606285e+01   2.266944e+00   2.263512e+00  
528       1.637064e+01   1.605537e+01   2.262921e+00   2.258772e+00  
529       1.637237e+01   1.605459e+01   2.271333e+00   2.268420e+00  
530       1.637590e+01   1.605957e+01   2.266873e+00   2.263050e+00  
531       1.638005e+01   1.606126e+01   2.275336e+00   2.272576e+00  
532       1.638138e+01   1.606441e+01   2.269543e+00   2.265731e+00  
533       1.638286e+01   1.606336e+01   2.277988e+00   2.275380e+00  
534       1.639378e+01   1.607620e+01   2.272807e+00   2.268538e+00  
535       1.637454e+01   1.605425e+01   2.280582e+00   2.277131e+00  
536       1.639452e+01   1.607653e+01   2.274172e+00   2.270152e+00  
537       1.637615e+01   1.605521e+01   2.283265e+00   2.279370e+00  
538       1.640767e+01   1.608924e+01   2.276416e+00   2.272871e+00  
539       1.636814e+01   1.604697e+01   2.283218e+00   2.279835e+00  
540       1.642617e+01   1.610723e+01   2.279817e+00   2.275664e+00  
541       1.636769e+01   1.604592e+01   2.285425e+00   2.281767e+00  
542       1.643213e+01   1.611291e+01   2.280620e+00   2.277622e+00  
543       1.635846e+01   1.603623e+01   2.286600e+00   2.282564e+00  
544       1.644723e+01   1.612701e+01   2.285552e+00   2.281927e+00  
545       1.635358e+01   1.603117e+01   2.286749e+00   2.282996e+00  
546       1.645016e+01   1.612950e+01   2.287395e+00   2.283606e+00  
547       1.635620e+01   1.603362e+01   2.287548e+00   2.283746e+00  
548       1.645953e+01   1.613814e+01   2.290339e+00   2.287114e+00  
549       1.635299e+01   1.603008e+01   2.288488e+00   2.284669e+00  
550       1.646732e+01   1.614557e+01   2.292268e+00   2.288775e+00  
551       1.636092e+01   1.603774e+01   2.290391e+00   2.285757e+00  
552       1.646526e+01   1.614303e+01   2.293697e+00   2.290484e+00  
553       1.636508e+01   1.604095e+01   2.294333e+00   2.289021e+00  
554       1.645838e+01   1.613570e+01   2.295455e+00   2.290915e+00  
555       1.637017e+01   1.604549e+01   2.296967e+00   2.291009e+00  
556       1.645770e+01   1.613420e+01   2.297837e+00   2.294213e+00  
557       1.637845e+01   1.605349e+01   2.298214e+00   2.292829e+00  
558       1.644562e+01   1.612133e+01   2.299955e+00   2.295970e+00  
559       1.637389e+01   1.604916e+01   2.296763e+00   2.292039e+00  
560       1.643389e+01   1.610912e+01   2.301007e+00   2.296647e+00  
561       1.637632e+01   1.605230e+01   2.294384e+00   2.289781e+00  
562       1.642705e+01   1.610228e+01   2.300499e+00   2.296140e+00  
563       1.637686e+01   1.605312e+01   2.293444e+00   2.288859e+00  
564       1.643068e+01   1.610615e+01   2.299467e+00   2.295976e+00  
565       1.634873e+01   1.602542e+01   2.290735e+00   2.284645e+00  
566       1.644027e+01   1.611634e+01   2.298133e+00   2.294419e+00  
567       1.635349e+01   1.603119e+01   2.287030e+00   2.281886e+00  
568       1.643340e+01   1.610992e+01   2.296058e+00   2.292457e+00  
569       1.634119e+01   1.601949e+01   2.284370e+00   2.278663e+00  
570       1.643261e+01   1.610983e+01   2.293576e+00   2.289859e+00  
571       1.634137e+01   1.602033e+01   2.281866e+00   2.276466e+00  
572       1.642678e+01   1.610486e+01   2.290471e+00   2.286091e+00  
573       1.634097e+01   1.602076e+01   2.279157e+00   2.273339e+00  
574       1.641274e+01   1.609144e+01   2.286748e+00   2.283488e+00  
575       1.632913e+01   1.600947e+01   2.276037e+00   2.270921e+00  
576       1.640301e+01   1.608172e+01   2.286697e+00   2.282151e+00  
577       1.634457e+01   1.602591e+01   2.273832e+00   2.268213e+00  
578       1.640322e+01   1.608350e+01   2.281137e+00   2.276664e+00  
579       1.636299e+01   1.604582e+01   2.269720e+00   2.264421e+00  
580       1.639373e+01   1.607501e+01   2.277409e+00   2.271989e+00  
581       1.637191e+01   1.605541e+01   2.268026e+00   2.262595e+00  
582       1.638779e+01   1.606973e+01   2.274764e+00   2.269125e+00  
583       1.638811e+01   1.607221e+01   2.267351e+00   2.261214e+00  
584       1.637357e+01   1.605587e+01   2.272394e+00   2.266917e+00  
585       1.640213e+01   1.608746e+01   2.264229e+00   2.257630e+00  
586       1.637895e+01   1.606184e+01   2.270845e+00   2.265077e+00  
587       1.639669e+01   1.608225e+01   2.263199e+00   2.256229e+00  
588       1.638167e+01   1.606467e+01   2.270473e+00   2.265069e+00  
589       1.639369e+01   1.607975e+01   2.261228e+00   2.254228e+00  
590       1.638110e+01   1.606447e+01   2.269928e+00   2.262926e+00  
591       1.639985e+01   1.608581e+01   2.261857e+00   2.255132e+00  
592       1.638173e+01   1.606571e+01   2.267848e+00   2.260740e+00  
593       1.640930e+01   1.609517e+01   2.262821e+00   2.256143e+00  
594       1.637914e+01   1.606289e+01   2.268123e+00   2.261768e+00  
595       1.640579e+01   1.609124e+01   2.263710e+00   2.257823e+00  
596       1.638784e+01   1.607142e+01   2.269429e+00   2.262818e+00  
597       1.640488e+01   1.608996e+01   2.265180e+00   2.258794e+00  
598       1.638852e+01   1.607197e+01   2.269903e+00   2.263396e+00  
599       1.640604e+01   1.609095e+01   2.265592e+00   2.259751e+00  
600       1.639376e+01   1.607688e+01   2.271335e+00   2.265032e+00  
601       1.641343e+01   1.609842e+01   2.265615e+00   2.260171e+00  
602       1.639448e+01   1.607696e+01   2.273791e+00   2.267237e+00  
603       1.641478e+01   1.609883e+01   2.268899e+00   2.263780e+00  
604       1.636966e+01   1.605132e+01   2.274610e+00   2.268762e+00  
605       1.641424e+01   1.609694e+01   2.273357e+00   2.268862e+00  
606       1.637724e+01   1.605839e+01   2.276993e+00   2.270968e+00  
607       1.640736e+01   1.608888e+01   2.277048e+00   2.272536e+00  
608       1.637418e+01   1.605412e+01   2.281047e+00   2.275049e+00  
609       1.640967e+01   1.609098e+01   2.278174e+00   2.273231e+00  
610       1.637691e+01   1.605615e+01   2.283253e+00   2.278121e+00  
611       1.641701e+01   1.609832e+01   2.279041e+00   2.273427e+00  
612       1.638733e+01   1.606638e+01   2.284195e+00   2.280002e+00  
613       1.640721e+01   1.608795e+01   2.279915e+00   2.275224e+00  
614       1.638344e+01   1.606132e+01   2.287945e+00   2.283957e+00  
615       1.640476e+01   1.608498e+01   2.281444e+00   2.276974e+00  
616       1.641193e+01   1.609040e+01   2.287582e+00   2.284149e+00  
617       1.640208e+01   1.608202e+01   2.281939e+00   2.278075e+00  
618       1.641189e+01   1.608981e+01   2.289211e+00   2.286373e+00  
619       1.640695e+01   1.608640e+01   2.283676e+00   2.280455e+00  
620       1.639831e+01   1.607535e+01   2.291152e+00   2.288737e+00  
621       1.640127e+01   1.607984e+01   2.286281e+00   2.283298e+00  
622       1.640045e+01   1.607717e+01   2.292029e+00   2.290398e+00  
623       1.640180e+01   1.607925e+01   2.290102e+00   2.287412e+00  
624       1.639981e+01   1.607610e+01   2.293602e+00   2.291806e+00  
625       1.640993e+01   1.608723e+01   2.291387e+00   2.288297e+00  
626       1.639654e+01   1.607206e+01   2.295769e+00   2.294471e+00  
627       1.641967e+01   1.609644e+01   2.293705e+00   2.291072e+00  
628       1.639235e+01   1.606684e+01   2.299456e+00   2.297459e+00  
629       1.641805e+01   1.609494e+01   2.292919e+00   2.290824e+00  
630       1.639054e+01   1.606446e+01   2.301467e+00   2.299176e+00  
631       1.642337e+01   1.609984e+01   2.294590e+00   2.292770e+00  
632       1.639114e+01   1.606523e+01   2.300573e+00   2.298987e+00  
633       1.641994e+01   1.609565e+01   2.296547e+00   2.295726e+00  
634       1.640531e+01   1.607929e+01   2.302388e+00   2.299890e+00  
635       1.642448e+01   1.610007e+01   2.297317e+00   2.296400e+00  
636       1.639528e+01   1.606970e+01   2.300250e+00   2.297600e+00  
637       1.641741e+01   1.609259e+01   2.298118e+00   2.297510e+00  
638       1.641082e+01   1.608581e+01   2.299012e+00   2.297013e+00  
639       1.639990e+01   1.607502e+01   2.296787e+00   2.296758e+00  
640       1.641561e+01   1.609106e+01   2.298177e+00   2.295335e+00  
641       1.641091e+01   1.608629e+01   2.296709e+00   2.296568e+00  
642       1.641630e+01   1.609260e+01   2.295024e+00   2.292588e+00  
643       1.641232e+01   1.608854e+01   2.294331e+00   2.293312e+00  
644       1.641769e+01   1.609424e+01   2.294244e+00   2.291771e+00  
645       1.640964e+01   1.608678e+01   2.290429e+00   2.290368e+00  
646       1.642699e+01   1.610458e+01   2.290951e+00   2.289153e+00  
647       1.641166e+01   1.608908e+01   2.289770e+00   2.289313e+00  
648       1.641817e+01   1.609674e+01   2.286699e+00   2.285235e+00  
649       1.640773e+01   1.608564e+01   2.287384e+00   2.287735e+00  
650       1.641150e+01   1.609069e+01   2.283802e+00   2.282808e+00  
651       1.642655e+01   1.610547e+01   2.285640e+00   2.285038e+00  
652       1.641262e+01   1.609277e+01   2.280338e+00   2.279688e+00  
653       1.642795e+01   1.610777e+01   2.282272e+00   2.282182e+00  
654       1.641502e+01   1.609561e+01   2.278872e+00   2.278386e+00  
655       1.642121e+01   1.610184e+01   2.278951e+00   2.278877e+00  
656       1.642103e+01   1.610279e+01   2.275381e+00   2.274446e+00  
657       1.642535e+01   1.610682e+01   2.276405e+00   2.276069e+00  
658       1.641466e+01   1.609717e+01   2.272310e+00   2.271284e+00  
659       1.641475e+01   1.609615e+01   2.275412e+00   2.276030e+00  
660       1.641596e+01   1.609873e+01   2.271771e+00   2.270184e+00  
661       1.642309e+01   1.610495e+01   2.274826e+00   2.274499e+00  
662       1.642042e+01   1.610371e+01   2.270144e+00   2.268700e+00  
663       1.641580e+01   1.609796e+01   2.272965e+00   2.273271e+00  
664       1.644103e+01   1.612500e+01   2.269253e+00   2.267709e+00  
665       1.640056e+01   1.608245e+01   2.273342e+00   2.272734e+00  
666       1.644117e+01   1.612492e+01   2.269066e+00   2.269476e+00  
667       1.639683e+01   1.607837e+01   2.274718e+00   2.273262e+00  
668       1.644859e+01   1.613207e+01   2.270695e+00   2.270766e+00  
669       1.639809e+01   1.607972e+01   2.274185e+00   2.273362e+00  
670       1.644237e+01   1.612561e+01   2.271727e+00   2.270579e+00  
671       1.641191e+01   1.609361e+01   2.274883e+00   2.274025e+00  
672       1.643474e+01   1.611766e+01   2.272124e+00   2.271416e+00  
673       1.641208e+01   1.609355e+01   2.275714e+00   2.274919e+00  
674       1.643217e+01   1.611458e+01   2.274424e+00   2.272340e+00  
675       1.641507e+01   1.609602e+01   2.277664e+00   2.276995e+00  
676       1.643109e+01   1.611335e+01   2.274740e+00   2.272905e+00  
677       1.642827e+01   1.610895e+01   2.279472e+00   2.278966e+00  
678       1.642503e+01   1.610662e+01   2.276999e+00   2.274600e+00  
679       1.643040e+01   1.611082e+01   2.280832e+00   2.279811e+00  
680       1.642535e+01   1.610564e+01   2.281690e+00   2.279126e+00  
681       1.642363e+01   1.610362e+01   2.282335e+00   2.280398e+00  
682       1.642985e+01   1.610950e+01   2.283923e+00   2.282075e+00  
683       1.642564e+01   1.610524e+01   2.283472e+00   2.282244e+00  
684       1.643068e+01   1.610966e+01   2.286516e+00   2.284223e+00  
685       1.643183e+01   1.611127e+01   2.284632e+00   2.283057e+00  
686       1.644398e+01   1.612283e+01   2.287788e+00   2.285782e+00  
687       1.643232e+01   1.611112e+01   2.286914e+00   2.285397e+00  
688       1.644309e+01   1.612100e+01   2.291384e+00   2.288718e+00  
689       1.642762e+01   1.610586e+01   2.287884e+00   2.287708e+00  
690       1.645404e+01   1.613181e+01   2.292814e+00   2.289796e+00  
691       1.641560e+01   1.609283e+01   2.290985e+00   2.289999e+00  
692       1.645678e+01   1.613427e+01   2.294000e+00   2.290950e+00  
693       1.642030e+01   1.609715e+01   2.292821e+00   2.291491e+00  
694       1.644799e+01   1.612519e+01   2.294501e+00   2.291247e+00  
695       1.642694e+01   1.610376e+01   2.293408e+00   2.292047e+00  
696       1.645279e+01   1.612957e+01   2.296054e+00   2.293330e+00  
697       1.643154e+01   1.610792e+01   2.295427e+00   2.293757e+00  
698       1.643955e+01   1.611567e+01   2.297583e+00   2.294583e+00  
699       1.643955e+01   1.611605e+01   2.295522e+00   2.294042e+00  
700       1.644242e+01   1.611766e+01   2.301194e+00   2.297500e+00  
701       1.644888e+01   1.612552e+01   2.296112e+00   2.293711e+00  
702       1.644276e+01   1.611762e+01   2.302265e+00   2.299144e+00  
703       1.645260e+01   1.612867e+01   2.299070e+00   2.295283e+00  
704       1.642600e+01   1.609965e+01   2.305184e+00   2.302378e+00  
705       1.644973e+01   1.612524e+01   2.300493e+00   2.297368e+00  
706       1.643422e+01   1.610778e+01   2.307047e+00   2.302265e+00  
707       1.644646e+01   1.612152e+01   2.301885e+00   2.298717e+00  
708       1.642934e+01   1.610219e+01   2.309326e+00   2.304296e+00  
709       1.645848e+01   1.613374e+01   2.302069e+00   2.298826e+00  
710       1.643856e+01   1.611168e+01   2.309161e+00   2.303901e+00  
711       1.645300e+01   1.612828e+01   2.302323e+00   2.297655e+00  
712       1.644740e+01   1.612079e+01   2.308736e+00   2.303679e+00  
713       1.645204e+01   1.612718e+01   2.302657e+00   2.298146e+00  
714       1.643893e+01   1.611255e+01   2.307199e+00   2.302373e+00  
715       1.645082e+01   1.612578e+01   2.303401e+00   2.298441e+00  
716       1.644525e+01   1.611945e+01   2.306088e+00   2.300366e+00  
717       1.644863e+01   1.612419e+01   2.301567e+00   2.295817e+00  
718       1.643936e+01   1.611369e+01   2.305681e+00   2.298980e+00  
719       1.645196e+01   1.612818e+01   2.299080e+00   2.294162e+00  
720       1.643479e+01   1.610979e+01   2.302812e+00   2.296571e+00  
721       1.643954e+01   1.611534e+01   2.299482e+00   2.294958e+00  
722       1.643169e+01   1.610759e+01   2.299534e+00   2.293045e+00  
723       1.643907e+01   1.611525e+01   2.297942e+00   2.293770e+00  
724       1.642396e+01   1.610014e+01   2.297640e+00   2.291896e+00  
725       1.644557e+01   1.612235e+01   2.296628e+00   2.291779e+00  
726       1.642441e+01   1.610143e+01   2.294755e+00   2.288949e+00  
727       1.644510e+01   1.612244e+01   2.294473e+00   2.289949e+00  
728       1.642877e+01   1.610623e+01   2.293813e+00   2.287441e+00  
729       1.644584e+01   1.612413e+01   2.291394e+00   2.286432e+00  
730       1.642984e+01   1.610768e+01   2.293190e+00   2.285508e+00  
731       1.643978e+01   1.611806e+01   2.291137e+00   2.285868e+00  
732       1.643935e+01   1.611799e+01   2.290867e+00   2.283485e+00  
733       1.641496e+01   1.609322e+01   2.289290e+00   2.284398e+00  
734       1.643243e+01   1.611126e+01   2.289898e+00   2.282249e+00  
735       1.642144e+01   1.610013e+01   2.289094e+00   2.282411e+00  
736       1.642292e+01   1.610193e+01   2.288438e+00   2.281049e+00  
737       1.641539e+01   1.609397e+01   2.289009e+00   2.282458e+00  
738       1.642688e+01   1.610654e+01   2.286077e+00   2.279422e+00  
739       1.640883e+01   1.608759e+01   2.288309e+00   2.280960e+00  
740       1.642854e+01   1.610857e+01   2.285165e+00   2.277936e+00  
741       1.641670e+01   1.609607e+01   2.286806e+00   2.279265e+00  
742       1.641984e+01   1.609932e+01   2.285934e+00   2.279837e+00  
743       1.640571e+01   1.608494e+01   2.286652e+00   2.278874e+00  
744       1.641325e+01   1.609246e+01   2.286685e+00   2.280056e+00  
745       1.641641e+01   1.609570e+01   2.287322e+00   2.279228e+00  
746       1.640767e+01   1.608714e+01   2.285569e+00   2.278527e+00  
747       1.642030e+01   1.609941e+01   2.288410e+00   2.280031e+00  
748       1.640807e+01   1.608772e+01   2.285147e+00   2.277774e+00  
749       1.642124e+01   1.609971e+01   2.290709e+00   2.282343e+00  
750       1.640338e+01   1.608212e+01   2.288280e+00   2.280418e+00  
751       1.643896e+01   1.611742e+01   2.292004e+00   2.283634e+00  
752       1.639365e+01   1.607162e+01   2.289973e+00   2.282761e+00  
753       1.645109e+01   1.612948e+01   2.293093e+00   2.284737e+00  
754       1.639811e+01   1.607565e+01   2.291746e+00   2.284583e+00  
755       1.644558e+01   1.612352e+01   2.294579e+00   2.285618e+00  
756       1.640164e+01   1.607893e+01   2.292667e+00   2.285943e+00  
757       1.642862e+01   1.610582e+01   2.295747e+00   2.287289e+00  
758       1.641109e+01   1.608789e+01   2.295627e+00   2.287712e+00  
759       1.641950e+01   1.609648e+01   2.295802e+00   2.287504e+00  
760       1.641172e+01   1.608868e+01   2.294975e+00   2.287335e+00  
761       1.641957e+01   1.609613e+01   2.297258e+00   2.288974e+00  
762       1.641487e+01   1.609171e+01   2.295640e+00   2.287975e+00  
763       1.640449e+01   1.608016e+01   2.299687e+00   2.290624e+00  
764       1.642242e+01   1.609905e+01   2.296502e+00   2.289662e+00  
765       1.640370e+01   1.607862e+01   2.302635e+00   2.292821e+00  
766       1.640293e+01   1.607849e+01   2.298677e+00   2.292210e+00  
767       1.640624e+01   1.608079e+01   2.304562e+00   2.293850e+00  
768       1.641229e+01   1.608780e+01   2.299746e+00   2.292840e+00  
769       1.641087e+01   1.608540e+01   2.304860e+00   2.294370e+00  
770       1.641242e+01   1.608716e+01   2.302961e+00   2.295089e+00  
771       1.641508e+01   1.608944e+01   2.305558e+00   2.295485e+00  
772       1.641282e+01   1.608678e+01   2.305652e+00   2.297860e+00  
773       1.641795e+01   1.609223e+01   2.306623e+00   2.295359e+00  
774       1.641714e+01   1.609051e+01   2.307878e+00   2.300323e+00  
775       1.642361e+01   1.609730e+01   2.309000e+00   2.297900e+00  
776       1.641380e+01   1.608633e+01   2.311143e+00   2.302492e+00  
777       1.642507e+01   1.609800e+01   2.311669e+00   2.300750e+00  
778       1.640625e+01   1.607822e+01   2.312710e+00   2.303702e+00  
779       1.642312e+01   1.609574e+01   2.312575e+00   2.301783e+00  
780       1.640654e+01   1.607841e+01   2.312689e+00   2.304465e+00  
781       1.642155e+01   1.609384e+01   2.313404e+00   2.302996e+00  
782       1.638930e+01   1.606052e+01   2.313658e+00   2.305593e+00  
783       1.641585e+01   1.608748e+01   2.315678e+00   2.304518e+00  
784       1.639270e+01   1.606397e+01   2.314215e+00   2.305178e+00  
785       1.642458e+01   1.609611e+01   2.316056e+00   2.306084e+00  
786       1.640094e+01   1.607245e+01   2.314215e+00   2.304724e+00  
787       1.642476e+01   1.609641e+01   2.315652e+00   2.305633e+00  
788       1.639345e+01   1.606456e+01   2.315051e+00   2.305618e+00  
789       1.642252e+01   1.609464e+01   2.313919e+00   2.303803e+00  
790       1.639866e+01   1.607023e+01   2.314331e+00   2.303818e+00  
791       1.641868e+01   1.609081e+01   2.314021e+00   2.303124e+00  
792       1.638675e+01   1.605875e+01   2.312296e+00   2.301141e+00  
793       1.642458e+01   1.609715e+01   2.313049e+00   2.301836e+00  
794       1.638146e+01   1.605370e+01   2.311261e+00   2.299799e+00  
795       1.642536e+01   1.609864e+01   2.310736e+00   2.299293e+00  
796       1.637850e+01   1.605108e+01   2.309545e+00   2.298744e+00  
797       1.642809e+01   1.610255e+01   2.306658e+00   2.295531e+00  
798       1.637046e+01   1.604340e+01   2.307282e+00   2.297387e+00  
799       1.643113e+01   1.610624e+01   2.304635e+00   2.293405e+00  
800       1.637982e+01   1.605324e+01   2.306193e+00   2.296385e+00  
801       1.642977e+01   1.610564e+01   2.301929e+00   2.290600e+00  
802       1.636927e+01   1.604265e+01   2.306733e+00   2.294675e+00  
803       1.643785e+01   1.611418e+01   2.301363e+00   2.289110e+00  
804       1.636683e+01   1.604095e+01   2.303368e+00   2.292458e+00  
805       1.643037e+01   1.610692e+01   2.300304e+00   2.287518e+00  
806       1.636950e+01   1.604468e+01   2.299901e+00   2.288907e+00  
807       1.642291e+01   1.609987e+01   2.298088e+00   2.285837e+00  
808       1.637158e+01   1.604712e+01   2.298825e+00   2.287790e+00  
809       1.641519e+01   1.609203e+01   2.298018e+00   2.285607e+00  
810       1.638320e+01   1.605944e+01   2.297513e+00   2.285848e+00  
811       1.640475e+01   1.608166e+01   2.297513e+00   2.284127e+00  
812       1.638055e+01   1.605675e+01   2.297764e+00   2.285491e+00  
813       1.641184e+01   1.608912e+01   2.296732e+00   2.283310e+00  
814       1.638859e+01   1.606539e+01   2.296339e+00   2.283832e+00  
815       1.640999e+01   1.608690e+01   2.298386e+00   2.284041e+00  
816       1.637968e+01   1.605642e+01   2.295943e+00   2.283415e+00  
817       1.641708e+01   1.609420e+01   2.297954e+00   2.283942e+00  
818       1.636847e+01   1.604491e+01   2.296835e+00   2.283000e+00  
819       1.641772e+01   1.609484e+01   2.297946e+00   2.284099e+00  
820       1.636607e+01   1.604212e+01   2.298023e+00   2.284234e+00  
821       1.642152e+01   1.609874e+01   2.298174e+00   2.283688e+00  
822       1.636188e+01   1.603769e+01   2.298561e+00   2.284791e+00  
823       1.641790e+01   1.609488e+01   2.298160e+00   2.284867e+00  
824       1.636738e+01   1.604308e+01   2.299479e+00   2.285418e+00  
825       1.642080e+01   1.609748e+01   2.299981e+00   2.285561e+00  
826       1.636227e+01   1.603652e+01   2.304463e+00   2.289803e+00  
827       1.640874e+01   1.608460e+01   2.302172e+00   2.287396e+00  
828       1.635816e+01   1.603186e+01   2.306179e+00   2.291362e+00  
829       1.640515e+01   1.608064e+01   2.302723e+00   2.289034e+00  
830       1.636294e+01   1.603597e+01   2.309199e+00   2.293672e+00  
831       1.639884e+01   1.607372e+01   2.304256e+00   2.290810e+00  
832       1.636694e+01   1.603968e+01   2.310143e+00   2.295333e+00  
833       1.639142e+01   1.606521e+01   2.307634e+00   2.293984e+00  
834       1.635681e+01   1.602884e+01   2.311916e+00   2.297038e+00  
835       1.639093e+01   1.606440e+01   2.308314e+00   2.295507e+00  
836       1.636430e+01   1.603594e+01   2.314149e+00   2.298570e+00  
837       1.639065e+01   1.606375e+01   2.310330e+00   2.295968e+00  
838       1.636924e+01   1.604059e+01   2.315098e+00   2.300384e+00  
839       1.639564e+01   1.606829e+01   2.312250e+00   2.297981e+00  
840       1.636080e+01   1.603185e+01   2.315486e+00   2.300838e+00  
841       1.639166e+01   1.606329e+01   2.315471e+00   2.301226e+00  
842       1.635616e+01   1.602714e+01   2.315559e+00   2.300666e+00  
843       1.639159e+01   1.606284e+01   2.316718e+00   2.302672e+00  
844       1.636212e+01   1.603305e+01   2.316638e+00   2.300715e+00  
845       1.639686e+01   1.606808e+01   2.317109e+00   2.303252e+00  
846       1.635668e+01   1.602671e+01   2.318750e+00   2.304102e+00  
847       1.639821e+01   1.606919e+01   2.318334e+00   2.303867e+00  
848       1.636931e+01   1.603973e+01   2.318187e+00   2.303748e+00  
849       1.639270e+01   1.606284e+01   2.320744e+00   2.306502e+00  
850       1.636619e+01   1.603640e+01   2.318582e+00   2.304415e+00  
851       1.638924e+01   1.605902e+01   2.322056e+00   2.307222e+00  
852       1.637217e+01   1.604247e+01   2.319004e+00   2.304171e+00  
853       1.638777e+01   1.605710e+01   2.323566e+00   2.308597e+00  
854       1.637344e+01   1.604339e+01   2.320676e+00   2.305188e+00  
855       1.637818e+01   1.604735e+01   2.323141e+00   2.308714e+00  
856       1.637469e+01   1.604400e+01   2.322991e+00   2.307427e+00  
857       1.637762e+01   1.604665e+01   2.323791e+00   2.308943e+00  
858       1.638423e+01   1.605372e+01   2.323546e+00   2.307022e+00  
859       1.637186e+01   1.604070e+01   2.324269e+00   2.309019e+00  
860       1.637796e+01   1.604710e+01   2.323819e+00   2.308197e+00  
861       1.637985e+01   1.604886e+01   2.324237e+00   2.309013e+00  
862       1.637599e+01   1.604509e+01   2.324402e+00   2.307605e+00  
863       1.637872e+01   1.604794e+01   2.323787e+00   2.307842e+00  
864       1.637075e+01   1.604000e+01   2.323110e+00   2.307174e+00  
865       1.638690e+01   1.605620e+01   2.324193e+00   2.308037e+00  
866       1.636485e+01   1.603454e+01   2.321161e+00   2.305243e+00  
867       1.637374e+01   1.604281e+01   2.324342e+00   2.307634e+00  
868       1.636343e+01   1.603346e+01   2.319864e+00   2.303910e+00  
869       1.639413e+01   1.606397e+01   2.323310e+00   2.306252e+00  
870       1.635924e+01   1.602977e+01   2.318243e+00   2.301502e+00  
871       1.640438e+01   1.607536e+01   2.319933e+00   2.303163e+00  
872       1.635537e+01   1.602612e+01   2.317007e+00   2.300701e+00  
873       1.639871e+01   1.607057e+01   2.316849e+00   2.299324e+00  
874       1.636102e+01   1.603224e+01   2.315652e+00   2.299566e+00  
875       1.639239e+01   1.606486e+01   2.314112e+00   2.296865e+00  
876       1.635415e+01   1.602583e+01   2.313632e+00   2.297444e+00  
877       1.638510e+01   1.605765e+01   2.313924e+00   2.295434e+00  
878       1.636531e+01   1.603825e+01   2.309692e+00   2.294155e+00  
879       1.637629e+01   1.604920e+01   2.312607e+00   2.293002e+00  
880       1.636710e+01   1.604023e+01   2.309413e+00   2.293351e+00  
881       1.637479e+01   1.604835e+01   2.309995e+00   2.290911e+00  
882       1.636552e+01   1.603918e+01   2.307417e+00   2.291431e+00  
883       1.637299e+01   1.604704e+01   2.308309e+00   2.288905e+00  
884       1.637637e+01   1.605105e+01   2.304636e+00   2.288653e+00  
885       1.637258e+01   1.604715e+01   2.306046e+00   2.287427e+00  
886       1.638022e+01   1.605548e+01   2.303278e+00   2.286474e+00  
887       1.637135e+01   1.604628e+01   2.304599e+00   2.286232e+00  
888       1.638874e+01   1.606523e+01   2.299685e+00   2.282653e+00  
889       1.636091e+01   1.603517e+01   2.306626e+00   2.287347e+00  
890       1.639300e+01   1.607006e+01   2.297805e+00   2.281126e+00  
891       1.636032e+01   1.603463e+01   2.306499e+00   2.287070e+00  
892       1.638208e+01   1.605888e+01   2.297740e+00   2.281548e+00  
893       1.636347e+01   1.603784e+01   2.306790e+00   2.286832e+00  
894       1.637984e+01   1.605678e+01   2.296856e+00   2.281097e+00  
895       1.635214e+01   1.602623e+01   2.307022e+00   2.286956e+00  
896       1.637894e+01   1.605586e+01   2.296687e+00   2.281289e+00  
897       1.636608e+01   1.604039e+01   2.307060e+00   2.287301e+00  
898       1.638821e+01   1.606508e+01   2.297712e+00   2.281938e+00  
899       1.636534e+01   1.603950e+01   2.307015e+00   2.288303e+00  
900       1.639730e+01   1.607413e+01   2.298480e+00   2.282715e+00  
901       1.636673e+01   1.604098e+01   2.307264e+00   2.287635e+00  
902       1.639891e+01   1.607511e+01   2.300521e+00   2.285327e+00  
903       1.636738e+01   1.604130e+01   2.308558e+00   2.288785e+00  
904       1.640847e+01   1.608446e+01   2.302132e+00   2.286520e+00  
905       1.636166e+01   1.603532e+01   2.308676e+00   2.289688e+00  
906       1.640210e+01   1.607739e+01   2.304469e+00   2.288174e+00  
907       1.636901e+01   1.604224e+01   2.310484e+00   2.291825e+00  
908       1.639897e+01   1.607386e+01   2.305552e+00   2.289494e+00  
909       1.637414e+01   1.604687e+01   2.312660e+00   2.293925e+00  
910       1.640251e+01   1.607647e+01   2.309302e+00   2.292718e+00  
911       1.637675e+01   1.604889e+01   2.314626e+00   2.296430e+00  
912       1.639836e+01   1.607191e+01   2.310473e+00   2.293864e+00  
913       1.638258e+01   1.605518e+01   2.313390e+00   2.295280e+00  
914       1.641521e+01   1.608947e+01   2.309174e+00   2.292533e+00  
915       1.639804e+01   1.607090e+01   2.313704e+00   2.295358e+00  
916       1.641309e+01   1.608710e+01   2.310269e+00   2.292848e+00  
917       1.639334e+01   1.606623e+01   2.312714e+00   2.295541e+00  
918       1.641403e+01   1.608807e+01   2.310246e+00   2.292846e+00  
919       1.638307e+01   1.605565e+01   2.313102e+00   2.295781e+00  
920       1.641642e+01   1.609049e+01   2.310499e+00   2.292680e+00  
921       1.639059e+01   1.606356e+01   2.312338e+00   2.294927e+00  
922       1.642427e+01   1.609854e+01   2.310264e+00   2.292710e+00  
923       1.638882e+01   1.606102e+01   2.315133e+00   2.297203e+00  
924       1.642453e+01   1.609830e+01   2.311980e+00   2.294492e+00  
925       1.638530e+01   1.605768e+01   2.314018e+00   2.296560e+00  
926       1.641949e+01   1.609250e+01   2.314611e+00   2.296469e+00  
927       1.638845e+01   1.606038e+01   2.315448e+00   2.298710e+00  
928       1.641921e+01   1.609208e+01   2.315177e+00   2.296782e+00  
929       1.639305e+01   1.606539e+01   2.314198e+00   2.297772e+00  
930       1.642499e+01   1.609779e+01   2.316391e+00   2.296869e+00  
931       1.639821e+01   1.607040e+01   2.315235e+00   2.298538e+00  
932       1.643417e+01   1.610690e+01   2.317149e+00   2.297944e+00  
933       1.639962e+01   1.607144e+01   2.316978e+00   2.299568e+00  
934       1.643161e+01   1.610429e+01   2.317147e+00   2.297994e+00  
935       1.639754e+01   1.606962e+01   2.316224e+00   2.298158e+00  
936       1.643510e+01   1.610765e+01   2.318147e+00   2.298307e+00  
937       1.640293e+01   1.607539e+01   2.314673e+00   2.297843e+00  
938       1.643440e+01   1.610747e+01   2.316079e+00   2.296683e+00  
939       1.640414e+01   1.607684e+01   2.313952e+00   2.297129e+00  
940       1.642475e+01   1.609772e+01   2.315713e+00   2.296381e+00  
941       1.640462e+01   1.607780e+01   2.312754e+00   2.294976e+00  
942       1.643366e+01   1.610730e+01   2.314083e+00   2.294586e+00  
943       1.640257e+01   1.607610e+01   2.311774e+00   2.293218e+00  
944       1.643058e+01   1.610438e+01   2.313184e+00   2.293943e+00  
945       1.640788e+01   1.608199e+01   2.310224e+00   2.291472e+00  
946       1.644128e+01   1.611603e+01   2.310261e+00   2.291747e+00  
947       1.640962e+01   1.608413e+01   2.309250e+00   2.289906e+00  
948       1.644097e+01   1.611616e+01   2.308641e+00   2.290241e+00  
949       1.641260e+01   1.608760e+01   2.307411e+00   2.288727e+00  
950       1.643116e+01   1.610674e+01   2.306600e+00   2.288095e+00  
951       1.641378e+01   1.608918e+01   2.306179e+00   2.287391e+00  
952       1.642554e+01   1.610154e+01   2.305040e+00   2.285971e+00  
953       1.640795e+01   1.608355e+01   2.304924e+00   2.286359e+00  
954       1.643365e+01   1.611015e+01   2.303686e+00   2.284909e+00  
955       1.641314e+01   1.608927e+01   2.303332e+00   2.284993e+00  
956       1.643621e+01   1.611338e+01   2.301970e+00   2.282338e+00  
957       1.639937e+01   1.607537e+01   2.302229e+00   2.285028e+00  
958       1.644293e+01   1.612096e+01   2.299712e+00   2.279515e+00  
959       1.641756e+01   1.609380e+01   2.302673e+00   2.285470e+00  
960       1.644255e+01   1.612081e+01   2.298557e+00   2.278918e+00  
961       1.641425e+01   1.609075e+01   2.301715e+00   2.284153e+00  
962       1.644182e+01   1.611994e+01   2.298496e+00   2.279871e+00  
963       1.641581e+01   1.609232e+01   2.302089e+00   2.283928e+00  
964       1.643947e+01   1.611754e+01   2.298270e+00   2.280091e+00  
965       1.641170e+01   1.608821e+01   2.302146e+00   2.283335e+00  
966       1.643890e+01   1.611681e+01   2.299399e+00   2.280021e+00  
967       1.640716e+01   1.608345e+01   2.302240e+00   2.284099e+00  
968       1.643665e+01   1.611434e+01   2.300055e+00   2.280663e+00  
969       1.641565e+01   1.609211e+01   2.302180e+00   2.284218e+00  
970       1.643694e+01   1.611468e+01   2.299862e+00   2.280503e+00  
971       1.641288e+01   1.608912e+01   2.302215e+00   2.285348e+00  
972       1.643491e+01   1.611251e+01   2.300376e+00   2.280656e+00  
973       1.642041e+01   1.609648e+01   2.303337e+00   2.286489e+00  
974       1.643501e+01   1.611212e+01   2.301956e+00   2.282593e+00  
975       1.642943e+01   1.610555e+01   2.304582e+00   2.286133e+00  
976       1.644107e+01   1.611789e+01   2.302765e+00   2.284608e+00  
977       1.642584e+01   1.610106e+01   2.307430e+00   2.289074e+00  
978       1.644821e+01   1.612495e+01   2.303270e+00   2.285735e+00  
979       1.641951e+01   1.609427e+01   2.308860e+00   2.289968e+00  
980       1.645116e+01   1.612739e+01   2.305364e+00   2.287569e+00  
981       1.642216e+01   1.609628e+01   2.311098e+00   2.292579e+00  
982       1.645720e+01   1.613331e+01   2.306700e+00   2.287974e+00  
983       1.641931e+01   1.609283e+01   2.313040e+00   2.294475e+00  
984       1.645353e+01   1.612952e+01   2.306359e+00   2.288703e+00  
985       1.642644e+01   1.609990e+01   2.313633e+00   2.295276e+00  
986       1.644807e+01   1.612308e+01   2.308947e+00   2.292207e+00  
987       1.643510e+01   1.610845e+01   2.315081e+00   2.295831e+00  
988       1.643933e+01   1.611378e+01   2.310235e+00   2.293611e+00  
989       1.642599e+01   1.609912e+01   2.315511e+00   2.295599e+00  
990       1.643025e+01   1.610416e+01   2.311238e+00   2.295087e+00  
991       1.643829e+01   1.611114e+01   2.317338e+00   2.297520e+00  
992       1.642172e+01   1.609514e+01   2.313060e+00   2.295460e+00  
993       1.644490e+01   1.611764e+01   2.317679e+00   2.298902e+00  
994       1.642196e+01   1.609515e+01   2.314227e+00   2.295941e+00  
995       1.643993e+01   1.611220e+01   2.318592e+00   2.300544e+00  
996       1.641998e+01   1.609279e+01   2.315657e+00   2.296867e+00  
997       1.643195e+01   1.610375e+01   2.319640e+00   2.301581e+00  
998       1.643720e+01   1.611001e+01   2.316458e+00   2.298539e+00  
999       1.643293e+01   1.610461e+01   2.320320e+00   2.301930e+00  
1000      1.645187e+01   1.612458e+01   2.317764e+00   2.299973e+00  
1001      1.642770e+01   1.609861e+01   2.322995e+00   2.303886e+00  
1002      1.643658e+01   1.610867e+01   2.318803e+00   2.301108e+00  
1003      1.642792e+01   1.609856e+01   2.323800e+00   2.304928e+00  
1004      1.645015e+01   1.612227e+01   2.319610e+00   2.302009e+00  
1005      1.643814e+01   1.610885e+01   2.324047e+00   2.305642e+00  
1006      1.645247e+01   1.612415e+01   2.321461e+00   2.303532e+00  
1007      1.643896e+01   1.610955e+01   2.325117e+00   2.305539e+00  
1008      1.646175e+01   1.613303e+01   2.323155e+00   2.305918e+00  
1009      1.643199e+01   1.610240e+01   2.324943e+00   2.305997e+00  
1010      1.646120e+01   1.613240e+01   2.323451e+00   2.306122e+00  
1011      1.642971e+01   1.610031e+01   2.323682e+00   2.305637e+00  
1012      1.646097e+01   1.613208e+01   2.323933e+00   2.306240e+00  
1013      1.642286e+01   1.609327e+01   2.323818e+00   2.305814e+00  
1014      1.646508e+01   1.613658e+01   2.322523e+00   2.305568e+00  
1015      1.642268e+01   1.609336e+01   2.322275e+00   2.305441e+00  
1016      1.646332e+01   1.613457e+01   2.323184e+00   2.306405e+00  
1017      1.642233e+01   1.609264e+01   2.323926e+00   2.306326e+00  
1018      1.647296e+01   1.614462e+01   2.322437e+00   2.305619e+00  
1019      1.642356e+01   1.609453e+01   2.321935e+00   2.303937e+00  
1020      1.647379e+01   1.614532e+01   2.323301e+00   2.305748e+00  
1021      1.642697e+01   1.609849e+01   2.320614e+00   2.301857e+00  
1022      1.648069e+01   1.615276e+01   2.321620e+00   2.304697e+00  
1023      1.642128e+01   1.609298e+01   2.319456e+00   2.300995e+00  
1024      1.646727e+01   1.613945e+01   2.320018e+00   2.303632e+00  
1025      1.642056e+01   1.609253e+01   2.318244e+00   2.300163e+00  
1026      1.645898e+01   1.613148e+01   2.318193e+00   2.302054e+00  
1027      1.642732e+01   1.609975e+01   2.316981e+00   2.299283e+00  
1028      1.645586e+01   1.612834e+01   2.317527e+00   2.302440e+00  
1029      1.642098e+01   1.609347e+01   2.316309e+00   2.298599e+00  
1030      1.645775e+01   1.613053e+01   2.316738e+00   2.301392e+00  
1031      1.643347e+01   1.610658e+01   2.314629e+00   2.297679e+00  
1032      1.646370e+01   1.613683e+01   2.315676e+00   2.300795e+00  
1033      1.642837e+01   1.610170e+01   2.313625e+00   2.296417e+00  
1034      1.646153e+01   1.613509e+01   2.314621e+00   2.298564e+00  
1035      1.642969e+01   1.610315e+01   2.312605e+00   2.296774e+00  
1036      1.645899e+01   1.613244e+01   2.314751e+00   2.298870e+00  
1037      1.642874e+01   1.610216e+01   2.312756e+00   2.296729e+00  
1038      1.646254e+01   1.613620e+01   2.313805e+00   2.298783e+00  
1039      1.643419e+01   1.610761e+01   2.313295e+00   2.296981e+00  
1040      1.645204e+01   1.612550e+01   2.313850e+00   2.298657e+00  
1041      1.642278e+01   1.609594e+01   2.312952e+00   2.297569e+00  
1042      1.645049e+01   1.612374e+01   2.314660e+00   2.299151e+00  
1043      1.642253e+01   1.609561e+01   2.313412e+00   2.297618e+00  
1044      1.645531e+01   1.612803e+01   2.316643e+00   2.301503e+00  
1045      1.642167e+01   1.609475e+01   2.313639e+00   2.297227e+00  
1046      1.645852e+01   1.613139e+01   2.316132e+00   2.301441e+00  
1047      1.641430e+01   1.608666e+01   2.315546e+00   2.299296e+00  
1048      1.646287e+01   1.613544e+01   2.317702e+00   2.302610e+00  
1049      1.641897e+01   1.609113e+01   2.316197e+00   2.300732e+00  
1050      1.645206e+01   1.612369e+01   2.320274e+00   2.305039e+00  
1051      1.641689e+01   1.608847e+01   2.317898e+00   2.302735e+00  
1052      1.645843e+01   1.612990e+01   2.321459e+00   2.305889e+00  
1053      1.642627e+01   1.609747e+01   2.319762e+00   2.304843e+00  
1054      1.645435e+01   1.612533e+01   2.322920e+00   2.307231e+00  
1055      1.642587e+01   1.609661e+01   2.321230e+00   2.306586e+00  
1056      1.645822e+01   1.612850e+01   2.325253e+00   2.310319e+00  
1057      1.642313e+01   1.609316e+01   2.323758e+00   2.308622e+00  
1058      1.645917e+01   1.612914e+01   2.326828e+00   2.311067e+00  
1059      1.642877e+01   1.609883e+01   2.324088e+00   2.308778e+00  
1060      1.646125e+01   1.613074e+01   2.328499e+00   2.313035e+00  
1061      1.643576e+01   1.610605e+01   2.324119e+00   2.308202e+00  
1062      1.645467e+01   1.612340e+01   2.330285e+00   2.315646e+00  
1063      1.645037e+01   1.612032e+01   2.326643e+00   2.310111e+00  
1064      1.644348e+01   1.611190e+01   2.330777e+00   2.315586e+00  
1065      1.645579e+01   1.612542e+01   2.327887e+00   2.311900e+00  
1066      1.644109e+01   1.610901e+01   2.332860e+00   2.316721e+00  
1067      1.646509e+01   1.613495e+01   2.327776e+00   2.311710e+00  
1068      1.643429e+01   1.610200e+01   2.332777e+00   2.317241e+00  
1069      1.647036e+01   1.613961e+01   2.330330e+00   2.314141e+00  
1070      1.643509e+01   1.610218e+01   2.334566e+00   2.319854e+00  
1071      1.646900e+01   1.613780e+01   2.332125e+00   2.315277e+00  
1072      1.643687e+01   1.610406e+01   2.334630e+00   2.319410e+00  
1073      1.645753e+01   1.612595e+01   2.332880e+00   2.315531e+00  
1074      1.643689e+01   1.610385e+01   2.335129e+00   2.320426e+00  
1075      1.645735e+01   1.612550e+01   2.333407e+00   2.316834e+00  
1076      1.644787e+01   1.611448e+01   2.337805e+00   2.321774e+00  
1077      1.644688e+01   1.611426e+01   2.335842e+00   2.318233e+00  
1078      1.644637e+01   1.611312e+01   2.337161e+00   2.321224e+00  
1079      1.644616e+01   1.611293e+01   2.337339e+00   2.320884e+00  
1080      1.643486e+01   1.610107e+01   2.338703e+00   2.321782e+00  
1081      1.644579e+01   1.611237e+01   2.338075e+00   2.321409e+00  
1082      1.643135e+01   1.609747e+01   2.339358e+00   2.321246e+00  
1083      1.645556e+01   1.612215e+01   2.338673e+00   2.322189e+00  
1084      1.642789e+01   1.609383e+01   2.339879e+00   2.321472e+00  
1085      1.645619e+01   1.612237e+01   2.340513e+00   2.323198e+00  
1086      1.641422e+01   1.607987e+01   2.340350e+00   2.321040e+00  
1087      1.644802e+01   1.611409e+01   2.341083e+00   2.322215e+00  
1088      1.642314e+01   1.608932e+01   2.338122e+00   2.320873e+00  
1089      1.645219e+01   1.611854e+01   2.341164e+00   2.320787e+00  
1090      1.642510e+01   1.609212e+01   2.335760e+00   2.317744e+00  
1091      1.644841e+01   1.611478e+01   2.340518e+00   2.320757e+00  
1092      1.642336e+01   1.608958e+01   2.338345e+00   2.320363e+00  
1093      1.644489e+01   1.611174e+01   2.338967e+00   2.318565e+00  
1094      1.642675e+01   1.609385e+01   2.335103e+00   2.318009e+00  
1095      1.643955e+01   1.610684e+01   2.337480e+00   2.316174e+00  
1096      1.641908e+01   1.608665e+01   2.333619e+00   2.315211e+00  
1097      1.644239e+01   1.611003e+01   2.336993e+00   2.314621e+00  
1098      1.643381e+01   1.610235e+01   2.331456e+00   2.312764e+00  
1099      1.643395e+01   1.610171e+01   2.335273e+00   2.314372e+00  
1100      1.643351e+01   1.610257e+01   2.329923e+00   2.310672e+00  
1101      1.643447e+01   1.610250e+01   2.334270e+00   2.313596e+00  
1102      1.642867e+01   1.609779e+01   2.329335e+00   2.310078e+00  
1103      1.643010e+01   1.609885e+01   2.330961e+00   2.311226e+00  
1104      1.643498e+01   1.610472e+01   2.327845e+00   2.308163e+00  
1105      1.643450e+01   1.610394e+01   2.329023e+00   2.308991e+00  
1106      1.643328e+01   1.610309e+01   2.328164e+00   2.307098e+00  
1107      1.643246e+01   1.610252e+01   2.326892e+00   2.306536e+00  
1108      1.643377e+01   1.610367e+01   2.327741e+00   2.307002e+00  
1109      1.643087e+01   1.610121e+01   2.326726e+00   2.304579e+00  
1110      1.642471e+01   1.609492e+01   2.325758e+00   2.305531e+00  
1111      1.643137e+01   1.610185e+01   2.326326e+00   2.303972e+00  
1112      1.642752e+01   1.609802e+01   2.324864e+00   2.304863e+00  
1113      1.642048e+01   1.609066e+01   2.326250e+00   2.304649e+00  
1114      1.642624e+01   1.609706e+01   2.323836e+00   2.303438e+00  
1115      1.642862e+01   1.609902e+01   2.326040e+00   2.304470e+00  
1116      1.642514e+01   1.609603e+01   2.323448e+00   2.303178e+00  
1117      1.643126e+01   1.610187e+01   2.325424e+00   2.303985e+00  
1118      1.641568e+01   1.608616e+01   2.324450e+00   2.303719e+00  
1119      1.642210e+01   1.609279e+01   2.324385e+00   2.303214e+00  
1120      1.641419e+01   1.608477e+01   2.324127e+00   2.303118e+00  
1121      1.642657e+01   1.609712e+01   2.325408e+00   2.303821e+00  
1122      1.641744e+01   1.608764e+01   2.325507e+00   2.304812e+00  
1123      1.642641e+01   1.609733e+01   2.324043e+00   2.302557e+00  
1124      1.641563e+01   1.608561e+01   2.326789e+00   2.304787e+00  
1125      1.642212e+01   1.609280e+01   2.324901e+00   2.302772e+00  
1126      1.640077e+01   1.607027e+01   2.327302e+00   2.305527e+00  
1127      1.642342e+01   1.609344e+01   2.327228e+00   2.305235e+00  
1128      1.641162e+01   1.608099e+01   2.329044e+00   2.306194e+00  
1129      1.641936e+01   1.608882e+01   2.328778e+00   2.306968e+00  
1130      1.640578e+01   1.607467e+01   2.330035e+00   2.307703e+00  
1131      1.642006e+01   1.608909e+01   2.330106e+00   2.308713e+00  
1132      1.640872e+01   1.607699e+01   2.332159e+00   2.310327e+00  
1133      1.641993e+01   1.608852e+01   2.331648e+00   2.310185e+00  
1134      1.640549e+01   1.607364e+01   2.332206e+00   2.310646e+00  
1135      1.641830e+01   1.608681e+01   2.331804e+00   2.310386e+00  
1136      1.639910e+01   1.606668e+01   2.333680e+00   2.312142e+00  
1137      1.642181e+01   1.609031e+01   2.332482e+00   2.310242e+00  
1138      1.640482e+01   1.607245e+01   2.333127e+00   2.313181e+00  
1139      1.641717e+01   1.608504e+01   2.334737e+00   2.311676e+00  
1140      1.639928e+01   1.606629e+01   2.334694e+00   2.315143e+00  
1141      1.641770e+01   1.608545e+01   2.334675e+00   2.312661e+00  
1142      1.641217e+01   1.607916e+01   2.335730e+00   2.316122e+00  
1143      1.641453e+01   1.608210e+01   2.335088e+00   2.313069e+00  
1144      1.641731e+01   1.608438e+01   2.335840e+00   2.316173e+00  
1145      1.640545e+01   1.607276e+01   2.334709e+00   2.313937e+00  
1146      1.642023e+01   1.608674e+01   2.337617e+00   2.318669e+00  
1147      1.640185e+01   1.606875e+01   2.335861e+00   2.315102e+00  
1148      1.640864e+01   1.607484e+01   2.337542e+00   2.319251e+00  
1149      1.640623e+01   1.607282e+01   2.336765e+00   2.316982e+00  
1150      1.640809e+01   1.607412e+01   2.338830e+00   2.319053e+00  
1151      1.640434e+01   1.607025e+01   2.338921e+00   2.319261e+00  
1152      1.641004e+01   1.607584e+01   2.339647e+00   2.320100e+00  
1153      1.640896e+01   1.607468e+01   2.339742e+00   2.320405e+00  
1154      1.641516e+01   1.608066e+01   2.340823e+00   2.321702e+00  
1155      1.640271e+01   1.606822e+01   2.340299e+00   2.320425e+00  
1156      1.642235e+01   1.608801e+01   2.340726e+00   2.321748e+00  
1157      1.639847e+01   1.606398e+01   2.339978e+00   2.320053e+00  
1158      1.640901e+01   1.607421e+01   2.341015e+00   2.322680e+00  
1159      1.641451e+01   1.607982e+01   2.341752e+00   2.322034e+00  
1160      1.641484e+01   1.608047e+01   2.339887e+00   2.321726e+00  
1161      1.642379e+01   1.608970e+01   2.340025e+00   2.320924e+00  
1162      1.641118e+01   1.607664e+01   2.340549e+00   2.321666e+00  
1163      1.642585e+01   1.609213e+01   2.338192e+00   2.320502e+00  
1164      1.640713e+01   1.607267e+01   2.339304e+00   2.321802e+00  
1165      1.641864e+01   1.608482e+01   2.338290e+00   2.320027e+00  
1166      1.641876e+01   1.608496e+01   2.337890e+00   2.320351e+00  
1167      1.641554e+01   1.608216e+01   2.336162e+00   2.318759e+00  
1168      1.641779e+01   1.608405e+01   2.337414e+00   2.320249e+00  
1169      1.641726e+01   1.608409e+01   2.335387e+00   2.318304e+00  
1170      1.641062e+01   1.607695e+01   2.336869e+00   2.319325e+00  
1171      1.640308e+01   1.606996e+01   2.334036e+00   2.317319e+00  
1172      1.641363e+01   1.608049e+01   2.334837e+00   2.318097e+00  
1173      1.641707e+01   1.608434e+01   2.334030e+00   2.316604e+00  
1174      1.641514e+01   1.608294e+01   2.331767e+00   2.314932e+00  
1175      1.641904e+01   1.608617e+01   2.335170e+00   2.316682e+00  
1176      1.640759e+01   1.607558e+01   2.330751e+00   2.313511e+00  
1177      1.642712e+01   1.609477e+01   2.334029e+00   2.315380e+00  
1178      1.641027e+01   1.607879e+01   2.328378e+00   2.312619e+00  
1179      1.642649e+01   1.609470e+01   2.331889e+00   2.313512e+00  
1180      1.641262e+01   1.608189e+01   2.326151e+00   2.309920e+00  
1181      1.641456e+01   1.608242e+01   2.332146e+00   2.314045e+00  
1182      1.642000e+01   1.609049e+01   2.322717e+00   2.305919e+00  
1183      1.642473e+01   1.609322e+01   2.331004e+00   2.312237e+00  
1184      1.641540e+01   1.608620e+01   2.320307e+00   2.305583e+00  
1185      1.642048e+01   1.608939e+01   2.329662e+00   2.310035e+00  
1186      1.640662e+01   1.607752e+01   2.319285e+00   2.304607e+00  
1187      1.642140e+01   1.609091e+01   2.326457e+00   2.309191e+00  
1188      1.641342e+01   1.608445e+01   2.319051e+00   2.304934e+00  
1189      1.641652e+01   1.608651e+01   2.324343e+00   2.307365e+00  
1190      1.641937e+01   1.609045e+01   2.319724e+00   2.304765e+00  
1191      1.642085e+01   1.609107e+01   2.323471e+00   2.307220e+00  
1192      1.642000e+01   1.609094e+01   2.320634e+00   2.304963e+00  
1193      1.641752e+01   1.608763e+01   2.323513e+00   2.307464e+00  
1194      1.641812e+01   1.608930e+01   2.319642e+00   2.303980e+00  
1195      1.642469e+01   1.609463e+01   2.324396e+00   2.308812e+00  
1196      1.640837e+01   1.607906e+01   2.321584e+00   2.304109e+00  
1197      1.642372e+01   1.609298e+01   2.326580e+00   2.311182e+00  
1198      1.640356e+01   1.607430e+01   2.320652e+00   2.303974e+00  
1199      1.643275e+01   1.610220e+01   2.326336e+00   2.311415e+00  
1200      1.640766e+01   1.607845e+01   2.320354e+00   2.304482e+00  
1201      1.643615e+01   1.610558e+01   2.327053e+00   2.311248e+00  
1202      1.640801e+01   1.607849e+01   2.321512e+00   2.305581e+00  
1203      1.642280e+01   1.609170e+01   2.327225e+00   2.312936e+00  
1204      1.640741e+01   1.607773e+01   2.322440e+00   2.305608e+00  
1205      1.642965e+01   1.609849e+01   2.327636e+00   2.313893e+00  
1206      1.641462e+01   1.608486e+01   2.322910e+00   2.306747e+00  
1207      1.643057e+01   1.609947e+01   2.327653e+00   2.313600e+00  
1208      1.641890e+01   1.608892e+01   2.323739e+00   2.308016e+00  
1209      1.643142e+01   1.609966e+01   2.330153e+00   2.315834e+00  
1210      1.642519e+01   1.609497e+01   2.324246e+00   2.310121e+00  
1211      1.642141e+01   1.608934e+01   2.329901e+00   2.316810e+00  
1212      1.643307e+01   1.610283e+01   2.325039e+00   2.310628e+00  
1213      1.641651e+01   1.608406e+01   2.331170e+00   2.317376e+00  
1214      1.642673e+01   1.609606e+01   2.325636e+00   2.312111e+00  
1215      1.641422e+01   1.608151e+01   2.331353e+00   2.318731e+00  
1216      1.642889e+01   1.609803e+01   2.326471e+00   2.312876e+00  
1217      1.641659e+01   1.608437e+01   2.329513e+00   2.317512e+00  
1218      1.643512e+01   1.610410e+01   2.327933e+00   2.313399e+00  
1219      1.641745e+01   1.608495e+01   2.330385e+00   2.318671e+00  
1220      1.642404e+01   1.609209e+01   2.330439e+00   2.315777e+00  
1221      1.642177e+01   1.608957e+01   2.329523e+00   2.318048e+00  
1222      1.643522e+01   1.610323e+01   2.331150e+00   2.316901e+00  
1223      1.641696e+01   1.608390e+01   2.331759e+00   2.321111e+00  
1224      1.643102e+01   1.609882e+01   2.331125e+00   2.317856e+00  
1225      1.641902e+01   1.608577e+01   2.332180e+00   2.322328e+00  
1226      1.643049e+01   1.609763e+01   2.333121e+00   2.320352e+00  
1227      1.643653e+01   1.610331e+01   2.333733e+00   2.323055e+00  
1228      1.643748e+01   1.610433e+01   2.334107e+00   2.322384e+00  
1229      1.643715e+01   1.610347e+01   2.336431e+00   2.323621e+00  
1230      1.643477e+01   1.610131e+01   2.334810e+00   2.323391e+00  
1231      1.643869e+01   1.610512e+01   2.336805e+00   2.322739e+00  
1232      1.643951e+01   1.610601e+01   2.335103e+00   2.324052e+00  
1233      1.643211e+01   1.609836e+01   2.336857e+00   2.323010e+00  
1234      1.643356e+01   1.609954e+01   2.336339e+00   2.325569e+00  
1235      1.644121e+01   1.610755e+01   2.336801e+00   2.323709e+00  
1236      1.643572e+01   1.610194e+01   2.335553e+00   2.325008e+00  
1237      1.643441e+01   1.609994e+01   2.340212e+00   2.324889e+00  
1238      1.643241e+01   1.609866e+01   2.334568e+00   2.325284e+00  
1239      1.644017e+01   1.610568e+01   2.340454e+00   2.325615e+00  
1240      1.643068e+01   1.609687e+01   2.334691e+00   2.325343e+00  
1241      1.643187e+01   1.609743e+01   2.339988e+00   2.324548e+00  
1242      1.642338e+01   1.608910e+01   2.336686e+00   2.325598e+00  
1243      1.643721e+01   1.610296e+01   2.339367e+00   2.324596e+00  
1244      1.642704e+01   1.609294e+01   2.336382e+00   2.325097e+00  
1245      1.643726e+01   1.610343e+01   2.337581e+00   2.323526e+00  
1246      1.643195e+01   1.609816e+01   2.335798e+00   2.324281e+00  
1247      1.643137e+01   1.609719e+01   2.337755e+00   2.324911e+00  
1248      1.642620e+01   1.609213e+01   2.336534e+00   2.324664e+00  
1249      1.643052e+01   1.609646e+01   2.337318e+00   2.324408e+00  
1250      1.643324e+01   1.609989e+01   2.334519e+00   2.322720e+00  
-------------------------------------------------------------------

