
**********************************************
Real-time propagation in 3D, OPTION = 2
MPI nodes = 8, OMP threads = 16, cores = 128
**********************************************

Interactions
Contact: Natoms = 1.50000000000e+05, as = 8.100000e+01 * a0, G = 1.455151e+04, G * par = 2.910302e+04
Three-body: K3 =  0.000000e+00, g3 = 0.000000e+00
Regular DDI: add = 1.101000e+02 * a0, GD = 4.721954e+03, GD * par =  9.443909e+03, edd = 1.359259e+00
     Dipolar cutoffs Rcut = 7.355496e+00, Lcut = 2.278574e+02

QF = 1, QDEPL = 0: h2 = 1.827296e+05, h4 = 0.000000e+00
        q3 = 0.000000e+00, q5 = 3.971559e+00

GRAD = 0

Trap parameters
GAMMA = 0.000000e+00, NU = 0.000000e+00, LAMBDA = 0.000000e+00
Parameters of rotation: OMEGA = 0.000000e+00, OMEGA * par = 0.000000e+00

Space discretization: NX = 128, NY = 128, NZ = 128
                      DX = 3.560272e+00, DY = 1.149296e-01, DZ = 1.149296e-01
      Unit of length: aho = 5.552380e-07 m

Time discretization: NITER = 2500 (NSNAP = 1250)
                     DT = 6.604409e-03

Initial state: file ./imag3d-finalpsi.bin
ADD_VORTICES = 0, ADD_RANDOM_PHASE = 0


MUREL = 1.000000e-12, MUEND=1.000000e+05

-------------------------------------------------------------------
Snap      Na             QD             mu             <r>
-------------------------------------------------------------------
0         1.50293709864e+05   0.000000e+00   -1.662331e+00  2.284334e+01  
1         1.50293709458e+05   0.000000e+00   -1.662868e+00  2.284333e+01  
2         1.50293709043e+05   0.000000e+00   -1.663418e+00  2.284332e+01  
3         1.50293708592e+05   0.000000e+00   -1.663899e+00  2.284331e+01  
4         1.50293708156e+05   0.000000e+00   -1.664246e+00  2.284330e+01  
5         1.50293707705e+05   0.000000e+00   -1.664414e+00  2.284328e+01  
6         1.50293707300e+05   0.000000e+00   -1.664379e+00  2.284327e+01  
7         1.50293706926e+05   0.000000e+00   -1.664135e+00  2.284325e+01  
8         1.50293706653e+05   0.000000e+00   -1.663684e+00  2.284323e+01  
9         1.50293706468e+05   0.000000e+00   -1.663041e+00  2.284321e+01  
10        1.50293706419e+05   0.000000e+00   -1.662226e+00  2.284319e+01  
11        1.50293706502e+05   0.000000e+00   -1.661257e+00  2.284316e+01  
12        1.50293706764e+05   0.000000e+00   -1.660151e+00  2.284314e+01  
13        1.50293707138e+05   0.000000e+00   -1.658918e+00  2.284312e+01  
14        1.50293707669e+05   0.000000e+00   -1.657566e+00  2.284309e+01  
15        1.50293708385e+05   0.000000e+00   -1.656104e+00  2.284306e+01  
16        1.50293709244e+05   0.000000e+00   -1.654545e+00  2.284304e+01  
17        1.50293710215e+05   0.000000e+00   -1.652913e+00  2.284301e+01  
18        1.50293711341e+05   0.000000e+00   -1.651239e+00  2.284299e+01  
19        1.50293712565e+05   0.000000e+00   -1.649560e+00  2.284296e+01  
20        1.50293713910e+05   0.000000e+00   -1.647920e+00  2.284294e+01  
21        1.50293715350e+05   0.000000e+00   -1.646357e+00  2.284291e+01  
22        1.50293716879e+05   0.000000e+00   -1.644908e+00  2.284289e+01  
23        1.50293718484e+05   0.000000e+00   -1.643600e+00  2.284287e+01  
24        1.50293720157e+05   0.000000e+00   -1.642453e+00  2.284285e+01  
25        1.50293721878e+05   0.000000e+00   -1.641479e+00  2.284283e+01  
26        1.50293723648e+05   0.000000e+00   -1.640682e+00  2.284281e+01  
27        1.50293725437e+05   0.000000e+00   -1.640058e+00  2.284279e+01  
28        1.50293727253e+05   0.000000e+00   -1.639601e+00  2.284277e+01  
29        1.50293729061e+05   0.000000e+00   -1.639300e+00  2.284276e+01  
30        1.50293730871e+05   0.000000e+00   -1.639142e+00  2.284275e+01  
31        1.50293732647e+05   0.000000e+00   -1.639113e+00  2.284274e+01  
32        1.50293734400e+05   0.000000e+00   -1.639200e+00  2.284273e+01  
33        1.50293736091e+05   0.000000e+00   -1.639388e+00  2.284272e+01  
34        1.50293737725e+05   0.000000e+00   -1.639665e+00  2.284271e+01  
35        1.50293739264e+05   0.000000e+00   -1.640018e+00  2.284271e+01  
36        1.50293740711e+05   0.000000e+00   -1.640437e+00  2.284271e+01  
37        1.50293742036e+05   0.000000e+00   -1.640912e+00  2.284271e+01  
38        1.50293743240e+05   0.000000e+00   -1.641434e+00  2.284271e+01  
39        1.50293744294e+05   0.000000e+00   -1.641996e+00  2.284271e+01  
40        1.50293745197e+05   0.000000e+00   -1.642590e+00  2.284272e+01  
41        1.50293745923e+05   0.000000e+00   -1.643210e+00  2.284272e+01  
42        1.50293746466e+05   0.000000e+00   -1.643851e+00  2.284273e+01  
43        1.50293746799e+05   0.000000e+00   -1.644507e+00  2.284274e+01  
44        1.50293746931e+05   0.000000e+00   -1.645174e+00  2.284275e+01  
45        1.50293746856e+05   0.000000e+00   -1.645847e+00  2.284276e+01  
46        1.50293746591e+05   0.000000e+00   -1.646523e+00  2.284277e+01  
47        1.50293746114e+05   0.000000e+00   -1.647199e+00  2.284279e+01  
48        1.50293745408e+05   0.000000e+00   -1.647872e+00  2.284280e+01  
49        1.50293744442e+05   0.000000e+00   -1.648538e+00  2.284281e+01  
50        1.50293743218e+05   0.000000e+00   -1.649196e+00  2.284283e+01  
51        1.50293741716e+05   0.000000e+00   -1.649843e+00  2.284285e+01  
52        1.50293739942e+05   0.000000e+00   -1.650476e+00  2.284286e+01  
53        1.50293737883e+05   0.000000e+00   -1.651096e+00  2.284288e+01  
54        1.50293735559e+05   0.000000e+00   -1.651698e+00  2.284290e+01  
55        1.50293732958e+05   0.000000e+00   -1.652283e+00  2.284292e+01  
56        1.50293730099e+05   0.000000e+00   -1.652849e+00  2.284294e+01  
57        1.50293726975e+05   0.000000e+00   -1.653394e+00  2.284296e+01  
58        1.50293723610e+05   0.000000e+00   -1.653918e+00  2.284298e+01  
59        1.50293719988e+05   0.000000e+00   -1.654420e+00  2.284299e+01  
60        1.50293716135e+05   0.000000e+00   -1.654899e+00  2.284301e+01  
61        1.50293712037e+05   0.000000e+00   -1.655354e+00  2.284303e+01  
62        1.50293707723e+05   0.000000e+00   -1.655785e+00  2.284305e+01  
63        1.50293703172e+05   0.000000e+00   -1.656192e+00  2.284307e+01  
64        1.50293698410e+05   0.000000e+00   -1.656573e+00  2.284309e+01  
65        1.50293693424e+05   0.000000e+00   -1.656929e+00  2.284310e+01  
66        1.50293688248e+05   0.000000e+00   -1.657260e+00  2.284312e+01  
67        1.50293682861e+05   0.000000e+00   -1.657565e+00  2.284314e+01  
68        1.50293677299e+05   0.000000e+00   -1.657845e+00  2.284315e+01  
69        1.50293671543e+05   0.000000e+00   -1.658099e+00  2.284317e+01  
70        1.50293665631e+05   0.000000e+00   -1.658328e+00  2.284318e+01  
71        1.50293659548e+05   0.000000e+00   -1.658531e+00  2.284319e+01  
72        1.50293653333e+05   0.000000e+00   -1.658707e+00  2.284321e+01  
73        1.50293646971e+05   0.000000e+00   -1.658858e+00  2.284322e+01  
74        1.50293640510e+05   0.000000e+00   -1.658985e+00  2.284323e+01  
75        1.50293633928e+05   0.000000e+00   -1.659087e+00  2.284324e+01  
76        1.50293627274e+05   0.000000e+00   -1.659167e+00  2.284325e+01  
77        1.50293620530e+05   0.000000e+00   -1.659225e+00  2.284326e+01  
78        1.50293613743e+05   0.000000e+00   -1.659260e+00  2.284326e+01  
79        1.50293606899e+05   0.000000e+00   -1.659272e+00  2.284327e+01  
80        1.50293600050e+05   0.000000e+00   -1.659262e+00  2.284327e+01  
81        1.50293593176e+05   0.000000e+00   -1.659230e+00  2.284328e+01  
82        1.50293586331e+05   0.000000e+00   -1.659175e+00  2.284328e+01  
83        1.50293579497e+05   0.000000e+00   -1.659100e+00  2.284328e+01  
84        1.50293572726e+05   0.000000e+00   -1.659003e+00  2.284328e+01  
85        1.50293566000e+05   0.000000e+00   -1.658885e+00  2.284328e+01  
86        1.50293559367e+05   0.000000e+00   -1.658747e+00  2.284328e+01  
87        1.50293552814e+05   0.000000e+00   -1.658592e+00  2.284328e+01  
88        1.50293546387e+05   0.000000e+00   -1.658424e+00  2.284328e+01  
89        1.50293540071e+05   0.000000e+00   -1.658244e+00  2.284327e+01  
90        1.50293533920e+05   0.000000e+00   -1.658055e+00  2.284327e+01  
91        1.50293527912e+05   0.000000e+00   -1.657858e+00  2.284326e+01  
92        1.50293522106e+05   0.000000e+00   -1.657650e+00  2.284326e+01  
93        1.50293516483e+05   0.000000e+00   -1.657428e+00  2.284325e+01  
94        1.50293511088e+05   0.000000e+00   -1.657190e+00  2.284324e+01  
95        1.50293505904e+05   0.000000e+00   -1.656934e+00  2.284324e+01  
96        1.50293500973e+05   0.000000e+00   -1.656660e+00  2.284323e+01  
97        1.50293496273e+05   0.000000e+00   -1.656371e+00  2.284322e+01  
98        1.50293491848e+05   0.000000e+00   -1.656068e+00  2.284321e+01  
99        1.50293487672e+05   0.000000e+00   -1.655756e+00  2.284319e+01  
100       1.50293483800e+05   0.000000e+00   -1.655441e+00  2.284318e+01  
101       1.50293480211e+05   0.000000e+00   -1.655127e+00  2.284317e+01  
102       1.50293476945e+05   0.000000e+00   -1.654819e+00  2.284316e+01  
103       1.50293473965e+05   0.000000e+00   -1.654518e+00  2.284315e+01  
104       1.50293471322e+05   0.000000e+00   -1.654225e+00  2.284313e+01  
105       1.50293469030e+05   0.000000e+00   -1.653935e+00  2.284312e+01  
106       1.50293467159e+05   0.000000e+00   -1.653645e+00  2.284311e+01  
107       1.50293465649e+05   0.000000e+00   -1.653352e+00  2.284309e+01  
108       1.50293464473e+05   0.000000e+00   -1.653055e+00  2.284308e+01  
109       1.50293463597e+05   0.000000e+00   -1.652755e+00  2.284307e+01  
110       1.50293463118e+05   0.000000e+00   -1.652455e+00  2.284305e+01  
111       1.50293463062e+05   0.000000e+00   -1.652155e+00  2.284304e+01  
112       1.50293463426e+05   0.000000e+00   -1.651861e+00  2.284303e+01  
113       1.50293464133e+05   0.000000e+00   -1.651574e+00  2.284301e+01  
114       1.50293465180e+05   0.000000e+00   -1.651299e+00  2.284300e+01  
115       1.50293466537e+05   0.000000e+00   -1.651038e+00  2.284299e+01  
116       1.50293468242e+05   0.000000e+00   -1.650793e+00  2.284297e+01  
117       1.50293470282e+05   0.000000e+00   -1.650564e+00  2.284296e+01  
118       1.50293472700e+05   0.000000e+00   -1.650348e+00  2.284295e+01  
119       1.50293475483e+05   0.000000e+00   -1.650142e+00  2.284294e+01  
120       1.50293478698e+05   0.000000e+00   -1.649942e+00  2.284293e+01  
121       1.50293482315e+05   0.000000e+00   -1.649744e+00  2.284292e+01  
122       1.50293486312e+05   0.000000e+00   -1.649545e+00  2.284291e+01  
123       1.50293490582e+05   0.000000e+00   -1.649346e+00  2.284290e+01  
124       1.50293495153e+05   0.000000e+00   -1.649150e+00  2.284289e+01  
125       1.50293500022e+05   0.000000e+00   -1.648962e+00  2.284288e+01  
126       1.50293505264e+05   0.000000e+00   -1.648788e+00  2.284287e+01  
127       1.50293510850e+05   0.000000e+00   -1.648634e+00  2.284286e+01  
128       1.50293516802e+05   0.000000e+00   -1.648504e+00  2.284286e+01  
129       1.50293523050e+05   0.000000e+00   -1.648401e+00  2.284285e+01  
130       1.50293529571e+05   0.000000e+00   -1.648325e+00  2.284285e+01  
131       1.50293536283e+05   0.000000e+00   -1.648276e+00  2.284284e+01  
132       1.50293543187e+05   0.000000e+00   -1.648251e+00  2.284284e+01  
133       1.50293550234e+05   0.000000e+00   -1.648247e+00  2.284283e+01  
134       1.50293557440e+05   0.000000e+00   -1.648265e+00  2.284283e+01  
135       1.50293564777e+05   0.000000e+00   -1.648305e+00  2.284283e+01  
136       1.50293572264e+05   0.000000e+00   -1.648367e+00  2.284283e+01  
137       1.50293579847e+05   0.000000e+00   -1.648455e+00  2.284283e+01  
138       1.50293587530e+05   0.000000e+00   -1.648569e+00  2.284283e+01  
139       1.50293595282e+05   0.000000e+00   -1.648711e+00  2.284283e+01  
140       1.50293603092e+05   0.000000e+00   -1.648878e+00  2.284283e+01  
141       1.50293610890e+05   0.000000e+00   -1.649065e+00  2.284284e+01  
142       1.50293618697e+05   0.000000e+00   -1.649265e+00  2.284284e+01  
143       1.50293626502e+05   0.000000e+00   -1.649470e+00  2.284284e+01  
144       1.50293634302e+05   0.000000e+00   -1.649671e+00  2.284285e+01  
145       1.50293642061e+05   0.000000e+00   -1.649860e+00  2.284285e+01  
146       1.50293649810e+05   0.000000e+00   -1.650032e+00  2.284286e+01  
147       1.50293657506e+05   0.000000e+00   -1.650183e+00  2.284286e+01  
148       1.50293665138e+05   0.000000e+00   -1.650314e+00  2.284287e+01  
149       1.50293672683e+05   0.000000e+00   -1.650426e+00  2.284288e+01  
150       1.50293680113e+05   0.000000e+00   -1.650523e+00  2.284288e+01  
151       1.50293687363e+05   0.000000e+00   -1.650611e+00  2.284289e+01  
152       1.50293694427e+05   0.000000e+00   -1.650697e+00  2.284290e+01  
153       1.50293701258e+05   0.000000e+00   -1.650788e+00  2.284291e+01  
154       1.50293707815e+05   0.000000e+00   -1.650888e+00  2.284292e+01  
155       1.50293714059e+05   0.000000e+00   -1.651002e+00  2.284293e+01  
156       1.50293719991e+05   0.000000e+00   -1.651134e+00  2.284293e+01  
157       1.50293725565e+05   0.000000e+00   -1.651285e+00  2.284294e+01  
158       1.50293730772e+05   0.000000e+00   -1.651459e+00  2.284295e+01  
159       1.50293735580e+05   0.000000e+00   -1.651656e+00  2.284296e+01  
160       1.50293739982e+05   0.000000e+00   -1.651879e+00  2.284297e+01  
161       1.50293743919e+05   0.000000e+00   -1.652129e+00  2.284298e+01  
162       1.50293747396e+05   0.000000e+00   -1.652405e+00  2.284299e+01  
163       1.50293750361e+05   0.000000e+00   -1.652707e+00  2.284300e+01  
164       1.50293752782e+05   0.000000e+00   -1.653030e+00  2.284301e+01  
165       1.50293754617e+05   0.000000e+00   -1.653371e+00  2.284302e+01  
166       1.50293755873e+05   0.000000e+00   -1.653726e+00  2.284303e+01  
167       1.50293756472e+05   0.000000e+00   -1.654091e+00  2.284304e+01  
168       1.50293756451e+05   0.000000e+00   -1.654462e+00  2.284304e+01  
169       1.50293755745e+05   0.000000e+00   -1.654832e+00  2.284305e+01  
170       1.50293754407e+05   0.000000e+00   -1.655194e+00  2.284306e+01  
171       1.50293752376e+05   0.000000e+00   -1.655539e+00  2.284307e+01  
172       1.50293749698e+05   0.000000e+00   -1.655858e+00  2.284307e+01  
173       1.50293746361e+05   0.000000e+00   -1.656147e+00  2.284308e+01  
174       1.50293742389e+05   0.000000e+00   -1.656401e+00  2.284308e+01  
175       1.50293737787e+05   0.000000e+00   -1.656617e+00  2.284309e+01  
176       1.50293732607e+05   0.000000e+00   -1.656793e+00  2.284309e+01  
177       1.50293726805e+05   0.000000e+00   -1.656926e+00  2.284310e+01  
178       1.50293720426e+05   0.000000e+00   -1.657012e+00  2.284310e+01  
179       1.50293713463e+05   0.000000e+00   -1.657050e+00  2.284310e+01  
180       1.50293705952e+05   0.000000e+00   -1.657043e+00  2.284310e+01  
181       1.50293697888e+05   0.000000e+00   -1.656996e+00  2.284310e+01  
182       1.50293689271e+05   0.000000e+00   -1.656915e+00  2.284310e+01  
183       1.50293680052e+05   0.000000e+00   -1.656810e+00  2.284310e+01  
184       1.50293670274e+05   0.000000e+00   -1.656686e+00  2.284310e+01  
185       1.50293659945e+05   0.000000e+00   -1.656550e+00  2.284310e+01  
186       1.50293649092e+05   0.000000e+00   -1.656404e+00  2.284309e+01  
187       1.50293637697e+05   0.000000e+00   -1.656253e+00  2.284309e+01  
188       1.50293625774e+05   0.000000e+00   -1.656100e+00  2.284309e+01  
189       1.50293613305e+05   0.000000e+00   -1.655950e+00  2.284308e+01  
190       1.50293600300e+05   0.000000e+00   -1.655808e+00  2.284307e+01  
191       1.50293586755e+05   0.000000e+00   -1.655680e+00  2.284307e+01  
192       1.50293572671e+05   0.000000e+00   -1.655571e+00  2.284306e+01  
193       1.50293558098e+05   0.000000e+00   -1.655484e+00  2.284305e+01  
194       1.50293543054e+05   0.000000e+00   -1.655421e+00  2.284304e+01  
195       1.50293527537e+05   0.000000e+00   -1.655381e+00  2.284303e+01  
196       1.50293511544e+05   0.000000e+00   -1.655358e+00  2.284302e+01  
197       1.50293495085e+05   0.000000e+00   -1.655344e+00  2.284301e+01  
198       1.50293478258e+05   0.000000e+00   -1.655332e+00  2.284300e+01  
199       1.50293461095e+05   0.000000e+00   -1.655314e+00  2.284299e+01  
200       1.50293443595e+05   0.000000e+00   -1.655283e+00  2.284298e+01  
201       1.50293425740e+05   0.000000e+00   -1.655234e+00  2.284297e+01  
202       1.50293407543e+05   0.000000e+00   -1.655162e+00  2.284296e+01  
203       1.50293389030e+05   0.000000e+00   -1.655062e+00  2.284294e+01  
204       1.50293370245e+05   0.000000e+00   -1.654932e+00  2.284293e+01  
205       1.50293351247e+05   0.000000e+00   -1.654771e+00  2.284291e+01  
206       1.50293332069e+05   0.000000e+00   -1.654581e+00  2.284290e+01  
207       1.50293312717e+05   0.000000e+00   -1.654363e+00  2.284288e+01  
208       1.50293293202e+05   0.000000e+00   -1.654123e+00  2.284287e+01  
209       1.50293273534e+05   0.000000e+00   -1.653865e+00  2.284285e+01  
210       1.50293253749e+05   0.000000e+00   -1.653594e+00  2.284284e+01  
211       1.50293233876e+05   0.000000e+00   -1.653316e+00  2.284282e+01  
212       1.50293213998e+05   0.000000e+00   -1.653038e+00  2.284281e+01  
213       1.50293194158e+05   0.000000e+00   -1.652766e+00  2.284279e+01  
214       1.50293174429e+05   0.000000e+00   -1.652504e+00  2.284278e+01  
215       1.50293154856e+05   0.000000e+00   -1.652253e+00  2.284276e+01  
216       1.50293135528e+05   0.000000e+00   -1.652014e+00  2.284275e+01  
217       1.50293116498e+05   0.000000e+00   -1.651786e+00  2.284273e+01  
218       1.50293097854e+05   0.000000e+00   -1.651567e+00  2.284272e+01  
219       1.50293079669e+05   0.000000e+00   -1.651362e+00  2.284270e+01  
220       1.50293062013e+05   0.000000e+00   -1.651173e+00  2.284269e+01  
221       1.50293044927e+05   0.000000e+00   -1.651007e+00  2.284267e+01  
222       1.50293028403e+05   0.000000e+00   -1.650870e+00  2.284266e+01  
223       1.50293012415e+05   0.000000e+00   -1.650765e+00  2.284265e+01  
224       1.50292996884e+05   0.000000e+00   -1.650693e+00  2.284263e+01  
225       1.50292981755e+05   0.000000e+00   -1.650652e+00  2.284262e+01  
226       1.50292966990e+05   0.000000e+00   -1.650634e+00  2.284261e+01  
227       1.50292952626e+05   0.000000e+00   -1.650632e+00  2.284260e+01  
228       1.50292938788e+05   0.000000e+00   -1.650635e+00  2.284259e+01  
229       1.50292925667e+05   0.000000e+00   -1.650634e+00  2.284258e+01  
230       1.50292913499e+05   0.000000e+00   -1.650621e+00  2.284257e+01  
231       1.50292902482e+05   0.000000e+00   -1.650589e+00  2.284256e+01  
232       1.50292892760e+05   0.000000e+00   -1.650538e+00  2.284256e+01  
233       1.50292884324e+05   0.000000e+00   -1.650467e+00  2.284255e+01  
234       1.50292877059e+05   0.000000e+00   -1.650381e+00  2.284254e+01  
235       1.50292870654e+05   0.000000e+00   -1.650289e+00  2.284254e+01  
236       1.50292864732e+05   0.000000e+00   -1.650199e+00  2.284254e+01  
237       1.50292858753e+05   0.000000e+00   -1.650121e+00  2.284253e+01  
238       1.50292852224e+05   0.000000e+00   -1.650058e+00  2.284253e+01  
239       1.50292844641e+05   0.000000e+00   -1.650011e+00  2.284253e+01  
240       1.50292835800e+05   0.000000e+00   -1.649976e+00  2.284253e+01  
241       1.50292825771e+05   0.000000e+00   -1.649947e+00  2.284253e+01  
242       1.50292815068e+05   0.000000e+00   -1.649917e+00  2.284254e+01  
243       1.50292804478e+05   0.000000e+00   -1.649877e+00  2.284254e+01  
244       1.50292794980e+05   0.000000e+00   -1.649821e+00  2.284255e+01  
245       1.50292787418e+05   0.000000e+00   -1.649739e+00  2.284255e+01  
246       1.50292782416e+05   0.000000e+00   -1.649626e+00  2.284256e+01  
247       1.50292780281e+05   0.000000e+00   -1.649472e+00  2.284257e+01  
248       1.50292781319e+05   0.000000e+00   -1.649270e+00  2.284258e+01  
249       1.50292786058e+05   0.000000e+00   -1.649006e+00  2.284259e+01  
250       1.50292795715e+05   0.000000e+00   -1.648664e+00  2.284260e+01  
251       1.50292812310e+05   0.000000e+00   -1.648220e+00  2.284261e+01  
252       1.50292839016e+05   0.000000e+00   -1.647641e+00  2.284262e+01  
253       1.50292880295e+05   0.000000e+00   -1.646885e+00  2.284264e+01  
254       1.50292942535e+05   0.000000e+00   -1.645904e+00  2.284265e+01  
255       1.50293034679e+05   0.000000e+00   -1.644643e+00  2.284267e+01  
256       1.50293169132e+05   0.000000e+00   -1.643042e+00  2.284268e+01  
257       1.50293362273e+05   0.000000e+00   -1.641036e+00  2.284269e+01  
258       1.50293634842e+05   0.000000e+00   -1.638555e+00  2.284269e+01  
259       1.50294012160e+05   0.000000e+00   -1.635520e+00  2.284269e+01  
260       1.50294525047e+05   0.000000e+00   -1.631850e+00  2.284269e+01  
261       1.50295211121e+05   0.000000e+00   -1.627455e+00  2.284267e+01  
262       1.50296116603e+05   0.000000e+00   -1.622252e+00  2.284264e+01  
263       1.50297297101e+05   0.000000e+00   -1.616165e+00  2.284260e+01  
264       1.50298817155e+05   0.000000e+00   -1.609136e+00  2.284253e+01  
265       1.50300747415e+05   0.000000e+00   -1.601129e+00  2.284244e+01  
266       1.50303160615e+05   0.000000e+00   -1.592135e+00  2.284232e+01  
267       1.50306126622e+05   0.000000e+00   -1.582169e+00  2.284216e+01  
268       1.50309708569e+05   0.000000e+00   -1.571270e+00  2.284196e+01  
269       1.50313959379e+05   0.000000e+00   -1.559501e+00  2.284173e+01  
270       1.50318919551e+05   0.000000e+00   -1.546948e+00  2.284145e+01  
271       1.50324614698e+05   0.000000e+00   -1.533716e+00  2.284112e+01  
272       1.50331053837e+05   0.000000e+00   -1.519922e+00  2.284075e+01  
273       1.50338227377e+05   0.000000e+00   -1.505690e+00  2.284033e+01  
274       1.50346105321e+05   0.000000e+00   -1.491140e+00  2.283988e+01  
275       1.50354634590e+05   0.000000e+00   -1.476386e+00  2.283939e+01  
276       1.50363736262e+05   0.000000e+00   -1.461539e+00  2.283888e+01  
277       1.50373302660e+05   0.000000e+00   -1.446696e+00  2.283834e+01  
278       1.50383196006e+05   0.000000e+00   -1.431948e+00  2.283779e+01  
279       1.50393248700e+05   0.000000e+00   -1.417364e+00  2.283725e+01  
280       1.50403266408e+05   0.000000e+00   -1.402992e+00  2.283673e+01  
281       1.50413033254e+05   0.000000e+00   -1.388854e+00  2.283624e+01  
282       1.50422319037e+05   0.000000e+00   -1.374953e+00  2.283580e+01  
283       1.50430887035e+05   0.000000e+00   -1.361281e+00  2.283543e+01  
284       1.50438501851e+05   0.000000e+00   -1.347829e+00  2.283514e+01  
285       1.50444935715e+05   0.000000e+00   -1.334594e+00  2.283496e+01  
286       1.50449972762e+05   0.000000e+00   -1.321581e+00  2.283489e+01  
287       1.50453411359e+05   0.000000e+00   -1.308798e+00  2.283496e+01  
288       1.50455066681e+05   0.000000e+00   -1.296258e+00  2.283517e+01  
289       1.50454774708e+05   0.000000e+00   -1.283977e+00  2.283554e+01  
290       1.50452397580e+05   0.000000e+00   -1.271976e+00  2.283607e+01  
291       1.50447829054e+05   0.000000e+00   -1.260277e+00  2.283678e+01  
292       1.50440999390e+05   0.000000e+00   -1.248904e+00  2.283767e+01  
293       1.50431878535e+05   0.000000e+00   -1.237873e+00  2.283874e+01  
294       1.50420477504e+05   0.000000e+00   -1.227190e+00  2.284000e+01  
295       1.50406848083e+05   0.000000e+00   -1.216852e+00  2.284145e+01  
296       1.50391081426e+05   0.000000e+00   -1.206845e+00  2.284309e+01  
297       1.50373304895e+05   0.000000e+00   -1.197148e+00  2.284490e+01  
298       1.50353677709e+05   0.000000e+00   -1.187730e+00  2.284689e+01  
299       1.50332386764e+05   0.000000e+00   -1.178551e+00  2.284903e+01  
300       1.50309643811e+05   0.000000e+00   -1.169556e+00  2.285134e+01  
301       1.50285683244e+05   0.000000e+00   -1.160688e+00  2.285378e+01  
302       1.50260758906e+05   0.000000e+00   -1.151887e+00  2.285635e+01  
303       1.50235139343e+05   0.000000e+00   -1.143097e+00  2.285904e+01  
304       1.50209102127e+05   0.000000e+00   -1.134270e+00  2.286182e+01  
305       1.50182927576e+05   0.000000e+00   -1.125365e+00  2.286468e+01  
306       1.50156893143e+05   0.000000e+00   -1.116349e+00  2.286761e+01  
307       1.50131268445e+05   0.000000e+00   -1.107191e+00  2.287058e+01  
308       1.50106313194e+05   0.000000e+00   -1.097864e+00  2.287359e+01  
309       1.50082277568e+05   0.000000e+00   -1.088336e+00  2.287660e+01  
310       1.50059405948e+05   0.000000e+00   -1.078574e+00  2.287962e+01  
311       1.50037940371e+05   0.000000e+00   -1.068538e+00  2.288261e+01  
312       1.50018123308e+05   0.000000e+00   -1.058187e+00  2.288557e+01  
313       1.50000197555e+05   0.000000e+00   -1.047485e+00  2.288848e+01  
314       1.49984405743e+05   0.000000e+00   -1.036403e+00  2.289132e+01  
315       1.49970987841e+05   0.000000e+00   -1.024920e+00  2.289408e+01  
316       1.49960178331e+05   0.000000e+00   -1.013020e+00  2.289673e+01  
317       1.49952198529e+05   0.000000e+00   -1.000688e+00  2.289926e+01  
318       1.49947248700e+05   0.000000e+00   -9.879091e-01  2.290166e+01  
319       1.49945501736e+05   0.000000e+00   -9.746660e-01  2.290391e+01  
320       1.49947102916e+05   0.000000e+00   -9.609388e-01  2.290600e+01  
321       1.49952174509e+05   0.000000e+00   -9.467041e-01  2.290792e+01  
322       1.49960824512e+05   0.000000e+00   -9.319370e-01  2.290965e+01  
323       1.49973153393e+05   0.000000e+00   -9.166157e-01  2.291119e+01  
324       1.49989258303e+05   0.000000e+00   -9.007269e-01  2.291253e+01  
325       1.50009232189e+05   0.000000e+00   -8.842692e-01  2.291365e+01  
326       1.50033160396e+05   0.000000e+00   -8.672536e-01  2.291454e+01  
327       1.50061113451e+05   0.000000e+00   -8.497019e-01  2.291519e+01  
328       1.50093138736e+05   0.000000e+00   -8.316460e-01  2.291560e+01  
329       1.50129249698e+05   0.000000e+00   -8.131276e-01  2.291575e+01  
330       1.50169417433e+05   0.000000e+00   -7.941967e-01  2.291563e+01  
331       1.50213563459e+05   0.000000e+00   -7.749084e-01  2.291525e+01  
332       1.50261557073e+05   0.000000e+00   -7.553153e-01  2.291460e+01  
333       1.50313214233e+05   0.000000e+00   -7.354587e-01  2.291369e+01  
334       1.50368299387e+05   0.000000e+00   -7.153551e-01  2.291252e+01  
335       1.50426524561e+05   0.000000e+00   -6.949784e-01  2.291112e+01  
336       1.50487546871e+05   0.000000e+00   -6.742286e-01  2.290949e+01  
337       1.50550961693e+05   0.000000e+00   -6.528769e-01  2.290765e+01  
338       1.50616294146e+05   0.000000e+00   -6.304632e-01  2.290564e+01  
339       1.50682967762e+05   0.000000e+00   -6.060728e-01  2.290348e+01  
340       1.50750144141e+05   0.000000e+00   -5.777476e-01  2.290123e+01  
341       1.50815705644e+05   0.000000e+00   -5.405093e-01  2.289903e+01  
342       1.50866917217e+05   0.000000e+00   -4.734809e-01  2.289784e+01  
343       1.50844404753e+05   0.000000e+00   8.148746e-02   2.290210e+01  
344       1.50831847664e+05   0.000000e+00   -1.177121e-01  2.290498e+01  
345       1.50749711063e+05   0.000000e+00   4.155019e-01   2.291289e+01  
346       1.51272943759e+05   0.000000e+00   2.528093e-01   2.287715e+01  
347       1.50857479741e+05   0.000000e+00   7.013982e-01   2.290903e+01  
348       1.51182722753e+05   0.000000e+00   1.180943e+00   2.288693e+01  
349       1.51090543793e+05   0.000000e+00   1.207032e+00   2.289638e+01  
350       1.51209471818e+05   0.000000e+00   9.724316e-01   2.288832e+01  
351       1.50762697770e+05   0.000000e+00   3.951980e+00   2.292399e+01  
352       1.51120981954e+05   0.000000e+00   3.498342e+00   2.289803e+01  
353       1.50957033510e+05   0.000000e+00   3.729166e+00   2.291124e+01  
354       1.51142060396e+05   0.000000e+00   3.080070e+00   2.289860e+01  
355       1.51490416395e+05   0.000000e+00   2.516605e+00   2.287353e+01  
356       1.51134719723e+05   0.000000e+00   2.402817e+00   2.289943e+01  
357       1.51095502652e+05   0.000000e+00   2.464517e+00   2.289926e+01  
358       1.51179066060e+05   0.000000e+00   3.230570e+00   2.289882e+01  
359       1.51096821023e+05   0.000000e+00   3.555681e+00   2.289639e+01  
360       1.51035291523e+05   0.000000e+00   3.915294e+00   2.290186e+01  
361       1.51110907266e+05   0.000000e+00   4.210640e+00   2.290099e+01  
362       1.50932256357e+05   0.000000e+00   4.073453e+00   2.290920e+01  
363       1.51162650509e+05   0.000000e+00   3.324715e+00   2.290410e+01  
364       1.50896566687e+05   0.000000e+00   3.308742e+00   2.291530e+01  
365       1.50976961948e+05   0.000000e+00   3.835058e+00   2.292065e+01  
366       1.50794341147e+05   0.000000e+00   3.579098e+00   2.292533e+01  
367       1.50769000808e+05   0.000000e+00   4.047836e+00   2.293261e+01  
368       1.50790267897e+05   0.000000e+00   3.876536e+00   2.292499e+01  
369       1.50507214135e+05   0.000000e+00   4.944329e+00   2.294629e+01  
370       1.50726784010e+05   0.000000e+00   4.723550e+00   2.292934e+01  
371       1.50593905387e+05   0.000000e+00   5.275548e+00   2.294788e+01  
372       1.50618599613e+05   0.000000e+00   5.969115e+00   2.293306e+01  
373       1.50637395233e+05   0.000000e+00   5.657954e+00   2.294497e+01  
374       1.50297691207e+05   0.000000e+00   7.156802e+00   2.295025e+01  
375       1.50682881648e+05   0.000000e+00   6.561985e+00   2.294911e+01  
376       1.51073909629e+05   0.000000e+00   5.783868e+00   2.291929e+01  
377       1.50656254408e+05   0.000000e+00   5.964070e+00   2.295469e+01  
378       1.51156020952e+05   0.000000e+00   5.849777e+00   2.291565e+01  
379       1.50653874548e+05   0.000000e+00   6.026938e+00   2.295197e+01  
380       1.51171401142e+05   0.000000e+00   6.109413e+00   2.291874e+01  
381       1.50698973898e+05   0.000000e+00   6.366981e+00   2.294719e+01  
382       1.51145406304e+05   0.000000e+00   6.456165e+00   2.292197e+01  
383       1.50842996259e+05   0.000000e+00   6.615245e+00   2.294540e+01  
384       1.51251287331e+05   0.000000e+00   6.628269e+00   2.292453e+01  
385       1.50870512824e+05   0.000000e+00   6.728030e+00   2.294759e+01  
386       1.51160147614e+05   0.000000e+00   6.477515e+00   2.293380e+01  
387       1.50753893670e+05   0.000000e+00   7.064856e+00   2.295975e+01  
388       1.51298870279e+05   0.000000e+00   6.702287e+00   2.292585e+01  
389       1.50835663043e+05   0.000000e+00   6.753078e+00   2.295635e+01  
390       1.51074267773e+05   0.000000e+00   6.758766e+00   2.294533e+01  
391       1.51098529459e+05   0.000000e+00   6.686993e+00   2.294153e+01  
392       1.51056480802e+05   0.000000e+00   6.735612e+00   2.295046e+01  
393       1.50878303246e+05   0.000000e+00   6.718089e+00   2.295997e+01  
394       1.50944821981e+05   0.000000e+00   6.779810e+00   2.296070e+01  
395       1.50781193568e+05   0.000000e+00   6.788509e+00   2.297153e+01  
396       1.50867415169e+05   0.000000e+00   6.834776e+00   2.296993e+01  
397       1.50717718968e+05   0.000000e+00   6.819971e+00   2.297970e+01  
398       1.50942012601e+05   0.000000e+00   6.831206e+00   2.296804e+01  
399       1.50431191341e+05   0.000000e+00   7.149273e+00   2.300072e+01  
400       1.50612769098e+05   0.000000e+00   7.738394e+00   2.299248e+01  
401       1.50654929281e+05   0.000000e+00   7.174819e+00   2.299089e+01  
402       1.50635914099e+05   0.000000e+00   7.518578e+00   2.299280e+01  
403       1.50282132507e+05   0.000000e+00   7.163301e+00   2.301825e+01  
404       1.50712980375e+05   0.000000e+00   7.119367e+00   2.299510e+01  
405       1.50508431667e+05   0.000000e+00   7.123775e+00   2.300700e+01  
406       1.50459245187e+05   0.000000e+00   7.138649e+00   2.301206e+01  
407       1.50373079670e+05   0.000000e+00   7.148467e+00   2.301811e+01  
408       1.50775992559e+05   0.000000e+00   7.090403e+00   2.300277e+01  
409       1.50228937299e+05   0.000000e+00   7.135752e+00   2.303223e+01  
410       1.50538622225e+05   0.000000e+00   7.151588e+00   2.301714e+01  
411       1.50329602867e+05   0.000000e+00   7.140115e+00   2.303079e+01  
412       1.50573390517e+05   0.000000e+00   7.110180e+00   2.302476e+01  
413       1.50194663042e+05   0.000000e+00   7.133012e+00   2.303910e+01  
414       1.50517376697e+05   0.000000e+00   7.108320e+00   2.302873e+01  
415       1.50188716054e+05   0.000000e+00   7.113511e+00   2.304647e+01  
416       1.50563197241e+05   0.000000e+00   7.080324e+00   2.302801e+01  
417       1.50164574254e+05   0.000000e+00   7.093992e+00   2.304852e+01  
418       1.50486327203e+05   0.000000e+00   7.108516e+00   2.303503e+01  
419       1.50139301110e+05   0.000000e+00   7.129783e+00   2.304931e+01  
420       1.50401602101e+05   0.000000e+00   7.110568e+00   2.303982e+01  
421       1.50223364901e+05   0.000000e+00   7.112354e+00   2.304287e+01  
422       1.50284425983e+05   0.000000e+00   7.124682e+00   2.304722e+01  
423       1.50350648669e+05   0.000000e+00   7.110246e+00   2.303927e+01  
424       1.50380532305e+05   0.000000e+00   7.092095e+00   2.303887e+01  
425       1.50202724382e+05   0.000000e+00   7.093580e+00   2.304269e+01  
426       1.50604548280e+05   0.000000e+00   7.059933e+00   2.302884e+01  
427       1.50168474134e+05   0.000000e+00   7.084751e+00   2.304573e+01  
428       1.50539662472e+05   0.000000e+00   7.112284e+00   2.302898e+01  
429       1.50255759523e+05   0.000000e+00   7.094491e+00   2.303975e+01  
430       1.50635794970e+05   0.000000e+00   7.093127e+00   2.302015e+01  
431       1.50450969759e+05   0.000000e+00   7.076805e+00   2.302625e+01  
432       1.50424356106e+05   0.000000e+00   7.121036e+00   2.303210e+01  
433       1.50297664075e+05   0.000000e+00   7.163128e+00   2.303212e+01  
434       1.50448714499e+05   0.000000e+00   7.148241e+00   2.303149e+01  
435       1.50359261327e+05   0.000000e+00   7.165954e+00   2.302407e+01  
436       1.50623745625e+05   0.000000e+00   7.130046e+00   2.301729e+01  
437       1.50344025542e+05   0.000000e+00   7.159772e+00   2.302706e+01  
438       1.50402610484e+05   0.000000e+00   7.175511e+00   2.302937e+01  
439       1.50259469951e+05   0.000000e+00   7.172105e+00   2.303258e+01  
440       1.50522396117e+05   0.000000e+00   7.149959e+00   2.301931e+01  
441       1.50413305661e+05   0.000000e+00   7.124588e+00   2.301618e+01  
442       1.50266268598e+05   0.000000e+00   7.179198e+00   2.303139e+01  
443       1.50063652138e+05   0.000000e+00   7.198767e+00   2.303388e+01  
444       1.50192329415e+05   0.000000e+00   7.232517e+00   2.302923e+01  
445       1.49910514118e+05   0.000000e+00   7.200343e+00   2.303575e+01  
446       1.50339722190e+05   0.000000e+00   7.185872e+00   2.301206e+01  
447       1.49991889143e+05   0.000000e+00   7.205999e+00   2.303335e+01  
448       1.49964020668e+05   0.000000e+00   7.211103e+00   2.304228e+01  
449       1.50185175021e+05   0.000000e+00   7.170757e+00   2.302005e+01  
450       1.50063403446e+05   0.000000e+00   7.177649e+00   2.302759e+01  
451       1.49670268527e+05   0.000000e+00   7.254234e+00   2.304646e+01  
452       1.49993757429e+05   0.000000e+00   7.235302e+00   2.303479e+01  
453       1.49903049877e+05   0.000000e+00   7.220415e+00   2.302986e+01  
454       1.49937525806e+05   0.000000e+00   7.227213e+00   2.303587e+01  
455       1.49510027375e+05   0.000000e+00   7.254518e+00   2.305046e+01  
456       1.50186032099e+05   0.000000e+00   7.182300e+00   2.301908e+01  
457       1.49512980957e+05   0.000000e+00   7.254340e+00   2.304553e+01  
458       1.49335830025e+05   0.000000e+00   7.330741e+00   2.306400e+01  
459       1.49444572448e+05   0.000000e+00   7.332753e+00   2.304637e+01  
460       1.49565929358e+05   0.000000e+00   7.297134e+00   2.305450e+01  
461       1.49246484455e+05   0.000000e+00   7.375436e+00   2.306201e+01  
462       1.49255236058e+05   0.000000e+00   7.415306e+00   2.306435e+01  
463       1.49238795772e+05   0.000000e+00   7.451146e+00   2.306410e+01  
464       1.49042494794e+05   0.000000e+00   7.543658e+00   2.307888e+01  
465       1.48979803410e+05   0.000000e+00   8.211398e+00   2.307533e+01  
466       1.48973619736e+05   0.000000e+00   7.912278e+00   2.308167e+01  
467       1.49104295581e+05   0.000000e+00   7.964563e+00   2.307090e+01  
468       1.49041524223e+05   0.000000e+00   7.992353e+00   2.308026e+01  
469       1.48768346472e+05   0.000000e+00   8.046684e+00   2.308942e+01  
470       1.48867193907e+05   0.000000e+00   8.044178e+00   2.308906e+01  
471       1.48557880788e+05   0.000000e+00   8.019563e+00   2.310451e+01  
472       1.48929538198e+05   0.000000e+00   7.963892e+00   2.309217e+01  
473       1.48543104538e+05   0.000000e+00   8.008673e+00   2.310056e+01  
474       1.48775751092e+05   0.000000e+00   8.058764e+00   2.309723e+01  
475       1.48604937201e+05   0.000000e+00   8.029468e+00   2.310139e+01  
476       1.48751041421e+05   0.000000e+00   8.078863e+00   2.309969e+01  
477       1.48285258840e+05   0.000000e+00   8.162873e+00   2.311735e+01  
478       1.48590587108e+05   0.000000e+00   8.232772e+00   2.310940e+01  
479       1.48148844500e+05   0.000000e+00   9.158718e+00   2.311990e+01  
480       1.48264961222e+05   0.000000e+00   8.422905e+00   2.312689e+01  
481       1.48425362383e+05   0.000000e+00   8.322263e+00   2.310831e+01  
482       1.48352997126e+05   0.000000e+00   8.397516e+00   2.312031e+01  
483       1.48280976589e+05   0.000000e+00   8.364744e+00   2.311840e+01  
484       1.48237232600e+05   0.000000e+00   8.487075e+00   2.312683e+01  
485       1.47990755861e+05   0.000000e+00   9.057418e+00   2.312875e+01  
486       1.48257112180e+05   0.000000e+00   9.792165e+00   2.312060e+01  
487       1.47779281541e+05   0.000000e+00   1.046083e+01   2.313862e+01  
488       1.47909620075e+05   0.000000e+00   1.129135e+01   2.313636e+01  
489       1.47912055608e+05   0.000000e+00   1.075449e+01   2.313196e+01  
490       1.47861217132e+05   0.000000e+00   9.452608e+00   2.313873e+01  
491       1.48265175262e+05   0.000000e+00   8.941913e+00   2.311894e+01  
492       1.48126622914e+05   0.000000e+00   8.939163e+00   2.312396e+01  
493       1.47941405123e+05   0.000000e+00   9.025618e+00   2.313626e+01  
494       1.48141103387e+05   0.000000e+00   9.022815e+00   2.312250e+01  
495       1.47815399038e+05   0.000000e+00   9.610873e+00   2.312258e+01  
496       1.48237874311e+05   0.000000e+00   9.323633e+00   2.312579e+01  
497       1.47730260889e+05   0.000000e+00   9.425017e+00   2.313753e+01  
498       1.48183263081e+05   0.000000e+00   9.607424e+00   2.311020e+01  
499       1.47867237450e+05   0.000000e+00   9.477480e+00   2.312935e+01  
500       1.48187033328e+05   0.000000e+00   9.386630e+00   2.312331e+01  
501       1.47798133701e+05   0.000000e+00   9.722448e+00   2.311761e+01  
502       1.48394662381e+05   0.000000e+00   9.502685e+00   2.310849e+01  
503       1.47520559268e+05   0.000000e+00   9.558966e+00   2.313407e+01  
504       1.48375357986e+05   0.000000e+00   9.463883e+00   2.310961e+01  
505       1.47713800450e+05   0.000000e+00   9.560301e+00   2.313110e+01  
506       1.48383112426e+05   0.000000e+00   9.518758e+00   2.311061e+01  
507       1.47521634503e+05   0.000000e+00   9.646011e+00   2.313914e+01  
508       1.48476431461e+05   0.000000e+00   9.598723e+00   2.310537e+01  
509       1.47627034533e+05   0.000000e+00   9.666378e+00   2.313065e+01  
510       1.48391347325e+05   0.000000e+00   9.647908e+00   2.310934e+01  
511       1.47601403081e+05   0.000000e+00   9.709219e+00   2.313035e+01  
512       1.48565397163e+05   0.000000e+00   9.645563e+00   2.309716e+01  
513       1.47788730744e+05   0.000000e+00   9.716539e+00   2.311899e+01  
514       1.48612515453e+05   0.000000e+00   9.630764e+00   2.308921e+01  
515       1.48008230304e+05   0.000000e+00   9.692313e+00   2.310387e+01  
516       1.48444880305e+05   0.000000e+00   9.665191e+00   2.310068e+01  
517       1.47959266749e+05   0.000000e+00   9.729952e+00   2.310447e+01  
518       1.48417841400e+05   0.000000e+00   9.711737e+00   2.310295e+01  
519       1.47819333391e+05   0.000000e+00   9.746536e+00   2.311036e+01  
520       1.48698469499e+05   0.000000e+00   9.709224e+00   2.308680e+01  
521       1.47921308526e+05   0.000000e+00   9.726312e+00   2.310598e+01  
522       1.48625891918e+05   0.000000e+00   9.728553e+00   2.308855e+01  
523       1.47974622403e+05   0.000000e+00   9.742516e+00   2.310530e+01  
524       1.48680616197e+05   0.000000e+00   9.736733e+00   2.308458e+01  
525       1.48217312905e+05   0.000000e+00   9.710191e+00   2.309296e+01  
526       1.48605386888e+05   0.000000e+00   9.820842e+00   2.308551e+01  
527       1.48185234993e+05   0.000000e+00   9.782519e+00   2.310099e+01  
528       1.48434877531e+05   0.000000e+00   9.835912e+00   2.309512e+01  
529       1.48156344110e+05   0.000000e+00   9.819450e+00   2.309839e+01  
530       1.48487540906e+05   0.000000e+00   9.922963e+00   2.308891e+01  
531       1.48199157589e+05   0.000000e+00   9.846787e+00   2.309824e+01  
532       1.48533521306e+05   0.000000e+00   9.939758e+00   2.309607e+01  
533       1.48096374916e+05   0.000000e+00   9.893091e+00   2.311331e+01  
534       1.48819935802e+05   0.000000e+00   9.863655e+00   2.307799e+01  
535       1.48058096452e+05   0.000000e+00   9.909849e+00   2.311201e+01  
536       1.48655533362e+05   0.000000e+00   9.976268e+00   2.309014e+01  
537       1.48180766219e+05   0.000000e+00   9.983318e+00   2.311390e+01  
538       1.48853490069e+05   0.000000e+00   1.056278e+01   2.308081e+01  
539       1.48226407618e+05   0.000000e+00   1.015294e+01   2.311042e+01  
540       1.49004006054e+05   0.000000e+00   1.008577e+01   2.306966e+01  
541       1.48359187477e+05   0.000000e+00   1.007486e+01   2.311140e+01  
542       1.48956396501e+05   0.000000e+00   1.010626e+01   2.307791e+01  
543       1.48342991409e+05   0.000000e+00   1.008803e+01   2.311355e+01  
544       1.49108013591e+05   0.000000e+00   1.024125e+01   2.306869e+01  
545       1.48485442212e+05   0.000000e+00   1.041993e+01   2.311099e+01  
546       1.49359930913e+05   0.000000e+00   1.067050e+01   2.306596e+01  
547       1.48739877090e+05   0.000000e+00   1.034013e+01   2.310027e+01  
548       1.49086663008e+05   0.000000e+00   1.048423e+01   2.307976e+01  
549       1.48588986869e+05   0.000000e+00   1.030265e+01   2.311308e+01  
550       1.49418360716e+05   0.000000e+00   1.026452e+01   2.306462e+01  
551       1.48523022069e+05   0.000000e+00   1.030266e+01   2.311563e+01  
552       1.49429792502e+05   0.000000e+00   1.027277e+01   2.307684e+01  
553       1.48729069670e+05   0.000000e+00   1.030031e+01   2.310258e+01  
554       1.49395877279e+05   0.000000e+00   1.030302e+01   2.307750e+01  
555       1.48570358661e+05   0.000000e+00   1.037299e+01   2.312468e+01  
556       1.49256902062e+05   0.000000e+00   1.031283e+01   2.308793e+01  
557       1.49070266360e+05   0.000000e+00   1.029641e+01   2.310344e+01  
558       1.49438082007e+05   0.000000e+00   1.025847e+01   2.308673e+01  
559       1.48958013395e+05   0.000000e+00   1.027823e+01   2.310683e+01  
560       1.49709178100e+05   0.000000e+00   1.025472e+01   2.308344e+01  
561       1.48877974711e+05   0.000000e+00   1.026111e+01   2.312232e+01  
562       1.49700503595e+05   0.000000e+00   1.027332e+01   2.308637e+01  
563       1.48907637940e+05   0.000000e+00   1.025041e+01   2.312756e+01  
564       1.49799284226e+05   0.000000e+00   1.022138e+01   2.308786e+01  
565       1.49001967638e+05   0.000000e+00   1.023209e+01   2.313448e+01  
566       1.49876834515e+05   0.000000e+00   1.019051e+01   2.308910e+01  
567       1.49118622789e+05   0.000000e+00   1.020179e+01   2.313267e+01  
568       1.49846273152e+05   0.000000e+00   1.021966e+01   2.310263e+01  
569       1.49179252422e+05   0.000000e+00   1.022013e+01   2.313884e+01  
570       1.49992682057e+05   0.000000e+00   1.019236e+01   2.310116e+01  
571       1.49002507920e+05   0.000000e+00   1.027081e+01   2.315581e+01  
572       1.50018386267e+05   0.000000e+00   1.026126e+01   2.310647e+01  
573       1.48950024758e+05   0.000000e+00   1.034145e+01   2.316702e+01  
574       1.49824825614e+05   0.000000e+00   1.035851e+01   2.312875e+01  
575       1.49146095645e+05   0.000000e+00   1.033972e+01   2.316745e+01  
576       1.50080440798e+05   0.000000e+00   1.027532e+01   2.312831e+01  
577       1.49139726496e+05   0.000000e+00   1.035624e+01   2.317909e+01  
578       1.49950335726e+05   0.000000e+00   1.036119e+01   2.313964e+01  
579       1.49168706715e+05   0.000000e+00   1.040105e+01   2.318230e+01  
580       1.49970457903e+05   0.000000e+00   1.036107e+01   2.314205e+01  
581       1.49228303644e+05   0.000000e+00   1.044465e+01   2.319239e+01  
582       1.49890252855e+05   0.000000e+00   1.041591e+01   2.315907e+01  
583       1.49278379661e+05   0.000000e+00   1.051551e+01   2.319495e+01  
584       1.49752243660e+05   0.000000e+00   1.051768e+01   2.316191e+01  
585       1.49245350980e+05   0.000000e+00   1.050806e+01   2.319961e+01  
586       1.49869176574e+05   0.000000e+00   1.051858e+01   2.316794e+01  
587       1.49341378616e+05   0.000000e+00   1.050958e+01   2.321408e+01  
588       1.49771443194e+05   0.000000e+00   1.052288e+01   2.317916e+01  
589       1.49432627343e+05   0.000000e+00   1.048509e+01   2.320990e+01  
590       1.49918127014e+05   0.000000e+00   1.054828e+01   2.317987e+01  
591       1.49437425421e+05   0.000000e+00   1.051521e+01   2.322529e+01  
592       1.50009383153e+05   0.000000e+00   1.052374e+01   2.318002e+01  
593       1.49433807007e+05   0.000000e+00   1.053760e+01   2.323267e+01  
594       1.49868385309e+05   0.000000e+00   1.060071e+01   2.320172e+01  
595       1.49310800279e+05   0.000000e+00   1.058317e+01   2.324486e+01  
596       1.49888771809e+05   0.000000e+00   1.063458e+01   2.320945e+01  
597       1.49083850789e+05   0.000000e+00   1.065523e+01   2.326607e+01  
598       1.49983578438e+05   0.000000e+00   1.061592e+01   2.321367e+01  
599       1.49224839123e+05   0.000000e+00   1.060280e+01   2.326385e+01  
600       1.49697448536e+05   0.000000e+00   1.064242e+01   2.323496e+01  
601       1.49029015894e+05   0.000000e+00   1.065129e+01   2.328863e+01  
602       1.49815551200e+05   0.000000e+00   1.058449e+01   2.323104e+01  
603       1.49149352802e+05   0.000000e+00   1.064633e+01   2.328667e+01  
604       1.49662627512e+05   0.000000e+00   1.059341e+01   2.324683e+01  
605       1.49298565978e+05   0.000000e+00   1.064608e+01   2.328405e+01  
606       1.49603816190e+05   0.000000e+00   1.059980e+01   2.325130e+01  
607       1.49284569336e+05   0.000000e+00   1.066667e+01   2.330218e+01  
608       1.49479787245e+05   0.000000e+00   1.065166e+01   2.325434e+01  
609       1.49380009996e+05   0.000000e+00   1.064952e+01   2.330060e+01  
610       1.49619641835e+05   0.000000e+00   1.061668e+01   2.325803e+01  
611       1.49301429576e+05   0.000000e+00   1.064264e+01   2.330756e+01  
612       1.49667865921e+05   0.000000e+00   1.060360e+01   2.325500e+01  
613       1.49345155712e+05   0.000000e+00   1.065528e+01   2.331531e+01  
614       1.49709407014e+05   0.000000e+00   1.060242e+01   2.324929e+01  
615       1.49405521973e+05   0.000000e+00   1.065502e+01   2.331098e+01  
616       1.49727882101e+05   0.000000e+00   1.060554e+01   2.325401e+01  
617       1.49257473296e+05   0.000000e+00   1.069111e+01   2.332094e+01  
618       1.49905552451e+05   0.000000e+00   1.062483e+01   2.325183e+01  
619       1.49138399840e+05   0.000000e+00   1.076093e+01   2.332441e+01  
620       1.49716150100e+05   0.000000e+00   1.071607e+01   2.326234e+01  
621       1.49086896661e+05   0.000000e+00   1.078940e+01   2.333219e+01  
622       1.49719410739e+05   0.000000e+00   1.073634e+01   2.327086e+01  
623       1.49182408824e+05   0.000000e+00   1.080127e+01   2.332914e+01  
624       1.49775886335e+05   0.000000e+00   1.074351e+01   2.326893e+01  
625       1.49228587961e+05   0.000000e+00   1.076065e+01   2.332375e+01  
626       1.49674317710e+05   0.000000e+00   1.079674e+01   2.328463e+01  
627       1.49060473907e+05   0.000000e+00   1.085768e+01   2.333383e+01  
628       1.49721878791e+05   0.000000e+00   1.078396e+01   2.327883e+01  
629       1.49162919223e+05   0.000000e+00   1.085458e+01   2.333220e+01  
630       1.49819411235e+05   0.000000e+00   1.077708e+01   2.327471e+01  
631       1.49349669422e+05   0.000000e+00   1.086154e+01   2.332939e+01  
632       1.49504258458e+05   0.000000e+00   1.086999e+01   2.329152e+01  
633       1.49355751144e+05   0.000000e+00   1.088984e+01   2.332339e+01  
634       1.49430582856e+05   0.000000e+00   1.086368e+01   2.329586e+01  
635       1.49616378847e+05   0.000000e+00   1.083373e+01   2.331332e+01  
636       1.49567971175e+05   0.000000e+00   1.087302e+01   2.329509e+01  
637       1.49401550469e+05   0.000000e+00   1.086688e+01   2.332368e+01  
638       1.49454881961e+05   0.000000e+00   1.090233e+01   2.329543e+01  
639       1.49412593325e+05   0.000000e+00   1.091008e+01   2.332804e+01  
640       1.49360661754e+05   0.000000e+00   1.093814e+01   2.330537e+01  
641       1.49441234426e+05   0.000000e+00   1.090865e+01   2.332499e+01  
642       1.49355957079e+05   0.000000e+00   1.096473e+01   2.330448e+01  
643       1.49516880141e+05   0.000000e+00   1.094434e+01   2.332257e+01  
644       1.49380073711e+05   0.000000e+00   1.095918e+01   2.329668e+01  
645       1.49236255971e+05   0.000000e+00   1.101667e+01   2.333688e+01  
646       1.49183124426e+05   0.000000e+00   1.101769e+01   2.330908e+01  
647       1.49331379585e+05   0.000000e+00   1.105088e+01   2.332594e+01  
648       1.49136759775e+05   0.000000e+00   1.102504e+01   2.330753e+01  
649       1.49153196232e+05   0.000000e+00   1.105513e+01   2.333563e+01  
650       1.49128287346e+05   0.000000e+00   1.106363e+01   2.330829e+01  
651       1.49254080805e+05   0.000000e+00   1.107390e+01   2.332339e+01  
652       1.48958608885e+05   0.000000e+00   1.111371e+01   2.331627e+01  
653       1.49097116430e+05   0.000000e+00   1.110659e+01   2.333008e+01  
654       1.49002775412e+05   0.000000e+00   1.116281e+01   2.331170e+01  
655       1.49092303354e+05   0.000000e+00   1.112953e+01   2.332923e+01  
656       1.48846999368e+05   0.000000e+00   1.122038e+01   2.331488e+01  
657       1.49012903244e+05   0.000000e+00   1.120935e+01   2.333042e+01  
658       1.48725969029e+05   0.000000e+00   1.129247e+01   2.331946e+01  
659       1.48767497223e+05   0.000000e+00   1.126313e+01   2.334530e+01  
660       1.48948295380e+05   0.000000e+00   1.126565e+01   2.330693e+01  
661       1.48786129808e+05   0.000000e+00   1.127012e+01   2.333839e+01  
662       1.48774492215e+05   0.000000e+00   1.136139e+01   2.332299e+01  
663       1.48671691571e+05   0.000000e+00   1.133612e+01   2.333844e+01  
664       1.48824337913e+05   0.000000e+00   1.137165e+01   2.331491e+01  
665       1.48574906362e+05   0.000000e+00   1.133999e+01   2.335327e+01  
666       1.48805694352e+05   0.000000e+00   1.138633e+01   2.331875e+01  
667       1.48418869099e+05   0.000000e+00   1.143532e+01   2.335897e+01  
668       1.48607295648e+05   0.000000e+00   1.147961e+01   2.332403e+01  
669       1.48209130602e+05   0.000000e+00   1.149497e+01   2.335813e+01  
670       1.48701889876e+05   0.000000e+00   1.146390e+01   2.332074e+01  
671       1.48250114836e+05   0.000000e+00   1.150343e+01   2.336347e+01  
672       1.48602079084e+05   0.000000e+00   1.151342e+01   2.332767e+01  
673       1.48224669978e+05   0.000000e+00   1.150803e+01   2.335326e+01  
674       1.48759945886e+05   0.000000e+00   1.146579e+01   2.331594e+01  
675       1.48216430739e+05   0.000000e+00   1.146466e+01   2.335862e+01  
676       1.49034349907e+05   0.000000e+00   1.145599e+01   2.330876e+01  
677       1.47990612168e+05   0.000000e+00   1.151286e+01   2.336960e+01  
678       1.48812113161e+05   0.000000e+00   1.155483e+01   2.331466e+01  
679       1.47860633975e+05   0.000000e+00   1.156438e+01   2.338168e+01  
680       1.48981810379e+05   0.000000e+00   1.150756e+01   2.330901e+01  
681       1.47803561253e+05   0.000000e+00   1.157197e+01   2.339032e+01  
682       1.48986959517e+05   0.000000e+00   1.149906e+01   2.330652e+01  
683       1.47882715122e+05   0.000000e+00   1.155199e+01   2.338641e+01  
684       1.49009570443e+05   0.000000e+00   1.150312e+01   2.331205e+01  
685       1.47778754135e+05   0.000000e+00   1.157752e+01   2.339689e+01  
686       1.49154442492e+05   0.000000e+00   1.147317e+01   2.330395e+01  
687       1.47942747597e+05   0.000000e+00   1.154447e+01   2.339131e+01  
688       1.49477236005e+05   0.000000e+00   1.145013e+01   2.328767e+01  
689       1.47894492263e+05   0.000000e+00   1.154533e+01   2.339473e+01  
690       1.49555901940e+05   0.000000e+00   1.146112e+01   2.328765e+01  
691       1.47753191480e+05   0.000000e+00   1.160828e+01   2.340697e+01  
692       1.49556541185e+05   0.000000e+00   1.148308e+01   2.329366e+01  
693       1.47784396761e+05   0.000000e+00   1.161457e+01   2.340621e+01  
694       1.49766374894e+05   0.000000e+00   1.145216e+01   2.328917e+01  
695       1.47752807564e+05   0.000000e+00   1.163758e+01   2.341932e+01  
696       1.49983792111e+05   0.000000e+00   1.143479e+01   2.327650e+01  
697       1.47796775810e+05   0.000000e+00   1.165658e+01   2.342098e+01  
698       1.49816104984e+05   0.000000e+00   1.147826e+01   2.329019e+01  
699       1.48128024033e+05   0.000000e+00   1.162704e+01   2.340141e+01  
700       1.49862851275e+05   0.000000e+00   1.147080e+01   2.328839e+01  
701       1.48161124189e+05   0.000000e+00   1.160298e+01   2.340686e+01  
702       1.49900757895e+05   0.000000e+00   1.150258e+01   2.328979e+01  
703       1.48306160979e+05   0.000000e+00   1.158131e+01   2.340097e+01  
704       1.50034627031e+05   0.000000e+00   1.147037e+01   2.328410e+01  
705       1.48241941319e+05   0.000000e+00   1.162032e+01   2.341068e+01  
706       1.49996933696e+05   0.000000e+00   1.152328e+01   2.328430e+01  
707       1.48249550086e+05   0.000000e+00   1.164755e+01   2.342196e+01  
708       1.50183679828e+05   0.000000e+00   1.146334e+01   2.327362e+01  
709       1.48316391100e+05   0.000000e+00   1.161439e+01   2.341842e+01  
710       1.50093073854e+05   0.000000e+00   1.149857e+01   2.328095e+01  
711       1.48118158354e+05   0.000000e+00   1.168149e+01   2.343987e+01  
712       1.50176897956e+05   0.000000e+00   1.149136e+01   2.327613e+01  
713       1.48212634149e+05   0.000000e+00   1.164981e+01   2.343322e+01  
714       1.50204625976e+05   0.000000e+00   1.148556e+01   2.327854e+01  
715       1.48087190817e+05   0.000000e+00   1.167524e+01   2.344024e+01  
716       1.50267522419e+05   0.000000e+00   1.153070e+01   2.327740e+01  
717       1.47859606329e+05   0.000000e+00   1.168697e+01   2.345377e+01  
718       1.50316605801e+05   0.000000e+00   1.151176e+01   2.327059e+01  
719       1.47884333291e+05   0.000000e+00   1.166390e+01   2.345066e+01  
720       1.50405727887e+05   0.000000e+00   1.151473e+01   2.327263e+01  
721       1.47796909789e+05   0.000000e+00   1.168981e+01   2.345386e+01  
722       1.50388212092e+05   0.000000e+00   1.155562e+01   2.326937e+01  
723       1.47690381804e+05   0.000000e+00   1.173269e+01   2.346456e+01  
724       1.50392044129e+05   0.000000e+00   1.154760e+01   2.326609e+01  
725       1.47801277024e+05   0.000000e+00   1.173391e+01   2.346585e+01  
726       1.50511214776e+05   0.000000e+00   1.154309e+01   2.326454e+01  
727       1.47787574343e+05   0.000000e+00   1.175040e+01   2.346618e+01  
728       1.50635967991e+05   0.000000e+00   1.154741e+01   2.326242e+01  
729       1.47856843219e+05   0.000000e+00   1.171513e+01   2.346824e+01  
730       1.50568004528e+05   0.000000e+00   1.157878e+01   2.327457e+01  
731       1.47823725225e+05   0.000000e+00   1.172794e+01   2.348106e+01  
732       1.50739854270e+05   0.000000e+00   1.155797e+01   2.326556e+01  
733       1.47717980207e+05   0.000000e+00   1.177374e+01   2.349534e+01  
734       1.50726022551e+05   0.000000e+00   1.157900e+01   2.327075e+01  
735       1.47644248418e+05   0.000000e+00   1.179143e+01   2.350317e+01  
736       1.50839472649e+05   0.000000e+00   1.159418e+01   2.327112e+01  
737       1.47710255648e+05   0.000000e+00   1.178669e+01   2.350227e+01  
738       1.50911157511e+05   0.000000e+00   1.152588e+01   2.326799e+01  
739       1.47715835622e+05   0.000000e+00   1.182780e+01   2.350524e+01  
740       1.50940690122e+05   0.000000e+00   1.153201e+01   2.327008e+01  
741       1.47737546737e+05   0.000000e+00   1.183020e+01   2.350023e+01  
742       1.50854943010e+05   0.000000e+00   1.158557e+01   2.327925e+01  
743       1.47513962031e+05   0.000000e+00   1.188202e+01   2.351469e+01  
744       1.51030446348e+05   0.000000e+00   1.154962e+01   2.327482e+01  
745       1.47686746865e+05   0.000000e+00   1.182257e+01   2.350616e+01  
746       1.50887023046e+05   0.000000e+00   1.158375e+01   2.328352e+01  
747       1.47596340344e+05   0.000000e+00   1.189346e+01   2.351227e+01  
748       1.50851343158e+05   0.000000e+00   1.160776e+01   2.328762e+01  
749       1.47922723342e+05   0.000000e+00   1.184403e+01   2.350240e+01  
750       1.50984263514e+05   0.000000e+00   1.155295e+01   2.329376e+01  
751       1.48081608120e+05   0.000000e+00   1.179965e+01   2.349646e+01  
752       1.50994773593e+05   0.000000e+00   1.160425e+01   2.330016e+01  
753       1.47864230238e+05   0.000000e+00   1.184724e+01   2.350993e+01  
754       1.51074049617e+05   0.000000e+00   1.163467e+01   2.329441e+01  
755       1.47836176700e+05   0.000000e+00   1.189222e+01   2.352428e+01  
756       1.50952711893e+05   0.000000e+00   1.163293e+01   2.331426e+01  
757       1.47950652438e+05   0.000000e+00   1.185764e+01   2.351780e+01  
758       1.50881853210e+05   0.000000e+00   1.161540e+01   2.331455e+01  
759       1.48112379913e+05   0.000000e+00   1.180596e+01   2.351415e+01  
760       1.51020100968e+05   0.000000e+00   1.158165e+01   2.331801e+01  
761       1.48135448882e+05   0.000000e+00   1.184595e+01   2.351700e+01  
762       1.50887233623e+05   0.000000e+00   1.162453e+01   2.332487e+01  
763       1.48134052216e+05   0.000000e+00   1.188590e+01   2.351736e+01  
764       1.50999196485e+05   0.000000e+00   1.159039e+01   2.332324e+01  
765       1.48379834060e+05   0.000000e+00   1.186398e+01   2.351278e+01  
766       1.50987970643e+05   0.000000e+00   1.161063e+01   2.333148e+01  
767       1.48430421491e+05   0.000000e+00   1.186079e+01   2.350299e+01  
768       1.51088160172e+05   0.000000e+00   1.163356e+01   2.332975e+01  
769       1.48294929112e+05   0.000000e+00   1.189996e+01   2.352128e+01  
770       1.51233857782e+05   0.000000e+00   1.163705e+01   2.332928e+01  
771       1.48271763795e+05   0.000000e+00   1.188889e+01   2.351708e+01  
772       1.51369865580e+05   0.000000e+00   1.161991e+01   2.332363e+01  
773       1.48318276131e+05   0.000000e+00   1.190474e+01   2.351269e+01  
774       1.51367350685e+05   0.000000e+00   1.165618e+01   2.332075e+01  
775       1.48187126047e+05   0.000000e+00   1.197527e+01   2.352200e+01  
776       1.51204592851e+05   0.000000e+00   1.171488e+01   2.332678e+01  
777       1.48248977367e+05   0.000000e+00   1.198571e+01   2.351421e+01  
778       1.51149701508e+05   0.000000e+00   1.174026e+01   2.333130e+01  
779       1.48121680909e+05   0.000000e+00   1.200059e+01   2.351270e+01  
780       1.51084048143e+05   0.000000e+00   1.178211e+01   2.333445e+01  
781       1.47987342220e+05   0.000000e+00   1.205514e+01   2.351905e+01  
782       1.50892589845e+05   0.000000e+00   1.187505e+01   2.333917e+01  
783       1.47862009946e+05   0.000000e+00   1.207071e+01   2.352086e+01  
784       1.50886646194e+05   0.000000e+00   1.186494e+01   2.333665e+01  
785       1.47752748615e+05   0.000000e+00   1.213829e+01   2.352626e+01  
786       1.50721019572e+05   0.000000e+00   1.190525e+01   2.334391e+01  
787       1.47648692422e+05   0.000000e+00   1.212803e+01   2.352662e+01  
788       1.50533084259e+05   0.000000e+00   1.192412e+01   2.335272e+01  
789       1.47757037027e+05   0.000000e+00   1.215424e+01   2.352008e+01  
790       1.50392636065e+05   0.000000e+00   1.194363e+01   2.335666e+01  
791       1.47704005508e+05   0.000000e+00   1.222765e+01   2.352388e+01  
792       1.50415633916e+05   0.000000e+00   1.194648e+01   2.335974e+01  
793       1.47836342658e+05   0.000000e+00   1.217614e+01   2.350516e+01  
794       1.50203975082e+05   0.000000e+00   1.204728e+01   2.337012e+01  
795       1.47572176394e+05   0.000000e+00   1.233418e+01   2.351693e+01  
796       1.49749537516e+05   0.000000e+00   1.236475e+01   2.339247e+01  
797       1.47492113010e+05   0.000000e+00   1.340121e+01   2.352357e+01  
798       1.49932780493e+05   0.000000e+00   1.262695e+01   2.336953e+01  
799       1.47485215807e+05   0.000000e+00   1.282342e+01   2.351835e+01  
800       1.49614635566e+05   0.000000e+00   1.261368e+01   2.338788e+01  
801       1.47165963785e+05   0.000000e+00   1.297564e+01   2.354038e+01  
802       1.49415512773e+05   0.000000e+00   1.267920e+01   2.339410e+01  
803       1.47365665149e+05   0.000000e+00   1.268874e+01   2.351699e+01  
804       1.49410047519e+05   0.000000e+00   1.256361e+01   2.339404e+01  
805       1.47322752065e+05   0.000000e+00   1.269575e+01   2.352273e+01  
806       1.49311605583e+05   0.000000e+00   1.258329e+01   2.339438e+01  
807       1.47182918105e+05   0.000000e+00   1.275397e+01   2.352000e+01  
808       1.49159630893e+05   0.000000e+00   1.259884e+01   2.340574e+01  
809       1.47336558359e+05   0.000000e+00   1.269983e+01   2.351024e+01  
810       1.49269843317e+05   0.000000e+00   1.260170e+01   2.339618e+01  
811       1.47179641523e+05   0.000000e+00   1.273638e+01   2.351573e+01  
812       1.49190924725e+05   0.000000e+00   1.264974e+01   2.338969e+01  
813       1.47189666580e+05   0.000000e+00   1.275000e+01   2.351090e+01  
814       1.49084214905e+05   0.000000e+00   1.266249e+01   2.339523e+01  
815       1.47286497027e+05   0.000000e+00   1.277866e+01   2.349978e+01  
816       1.48967770076e+05   0.000000e+00   1.267970e+01   2.339629e+01  
817       1.47395844692e+05   0.000000e+00   1.281344e+01   2.348770e+01  
818       1.48928334273e+05   0.000000e+00   1.270774e+01   2.339528e+01  
819       1.47271326424e+05   0.000000e+00   1.286188e+01   2.348955e+01  
820       1.48770854161e+05   0.000000e+00   1.278909e+01   2.340015e+01  
821       1.47192876242e+05   0.000000e+00   1.291496e+01   2.349118e+01  
822       1.48773489846e+05   0.000000e+00   1.280370e+01   2.339483e+01  
823       1.47132582564e+05   0.000000e+00   1.293948e+01   2.349287e+01  
824       1.48632725642e+05   0.000000e+00   1.284989e+01   2.340232e+01  
825       1.47144529203e+05   0.000000e+00   1.298296e+01   2.348970e+01  
826       1.48523683740e+05   0.000000e+00   1.288212e+01   2.340846e+01  
827       1.47134304814e+05   0.000000e+00   1.301191e+01   2.349011e+01  
828       1.48513527099e+05   0.000000e+00   1.288030e+01   2.340634e+01  
829       1.47308342283e+05   0.000000e+00   1.299607e+01   2.348122e+01  
830       1.48669459533e+05   0.000000e+00   1.287642e+01   2.339930e+01  
831       1.47211319454e+05   0.000000e+00   1.305756e+01   2.348081e+01  
832       1.48637877274e+05   0.000000e+00   1.293054e+01   2.340334e+01  
833       1.47186260386e+05   0.000000e+00   1.308131e+01   2.349192e+01  
834       1.48913123994e+05   0.000000e+00   1.290137e+01   2.339307e+01  
835       1.47345496608e+05   0.000000e+00   1.301170e+01   2.348659e+01  
836       1.48849205354e+05   0.000000e+00   1.288079e+01   2.340223e+01  
837       1.47280300119e+05   0.000000e+00   1.304897e+01   2.349218e+01  
838       1.48938643226e+05   0.000000e+00   1.289081e+01   2.340273e+01  
839       1.47244399015e+05   0.000000e+00   1.308880e+01   2.350067e+01  
840       1.48963655969e+05   0.000000e+00   1.288318e+01   2.341166e+01  
841       1.47459093987e+05   0.000000e+00   1.304688e+01   2.349846e+01  
842       1.48959924741e+05   0.000000e+00   1.291062e+01   2.340980e+01  
843       1.47391687840e+05   0.000000e+00   1.309512e+01   2.349844e+01  
844       1.49198953314e+05   0.000000e+00   1.288709e+01   2.341006e+01  
845       1.47488947883e+05   0.000000e+00   1.305935e+01   2.349741e+01  
846       1.49088446548e+05   0.000000e+00   1.294396e+01   2.342527e+01  
847       1.47317787244e+05   0.000000e+00   1.310055e+01   2.350665e+01  
848       1.49087283016e+05   0.000000e+00   1.294425e+01   2.342354e+01  
849       1.47510243089e+05   0.000000e+00   1.306707e+01   2.350995e+01  
850       1.49083082762e+05   0.000000e+00   1.296504e+01   2.343253e+01  
851       1.47522174822e+05   0.000000e+00   1.309637e+01   2.350958e+01  
852       1.49016200239e+05   0.000000e+00   1.300077e+01   2.343798e+01  
853       1.47685975192e+05   0.000000e+00   1.307851e+01   2.350851e+01  
854       1.49014746588e+05   0.000000e+00   1.300097e+01   2.345377e+01  
855       1.48187476251e+05   0.000000e+00   1.301757e+01   2.349004e+01  
856       1.48936570225e+05   0.000000e+00   1.300685e+01   2.346211e+01  
857       1.48366515764e+05   0.000000e+00   1.302129e+01   2.348653e+01  
858       1.49129238541e+05   0.000000e+00   1.298381e+01   2.346245e+01  
859       1.48526592057e+05   0.000000e+00   1.301973e+01   2.348590e+01  
860       1.49020264736e+05   0.000000e+00   1.299409e+01   2.348355e+01  
861       1.48813111215e+05   0.000000e+00   1.297509e+01   2.347308e+01  
862       1.49162256545e+05   0.000000e+00   1.294824e+01   2.348586e+01  
863       1.48964908407e+05   0.000000e+00   1.296354e+01   2.347906e+01  
864       1.49207871726e+05   0.000000e+00   1.296275e+01   2.349159e+01  
865       1.49068258047e+05   0.000000e+00   1.299822e+01   2.347959e+01  
866       1.49239484590e+05   0.000000e+00   1.297545e+01   2.350382e+01  
867       1.49273069446e+05   0.000000e+00   1.298400e+01   2.347464e+01  
868       1.49468657412e+05   0.000000e+00   1.293343e+01   2.349847e+01  
869       1.49382243679e+05   0.000000e+00   1.296692e+01   2.347755e+01  
870       1.49455011094e+05   0.000000e+00   1.297411e+01   2.351007e+01  
871       1.49449032229e+05   0.000000e+00   1.296799e+01   2.348053e+01  
872       1.49390181992e+05   0.000000e+00   1.301024e+01   2.351902e+01  
873       1.49562036682e+05   0.000000e+00   1.298955e+01   2.347769e+01  
874       1.49525395420e+05   0.000000e+00   1.302337e+01   2.351944e+01  
875       1.49692419769e+05   0.000000e+00   1.302111e+01   2.347932e+01  
876       1.49539327681e+05   0.000000e+00   1.307863e+01   2.352556e+01  
877       1.49697427822e+05   0.000000e+00   1.301027e+01   2.348504e+01  
878       1.49817827777e+05   0.000000e+00   1.302199e+01   2.351061e+01  
879       1.49642242622e+05   0.000000e+00   1.305990e+01   2.349795e+01  
880       1.49703665308e+05   0.000000e+00   1.306347e+01   2.351728e+01  
881       1.49811240921e+05   0.000000e+00   1.305469e+01   2.349316e+01  
882       1.49699364128e+05   0.000000e+00   1.305124e+01   2.352371e+01  
883       1.50116643287e+05   0.000000e+00   1.300288e+01   2.347352e+01  
884       1.49683063260e+05   0.000000e+00   1.306323e+01   2.353326e+01  
885       1.49753661187e+05   0.000000e+00   1.309818e+01   2.349804e+01  
886       1.49531135457e+05   0.000000e+00   1.312968e+01   2.354727e+01  
887       1.49931654574e+05   0.000000e+00   1.303398e+01   2.348747e+01  
888       1.49626979691e+05   0.000000e+00   1.306977e+01   2.354458e+01  
889       1.50007914951e+05   0.000000e+00   1.299983e+01   2.349036e+01  
890       1.49536131222e+05   0.000000e+00   1.309854e+01   2.355556e+01  
891       1.49934561829e+05   0.000000e+00   1.301359e+01   2.349932e+01  
892       1.49341315491e+05   0.000000e+00   1.312301e+01   2.357151e+01  
893       1.50053672533e+05   0.000000e+00   1.302049e+01   2.349501e+01  
894       1.49333363270e+05   0.000000e+00   1.311033e+01   2.357924e+01  
895       1.49918636953e+05   0.000000e+00   1.307930e+01   2.350927e+01  
896       1.49289379572e+05   0.000000e+00   1.313646e+01   2.358271e+01  
897       1.49832424236e+05   0.000000e+00   1.308806e+01   2.351499e+01  
898       1.49259043015e+05   0.000000e+00   1.313810e+01   2.359135e+01  
899       1.49781980749e+05   0.000000e+00   1.309036e+01   2.352770e+01  
900       1.49302019180e+05   0.000000e+00   1.312905e+01   2.358730e+01  
901       1.49797167386e+05   0.000000e+00   1.310099e+01   2.352648e+01  
902       1.49290634425e+05   0.000000e+00   1.315018e+01   2.359452e+01  
903       1.49853294232e+05   0.000000e+00   1.311659e+01   2.352478e+01  
904       1.49314656796e+05   0.000000e+00   1.320125e+01   2.359383e+01  
905       1.49774220907e+05   0.000000e+00   1.319166e+01   2.353123e+01  
906       1.49396766148e+05   0.000000e+00   1.319639e+01   2.359169e+01  
907       1.50010124289e+05   0.000000e+00   1.316341e+01   2.351969e+01  
908       1.49352009031e+05   0.000000e+00   1.320881e+01   2.359711e+01  
909       1.49955871798e+05   0.000000e+00   1.318861e+01   2.352342e+01  
910       1.49420796253e+05   0.000000e+00   1.321046e+01   2.359558e+01  
911       1.49979903464e+05   0.000000e+00   1.321814e+01   2.352006e+01  
912       1.49250555185e+05   0.000000e+00   1.324784e+01   2.360982e+01  
913       1.50119087619e+05   0.000000e+00   1.320664e+01   2.350565e+01  
914       1.49153436724e+05   0.000000e+00   1.325056e+01   2.360930e+01  
915       1.50029474057e+05   0.000000e+00   1.328100e+01   2.351339e+01  
916       1.48852058002e+05   0.000000e+00   1.334426e+01   2.361810e+01  
917       1.49982710213e+05   0.000000e+00   1.331625e+01   2.351601e+01  
918       1.48728307427e+05   0.000000e+00   1.336071e+01   2.363078e+01  
919       1.50098109916e+05   0.000000e+00   1.328254e+01   2.350854e+01  
920       1.48546849268e+05   0.000000e+00   1.339803e+01   2.363628e+01  
921       1.49911162549e+05   0.000000e+00   1.333293e+01   2.351623e+01  
922       1.48493864332e+05   0.000000e+00   1.341433e+01   2.363679e+01  
923       1.49936590754e+05   0.000000e+00   1.330736e+01   2.351937e+01  
924       1.48534773582e+05   0.000000e+00   1.341440e+01   2.363780e+01  
925       1.49700983713e+05   0.000000e+00   1.335890e+01   2.352997e+01  
926       1.48441318242e+05   0.000000e+00   1.344660e+01   2.363843e+01  
927       1.49654263105e+05   0.000000e+00   1.334609e+01   2.353148e+01  
928       1.48573268166e+05   0.000000e+00   1.339341e+01   2.362909e+01  
929       1.49438280009e+05   0.000000e+00   1.338693e+01   2.354231e+01  
930       1.48491557340e+05   0.000000e+00   1.340758e+01   2.363902e+01  
931       1.49403255110e+05   0.000000e+00   1.338716e+01   2.353738e+01  
932       1.48404424987e+05   0.000000e+00   1.339295e+01   2.363820e+01  
933       1.49479572310e+05   0.000000e+00   1.336597e+01   2.353130e+01  
934       1.48356237024e+05   0.000000e+00   1.341530e+01   2.364398e+01  
935       1.49459225919e+05   0.000000e+00   1.339958e+01   2.352563e+01  
936       1.48173187531e+05   0.000000e+00   1.345836e+01   2.364558e+01  
937       1.49368651372e+05   0.000000e+00   1.345219e+01   2.352735e+01  
938       1.48071389986e+05   0.000000e+00   1.348640e+01   2.365318e+01  
939       1.49511562325e+05   0.000000e+00   1.345038e+01   2.352091e+01  
940       1.47874884669e+05   0.000000e+00   1.351332e+01   2.366014e+01  
941       1.49507096806e+05   0.000000e+00   1.345113e+01   2.351171e+01  
942       1.47944971592e+05   0.000000e+00   1.352323e+01   2.365844e+01  
943       1.49346980807e+05   0.000000e+00   1.348771e+01   2.352772e+01  
944       1.48025627375e+05   0.000000e+00   1.354494e+01   2.365216e+01  
945       1.49502574877e+05   0.000000e+00   1.345433e+01   2.352114e+01  
946       1.48066553204e+05   0.000000e+00   1.352144e+01   2.364478e+01  
947       1.49563441091e+05   0.000000e+00   1.348401e+01   2.352010e+01  
948       1.48038097169e+05   0.000000e+00   1.354842e+01   2.365295e+01  
949       1.49630744812e+05   0.000000e+00   1.351400e+01   2.351653e+01  
950       1.48054393852e+05   0.000000e+00   1.357753e+01   2.365340e+01  
951       1.49795877902e+05   0.000000e+00   1.349932e+01   2.350601e+01  
952       1.48205414453e+05   0.000000e+00   1.354880e+01   2.364517e+01  
953       1.49940314012e+05   0.000000e+00   1.348118e+01   2.350232e+01  
954       1.48237591725e+05   0.000000e+00   1.354836e+01   2.364653e+01  
955       1.49833445379e+05   0.000000e+00   1.347501e+01   2.350493e+01  
956       1.48398488733e+05   0.000000e+00   1.354094e+01   2.364017e+01  
957       1.49945844065e+05   0.000000e+00   1.343898e+01   2.350173e+01  
958       1.48385017415e+05   0.000000e+00   1.354354e+01   2.363735e+01  
959       1.50040566630e+05   0.000000e+00   1.346029e+01   2.349875e+01  
960       1.48410244726e+05   0.000000e+00   1.354473e+01   2.364180e+01  
961       1.50080119664e+05   0.000000e+00   1.345036e+01   2.349358e+01  
962       1.48472220291e+05   0.000000e+00   1.356673e+01   2.363971e+01  
963       1.49976135248e+05   0.000000e+00   1.345248e+01   2.349601e+01  
964       1.48444495249e+05   0.000000e+00   1.360482e+01   2.364820e+01  
965       1.50094488035e+05   0.000000e+00   1.339091e+01   2.349113e+01  
966       1.48587535006e+05   0.000000e+00   1.354182e+01   2.363357e+01  
967       1.50273092351e+05   0.000000e+00   1.333185e+01   2.348714e+01  
968       1.48624818254e+05   0.000000e+00   1.356488e+01   2.363773e+01  
969       1.50142031737e+05   0.000000e+00   1.341289e+01   2.349602e+01  
970       1.48249448585e+05   0.000000e+00   1.367285e+01   2.366395e+01  
971       1.50530662554e+05   0.000000e+00   1.333002e+01   2.347883e+01  
972       1.48386346396e+05   0.000000e+00   1.359794e+01   2.365635e+01  
973       1.50652664911e+05   0.000000e+00   1.334133e+01   2.348602e+01  
974       1.48323060518e+05   0.000000e+00   1.360894e+01   2.366157e+01  
975       1.50629364312e+05   0.000000e+00   1.338918e+01   2.349597e+01  
976       1.48385650051e+05   0.000000e+00   1.363841e+01   2.366764e+01  
977       1.50813696722e+05   0.000000e+00   1.336452e+01   2.349198e+01  
978       1.48609693999e+05   0.000000e+00   1.358704e+01   2.366623e+01  
979       1.50854097038e+05   0.000000e+00   1.339127e+01   2.350271e+01  
980       1.48467063479e+05   0.000000e+00   1.367037e+01   2.367768e+01  
981       1.50952116909e+05   0.000000e+00   1.344008e+01   2.350411e+01  
982       1.48523586108e+05   0.000000e+00   1.366051e+01   2.368357e+01  
983       1.51073793218e+05   0.000000e+00   1.342914e+01   2.351036e+01  
984       1.48594596591e+05   0.000000e+00   1.367353e+01   2.368594e+01  
985       1.51246197223e+05   0.000000e+00   1.341050e+01   2.350214e+01  
986       1.48614622599e+05   0.000000e+00   1.370239e+01   2.369108e+01  
987       1.51404712718e+05   0.000000e+00   1.339226e+01   2.350230e+01  
988       1.48835525650e+05   0.000000e+00   1.368250e+01   2.368760e+01  
989       1.51190368564e+05   0.000000e+00   1.350679e+01   2.352105e+01  
990       1.48899480329e+05   0.000000e+00   1.370561e+01   2.368372e+01  
991       1.51282419100e+05   0.000000e+00   1.351334e+01   2.352093e+01  
992       1.49020661482e+05   0.000000e+00   1.369892e+01   2.368764e+01  
993       1.51200504962e+05   0.000000e+00   1.355763e+01   2.353522e+01  
994       1.49148811100e+05   0.000000e+00   1.371322e+01   2.368349e+01  
995       1.51239256880e+05   0.000000e+00   1.357568e+01   2.354457e+01  
996       1.49176965947e+05   0.000000e+00   1.371296e+01   2.368804e+01  
997       1.51439830531e+05   0.000000e+00   1.354199e+01   2.354330e+01  
998       1.49031989634e+05   0.000000e+00   1.376134e+01   2.369406e+01  
999       1.51357530925e+05   0.000000e+00   1.362199e+01   2.355118e+01  
1000      1.49215053139e+05   0.000000e+00   1.375959e+01   2.368592e+01  
1001      1.51200202943e+05   0.000000e+00   1.361904e+01   2.355954e+01  
1002      1.49280113640e+05   0.000000e+00   1.379841e+01   2.368944e+01  
1003      1.51198045938e+05   0.000000e+00   1.360433e+01   2.356215e+01  
1004      1.49280326710e+05   0.000000e+00   1.379648e+01   2.368535e+01  
1005      1.51073928500e+05   0.000000e+00   1.366034e+01   2.356892e+01  
1006      1.49228622242e+05   0.000000e+00   1.382275e+01   2.369114e+01  
1007      1.50974278911e+05   0.000000e+00   1.369039e+01   2.357257e+01  
1008      1.49120300178e+05   0.000000e+00   1.388777e+01   2.369782e+01  
1009      1.50872239500e+05   0.000000e+00   1.375099e+01   2.358244e+01  
1010      1.48932443567e+05   0.000000e+00   1.392563e+01   2.370167e+01  
1011      1.50807980737e+05   0.000000e+00   1.378830e+01   2.358269e+01  
1012      1.48882436142e+05   0.000000e+00   1.393325e+01   2.370657e+01  
1013      1.50870568147e+05   0.000000e+00   1.374904e+01   2.357883e+01  
1014      1.48817579788e+05   0.000000e+00   1.393392e+01   2.370791e+01  
1015      1.50783379427e+05   0.000000e+00   1.375488e+01   2.358060e+01  
1016      1.48699681066e+05   0.000000e+00   1.395820e+01   2.371242e+01  
1017      1.50961782571e+05   0.000000e+00   1.371799e+01   2.356586e+01  
1018      1.48904314746e+05   0.000000e+00   1.391474e+01   2.370258e+01  
1019      1.50830727643e+05   0.000000e+00   1.372647e+01   2.357498e+01  
1020      1.49022479149e+05   0.000000e+00   1.389068e+01   2.369065e+01  
1021      1.50735401478e+05   0.000000e+00   1.373413e+01   2.357578e+01  
1022      1.49078428900e+05   0.000000e+00   1.390776e+01   2.368504e+01  
1023      1.50702351366e+05   0.000000e+00   1.373891e+01   2.358056e+01  
1024      1.49078384150e+05   0.000000e+00   1.392195e+01   2.368173e+01  
1025      1.50809333450e+05   0.000000e+00   1.376423e+01   2.357394e+01  
1026      1.48968688364e+05   0.000000e+00   1.394460e+01   2.368178e+01  
1027      1.50805768737e+05   0.000000e+00   1.378258e+01   2.357162e+01  
1028      1.49021088968e+05   0.000000e+00   1.396104e+01   2.369311e+01  
1029      1.50881380735e+05   0.000000e+00   1.376780e+01   2.356136e+01  
1030      1.48920201555e+05   0.000000e+00   1.397411e+01   2.369117e+01  
1031      1.50853941226e+05   0.000000e+00   1.376374e+01   2.356604e+01  
1032      1.48797996614e+05   0.000000e+00   1.399077e+01   2.369581e+01  
1033      1.50794470379e+05   0.000000e+00   1.379670e+01   2.357001e+01  
1034      1.48735452530e+05   0.000000e+00   1.403088e+01   2.369853e+01  
1035      1.50907659501e+05   0.000000e+00   1.379859e+01   2.355575e+01  
1036      1.48805798250e+05   0.000000e+00   1.401070e+01   2.369565e+01  
1037      1.51078494910e+05   0.000000e+00   1.377331e+01   2.354903e+01  
1038      1.48626624658e+05   0.000000e+00   1.404291e+01   2.370164e+01  
1039      1.51106725231e+05   0.000000e+00   1.379321e+01   2.354578e+01  
1040      1.48671352744e+05   0.000000e+00   1.404361e+01   2.369862e+01  
1041      1.51021471425e+05   0.000000e+00   1.378640e+01   2.354894e+01  
1042      1.48806791637e+05   0.000000e+00   1.403230e+01   2.369084e+01  
1043      1.50968162626e+05   0.000000e+00   1.379964e+01   2.355406e+01  
1044      1.48821878060e+05   0.000000e+00   1.405115e+01   2.369107e+01  
1045      1.50846957432e+05   0.000000e+00   1.383476e+01   2.356265e+01  
1046      1.48848703814e+05   0.000000e+00   1.408060e+01   2.368966e+01  
1047      1.50697603323e+05   0.000000e+00   1.388975e+01   2.357691e+01  
1048      1.48839587986e+05   0.000000e+00   1.409756e+01   2.369039e+01  
1049      1.50705225416e+05   0.000000e+00   1.390972e+01   2.358307e+01  
1050      1.48911883160e+05   0.000000e+00   1.407152e+01   2.368646e+01  
1051      1.50878109059e+05   0.000000e+00   1.387225e+01   2.357663e+01  
1052      1.49038590752e+05   0.000000e+00   1.404842e+01   2.368454e+01  
1053      1.50671876963e+05   0.000000e+00   1.393254e+01   2.359356e+01  
1054      1.49073652518e+05   0.000000e+00   1.407886e+01   2.369185e+01  
1055      1.50778546804e+05   0.000000e+00   1.387896e+01   2.359342e+01  
1056      1.49345304100e+05   0.000000e+00   1.401891e+01   2.367766e+01  
1057      1.50831835821e+05   0.000000e+00   1.386609e+01   2.359653e+01  
1058      1.49435063314e+05   0.000000e+00   1.403240e+01   2.368133e+01  
1059      1.50614246689e+05   0.000000e+00   1.390498e+01   2.360783e+01  
1060      1.49500356296e+05   0.000000e+00   1.403624e+01   2.368089e+01  
1061      1.50766397817e+05   0.000000e+00   1.382695e+01   2.360679e+01  
1062      1.49588502977e+05   0.000000e+00   1.398396e+01   2.367582e+01  
1063      1.50784035852e+05   0.000000e+00   1.384757e+01   2.360968e+01  
1064      1.49436992955e+05   0.000000e+00   1.405905e+01   2.368604e+01  
1065      1.50596999967e+05   0.000000e+00   1.391268e+01   2.361737e+01  
1066      1.49493211824e+05   0.000000e+00   1.408502e+01   2.368124e+01  
1067      1.50474125287e+05   0.000000e+00   1.392572e+01   2.362551e+01  
1068      1.49541529992e+05   0.000000e+00   1.410876e+01   2.367859e+01  
1069      1.50304168138e+05   0.000000e+00   1.401107e+01   2.363994e+01  
1070      1.49593684572e+05   0.000000e+00   1.411390e+01   2.367096e+01  
1071      1.50188346375e+05   0.000000e+00   1.403041e+01   2.365435e+01  
1072      1.49680523370e+05   0.000000e+00   1.408514e+01   2.366864e+01  
1073      1.50130067805e+05   0.000000e+00   1.406340e+01   2.366178e+01  
1074      1.49578444320e+05   0.000000e+00   1.413476e+01   2.367366e+01  
1075      1.49980362661e+05   0.000000e+00   1.409675e+01   2.366762e+01  
1076      1.49627490039e+05   0.000000e+00   1.411315e+01   2.366995e+01  
1077      1.49830992623e+05   0.000000e+00   1.412166e+01   2.368532e+01  
1078      1.49755880784e+05   0.000000e+00   1.412242e+01   2.366291e+01  
1079      1.49703432891e+05   0.000000e+00   1.414131e+01   2.369037e+01  
1080      1.49933332783e+05   0.000000e+00   1.411951e+01   2.365580e+01  
1081      1.49721330824e+05   0.000000e+00   1.411167e+01   2.369058e+01  
1082      1.50129721942e+05   0.000000e+00   1.411603e+01   2.364813e+01  
1083      1.49538850697e+05   0.000000e+00   1.419871e+01   2.370208e+01  
1084      1.50093315227e+05   0.000000e+00   1.416214e+01   2.364823e+01  
1085      1.49677915976e+05   0.000000e+00   1.415448e+01   2.369473e+01  
1086      1.50217069939e+05   0.000000e+00   1.412606e+01   2.365454e+01  
1087      1.49522493652e+05   0.000000e+00   1.416832e+01   2.370523e+01  
1088      1.50445939774e+05   0.000000e+00   1.408839e+01   2.364124e+01  
1089      1.49599151262e+05   0.000000e+00   1.416351e+01   2.370747e+01  
1090      1.50435290512e+05   0.000000e+00   1.408955e+01   2.364119e+01  
1091      1.49708749786e+05   0.000000e+00   1.413275e+01   2.370711e+01  
1092      1.50592639970e+05   0.000000e+00   1.406802e+01   2.363723e+01  
1093      1.49607747486e+05   0.000000e+00   1.416443e+01   2.371024e+01  
1094      1.50636903423e+05   0.000000e+00   1.408914e+01   2.363685e+01  
1095      1.49611902031e+05   0.000000e+00   1.417048e+01   2.370786e+01  
1096      1.50595342804e+05   0.000000e+00   1.410998e+01   2.364138e+01  
1097      1.49593948641e+05   0.000000e+00   1.416789e+01   2.371132e+01  
1098      1.50786682333e+05   0.000000e+00   1.407700e+01   2.362860e+01  
1099      1.49287576843e+05   0.000000e+00   1.427635e+01   2.372958e+01  
1100      1.50633717804e+05   0.000000e+00   1.417479e+01   2.363379e+01  
1101      1.49393917553e+05   0.000000e+00   1.426457e+01   2.371942e+01  
1102      1.50783835513e+05   0.000000e+00   1.413497e+01   2.363015e+01  
1103      1.49619897636e+05   0.000000e+00   1.422960e+01   2.371377e+01  
1104      1.50705043354e+05   0.000000e+00   1.412421e+01   2.363441e+01  
1105      1.49702089075e+05   0.000000e+00   1.429392e+01   2.370903e+01  
1106      1.50647477883e+05   0.000000e+00   1.415420e+01   2.364112e+01  
1107      1.49894248231e+05   0.000000e+00   1.425656e+01   2.370362e+01  
1108      1.50611958329e+05   0.000000e+00   1.415048e+01   2.364539e+01  
1109      1.49991734965e+05   0.000000e+00   1.424920e+01   2.370086e+01  
1110      1.50728903659e+05   0.000000e+00   1.417266e+01   2.364074e+01  
1111      1.49801961795e+05   0.000000e+00   1.428515e+01   2.371045e+01  
1112      1.50980300041e+05   0.000000e+00   1.416942e+01   2.363245e+01  
1113      1.49800322916e+05   0.000000e+00   1.428982e+01   2.372318e+01  
1114      1.51076832093e+05   0.000000e+00   1.417225e+01   2.362298e+01  
1115      1.49784456833e+05   0.000000e+00   1.429928e+01   2.372685e+01  
1116      1.51132216477e+05   0.000000e+00   1.415311e+01   2.362699e+01  
1117      1.49674032369e+05   0.000000e+00   1.432505e+01   2.373779e+01  
1118      1.51308054811e+05   0.000000e+00   1.417639e+01   2.362348e+01  
1119      1.49690514492e+05   0.000000e+00   1.433914e+01   2.373831e+01  
1120      1.51316791625e+05   0.000000e+00   1.418391e+01   2.362428e+01  
1121      1.49620720277e+05   0.000000e+00   1.437381e+01   2.374626e+01  
1122      1.51396677367e+05   0.000000e+00   1.420180e+01   2.362837e+01  
1123      1.49445082019e+05   0.000000e+00   1.443260e+01   2.375641e+01  
1124      1.51452434148e+05   0.000000e+00   1.419720e+01   2.362089e+01  
1125      1.49497287281e+05   0.000000e+00   1.440850e+01   2.375567e+01  
1126      1.51552473076e+05   0.000000e+00   1.417440e+01   2.362015e+01  
1127      1.49644129111e+05   0.000000e+00   1.437596e+01   2.374539e+01  
1128      1.51554577607e+05   0.000000e+00   1.417801e+01   2.362033e+01  
1129      1.49804286128e+05   0.000000e+00   1.437968e+01   2.374057e+01  
1130      1.51527868199e+05   0.000000e+00   1.417918e+01   2.362256e+01  
1131      1.49866533119e+05   0.000000e+00   1.439021e+01   2.373859e+01  
1132      1.51413507762e+05   0.000000e+00   1.422739e+01   2.363396e+01  
1133      1.50000658088e+05   0.000000e+00   1.436428e+01   2.372894e+01  
1134      1.51677929995e+05   0.000000e+00   1.418327e+01   2.362246e+01  
1135      1.50012034075e+05   0.000000e+00   1.433257e+01   2.373246e+01  
1136      1.51757224647e+05   0.000000e+00   1.419585e+01   2.361547e+01  
1137      1.50006700767e+05   0.000000e+00   1.436335e+01   2.373658e+01  
1138      1.51719690062e+05   0.000000e+00   1.423182e+01   2.362528e+01  
1139      1.50083985864e+05   0.000000e+00   1.436248e+01   2.373582e+01  
1140      1.51931756894e+05   0.000000e+00   1.417367e+01   2.361835e+01  
1141      1.50212519689e+05   0.000000e+00   1.439122e+01   2.373437e+01  
1142      1.51774165528e+05   0.000000e+00   1.424298e+01   2.362724e+01  
1143      1.50246913661e+05   0.000000e+00   1.443401e+01   2.373559e+01  
1144      1.51846970184e+05   0.000000e+00   1.423708e+01   2.362975e+01  
1145      1.50278468949e+05   0.000000e+00   1.441592e+01   2.373147e+01  
1146      1.52103046467e+05   0.000000e+00   1.418350e+01   2.361692e+01  
1147      1.50354529722e+05   0.000000e+00   1.444963e+01   2.372809e+01  
1148      1.52000730175e+05   0.000000e+00   1.422628e+01   2.361766e+01  
1149      1.50490728985e+05   0.000000e+00   1.443458e+01   2.371733e+01  
1150      1.51960580876e+05   0.000000e+00   1.422573e+01   2.361526e+01  
1151      1.50565405313e+05   0.000000e+00   1.443763e+01   2.370527e+01  
1152      1.51973854841e+05   0.000000e+00   1.423834e+01   2.361496e+01  
1153      1.50625727332e+05   0.000000e+00   1.442157e+01   2.369442e+01  
1154      1.51876547036e+05   0.000000e+00   1.429995e+01   2.361260e+01  
1155      1.50655296155e+05   0.000000e+00   1.442031e+01   2.368777e+01  
1156      1.51765318981e+05   0.000000e+00   1.428955e+01   2.360908e+01  
1157      1.50690618717e+05   0.000000e+00   1.441402e+01   2.368337e+01  
1158      1.51890850270e+05   0.000000e+00   1.430515e+01   2.360305e+01  
1159      1.50612174268e+05   0.000000e+00   1.443696e+01   2.367554e+01  
1160      1.51747031070e+05   0.000000e+00   1.434340e+01   2.360206e+01  
1161      1.50489274842e+05   0.000000e+00   1.447002e+01   2.367776e+01  
1162      1.51869490796e+05   0.000000e+00   1.435384e+01   2.359810e+01  
1163      1.50302819398e+05   0.000000e+00   1.451651e+01   2.368124e+01  
1164      1.52034144235e+05   0.000000e+00   1.433495e+01   2.358194e+01  
1165      1.50221958334e+05   0.000000e+00   1.446762e+01   2.368577e+01  
1166      1.52125543107e+05   0.000000e+00   1.427569e+01   2.356891e+01  
1167      1.50201559733e+05   0.000000e+00   1.451868e+01   2.368363e+01  
1168      1.52003374255e+05   0.000000e+00   1.433402e+01   2.357026e+01  
1169      1.50126917833e+05   0.000000e+00   1.454554e+01   2.367864e+01  
1170      1.52073387167e+05   0.000000e+00   1.432387e+01   2.356524e+01  
1171      1.50191393827e+05   0.000000e+00   1.453035e+01   2.367585e+01  
1172      1.51873406954e+05   0.000000e+00   1.437657e+01   2.356775e+01  
1173      1.50241400376e+05   0.000000e+00   1.455384e+01   2.366291e+01  
1174      1.51828288358e+05   0.000000e+00   1.440805e+01   2.356302e+01  
1175      1.50296704686e+05   0.000000e+00   1.453067e+01   2.365444e+01  
1176      1.51794338675e+05   0.000000e+00   1.442202e+01   2.356229e+01  
1177      1.50222036773e+05   0.000000e+00   1.456005e+01   2.365365e+01  
1178      1.51701703661e+05   0.000000e+00   1.444901e+01   2.355645e+01  
1179      1.50293255956e+05   0.000000e+00   1.453156e+01   2.364071e+01  
1180      1.51592874258e+05   0.000000e+00   1.443115e+01   2.355367e+01  
1181      1.50297150442e+05   0.000000e+00   1.453571e+01   2.363902e+01  
1182      1.51705022199e+05   0.000000e+00   1.437234e+01   2.354236e+01  
1183      1.50427183193e+05   0.000000e+00   1.450456e+01   2.362202e+01  
1184      1.51430438908e+05   0.000000e+00   1.443274e+01   2.355061e+01  
1185      1.50573800864e+05   0.000000e+00   1.450019e+01   2.360284e+01  
1186      1.51315759647e+05   0.000000e+00   1.443727e+01   2.355149e+01  
1187      1.50614873385e+05   0.000000e+00   1.450245e+01   2.359785e+01  
1188      1.51173761074e+05   0.000000e+00   1.446503e+01   2.355124e+01  
1189      1.50640295507e+05   0.000000e+00   1.449107e+01   2.358579e+01  
1190      1.51072323875e+05   0.000000e+00   1.449182e+01   2.355378e+01  
1191      1.50568198467e+05   0.000000e+00   1.447923e+01   2.358086e+01  
1192      1.51214884784e+05   0.000000e+00   1.445346e+01   2.354566e+01  
1193      1.50495137912e+05   0.000000e+00   1.450597e+01   2.358514e+01  
1194      1.51064919426e+05   0.000000e+00   1.446444e+01   2.354579e+01  
1195      1.50695029061e+05   0.000000e+00   1.447735e+01   2.356723e+01  
1196      1.50981168520e+05   0.000000e+00   1.448684e+01   2.355744e+01  
1197      1.50619262768e+05   0.000000e+00   1.452499e+01   2.356992e+01  
1198      1.50967623784e+05   0.000000e+00   1.447364e+01   2.355588e+01  
1199      1.50636302958e+05   0.000000e+00   1.452511e+01   2.356470e+01  
1200      1.50735606356e+05   0.000000e+00   1.451381e+01   2.356282e+01  
1201      1.50706163458e+05   0.000000e+00   1.449732e+01   2.356069e+01  
1202      1.50761225803e+05   0.000000e+00   1.452706e+01   2.356212e+01  
1203      1.50756233933e+05   0.000000e+00   1.451285e+01   2.355522e+01  
1204      1.50850150961e+05   0.000000e+00   1.449477e+01   2.355285e+01  
1205      1.50705147474e+05   0.000000e+00   1.451656e+01   2.354842e+01  
1206      1.50741913219e+05   0.000000e+00   1.451203e+01   2.355667e+01  
1207      1.50879036373e+05   0.000000e+00   1.450053e+01   2.354103e+01  
1208      1.50566527905e+05   0.000000e+00   1.454611e+01   2.355453e+01  
1209      1.50823025239e+05   0.000000e+00   1.451377e+01   2.353145e+01  
1210      1.50719251485e+05   0.000000e+00   1.452185e+01   2.354783e+01  
1211      1.50767563064e+05   0.000000e+00   1.448024e+01   2.353005e+01  
1212      1.50865403137e+05   0.000000e+00   1.450999e+01   2.353692e+01  
1213      1.50706322637e+05   0.000000e+00   1.452780e+01   2.352860e+01  
1214      1.50755221148e+05   0.000000e+00   1.452872e+01   2.353611e+01  
1215      1.50729668470e+05   0.000000e+00   1.453447e+01   2.352646e+01  
1216      1.50814507817e+05   0.000000e+00   1.451812e+01   2.353363e+01  
1217      1.50693838430e+05   0.000000e+00   1.455412e+01   2.352180e+01  
1218      1.50828101655e+05   0.000000e+00   1.452084e+01   2.352983e+01  
1219      1.51009260181e+05   0.000000e+00   1.449686e+01   2.349999e+01  
1220      1.50828181357e+05   0.000000e+00   1.450021e+01   2.353007e+01  
1221      1.50940718638e+05   0.000000e+00   1.452006e+01   2.349501e+01  
1222      1.50691601445e+05   0.000000e+00   1.453581e+01   2.353421e+01  
1223      1.51074873794e+05   0.000000e+00   1.448507e+01   2.349385e+01  
1224      1.50645802448e+05   0.000000e+00   1.447861e+01   2.353094e+01  
1225      1.51184605043e+05   0.000000e+00   1.444818e+01   2.348088e+01  
1226      1.50511839082e+05   0.000000e+00   1.454549e+01   2.354283e+01  
1227      1.51094697288e+05   0.000000e+00   1.449842e+01   2.347897e+01  
1228      1.50377392437e+05   0.000000e+00   1.458773e+01   2.354775e+01  
1229      1.51091747725e+05   0.000000e+00   1.447753e+01   2.348149e+01  
1230      1.50406352602e+05   0.000000e+00   1.458253e+01   2.353719e+01  
1231      1.51132146293e+05   0.000000e+00   1.445607e+01   2.347818e+01  
1232      1.50212843183e+05   0.000000e+00   1.462215e+01   2.354649e+01  
1233      1.50899271014e+05   0.000000e+00   1.452443e+01   2.349187e+01  
1234      1.50223672696e+05   0.000000e+00   1.461006e+01   2.353976e+01  
1235      1.50790604344e+05   0.000000e+00   1.452763e+01   2.349447e+01  
1236      1.50211481686e+05   0.000000e+00   1.460632e+01   2.354075e+01  
1237      1.50723522931e+05   0.000000e+00   1.454235e+01   2.349497e+01  
1238      1.50202362835e+05   0.000000e+00   1.462484e+01   2.354171e+01  
1239      1.50529999569e+05   0.000000e+00   1.458332e+01   2.350271e+01  
1240      1.50348651434e+05   0.000000e+00   1.459043e+01   2.352977e+01  
1241      1.50543985830e+05   0.000000e+00   1.455599e+01   2.350327e+01  
1242      1.50501927166e+05   0.000000e+00   1.457478e+01   2.352679e+01  
1243      1.50576602627e+05   0.000000e+00   1.455560e+01   2.349534e+01  
1244      1.50600409601e+05   0.000000e+00   1.456319e+01   2.351855e+01  
1245      1.50404396111e+05   0.000000e+00   1.460635e+01   2.350683e+01  
1246      1.50651446042e+05   0.000000e+00   1.457256e+01   2.351477e+01  
1247      1.50655084391e+05   0.000000e+00   1.456739e+01   2.350090e+01  
1248      1.50713640939e+05   0.000000e+00   1.457591e+01   2.351386e+01  
1249      1.50752904167e+05   0.000000e+00   1.453443e+01   2.348849e+01  
1250      1.50705752417e+05   0.000000e+00   1.455240e+01   2.351699e+01  
-------------------------------------------------------------------

Initialization/allocation wall-clock time: 2.876 seconds
Calculation (iterations) wall-clock time : 252.030 seconds

