
**********************************************
Real-time propagation in 3D, OPTION = 2
MPI nodes = 8, OMP threads = 16, cores = 128
**********************************************

Interactions
Contact: Natoms = 1.50000000000e+05, as = 8.100000e+01 * a0, G = 1.455151e+04, G * par = 2.910302e+04
Three-body: K3 =  0.000000e+00, g3 = 0.000000e+00
Regular DDI: add = 1.101000e+02 * a0, GD = 4.721954e+03, GD * par = 9.443909e+03, edd = 1.359259e+00
     Dipolar cutoff Rcut = 7.355496e+00, Lcut = 2.278574e+02

QF = 1: h2 = 1.827296e+05, h4 = 0.000000e+00
        q3 = 0.000000e+00, q5 = 3.971559e+00

GRAD = 0

Trap parameters:
GAMMA = 0.000000e+00, NU = 0.000000e+00, LAMBDA = 0.000000e+00
Parameters of rotation: OMEGA = 0.000000e+00, OMEGA * par = 0.000000e+00

Space discretization: NX = 128, NY = 128, NZ = 128
                      DX = 3.560272e+00, DY = 1.149296e-01, DZ = 1.149296e-01
      Unit of length: aho = 5.552380e-07 m

Time discretization: NITER = 2500 (NSNAP = 1250)
                     DT = 6.604409e-03

Initial state: file ./imag3d-finalpsi.bin
ADD_VORTICES = 0, ADD_RANDOM_PHASE = 0


MUREL = 1.000000e-12, MUEND=1.000000e+05

-------------------------------------------------------------------
Snap      <r>            <x>            <y>            <z>
-------------------------------------------------------------------
0         2.284334e+01   2.281963e+01   7.357225e-01   7.357225e-01  
1         2.284333e+01   2.281963e+01   7.355901e-01   7.355901e-01  
2         2.284332e+01   2.281963e+01   7.354393e-01   7.354393e-01  
3         2.284331e+01   2.281963e+01   7.352704e-01   7.352704e-01  
4         2.284330e+01   2.281963e+01   7.350837e-01   7.350837e-01  
5         2.284328e+01   2.281963e+01   7.348797e-01   7.348797e-01  
6         2.284327e+01   2.281963e+01   7.346590e-01   7.346590e-01  
7         2.284325e+01   2.281962e+01   7.344225e-01   7.344225e-01  
8         2.284323e+01   2.281962e+01   7.341712e-01   7.341712e-01  
9         2.284321e+01   2.281962e+01   7.339060e-01   7.339060e-01  
10        2.284319e+01   2.281961e+01   7.336283e-01   7.336283e-01  
11        2.284316e+01   2.281961e+01   7.333394e-01   7.333394e-01  
12        2.284314e+01   2.281960e+01   7.330408e-01   7.330408e-01  
13        2.284312e+01   2.281960e+01   7.327341e-01   7.327341e-01  
14        2.284309e+01   2.281959e+01   7.324210e-01   7.324210e-01  
15        2.284306e+01   2.281959e+01   7.321031e-01   7.321031e-01  
16        2.284304e+01   2.281958e+01   7.317823e-01   7.317823e-01  
17        2.284301e+01   2.281958e+01   7.314606e-01   7.314606e-01  
18        2.284299e+01   2.281957e+01   7.311398e-01   7.311398e-01  
19        2.284296e+01   2.281957e+01   7.308220e-01   7.308220e-01  
20        2.284294e+01   2.281956e+01   7.305091e-01   7.305091e-01  
21        2.284291e+01   2.281956e+01   7.302031e-01   7.302031e-01  
22        2.284289e+01   2.281956e+01   7.299059e-01   7.299059e-01  
23        2.284287e+01   2.281955e+01   7.296193e-01   7.296193e-01  
24        2.284285e+01   2.281955e+01   7.293450e-01   7.293450e-01  
25        2.284283e+01   2.281954e+01   7.290847e-01   7.290847e-01  
26        2.284281e+01   2.281954e+01   7.288397e-01   7.288397e-01  
27        2.284279e+01   2.281954e+01   7.286114e-01   7.286114e-01  
28        2.284277e+01   2.281953e+01   7.284010e-01   7.284010e-01  
29        2.284276e+01   2.281953e+01   7.282093e-01   7.282093e-01  
30        2.284275e+01   2.281953e+01   7.280371e-01   7.280371e-01  
31        2.284274e+01   2.281953e+01   7.278852e-01   7.278852e-01  
32        2.284273e+01   2.281953e+01   7.277540e-01   7.277540e-01  
33        2.284272e+01   2.281953e+01   7.276438e-01   7.276438e-01  
34        2.284271e+01   2.281953e+01   7.275548e-01   7.275548e-01  
35        2.284271e+01   2.281953e+01   7.274870e-01   7.274870e-01  
36        2.284271e+01   2.281953e+01   7.274403e-01   7.274403e-01  
37        2.284271e+01   2.281953e+01   7.274145e-01   7.274145e-01  
38        2.284271e+01   2.281953e+01   7.274093e-01   7.274093e-01  
39        2.284271e+01   2.281954e+01   7.274242e-01   7.274242e-01  
40        2.284272e+01   2.281954e+01   7.274587e-01   7.274587e-01  
41        2.284272e+01   2.281954e+01   7.275122e-01   7.275122e-01  
42        2.284273e+01   2.281954e+01   7.275840e-01   7.275840e-01  
43        2.284274e+01   2.281955e+01   7.276732e-01   7.276732e-01  
44        2.284275e+01   2.281955e+01   7.277792e-01   7.277792e-01  
45        2.284276e+01   2.281955e+01   7.279010e-01   7.279010e-01  
46        2.284277e+01   2.281956e+01   7.280377e-01   7.280377e-01  
47        2.284279e+01   2.281956e+01   7.281883e-01   7.281883e-01  
48        2.284280e+01   2.281956e+01   7.283517e-01   7.283517e-01  
49        2.284281e+01   2.281957e+01   7.285271e-01   7.285271e-01  
50        2.284283e+01   2.281957e+01   7.287133e-01   7.287133e-01  
51        2.284285e+01   2.281958e+01   7.289092e-01   7.289092e-01  
52        2.284286e+01   2.281958e+01   7.291138e-01   7.291138e-01  
53        2.284288e+01   2.281958e+01   7.293260e-01   7.293260e-01  
54        2.284290e+01   2.281959e+01   7.295447e-01   7.295447e-01  
55        2.284292e+01   2.281959e+01   7.297688e-01   7.297688e-01  
56        2.284294e+01   2.281960e+01   7.299974e-01   7.299974e-01  
57        2.284296e+01   2.281960e+01   7.302292e-01   7.302292e-01  
58        2.284298e+01   2.281961e+01   7.304634e-01   7.304634e-01  
59        2.284299e+01   2.281961e+01   7.306989e-01   7.306989e-01  
60        2.284301e+01   2.281961e+01   7.309348e-01   7.309348e-01  
61        2.284303e+01   2.281962e+01   7.311700e-01   7.311700e-01  
62        2.284305e+01   2.281962e+01   7.314036e-01   7.314036e-01  
63        2.284307e+01   2.281962e+01   7.316348e-01   7.316348e-01  
64        2.284309e+01   2.281963e+01   7.318626e-01   7.318626e-01  
65        2.284310e+01   2.281963e+01   7.320863e-01   7.320863e-01  
66        2.284312e+01   2.281963e+01   7.323050e-01   7.323050e-01  
67        2.284314e+01   2.281963e+01   7.325180e-01   7.325180e-01  
68        2.284315e+01   2.281964e+01   7.327245e-01   7.327245e-01  
69        2.284317e+01   2.281964e+01   7.329239e-01   7.329239e-01  
70        2.284318e+01   2.281964e+01   7.331156e-01   7.331156e-01  
71        2.284319e+01   2.281964e+01   7.332989e-01   7.332989e-01  
72        2.284321e+01   2.281964e+01   7.334733e-01   7.334733e-01  
73        2.284322e+01   2.281964e+01   7.336384e-01   7.336384e-01  
74        2.284323e+01   2.281965e+01   7.337936e-01   7.337936e-01  
75        2.284324e+01   2.281965e+01   7.339386e-01   7.339386e-01  
76        2.284325e+01   2.281965e+01   7.340730e-01   7.340730e-01  
77        2.284326e+01   2.281965e+01   7.341965e-01   7.341965e-01  
78        2.284326e+01   2.281965e+01   7.343088e-01   7.343088e-01  
79        2.284327e+01   2.281965e+01   7.344097e-01   7.344097e-01  
80        2.284327e+01   2.281964e+01   7.344990e-01   7.344990e-01  
81        2.284328e+01   2.281964e+01   7.345767e-01   7.345767e-01  
82        2.284328e+01   2.281964e+01   7.346426e-01   7.346426e-01  
83        2.284328e+01   2.281964e+01   7.346967e-01   7.346967e-01  
84        2.284328e+01   2.281964e+01   7.347391e-01   7.347391e-01  
85        2.284328e+01   2.281964e+01   7.347697e-01   7.347697e-01  
86        2.284328e+01   2.281964e+01   7.347886e-01   7.347886e-01  
87        2.284328e+01   2.281963e+01   7.347961e-01   7.347961e-01  
88        2.284328e+01   2.281963e+01   7.347922e-01   7.347922e-01  
89        2.284327e+01   2.281963e+01   7.347772e-01   7.347772e-01  
90        2.284327e+01   2.281962e+01   7.347513e-01   7.347513e-01  
91        2.284326e+01   2.281962e+01   7.347149e-01   7.347149e-01  
92        2.284326e+01   2.281962e+01   7.346681e-01   7.346681e-01  
93        2.284325e+01   2.281961e+01   7.346114e-01   7.346114e-01  
94        2.284324e+01   2.281961e+01   7.345451e-01   7.345451e-01  
95        2.284324e+01   2.281961e+01   7.344695e-01   7.344695e-01  
96        2.284323e+01   2.281960e+01   7.343853e-01   7.343853e-01  
97        2.284322e+01   2.281960e+01   7.342927e-01   7.342927e-01  
98        2.284321e+01   2.281960e+01   7.341922e-01   7.341922e-01  
99        2.284319e+01   2.281959e+01   7.340845e-01   7.340845e-01  
100       2.284318e+01   2.281959e+01   7.339699e-01   7.339699e-01  
101       2.284317e+01   2.281958e+01   7.338491e-01   7.338491e-01  
102       2.284316e+01   2.281958e+01   7.337225e-01   7.337225e-01  
103       2.284315e+01   2.281958e+01   7.335908e-01   7.335908e-01  
104       2.284313e+01   2.281957e+01   7.334545e-01   7.334545e-01  
105       2.284312e+01   2.281957e+01   7.333142e-01   7.333142e-01  
106       2.284311e+01   2.281956e+01   7.331704e-01   7.331704e-01  
107       2.284309e+01   2.281956e+01   7.330237e-01   7.330237e-01  
108       2.284308e+01   2.281956e+01   7.328747e-01   7.328747e-01  
109       2.284307e+01   2.281955e+01   7.327240e-01   7.327240e-01  
110       2.284305e+01   2.281955e+01   7.325721e-01   7.325721e-01  
111       2.284304e+01   2.281954e+01   7.324197e-01   7.324197e-01  
112       2.284303e+01   2.281954e+01   7.322673e-01   7.322673e-01  
113       2.284301e+01   2.281954e+01   7.321156e-01   7.321156e-01  
114       2.284300e+01   2.281953e+01   7.319650e-01   7.319650e-01  
115       2.284299e+01   2.281953e+01   7.318161e-01   7.318161e-01  
116       2.284297e+01   2.281953e+01   7.316695e-01   7.316695e-01  
117       2.284296e+01   2.281952e+01   7.315257e-01   7.315257e-01  
118       2.284295e+01   2.281952e+01   7.313852e-01   7.313852e-01  
119       2.284294e+01   2.281952e+01   7.312486e-01   7.312486e-01  
120       2.284293e+01   2.281951e+01   7.311162e-01   7.311162e-01  
121       2.284292e+01   2.281951e+01   7.309886e-01   7.309886e-01  
122       2.284291e+01   2.281951e+01   7.308661e-01   7.308661e-01  
123       2.284290e+01   2.281951e+01   7.307491e-01   7.307491e-01  
124       2.284289e+01   2.281950e+01   7.306382e-01   7.306382e-01  
125       2.284288e+01   2.281950e+01   7.305335e-01   7.305335e-01  
126       2.284287e+01   2.281950e+01   7.304355e-01   7.304355e-01  
127       2.284286e+01   2.281950e+01   7.303446e-01   7.303446e-01  
128       2.284286e+01   2.281950e+01   7.302610e-01   7.302610e-01  
129       2.284285e+01   2.281950e+01   7.301849e-01   7.301849e-01  
130       2.284285e+01   2.281950e+01   7.301165e-01   7.301165e-01  
131       2.284284e+01   2.281950e+01   7.300561e-01   7.300561e-01  
132       2.284284e+01   2.281950e+01   7.300037e-01   7.300037e-01  
133       2.284283e+01   2.281950e+01   7.299595e-01   7.299595e-01  
134       2.284283e+01   2.281950e+01   7.299236e-01   7.299236e-01  
135       2.284283e+01   2.281950e+01   7.298960e-01   7.298960e-01  
136       2.284283e+01   2.281950e+01   7.298768e-01   7.298768e-01  
137       2.284283e+01   2.281950e+01   7.298659e-01   7.298659e-01  
138       2.284283e+01   2.281950e+01   7.298632e-01   7.298632e-01  
139       2.284283e+01   2.281950e+01   7.298688e-01   7.298688e-01  
140       2.284283e+01   2.281950e+01   7.298825e-01   7.298825e-01  
141       2.284284e+01   2.281950e+01   7.299040e-01   7.299040e-01  
142       2.284284e+01   2.281950e+01   7.299333e-01   7.299333e-01  
143       2.284284e+01   2.281950e+01   7.299702e-01   7.299702e-01  
144       2.284285e+01   2.281951e+01   7.300143e-01   7.300143e-01  
145       2.284285e+01   2.281951e+01   7.300655e-01   7.300655e-01  
146       2.284286e+01   2.281951e+01   7.301235e-01   7.301235e-01  
147       2.284286e+01   2.281951e+01   7.301881e-01   7.301881e-01  
148       2.284287e+01   2.281951e+01   7.302589e-01   7.302589e-01  
149       2.284288e+01   2.281951e+01   7.303356e-01   7.303356e-01  
150       2.284288e+01   2.281952e+01   7.304181e-01   7.304181e-01  
151       2.284289e+01   2.281952e+01   7.305058e-01   7.305058e-01  
152       2.284290e+01   2.281952e+01   7.305986e-01   7.305986e-01  
153       2.284291e+01   2.281952e+01   7.306960e-01   7.306960e-01  
154       2.284292e+01   2.281952e+01   7.307979e-01   7.307979e-01  
155       2.284293e+01   2.281953e+01   7.309037e-01   7.309037e-01  
156       2.284293e+01   2.281953e+01   7.310132e-01   7.310132e-01  
157       2.284294e+01   2.281953e+01   7.311260e-01   7.311260e-01  
158       2.284295e+01   2.281953e+01   7.312417e-01   7.312417e-01  
159       2.284296e+01   2.281953e+01   7.313598e-01   7.313598e-01  
160       2.284297e+01   2.281954e+01   7.314801e-01   7.314801e-01  
161       2.284298e+01   2.281954e+01   7.316019e-01   7.316019e-01  
162       2.284299e+01   2.281954e+01   7.317249e-01   7.317249e-01  
163       2.284300e+01   2.281954e+01   7.318486e-01   7.318486e-01  
164       2.284301e+01   2.281954e+01   7.319724e-01   7.319724e-01  
165       2.284302e+01   2.281954e+01   7.320960e-01   7.320960e-01  
166       2.284303e+01   2.281954e+01   7.322187e-01   7.322187e-01  
167       2.284304e+01   2.281955e+01   7.323400e-01   7.323400e-01  
168       2.284304e+01   2.281955e+01   7.324595e-01   7.324595e-01  
169       2.284305e+01   2.281955e+01   7.325766e-01   7.325766e-01  
170       2.284306e+01   2.281955e+01   7.326908e-01   7.326908e-01  
171       2.284307e+01   2.281955e+01   7.328017e-01   7.328017e-01  
172       2.284307e+01   2.281955e+01   7.329088e-01   7.329088e-01  
173       2.284308e+01   2.281954e+01   7.330117e-01   7.330117e-01  
174       2.284308e+01   2.281954e+01   7.331099e-01   7.331099e-01  
175       2.284309e+01   2.281954e+01   7.332032e-01   7.332032e-01  
176       2.284309e+01   2.281954e+01   7.332911e-01   7.332911e-01  
177       2.284310e+01   2.281954e+01   7.333734e-01   7.333734e-01  
178       2.284310e+01   2.281954e+01   7.334497e-01   7.334497e-01  
179       2.284310e+01   2.281953e+01   7.335200e-01   7.335200e-01  
180       2.284310e+01   2.281953e+01   7.335839e-01   7.335839e-01  
181       2.284310e+01   2.281953e+01   7.336414e-01   7.336414e-01  
182       2.284310e+01   2.281952e+01   7.336923e-01   7.336923e-01  
183       2.284310e+01   2.281952e+01   7.337366e-01   7.337366e-01  
184       2.284310e+01   2.281952e+01   7.337742e-01   7.337742e-01  
185       2.284310e+01   2.281951e+01   7.338050e-01   7.338050e-01  
186       2.284309e+01   2.281951e+01   7.338292e-01   7.338292e-01  
187       2.284309e+01   2.281950e+01   7.338468e-01   7.338468e-01  
188       2.284309e+01   2.281950e+01   7.338577e-01   7.338577e-01  
189       2.284308e+01   2.281949e+01   7.338622e-01   7.338622e-01  
190       2.284307e+01   2.281949e+01   7.338603e-01   7.338603e-01  
191       2.284307e+01   2.281948e+01   7.338522e-01   7.338522e-01  
192       2.284306e+01   2.281947e+01   7.338380e-01   7.338380e-01  
193       2.284305e+01   2.281947e+01   7.338178e-01   7.338178e-01  
194       2.284304e+01   2.281946e+01   7.337919e-01   7.337919e-01  
195       2.284303e+01   2.281945e+01   7.337603e-01   7.337603e-01  
196       2.284302e+01   2.281945e+01   7.337233e-01   7.337233e-01  
197       2.284301e+01   2.281944e+01   7.336810e-01   7.336810e-01  
198       2.284300e+01   2.281943e+01   7.336336e-01   7.336336e-01  
199       2.284299e+01   2.281942e+01   7.335813e-01   7.335813e-01  
200       2.284298e+01   2.281941e+01   7.335243e-01   7.335243e-01  
201       2.284297e+01   2.281941e+01   7.334628e-01   7.334628e-01  
202       2.284296e+01   2.281940e+01   7.333970e-01   7.333970e-01  
203       2.284294e+01   2.281939e+01   7.333271e-01   7.333271e-01  
204       2.284293e+01   2.281938e+01   7.332534e-01   7.332534e-01  
205       2.284291e+01   2.281937e+01   7.331761e-01   7.331761e-01  
206       2.284290e+01   2.281936e+01   7.330957e-01   7.330957e-01  
207       2.284288e+01   2.281935e+01   7.330123e-01   7.330123e-01  
208       2.284287e+01   2.281934e+01   7.329263e-01   7.329263e-01  
209       2.284285e+01   2.281933e+01   7.328381e-01   7.328381e-01  
210       2.284284e+01   2.281932e+01   7.327480e-01   7.327480e-01  
211       2.284282e+01   2.281931e+01   7.326564e-01   7.326564e-01  
212       2.284281e+01   2.281930e+01   7.325636e-01   7.325636e-01  
213       2.284279e+01   2.281929e+01   7.324702e-01   7.324702e-01  
214       2.284278e+01   2.281928e+01   7.323764e-01   7.323764e-01  
215       2.284276e+01   2.281927e+01   7.322827e-01   7.322827e-01  
216       2.284275e+01   2.281926e+01   7.321894e-01   7.321894e-01  
217       2.284273e+01   2.281926e+01   7.320970e-01   7.320970e-01  
218       2.284272e+01   2.281925e+01   7.320059e-01   7.320059e-01  
219       2.284270e+01   2.281924e+01   7.319163e-01   7.319163e-01  
220       2.284269e+01   2.281923e+01   7.318289e-01   7.318289e-01  
221       2.284267e+01   2.281922e+01   7.317438e-01   7.317438e-01  
222       2.284266e+01   2.281921e+01   7.316614e-01   7.316614e-01  
223       2.284265e+01   2.281920e+01   7.315821e-01   7.315821e-01  
224       2.284263e+01   2.281920e+01   7.315061e-01   7.315061e-01  
225       2.284262e+01   2.281919e+01   7.314337e-01   7.314337e-01  
226       2.284261e+01   2.281918e+01   7.313651e-01   7.313651e-01  
227       2.284260e+01   2.281917e+01   7.313005e-01   7.313005e-01  
228       2.284259e+01   2.281917e+01   7.312401e-01   7.312401e-01  
229       2.284258e+01   2.281916e+01   7.311841e-01   7.311841e-01  
230       2.284257e+01   2.281916e+01   7.311326e-01   7.311326e-01  
231       2.284256e+01   2.281915e+01   7.310857e-01   7.310857e-01  
232       2.284256e+01   2.281915e+01   7.310436e-01   7.310436e-01  
233       2.284255e+01   2.281914e+01   7.310064e-01   7.310064e-01  
234       2.284254e+01   2.281914e+01   7.309742e-01   7.309742e-01  
235       2.284254e+01   2.281914e+01   7.309472e-01   7.309472e-01  
236       2.284254e+01   2.281914e+01   7.309253e-01   7.309253e-01  
237       2.284253e+01   2.281913e+01   7.309088e-01   7.309088e-01  
238       2.284253e+01   2.281913e+01   7.308977e-01   7.308977e-01  
239       2.284253e+01   2.281913e+01   7.308920e-01   7.308920e-01  
240       2.284253e+01   2.281913e+01   7.308919e-01   7.308919e-01  
241       2.284253e+01   2.281914e+01   7.308972e-01   7.308972e-01  
242       2.284254e+01   2.281914e+01   7.309080e-01   7.309080e-01  
243       2.284254e+01   2.281914e+01   7.309242e-01   7.309242e-01  
244       2.284255e+01   2.281914e+01   7.309457e-01   7.309457e-01  
245       2.284255e+01   2.281915e+01   7.309726e-01   7.309726e-01  
246       2.284256e+01   2.281915e+01   7.310047e-01   7.310047e-01  
247       2.284257e+01   2.281916e+01   7.310420e-01   7.310420e-01  
248       2.284258e+01   2.281917e+01   7.310843e-01   7.310843e-01  
249       2.284259e+01   2.281917e+01   7.311317e-01   7.311317e-01  
250       2.284260e+01   2.281918e+01   7.311842e-01   7.311842e-01  
251       2.284261e+01   2.281919e+01   7.312416e-01   7.312416e-01  
252       2.284262e+01   2.281920e+01   7.313042e-01   7.313042e-01  
253       2.284264e+01   2.281921e+01   7.313718e-01   7.313718e-01  
254       2.284265e+01   2.281922e+01   7.314447e-01   7.314447e-01  
255       2.284267e+01   2.281923e+01   7.315230e-01   7.315230e-01  
256       2.284268e+01   2.281923e+01   7.316070e-01   7.316070e-01  
257       2.284269e+01   2.281924e+01   7.316971e-01   7.316971e-01  
258       2.284269e+01   2.281924e+01   7.317937e-01   7.317937e-01  
259       2.284269e+01   2.281923e+01   7.318975e-01   7.318975e-01  
260       2.284269e+01   2.281922e+01   7.320093e-01   7.320093e-01  
261       2.284267e+01   2.281919e+01   7.321300e-01   7.321300e-01  
262       2.284264e+01   2.281916e+01   7.322608e-01   7.322608e-01  
263       2.284260e+01   2.281910e+01   7.324031e-01   7.324031e-01  
264       2.284253e+01   2.281903e+01   7.325586e-01   7.325586e-01  
265       2.284244e+01   2.281892e+01   7.327290e-01   7.327290e-01  
266       2.284232e+01   2.281879e+01   7.329164e-01   7.329164e-01  
267       2.284216e+01   2.281862e+01   7.331231e-01   7.331231e-01  
268       2.284196e+01   2.281841e+01   7.333515e-01   7.333515e-01  
269       2.284173e+01   2.281815e+01   7.336045e-01   7.336045e-01  
270       2.284145e+01   2.281785e+01   7.338846e-01   7.338846e-01  
271       2.284112e+01   2.281751e+01   7.341949e-01   7.341949e-01  
272       2.284075e+01   2.281711e+01   7.345380e-01   7.345380e-01  
273       2.284033e+01   2.281668e+01   7.349169e-01   7.349169e-01  
274       2.283988e+01   2.281619e+01   7.353342e-01   7.353342e-01  
275       2.283939e+01   2.281568e+01   7.357926e-01   7.357926e-01  
276       2.283888e+01   2.281513e+01   7.362945e-01   7.362945e-01  
277       2.283834e+01   2.281455e+01   7.368420e-01   7.368420e-01  
278       2.283779e+01   2.281397e+01   7.374372e-01   7.374372e-01  
279       2.283725e+01   2.281338e+01   7.380818e-01   7.380818e-01  
280       2.283673e+01   2.281282e+01   7.387772e-01   7.387772e-01  
281       2.283624e+01   2.281228e+01   7.395248e-01   7.395248e-01  
282       2.283580e+01   2.281179e+01   7.403253e-01   7.403253e-01  
283       2.283543e+01   2.281136e+01   7.411796e-01   7.411796e-01  
284       2.283514e+01   2.281102e+01   7.420879e-01   7.420879e-01  
285       2.283496e+01   2.281077e+01   7.430504e-01   7.430504e-01  
286       2.283489e+01   2.281064e+01   7.440667e-01   7.440667e-01  
287       2.283496e+01   2.281063e+01   7.451364e-01   7.451364e-01  
288       2.283517e+01   2.281077e+01   7.462586e-01   7.462586e-01  
289       2.283554e+01   2.281106e+01   7.474322e-01   7.474322e-01  
290       2.283607e+01   2.281151e+01   7.486557e-01   7.486557e-01  
291       2.283678e+01   2.281214e+01   7.499275e-01   7.499275e-01  
292       2.283767e+01   2.281294e+01   7.512453e-01   7.512453e-01  
293       2.283874e+01   2.281393e+01   7.526068e-01   7.526068e-01  
294       2.284000e+01   2.281510e+01   7.540094e-01   7.540094e-01  
295       2.284145e+01   2.281645e+01   7.554502e-01   7.554502e-01  
296       2.284309e+01   2.281799e+01   7.569260e-01   7.569260e-01  
297       2.284490e+01   2.281971e+01   7.584336e-01   7.584336e-01  
298       2.284689e+01   2.282159e+01   7.599693e-01   7.599693e-01  
299       2.284903e+01   2.282364e+01   7.615294e-01   7.615294e-01  
300       2.285134e+01   2.282584e+01   7.631101e-01   7.631101e-01  
301       2.285378e+01   2.282818e+01   7.647077e-01   7.647077e-01  
302       2.285635e+01   2.283065e+01   7.663184e-01   7.663184e-01  
303       2.285904e+01   2.283322e+01   7.679388e-01   7.679388e-01  
304       2.286182e+01   2.283590e+01   7.695653e-01   7.695653e-01  
305       2.286468e+01   2.283866e+01   7.711951e-01   7.711951e-01  
306       2.286761e+01   2.284148e+01   7.728250e-01   7.728250e-01  
307       2.287058e+01   2.284434e+01   7.744524e-01   7.744523e-01  
308       2.287359e+01   2.284724e+01   7.760746e-01   7.760746e-01  
309       2.287660e+01   2.285015e+01   7.776895e-01   7.776895e-01  
310       2.287962e+01   2.285306e+01   7.792947e-01   7.792947e-01  
311       2.288261e+01   2.285595e+01   7.808884e-01   7.808884e-01  
312       2.288557e+01   2.285880e+01   7.824689e-01   7.824689e-01  
313       2.288848e+01   2.286161e+01   7.840350e-01   7.840350e-01  
314       2.289132e+01   2.286435e+01   7.855859e-01   7.855859e-01  
315       2.289408e+01   2.286700e+01   7.871210e-01   7.871210e-01  
316       2.289673e+01   2.286955e+01   7.886404e-01   7.886404e-01  
317       2.289926e+01   2.287198e+01   7.901440e-01   7.901440e-01  
318       2.290166e+01   2.287428e+01   7.916322e-01   7.916322e-01  
319       2.290391e+01   2.287643e+01   7.931052e-01   7.931051e-01  
320       2.290600e+01   2.287843e+01   7.945631e-01   7.945630e-01  
321       2.290792e+01   2.288024e+01   7.960064e-01   7.960063e-01  
322       2.290965e+01   2.288188e+01   7.974357e-01   7.974357e-01  
323       2.291119e+01   2.288332e+01   7.988521e-01   7.988520e-01  
324       2.291253e+01   2.288456e+01   8.002570e-01   8.002569e-01  
325       2.291365e+01   2.288558e+01   8.016524e-01   8.016523e-01  
326       2.291454e+01   2.288638e+01   8.030407e-01   8.030406e-01  
327       2.291519e+01   2.288694e+01   8.044247e-01   8.044246e-01  
328       2.291560e+01   2.288724e+01   8.058071e-01   8.058071e-01  
329       2.291575e+01   2.288729e+01   8.071908e-01   8.071907e-01  
330       2.291563e+01   2.288708e+01   8.085781e-01   8.085780e-01  
331       2.291525e+01   2.288660e+01   8.099713e-01   8.099713e-01  
332       2.291460e+01   2.288585e+01   8.113724e-01   8.113724e-01  
333       2.291369e+01   2.288484e+01   8.127832e-01   8.127831e-01  
334       2.291252e+01   2.288357e+01   8.142054e-01   8.142053e-01  
335       2.291112e+01   2.288206e+01   8.156409e-01   8.156409e-01  
336       2.290949e+01   2.288032e+01   8.170918e-01   8.170918e-01  
337       2.290765e+01   2.287838e+01   8.185601e-01   8.185601e-01  
338       2.290564e+01   2.287626e+01   8.200476e-01   8.200475e-01  
339       2.290348e+01   2.287399e+01   8.215550e-01   8.215550e-01  
340       2.290123e+01   2.287162e+01   8.230830e-01   8.230830e-01  
341       2.289903e+01   2.286931e+01   8.246336e-01   8.246336e-01  
342       2.289784e+01   2.286801e+01   8.262361e-01   8.262361e-01  
343       2.290210e+01   2.287214e+01   8.280458e-01   8.280458e-01  
344       2.290498e+01   2.287490e+01   8.298491e-01   8.298492e-01  
345       2.291289e+01   2.288267e+01   8.318764e-01   8.318764e-01  
346       2.287715e+01   2.284685e+01   8.323470e-01   8.323471e-01  
347       2.290903e+01   2.287854e+01   8.354916e-01   8.354917e-01  
348       2.288693e+01   2.285631e+01   8.368707e-01   8.368707e-01  
349       2.289638e+01   2.286557e+01   8.394977e-01   8.394974e-01  
350       2.288832e+01   2.285734e+01   8.418507e-01   8.418504e-01  
351       2.292399e+01   2.289275e+01   8.460189e-01   8.460278e-01  
352       2.289803e+01   2.286658e+01   8.483011e-01   8.483133e-01  
353       2.291124e+01   2.287949e+01   8.526097e-01   8.526435e-01  
354       2.289860e+01   2.286655e+01   8.562878e-01   8.563389e-01  
355       2.287353e+01   2.284115e+01   8.602426e-01   8.603124e-01  
356       2.289943e+01   2.286661e+01   8.667071e-01   8.667223e-01  
357       2.289926e+01   2.286595e+01   8.730575e-01   8.730844e-01  
358       2.289882e+01   2.286500e+01   8.797950e-01   8.797517e-01  
359       2.289639e+01   2.286194e+01   8.878676e-01   8.877549e-01  
360       2.290186e+01   2.286673e+01   8.966967e-01   8.965170e-01  
361       2.290099e+01   2.286514e+01   9.058726e-01   9.055497e-01  
362       2.290920e+01   2.287252e+01   9.165009e-01   9.161406e-01  
363       2.290410e+01   2.286659e+01   9.268962e-01   9.262989e-01  
364       2.291530e+01   2.287682e+01   9.389868e-01   9.383682e-01  
365       2.292065e+01   2.288115e+01   9.514768e-01   9.505288e-01  
366       2.292533e+01   2.288476e+01   9.644394e-01   9.634469e-01  
367       2.293261e+01   2.289086e+01   9.788035e-01   9.773753e-01  
368       2.292499e+01   2.288208e+01   9.921267e-01   9.906302e-01  
369       2.294629e+01   2.290198e+01   1.008870e+00   1.006828e+00  
370       2.292934e+01   2.288378e+01   1.022624e+00   1.020511e+00  
371       2.294788e+01   2.290079e+01   1.040329e+00   1.037622e+00  
372       2.293306e+01   2.288451e+01   1.056026e+00   1.053203e+00  
373       2.294497e+01   2.289475e+01   1.074637e+00   1.071178e+00  
374       2.295025e+01   2.289830e+01   1.093000e+00   1.089402e+00  
375       2.294911e+01   2.289538e+01   1.111908e+00   1.107650e+00  
376       2.291929e+01   2.286382e+01   1.129112e+00   1.124702e+00  
377       2.295469e+01   2.289699e+01   1.152696e+00   1.147611e+00  
378       2.291565e+01   2.285598e+01   1.171170e+00   1.165915e+00  
379       2.295197e+01   2.288979e+01   1.196872e+00   1.190944e+00  
380       2.291874e+01   2.285433e+01   1.217213e+00   1.211085e+00  
381       2.294719e+01   2.287993e+01   1.244776e+00   1.237994e+00  
382       2.292197e+01   2.285223e+01   1.266909e+00   1.259891e+00  
383       2.294540e+01   2.287261e+01   1.295171e+00   1.287508e+00  
384       2.292453e+01   2.284924e+01   1.316587e+00   1.308670e+00  
385       2.294759e+01   2.286920e+01   1.344389e+00   1.335815e+00  
386       2.293380e+01   2.285282e+01   1.365994e+00   1.357184e+00  
387       2.295975e+01   2.287550e+01   1.394305e+00   1.384784e+00  
388       2.292585e+01   2.283923e+01   1.412835e+00   1.402887e+00  
389       2.295635e+01   2.286670e+01   1.438598e+00   1.427662e+00  
390       2.294533e+01   2.285277e+01   1.461610e+00   1.450125e+00  
391       2.294153e+01   2.284519e+01   1.491235e+00   1.478857e+00  
392       2.295046e+01   2.285150e+01   1.511875e+00   1.498878e+00  
393       2.295997e+01   2.285854e+01   1.531340e+00   1.517435e+00  
394       2.296070e+01   2.285693e+01   1.548818e+00   1.534777e+00  
395       2.297153e+01   2.286450e+01   1.573332e+00   1.559029e+00  
396       2.296993e+01   2.286097e+01   1.587477e+00   1.572815e+00  
397       2.297970e+01   2.286740e+01   1.612547e+00   1.596336e+00  
398       2.296804e+01   2.285345e+01   1.628266e+00   1.612204e+00  
399       2.300072e+01   2.288487e+01   1.638471e+00   1.622035e+00  
400       2.299248e+01   2.287453e+01   1.652799e+00   1.636449e+00  
401       2.299089e+01   2.286926e+01   1.678113e+00   1.661840e+00  
402       2.299280e+01   2.287052e+01   1.682112e+00   1.666986e+00  
403       2.301825e+01   2.289525e+01   1.687996e+00   1.672731e+00  
404       2.299510e+01   2.286843e+01   1.711921e+00   1.696739e+00  
405       2.300700e+01   2.287876e+01   1.722249e+00   1.708220e+00  
406       2.301206e+01   2.288393e+01   1.720422e+00   1.709034e+00  
407       2.301811e+01   2.288656e+01   1.743077e+00   1.732064e+00  
408       2.300277e+01   2.286878e+01   1.758159e+00   1.747940e+00  
409       2.303223e+01   2.289793e+01   1.761352e+00   1.750938e+00  
410       2.301714e+01   2.288116e+01   1.770756e+00   1.762362e+00  
411       2.303079e+01   2.289247e+01   1.786008e+00   1.778269e+00  
412       2.302476e+01   2.288542e+01   1.791579e+00   1.785378e+00  
413       2.303910e+01   2.289857e+01   1.800047e+00   1.793150e+00  
414       2.302873e+01   2.288686e+01   1.806540e+00   1.802834e+00  
415       2.304647e+01   2.290375e+01   1.813078e+00   1.808532e+00  
416       2.302801e+01   2.288380e+01   1.821380e+00   1.817591e+00  
417       2.304852e+01   2.290455e+01   1.820292e+00   1.817220e+00  
418       2.303503e+01   2.289002e+01   1.825235e+00   1.824235e+00  
419       2.304931e+01   2.290452e+01   1.824845e+00   1.823060e+00  
420       2.303982e+01   2.289471e+01   1.825486e+00   1.825683e+00  
421       2.304287e+01   2.289735e+01   1.828760e+00   1.827837e+00  
422       2.304722e+01   2.290213e+01   1.825207e+00   1.826333e+00  
423       2.303927e+01   2.289259e+01   1.834819e+00   1.835933e+00  
424       2.303887e+01   2.289313e+01   1.828354e+00   1.830582e+00  
425       2.304269e+01   2.289699e+01   1.828794e+00   1.830012e+00  
426       2.302884e+01   2.288144e+01   1.837726e+00   1.841110e+00  
427       2.304573e+01   2.290014e+01   1.827492e+00   1.830178e+00  
428       2.302898e+01   2.288215e+01   1.833883e+00   1.837909e+00  
429       2.303975e+01   2.289399e+01   1.828318e+00   1.831096e+00  
430       2.302015e+01   2.287322e+01   1.833666e+00   1.838677e+00  
431       2.302625e+01   2.287979e+01   1.831819e+00   1.835076e+00  
432       2.303210e+01   2.288631e+01   1.826873e+00   1.832175e+00  
433       2.303212e+01   2.288601e+01   1.829799e+00   1.833275e+00  
434       2.303149e+01   2.288520e+01   1.829533e+00   1.835686e+00  
435       2.302407e+01   2.287795e+01   1.829717e+00   1.832854e+00  
436       2.301729e+01   2.287050e+01   1.832028e+00   1.838288e+00  
437       2.302706e+01   2.288028e+01   1.833498e+00   1.837486e+00  
438       2.302937e+01   2.288282e+01   1.830771e+00   1.837564e+00  
439       2.303258e+01   2.288610e+01   1.831260e+00   1.836514e+00  
440       2.301931e+01   2.287205e+01   1.834786e+00   1.841518e+00  
441       2.301618e+01   2.286804e+01   1.841426e+00   1.845662e+00  
442       2.303139e+01   2.288365e+01   1.838594e+00   1.844719e+00  
443       2.303388e+01   2.288570e+01   1.842175e+00   1.846801e+00  
444       2.302923e+01   2.288021e+01   1.846333e+00   1.852756e+00  
445       2.303575e+01   2.288760e+01   1.842483e+00   1.846363e+00  
446       2.301206e+01   2.286105e+01   1.858700e+00   1.863503e+00  
447       2.303335e+01   2.288280e+01   1.857227e+00   1.860944e+00  
448       2.304228e+01   2.289189e+01   1.855742e+00   1.861295e+00  
449       2.302005e+01   2.286748e+01   1.868961e+00   1.872960e+00  
450       2.302759e+01   2.287471e+01   1.871137e+00   1.875135e+00  
451       2.304646e+01   2.289353e+01   1.872782e+00   1.875637e+00  
452       2.303479e+01   2.288002e+01   1.882781e+00   1.887192e+00  
453       2.302986e+01   2.287441e+01   1.887836e+00   1.889961e+00  
454       2.303587e+01   2.287870e+01   1.897737e+00   1.901321e+00  
455       2.305046e+01   2.289419e+01   1.894056e+00   1.895346e+00  
456       2.301908e+01   2.285863e+01   1.916920e+00   1.920013e+00  
457       2.304553e+01   2.288528e+01   1.918121e+00   1.918642e+00  
458       2.306400e+01   2.290254e+01   1.925074e+00   1.927631e+00  
459       2.304637e+01   2.288293e+01   1.937623e+00   1.937129e+00  
460       2.305450e+01   2.288914e+01   1.948356e+00   1.949667e+00  
461       2.306201e+01   2.289616e+01   1.952737e+00   1.951643e+00  
462       2.306435e+01   2.289672e+01   1.962180e+00   1.963225e+00  
463       2.306410e+01   2.289452e+01   1.975462e+00   1.972581e+00  
464       2.307888e+01   2.290881e+01   1.977476e+00   1.977550e+00  
465       2.307533e+01   2.290270e+01   1.993977e+00   1.990308e+00  
466       2.308167e+01   2.290920e+01   1.992211e+00   1.990745e+00  
467       2.307090e+01   2.289582e+01   2.008504e+00   2.003408e+00  
468       2.308026e+01   2.290413e+01   2.013731e+00   2.011031e+00  
469       2.308942e+01   2.291130e+01   2.027372e+00   2.020843e+00  
470       2.308906e+01   2.291119e+01   2.024519e+00   2.020733e+00  
471       2.310451e+01   2.292419e+01   2.041050e+00   2.033250e+00  
472       2.309217e+01   2.291099e+01   2.044291e+00   2.038591e+00  
473       2.310056e+01   2.291776e+01   2.055206e+00   2.046542e+00  
474       2.309723e+01   2.291395e+01   2.056889e+00   2.049955e+00  
475       2.310139e+01   2.291623e+01   2.069010e+00   2.059190e+00  
476       2.309969e+01   2.291357e+01   2.073183e+00   2.065353e+00  
477       2.311735e+01   2.293113e+01   2.075909e+00   2.065350e+00  
478       2.310940e+01   2.292197e+01   2.081188e+00   2.072683e+00  
479       2.311990e+01   2.293144e+01   2.088160e+00   2.078010e+00  
480       2.312689e+01   2.293761e+01   2.092490e+00   2.083471e+00  
481       2.310831e+01   2.291788e+01   2.098411e+00   2.088416e+00  
482       2.312031e+01   2.292890e+01   2.103742e+00   2.094917e+00  
483       2.311840e+01   2.292611e+01   2.109125e+00   2.099013e+00  
484       2.312683e+01   2.293399e+01   2.111929e+00   2.102893e+00  
485       2.312875e+01   2.293445e+01   2.120136e+00   2.110705e+00  
486       2.312060e+01   2.292432e+01   2.130243e+00   2.121239e+00  
487       2.313862e+01   2.294276e+01   2.128858e+00   2.119750e+00  
488       2.313636e+01   2.293895e+01   2.137030e+00   2.128070e+00  
489       2.313196e+01   2.293361e+01   2.142115e+00   2.132775e+00  
490       2.313873e+01   2.294058e+01   2.140745e+00   2.132537e+00  
491       2.311894e+01   2.291980e+01   2.145390e+00   2.136752e+00  
492       2.312396e+01   2.292437e+01   2.147448e+00   2.139842e+00  
493       2.313626e+01   2.293689e+01   2.147044e+00   2.139186e+00  
494       2.312250e+01   2.292173e+01   2.153558e+00   2.146304e+00  
495       2.312258e+01   2.292190e+01   2.153120e+00   2.145740e+00  
496       2.312579e+01   2.292488e+01   2.153889e+00   2.147688e+00  
497       2.313753e+01   2.293657e+01   2.154884e+00   2.148391e+00  
498       2.311020e+01   2.290801e+01   2.159270e+00   2.154537e+00  
499       2.312935e+01   2.292750e+01   2.159138e+00   2.152861e+00  
500       2.312331e+01   2.292070e+01   2.162010e+00   2.157456e+00  
501       2.311761e+01   2.291397e+01   2.167817e+00   2.162080e+00  
502       2.310849e+01   2.290408e+01   2.170275e+00   2.166897e+00  
503       2.313407e+01   2.293049e+01   2.167589e+00   2.163170e+00  
504       2.310961e+01   2.290481e+01   2.172015e+00   2.169376e+00  
505       2.313110e+01   2.292617e+01   2.174026e+00   2.170671e+00  
506       2.311061e+01   2.290574e+01   2.171827e+00   2.170367e+00  
507       2.313914e+01   2.293377e+01   2.176625e+00   2.173552e+00  
508       2.310537e+01   2.289957e+01   2.176485e+00   2.175036e+00  
509       2.313065e+01   2.292453e+01   2.180156e+00   2.177114e+00  
510       2.310934e+01   2.290303e+01   2.179022e+00   2.178162e+00  
511       2.313035e+01   2.292367e+01   2.182894e+00   2.180235e+00  
512       2.309716e+01   2.288925e+01   2.186895e+00   2.185928e+00  
513       2.311899e+01   2.291007e+01   2.193694e+00   2.191815e+00  
514       2.308921e+01   2.288039e+01   2.191054e+00   2.190516e+00  
515       2.310387e+01   2.289319e+01   2.202051e+00   2.200384e+00  
516       2.310068e+01   2.289134e+01   2.194188e+00   2.193906e+00  
517       2.310447e+01   2.289275e+01   2.207242e+00   2.205971e+00  
518       2.310295e+01   2.289264e+01   2.199347e+00   2.199081e+00  
519       2.311036e+01   2.289791e+01   2.211393e+00   2.209983e+00  
520       2.308680e+01   2.287340e+01   2.214531e+00   2.214451e+00  
521       2.310598e+01   2.289207e+01   2.218608e+00   2.217465e+00  
522       2.308855e+01   2.287402e+01   2.220302e+00   2.220500e+00  
523       2.310530e+01   2.288950e+01   2.227932e+00   2.227545e+00  
524       2.308458e+01   2.286814e+01   2.229995e+00   2.230127e+00  
525       2.309296e+01   2.287380e+01   2.244319e+00   2.244355e+00  
526       2.308551e+01   2.286652e+01   2.242843e+00   2.243370e+00  
527       2.310099e+01   2.287953e+01   2.256331e+00   2.256451e+00  
528       2.309512e+01   2.287497e+01   2.249063e+00   2.249897e+00  
529       2.309839e+01   2.287452e+01   2.268227e+00   2.268758e+00  
530       2.308891e+01   2.286618e+01   2.261925e+00   2.262666e+00  
531       2.309824e+01   2.287263e+01   2.277177e+00   2.277251e+00  
532       2.309607e+01   2.287169e+01   2.270474e+00   2.271358e+00  
533       2.311331e+01   2.288573e+01   2.288000e+00   2.287757e+00  
534       2.307799e+01   2.285018e+01   2.286478e+00   2.288062e+00  
535       2.311201e+01   2.288294e+01   2.295280e+00   2.295150e+00  
536       2.309014e+01   2.286074e+01   2.295357e+00   2.296242e+00  
537       2.311390e+01   2.288223e+01   2.308536e+00   2.307895e+00  
538       2.308081e+01   2.284969e+01   2.303519e+00   2.304202e+00  
539       2.311042e+01   2.287757e+01   2.314067e+00   2.313708e+00  
540       2.306966e+01   2.283643e+01   2.313227e+00   2.314159e+00  
541       2.311140e+01   2.287643e+01   2.325218e+00   2.323615e+00  
542       2.307791e+01   2.284390e+01   2.317879e+00   2.318124e+00  
543       2.311355e+01   2.287713e+01   2.332566e+00   2.330765e+00  
544       2.306869e+01   2.283211e+01   2.330227e+00   2.330014e+00  
545       2.311099e+01   2.287298e+01   2.340555e+00   2.338026e+00  
546       2.306596e+01   2.282668e+01   2.343309e+00   2.343111e+00  
547       2.310027e+01   2.286033e+01   2.349645e+00   2.346631e+00  
548       2.307976e+01   2.284060e+01   2.343505e+00   2.343174e+00  
549       2.311308e+01   2.287249e+01   2.353900e+00   2.350030e+00  
550       2.306462e+01   2.282216e+01   2.358584e+00   2.358555e+00  
551       2.311563e+01   2.287429e+01   2.357485e+00   2.353982e+00  
552       2.307684e+01   2.283354e+01   2.363607e+00   2.362855e+00  
553       2.310258e+01   2.285925e+01   2.366673e+00   2.362753e+00  
554       2.307750e+01   2.283237e+01   2.372321e+00   2.371953e+00  
555       2.312468e+01   2.288115e+01   2.368958e+00   2.364722e+00  
556       2.308793e+01   2.284222e+01   2.375471e+00   2.375395e+00  
557       2.310344e+01   2.285566e+01   2.388133e+00   2.384290e+00  
558       2.308673e+01   2.283904e+01   2.384908e+00   2.384816e+00  
559       2.310683e+01   2.285848e+01   2.391108e+00   2.387054e+00  
560       2.308344e+01   2.283220e+01   2.401597e+00   2.401757e+00  
561       2.312232e+01   2.287265e+01   2.398294e+00   2.394117e+00  
562       2.308637e+01   2.283378e+01   2.408259e+00   2.408253e+00  
563       2.312756e+01   2.287590e+01   2.407685e+00   2.404209e+00  
564       2.308786e+01   2.283305e+01   2.418315e+00   2.419264e+00  
565       2.313448e+01   2.288173e+01   2.413644e+00   2.409367e+00  
566       2.308910e+01   2.283248e+01   2.426422e+00   2.428385e+00  
567       2.313267e+01   2.287833e+01   2.420537e+00   2.417298e+00  
568       2.310263e+01   2.284521e+01   2.431185e+00   2.432492e+00  
569       2.313884e+01   2.288342e+01   2.425753e+00   2.422984e+00  
570       2.310116e+01   2.284218e+01   2.437756e+00   2.440410e+00  
571       2.315581e+01   2.289955e+01   2.430475e+00   2.427950e+00  
572       2.310647e+01   2.284618e+01   2.444211e+00   2.446818e+00  
573       2.316702e+01   2.290980e+01   2.434626e+00   2.433954e+00  
574       2.312875e+01   2.286880e+01   2.444144e+00   2.446141e+00  
575       2.316745e+01   2.290873e+01   2.441636e+00   2.441087e+00  
576       2.312831e+01   2.286661e+01   2.451679e+00   2.454778e+00  
577       2.317909e+01   2.291899e+01   2.448695e+00   2.448312e+00  
578       2.313964e+01   2.287696e+01   2.456427e+00   2.460375e+00  
579       2.318230e+01   2.292097e+01   2.454202e+00   2.454659e+00  
580       2.314205e+01   2.287831e+01   2.461581e+00   2.465314e+00  
581       2.319239e+01   2.293058e+01   2.457112e+00   2.457263e+00  
582       2.315907e+01   2.289528e+01   2.461885e+00   2.467343e+00  
583       2.319495e+01   2.293152e+01   2.465037e+00   2.464674e+00  
584       2.316191e+01   2.289796e+01   2.463231e+00   2.467779e+00  
585       2.319961e+01   2.293582e+01   2.466108e+00   2.467439e+00  
586       2.316794e+01   2.290271e+01   2.470302e+00   2.473233e+00  
587       2.321408e+01   2.294889e+01   2.473066e+00   2.475091e+00  
588       2.317916e+01   2.291410e+01   2.469955e+00   2.473215e+00  
589       2.320990e+01   2.294336e+01   2.479320e+00   2.480844e+00  
590       2.317987e+01   2.291303e+01   2.477936e+00   2.481762e+00  
591       2.322529e+01   2.295843e+01   2.481308e+00   2.483448e+00  
592       2.318002e+01   2.291132e+01   2.486674e+00   2.490193e+00  
593       2.323267e+01   2.296435e+01   2.488911e+00   2.490114e+00  
594       2.320172e+01   2.293292e+01   2.488665e+00   2.491554e+00  
595       2.324486e+01   2.297581e+01   2.492285e+00   2.494822e+00  
596       2.320945e+01   2.293866e+01   2.498053e+00   2.501191e+00  
597       2.326607e+01   2.299662e+01   2.495926e+00   2.497158e+00  
598       2.321367e+01   2.294111e+01   2.506049e+00   2.509958e+00  
599       2.326385e+01   2.299159e+01   2.508676e+00   2.509957e+00  
600       2.323496e+01   2.296158e+01   2.511150e+00   2.514577e+00  
601       2.328863e+01   2.301570e+01   2.513016e+00   2.514554e+00  
602       2.323104e+01   2.295526e+01   2.522136e+00   2.525074e+00  
603       2.328667e+01   2.301111e+01   2.524925e+00   2.526385e+00  
604       2.324683e+01   2.297014e+01   2.527236e+00   2.530042e+00  
605       2.328405e+01   2.300509e+01   2.540398e+00   2.541528e+00  
606       2.325130e+01   2.297337e+01   2.532992e+00   2.535936e+00  
607       2.330218e+01   2.302206e+01   2.546875e+00   2.547520e+00  
608       2.325434e+01   2.297543e+01   2.537843e+00   2.540305e+00  
609       2.330060e+01   2.301758e+01   2.559533e+00   2.560803e+00  
610       2.325803e+01   2.297642e+01   2.550852e+00   2.552061e+00  
611       2.330756e+01   2.302287e+01   2.567681e+00   2.568492e+00  
612       2.325500e+01   2.297255e+01   2.554857e+00   2.555377e+00  
613       2.331531e+01   2.302891e+01   2.575784e+00   2.576484e+00  
614       2.324929e+01   2.296487e+01   2.563114e+00   2.564153e+00  
615       2.331098e+01   2.302294e+01   2.583435e+00   2.582979e+00  
616       2.325401e+01   2.296831e+01   2.569049e+00   2.570166e+00  
617       2.332094e+01   2.303275e+01   2.586298e+00   2.582621e+00  
618       2.325183e+01   2.296405e+01   2.578390e+00   2.579120e+00  
619       2.332441e+01   2.303546e+01   2.590275e+00   2.585732e+00  
620       2.326234e+01   2.297352e+01   2.583372e+00   2.584559e+00  
621       2.333219e+01   2.304287e+01   2.592425e+00   2.587792e+00  
622       2.327086e+01   2.298125e+01   2.588107e+00   2.587865e+00  
623       2.332914e+01   2.303826e+01   2.598984e+00   2.594760e+00  
624       2.326893e+01   2.297783e+01   2.594896e+00   2.593960e+00  
625       2.332375e+01   2.303193e+01   2.602844e+00   2.598540e+00  
626       2.328463e+01   2.299307e+01   2.598388e+00   2.596311e+00  
627       2.333383e+01   2.304226e+01   2.602804e+00   2.597550e+00  
628       2.327883e+01   2.298604e+01   2.604609e+00   2.600358e+00  
629       2.333220e+01   2.303958e+01   2.606822e+00   2.602684e+00  
630       2.327471e+01   2.298065e+01   2.610351e+00   2.605332e+00  
631       2.332939e+01   2.303527e+01   2.612391e+00   2.610025e+00  
632       2.329152e+01   2.299860e+01   2.604916e+00   2.602633e+00  
633       2.332339e+01   2.302874e+01   2.614255e+00   2.612236e+00  
634       2.329586e+01   2.300207e+01   2.610103e+00   2.605605e+00  
635       2.331332e+01   2.301683e+01   2.621823e+00   2.619610e+00  
636       2.329509e+01   2.300010e+01   2.615247e+00   2.610973e+00  
637       2.332368e+01   2.302773e+01   2.620424e+00   2.617485e+00  
638       2.329543e+01   2.300096e+01   2.612438e+00   2.609172e+00  
639       2.332804e+01   2.303117e+01   2.624746e+00   2.621677e+00  
640       2.330537e+01   2.300994e+01   2.617967e+00   2.613353e+00  
641       2.332499e+01   2.302769e+01   2.626415e+00   2.623476e+00  
642       2.330448e+01   2.300835e+01   2.620288e+00   2.616936e+00  
643       2.332257e+01   2.302464e+01   2.628808e+00   2.626360e+00  
644       2.329668e+01   2.299974e+01   2.623997e+00   2.619499e+00  
645       2.333688e+01   2.303968e+01   2.625978e+00   2.624351e+00  
646       2.330908e+01   2.301194e+01   2.626017e+00   2.620679e+00  
647       2.332594e+01   2.302764e+01   2.630223e+00   2.628582e+00  
648       2.330753e+01   2.300986e+01   2.627876e+00   2.623283e+00  
649       2.333563e+01   2.303824e+01   2.626964e+00   2.624959e+00  
650       2.330829e+01   2.300990e+01   2.631055e+00   2.626527e+00  
651       2.332339e+01   2.302459e+01   2.632351e+00   2.630475e+00  
652       2.331627e+01   2.301787e+01   2.630985e+00   2.627560e+00  
653       2.333008e+01   2.303170e+01   2.631380e+00   2.628609e+00  
654       2.331170e+01   2.301266e+01   2.633056e+00   2.630559e+00  
655       2.332923e+01   2.303055e+01   2.633199e+00   2.629230e+00  
656       2.331488e+01   2.301636e+01   2.630323e+00   2.629107e+00  
657       2.333042e+01   2.303098e+01   2.636684e+00   2.632590e+00  
658       2.331946e+01   2.302125e+01   2.629198e+00   2.628040e+00  
659       2.334530e+01   2.304674e+01   2.633827e+00   2.629423e+00  
660       2.330693e+01   2.300725e+01   2.635290e+00   2.633396e+00  
661       2.333839e+01   2.303851e+01   2.639564e+00   2.634386e+00  
662       2.332299e+01   2.302293e+01   2.637590e+00   2.636257e+00  
663       2.333844e+01   2.303866e+01   2.639241e+00   2.633812e+00  
664       2.331491e+01   2.301460e+01   2.638391e+00   2.636659e+00  
665       2.335327e+01   2.305301e+01   2.642092e+00   2.636913e+00  
666       2.331875e+01   2.301807e+01   2.640507e+00   2.638233e+00  
667       2.335897e+01   2.305825e+01   2.643966e+00   2.639713e+00  
668       2.332403e+01   2.302440e+01   2.636311e+00   2.633784e+00  
669       2.335813e+01   2.305685e+01   2.646760e+00   2.641742e+00  
670       2.332074e+01   2.302021e+01   2.640087e+00   2.637535e+00  
671       2.336347e+01   2.306127e+01   2.651408e+00   2.645606e+00  
672       2.332767e+01   2.302700e+01   2.640719e+00   2.638891e+00  
673       2.335326e+01   2.304979e+01   2.656622e+00   2.650350e+00  
674       2.331594e+01   2.301370e+01   2.647229e+00   2.644768e+00  
675       2.335862e+01   2.305377e+01   2.662734e+00   2.656813e+00  
676       2.330876e+01   2.300445e+01   2.656054e+00   2.653165e+00  
677       2.336960e+01   2.306450e+01   2.664621e+00   2.658402e+00  
678       2.331466e+01   2.301066e+01   2.655288e+00   2.651904e+00  
679       2.338168e+01   2.307533e+01   2.670710e+00   2.664537e+00  
680       2.330901e+01   2.300340e+01   2.662223e+00   2.658171e+00  
681       2.339032e+01   2.308297e+01   2.675695e+00   2.669135e+00  
682       2.330652e+01   2.299998e+01   2.666160e+00   2.662016e+00  
683       2.338641e+01   2.307641e+01   2.686982e+00   2.680237e+00  
684       2.331205e+01   2.300490e+01   2.669638e+00   2.664420e+00  
685       2.339689e+01   2.308652e+01   2.688750e+00   2.682806e+00  
686       2.330395e+01   2.299557e+01   2.674473e+00   2.669263e+00  
687       2.339131e+01   2.307816e+01   2.701029e+00   2.693753e+00  
688       2.328767e+01   2.297710e+01   2.682662e+00   2.678031e+00  
689       2.339473e+01   2.308148e+01   2.701937e+00   2.694084e+00  
690       2.328765e+01   2.297625e+01   2.686633e+00   2.681223e+00  
691       2.340697e+01   2.309404e+01   2.701813e+00   2.692916e+00  
692       2.329366e+01   2.298178e+01   2.689251e+00   2.683324e+00  
693       2.340621e+01   2.309217e+01   2.706109e+00   2.698059e+00  
694       2.328917e+01   2.297517e+01   2.698141e+00   2.691994e+00  
695       2.341932e+01   2.310434e+01   2.711353e+00   2.702353e+00  
696       2.327650e+01   2.296114e+01   2.703178e+00   2.697095e+00  
697       2.342098e+01   2.310558e+01   2.712917e+00   2.704487e+00  
698       2.329019e+01   2.297466e+01   2.704670e+00   2.698684e+00  
699       2.340141e+01   2.308359e+01   2.722298e+00   2.713434e+00  
700       2.328839e+01   2.297267e+01   2.705192e+00   2.699538e+00  
701       2.340686e+01   2.308835e+01   2.726021e+00   2.716269e+00  
702       2.328979e+01   2.297376e+01   2.706889e+00   2.700648e+00  
703       2.340097e+01   2.308102e+01   2.732069e+00   2.721759e+00  
704       2.328410e+01   2.296761e+01   2.708260e+00   2.702574e+00  
705       2.341068e+01   2.309073e+01   2.732374e+00   2.722572e+00  
706       2.328430e+01   2.296768e+01   2.709297e+00   2.702570e+00  
707       2.342196e+01   2.310188e+01   2.733126e+00   2.724215e+00  
708       2.327362e+01   2.295521e+01   2.716502e+00   2.709234e+00  
709       2.341842e+01   2.309720e+01   2.737786e+00   2.728848e+00  
710       2.328095e+01   2.296286e+01   2.715632e+00   2.708309e+00  
711       2.343987e+01   2.311881e+01   2.739080e+00   2.728730e+00  
712       2.327613e+01   2.295758e+01   2.716886e+00   2.710436e+00  
713       2.343322e+01   2.311075e+01   2.745316e+00   2.733504e+00  
714       2.327854e+01   2.295919e+01   2.720660e+00   2.713705e+00  
715       2.344024e+01   2.311725e+01   2.747243e+00   2.736853e+00  
716       2.327740e+01   2.295804e+01   2.720562e+00   2.713766e+00  
717       2.345377e+01   2.313115e+01   2.745815e+00   2.736732e+00  
718       2.327059e+01   2.295044e+01   2.724599e+00   2.715573e+00  
719       2.345066e+01   2.312734e+01   2.748078e+00   2.739953e+00  
720       2.327263e+01   2.295230e+01   2.725676e+00   2.716217e+00  
721       2.345386e+01   2.313085e+01   2.746487e+00   2.739428e+00  
722       2.326937e+01   2.294938e+01   2.723825e+00   2.714896e+00  
723       2.346456e+01   2.314180e+01   2.746719e+00   2.738264e+00  
724       2.326609e+01   2.294611e+01   2.722752e+00   2.715483e+00  
725       2.346585e+01   2.314245e+01   2.749814e+00   2.740686e+00  
726       2.326454e+01   2.294436e+01   2.722728e+00   2.716988e+00  
727       2.346618e+01   2.314298e+01   2.748830e+00   2.740042e+00  
728       2.326242e+01   2.294232e+01   2.722083e+00   2.716636e+00  
729       2.346824e+01   2.314496e+01   2.749119e+00   2.740648e+00  
730       2.327457e+01   2.295436e+01   2.723533e+00   2.717595e+00  
731       2.348106e+01   2.315815e+01   2.748366e+00   2.739827e+00  
732       2.326556e+01   2.294489e+01   2.724836e+00   2.719091e+00  
733       2.349534e+01   2.317368e+01   2.743146e+00   2.736192e+00  
734       2.327075e+01   2.295056e+01   2.723471e+00   2.717044e+00  
735       2.350317e+01   2.318208e+01   2.741149e+00   2.734315e+00  
736       2.327112e+01   2.295089e+01   2.722896e+00   2.718070e+00  
737       2.350227e+01   2.318084e+01   2.742962e+00   2.735244e+00  
738       2.326799e+01   2.294798e+01   2.721417e+00   2.717315e+00  
739       2.350524e+01   2.318391e+01   2.742438e+00   2.735283e+00  
740       2.327008e+01   2.295049e+01   2.719567e+00   2.715851e+00  
741       2.350023e+01   2.317907e+01   2.741643e+00   2.734102e+00  
742       2.327925e+01   2.296061e+01   2.716348e+00   2.712052e+00  
743       2.351469e+01   2.319427e+01   2.738336e+00   2.732810e+00  
744       2.327482e+01   2.295558e+01   2.719020e+00   2.713968e+00  
745       2.350616e+01   2.318491e+01   2.741287e+00   2.735822e+00  
746       2.328352e+01   2.296437e+01   2.719219e+00   2.713973e+00  
747       2.351227e+01   2.319147e+01   2.739603e+00   2.734502e+00  
748       2.328762e+01   2.296839e+01   2.720093e+00   2.714374e+00  
749       2.350240e+01   2.317989e+01   2.746070e+00   2.741356e+00  
750       2.329376e+01   2.297316e+01   2.725699e+00   2.720899e+00  
751       2.349646e+01   2.317276e+01   2.750677e+00   2.745972e+00  
752       2.330016e+01   2.297926e+01   2.727546e+00   2.722472e+00  
753       2.350993e+01   2.318700e+01   2.748236e+00   2.743554e+00  
754       2.329441e+01   2.297295e+01   2.729244e+00   2.724729e+00  
755       2.352428e+01   2.320049e+01   2.753108e+00   2.747700e+00  
756       2.331426e+01   2.299158e+01   2.735493e+00   2.731108e+00  
757       2.351780e+01   2.319348e+01   2.754537e+00   2.749888e+00  
758       2.331455e+01   2.299182e+01   2.736345e+00   2.730717e+00  
759       2.351415e+01   2.318862e+01   2.759146e+00   2.755026e+00  
760       2.331801e+01   2.299358e+01   2.743500e+00   2.738262e+00  
761       2.351700e+01   2.319031e+01   2.763917e+00   2.760417e+00  
762       2.332487e+01   2.300055e+01   2.743559e+00   2.738010e+00  
763       2.351736e+01   2.319064e+01   2.763967e+00   2.760563e+00  
764       2.332324e+01   2.299841e+01   2.745517e+00   2.740212e+00  
765       2.351278e+01   2.318435e+01   2.771406e+00   2.766952e+00  
766       2.333148e+01   2.300576e+01   2.749253e+00   2.744983e+00  
767       2.350299e+01   2.317396e+01   2.773795e+00   2.768405e+00  
768       2.332975e+01   2.300377e+01   2.750116e+00   2.746019e+00  
769       2.352128e+01   2.319202e+01   2.776069e+00   2.770252e+00  
770       2.332928e+01   2.300198e+01   2.755245e+00   2.751871e+00  
771       2.351708e+01   2.318712e+01   2.779046e+00   2.772622e+00  
772       2.332363e+01   2.299467e+01   2.761680e+00   2.758595e+00  
773       2.351269e+01   2.318159e+01   2.784046e+00   2.776586e+00  
774       2.332075e+01   2.299161e+01   2.762511e+00   2.759000e+00  
775       2.352200e+01   2.319140e+01   2.782158e+00   2.775451e+00  
776       2.332678e+01   2.299744e+01   2.763750e+00   2.760085e+00  
777       2.351421e+01   2.318285e+01   2.785151e+00   2.777908e+00  
778       2.333130e+01   2.300111e+01   2.767786e+00   2.763687e+00  
779       2.351270e+01   2.318096e+01   2.786595e+00   2.779408e+00  
780       2.333445e+01   2.300387e+01   2.769399e+00   2.765722e+00  
781       2.351905e+01   2.318708e+01   2.788255e+00   2.780475e+00  
782       2.333917e+01   2.300811e+01   2.771770e+00   2.767872e+00  
783       2.352086e+01   2.318846e+01   2.789896e+00   2.782539e+00  
784       2.333665e+01   2.300450e+01   2.775855e+00   2.772481e+00  
785       2.352626e+01   2.319278e+01   2.794538e+00   2.787551e+00  
786       2.334391e+01   2.301071e+01   2.780902e+00   2.777059e+00  
787       2.352662e+01   2.319270e+01   2.796402e+00   2.789375e+00  
788       2.335272e+01   2.301898e+01   2.783290e+00   2.780135e+00  
789       2.352008e+01   2.318502e+01   2.800867e+00   2.793612e+00  
790       2.335666e+01   2.302220e+01   2.786182e+00   2.783709e+00  
791       2.352388e+01   2.318782e+01   2.804850e+00   2.798375e+00  
792       2.335974e+01   2.302405e+01   2.791354e+00   2.789033e+00  
793       2.350516e+01   2.316770e+01   2.808978e+00   2.803553e+00  
794       2.337012e+01   2.303514e+01   2.788721e+00   2.787068e+00  
795       2.351693e+01   2.318005e+01   2.807113e+00   2.802003e+00  
796       2.339247e+01   2.305846e+01   2.786291e+00   2.784147e+00  
797       2.352357e+01   2.318543e+01   2.812902e+00   2.807401e+00  
798       2.336953e+01   2.303587e+01   2.783085e+00   2.781749e+00  
799       2.351835e+01   2.318037e+01   2.811904e+00   2.806467e+00  
800       2.338788e+01   2.305405e+01   2.784237e+00   2.784217e+00  
801       2.354038e+01   2.320280e+01   2.811324e+00   2.806406e+00  
802       2.339410e+01   2.306058e+01   2.783668e+00   2.782883e+00  
803       2.351699e+01   2.317877e+01   2.811716e+00   2.808550e+00  
804       2.339404e+01   2.306027e+01   2.784923e+00   2.783786e+00  
805       2.352273e+01   2.318445e+01   2.811647e+00   2.809776e+00  
806       2.339438e+01   2.306036e+01   2.787048e+00   2.783791e+00  
807       2.352000e+01   2.318183e+01   2.810656e+00   2.809514e+00  
808       2.340574e+01   2.307193e+01   2.786824e+00   2.783652e+00  
809       2.351024e+01   2.317105e+01   2.814393e+00   2.812992e+00  
810       2.339618e+01   2.306157e+01   2.789475e+00   2.786407e+00  
811       2.351573e+01   2.317695e+01   2.812926e+00   2.811756e+00  
812       2.338969e+01   2.305450e+01   2.791120e+00   2.788823e+00  
813       2.351090e+01   2.317202e+01   2.813230e+00   2.811769e+00  
814       2.339523e+01   2.305964e+01   2.792922e+00   2.790926e+00  
815       2.349978e+01   2.316026e+01   2.815531e+00   2.813282e+00  
816       2.339629e+01   2.305995e+01   2.796226e+00   2.793993e+00  
817       2.348770e+01   2.314740e+01   2.817789e+00   2.816010e+00  
818       2.339528e+01   2.305870e+01   2.797275e+00   2.794827e+00  
819       2.348955e+01   2.314836e+01   2.821840e+00   2.819563e+00  
820       2.340015e+01   2.306227e+01   2.802887e+00   2.800395e+00  
821       2.349118e+01   2.314944e+01   2.824095e+00   2.822013e+00  
822       2.339483e+01   2.305572e+01   2.807830e+00   2.804907e+00  
823       2.349287e+01   2.314976e+01   2.829792e+00   2.827702e+00  
824       2.340232e+01   2.306265e+01   2.811047e+00   2.807268e+00  
825       2.348970e+01   2.314525e+01   2.835258e+00   2.832759e+00  
826       2.340846e+01   2.306759e+01   2.816187e+00   2.812680e+00  
827       2.349011e+01   2.314455e+01   2.840072e+00   2.837120e+00  
828       2.340634e+01   2.306360e+01   2.823706e+00   2.820250e+00  
829       2.348122e+01   2.313343e+01   2.849041e+00   2.845118e+00  
830       2.339930e+01   2.305468e+01   2.831203e+00   2.827253e+00  
831       2.348081e+01   2.313250e+01   2.851081e+00   2.847257e+00  
832       2.340334e+01   2.305695e+01   2.839440e+00   2.833924e+00  
833       2.349192e+01   2.314158e+01   2.860200e+00   2.855985e+00  
834       2.339307e+01   2.304401e+01   2.849487e+00   2.844200e+00  
835       2.348659e+01   2.313433e+01   2.867957e+00   2.863158e+00  
836       2.340223e+01   2.305154e+01   2.857453e+00   2.850550e+00  
837       2.349218e+01   2.313900e+01   2.871774e+00   2.867430e+00  
838       2.340273e+01   2.305102e+01   2.861785e+00   2.854564e+00  
839       2.350067e+01   2.314667e+01   2.876137e+00   2.870692e+00  
840       2.341166e+01   2.305803e+01   2.869944e+00   2.862994e+00  
841       2.349846e+01   2.314333e+01   2.880331e+00   2.875366e+00  
842       2.340980e+01   2.305559e+01   2.871201e+00   2.866156e+00  
843       2.349844e+01   2.314257e+01   2.883573e+00   2.878104e+00  
844       2.341006e+01   2.305508e+01   2.873440e+00   2.870094e+00  
845       2.349741e+01   2.314088e+01   2.886118e+00   2.880625e+00  
846       2.342527e+01   2.306998e+01   2.875305e+00   2.872627e+00  
847       2.350665e+01   2.315094e+01   2.882933e+00   2.878393e+00  
848       2.342354e+01   2.306761e+01   2.877798e+00   2.875045e+00  
849       2.350995e+01   2.315323e+01   2.886997e+00   2.882897e+00  
850       2.343253e+01   2.307631e+01   2.879235e+00   2.877086e+00  
851       2.350958e+01   2.315372e+01   2.883555e+00   2.879421e+00  
852       2.343798e+01   2.308161e+01   2.879933e+00   2.878224e+00  
853       2.350851e+01   2.315249e+01   2.883217e+00   2.880850e+00  
854       2.345377e+01   2.309740e+01   2.880781e+00   2.879368e+00  
855       2.349004e+01   2.313234e+01   2.889020e+00   2.886284e+00  
856       2.346211e+01   2.310588e+01   2.880234e+00   2.879752e+00  
857       2.348653e+01   2.312908e+01   2.887008e+00   2.885790e+00  
858       2.346245e+01   2.310547e+01   2.883591e+00   2.882505e+00  
859       2.348590e+01   2.312836e+01   2.886699e+00   2.886812e+00  
860       2.348355e+01   2.312709e+01   2.882886e+00   2.881631e+00  
861       2.347308e+01   2.311466e+01   2.889278e+00   2.889637e+00  
862       2.348586e+01   2.312908e+01   2.884050e+00   2.883328e+00  
863       2.347906e+01   2.312077e+01   2.889411e+00   2.889211e+00  
864       2.349159e+01   2.313447e+01   2.885024e+00   2.885768e+00  
865       2.347959e+01   2.312170e+01   2.887751e+00   2.887724e+00  
866       2.350382e+01   2.314687e+01   2.885415e+00   2.885507e+00  
867       2.347464e+01   2.311614e+01   2.889921e+00   2.889824e+00  
868       2.349847e+01   2.314160e+01   2.884490e+00   2.885116e+00  
869       2.347755e+01   2.311911e+01   2.889183e+00   2.890417e+00  
870       2.351007e+01   2.315306e+01   2.885603e+00   2.886643e+00  
871       2.348053e+01   2.312218e+01   2.889156e+00   2.890192e+00  
872       2.351902e+01   2.316285e+01   2.883298e+00   2.883280e+00  
873       2.347769e+01   2.311986e+01   2.886882e+00   2.887911e+00  
874       2.351944e+01   2.316344e+01   2.882654e+00   2.882615e+00  
875       2.347932e+01   2.312135e+01   2.887918e+00   2.888124e+00  
876       2.352556e+01   2.316929e+01   2.883591e+00   2.884558e+00  
877       2.348504e+01   2.312738e+01   2.887458e+00   2.886870e+00  
878       2.351061e+01   2.315415e+01   2.883401e+00   2.884432e+00  
879       2.349795e+01   2.314058e+01   2.886991e+00   2.886661e+00  
880       2.351728e+01   2.316109e+01   2.882177e+00   2.884342e+00  
881       2.349316e+01   2.313575e+01   2.886589e+00   2.886778e+00  
882       2.352371e+01   2.316742e+01   2.883298e+00   2.884817e+00  
883       2.347352e+01   2.311500e+01   2.889602e+00   2.890178e+00  
884       2.353326e+01   2.317655e+01   2.885982e+00   2.886662e+00  
885       2.349804e+01   2.314070e+01   2.885694e+00   2.887614e+00  
886       2.354727e+01   2.318997e+01   2.890312e+00   2.888840e+00  
887       2.348747e+01   2.312931e+01   2.888605e+00   2.890039e+00  
888       2.354458e+01   2.318711e+01   2.890226e+00   2.889946e+00  
889       2.349036e+01   2.313159e+01   2.891496e+00   2.892418e+00  
890       2.355556e+01   2.319713e+01   2.894722e+00   2.894489e+00  
891       2.349932e+01   2.314008e+01   2.895066e+00   2.893662e+00  
892       2.357151e+01   2.321335e+01   2.894669e+00   2.894401e+00  
893       2.349501e+01   2.313493e+01   2.898112e+00   2.896814e+00  
894       2.357924e+01   2.322049e+01   2.897368e+00   2.897343e+00  
895       2.350927e+01   2.314893e+01   2.900458e+00   2.898319e+00  
896       2.358271e+01   2.322306e+01   2.901866e+00   2.900535e+00  
897       2.351499e+01   2.315401e+01   2.903297e+00   2.901330e+00  
898       2.359135e+01   2.323085e+01   2.905728e+00   2.904504e+00  
899       2.352770e+01   2.316590e+01   2.908280e+00   2.904420e+00  
900       2.358730e+01   2.322571e+01   2.910055e+00   2.908358e+00  
901       2.352648e+01   2.316296e+01   2.914914e+00   2.911385e+00  
902       2.359452e+01   2.323125e+01   2.917410e+00   2.915294e+00  
903       2.352478e+01   2.315937e+01   2.922759e+00   2.918266e+00  
904       2.359383e+01   2.322920e+01   2.922856e+00   2.920632e+00  
905       2.353123e+01   2.316399e+01   2.931382e+00   2.924943e+00  
906       2.359169e+01   2.322524e+01   2.929938e+00   2.927724e+00  
907       2.351969e+01   2.314982e+01   2.941517e+00   2.934121e+00  
908       2.359711e+01   2.322849e+01   2.939488e+00   2.936013e+00  
909       2.352342e+01   2.315182e+01   2.948716e+00   2.940986e+00  
910       2.359558e+01   2.322521e+01   2.946634e+00   2.942501e+00  
911       2.352006e+01   2.314671e+01   2.955575e+00   2.947498e+00  
912       2.360982e+01   2.323827e+01   2.952440e+00   2.947770e+00  
913       2.350565e+01   2.312999e+01   2.963236e+00   2.956036e+00  
914       2.360930e+01   2.323660e+01   2.958210e+00   2.951017e+00  
915       2.351339e+01   2.313660e+01   2.967982e+00   2.961172e+00  
916       2.361810e+01   2.324503e+01   2.960380e+00   2.952804e+00  
917       2.351601e+01   2.313737e+01   2.975296e+00   2.968586e+00  
918       2.363078e+01   2.325669e+01   2.964457e+00   2.958401e+00  
919       2.350854e+01   2.312818e+01   2.981523e+00   2.974803e+00  
920       2.363628e+01   2.326217e+01   2.964649e+00   2.959027e+00  
921       2.351623e+01   2.313561e+01   2.982875e+00   2.976407e+00  
922       2.363679e+01   2.326208e+01   2.966795e+00   2.961682e+00  
923       2.351937e+01   2.313762e+01   2.987315e+00   2.981202e+00  
924       2.363780e+01   2.326210e+01   2.970956e+00   2.965374e+00  
925       2.352997e+01   2.314794e+01   2.988645e+00   2.983379e+00  
926       2.363843e+01   2.326177e+01   2.974932e+00   2.969015e+00  
927       2.353148e+01   2.314930e+01   2.988883e+00   2.984481e+00  
928       2.362909e+01   2.325081e+01   2.980840e+00   2.974568e+00  
929       2.354231e+01   2.316000e+01   2.989651e+00   2.986068e+00  
930       2.363902e+01   2.326052e+01   2.982028e+00   2.976424e+00  
931       2.353738e+01   2.315460e+01   2.991156e+00   2.987586e+00  
932       2.363820e+01   2.325816e+01   2.987593e+00   2.982740e+00  
933       2.353130e+01   2.314771e+01   2.993563e+00   2.990689e+00  
934       2.364398e+01   2.326333e+01   2.989937e+00   2.985897e+00  
935       2.352563e+01   2.314148e+01   2.995170e+00   2.992624e+00  
936       2.364558e+01   2.326495e+01   2.989228e+00   2.986650e+00  
937       2.352735e+01   2.314277e+01   2.996730e+00   2.994632e+00  
938       2.365318e+01   2.327203e+01   2.991696e+00   2.989210e+00  
939       2.352091e+01   2.313551e+01   2.999194e+00   2.997665e+00  
940       2.366014e+01   2.327887e+01   2.992552e+00   2.990152e+00  
941       2.351171e+01   2.312599e+01   2.999329e+00   2.998861e+00  
942       2.365844e+01   2.327621e+01   2.996110e+00   2.993879e+00  
943       2.352772e+01   2.314241e+01   2.998586e+00   2.998524e+00  
944       2.365216e+01   2.326878e+01   3.000094e+00   2.997998e+00  
945       2.352114e+01   2.313529e+01   3.000297e+00   3.000102e+00  
946       2.364478e+01   2.326072e+01   3.001959e+00   3.000462e+00  
947       2.352010e+01   2.313457e+01   2.998584e+00   2.999198e+00  
948       2.365295e+01   2.326871e+01   3.002590e+00   3.002289e+00  
949       2.351653e+01   2.313071e+01   3.000327e+00   2.999300e+00  
950       2.365340e+01   2.326888e+01   3.003296e+00   3.003795e+00  
951       2.350601e+01   2.311958e+01   3.002285e+00   3.000620e+00  
952       2.364517e+01   2.325933e+01   3.007734e+00   3.008462e+00  
953       2.350232e+01   2.311586e+01   3.001699e+00   3.001011e+00  
954       2.364653e+01   2.325978e+01   3.011519e+00   3.011929e+00  
955       2.350493e+01   2.311840e+01   3.001572e+00   3.001997e+00  
956       2.364017e+01   2.325239e+01   3.015072e+00   3.015546e+00  
957       2.350173e+01   2.311563e+01   2.999305e+00   3.000530e+00  
958       2.363735e+01   2.324840e+01   3.019353e+00   3.019892e+00  
959       2.349875e+01   2.311160e+01   3.003199e+00   3.004399e+00  
960       2.364180e+01   2.325227e+01   3.022126e+00   3.022159e+00  
961       2.349358e+01   2.310677e+01   3.002235e+00   3.002024e+00  
962       2.363971e+01   2.324945e+01   3.024837e+00   3.024786e+00  
963       2.349601e+01   2.310904e+01   3.002857e+00   3.002886e+00  
964       2.364820e+01   2.325806e+01   3.024693e+00   3.025063e+00  
965       2.349113e+01   2.310285e+01   3.007398e+00   3.007842e+00  
966       2.363357e+01   2.324290e+01   3.025881e+00   3.026066e+00  
967       2.348714e+01   2.309793e+01   3.010976e+00   3.010914e+00  
968       2.363773e+01   2.324634e+01   3.029164e+00   3.028913e+00  
969       2.349602e+01   2.310642e+01   3.012895e+00   3.013138e+00  
970       2.366395e+01   2.327353e+01   3.027583e+00   3.026405e+00  
971       2.347883e+01   2.308753e+01   3.017848e+00   3.018944e+00  
972       2.365635e+01   2.326479e+01   3.031608e+00   3.030115e+00  
973       2.348602e+01   2.309400e+01   3.021499e+00   3.021751e+00  
974       2.366157e+01   2.326970e+01   3.033126e+00   3.031674e+00  
975       2.349597e+01   2.310324e+01   3.025043e+00   3.024831e+00  
976       2.366764e+01   2.327563e+01   3.034012e+00   3.032666e+00  
977       2.349198e+01   2.309816e+01   3.029433e+00   3.028321e+00  
978       2.366623e+01   2.327323e+01   3.038009e+00   3.036063e+00  
979       2.350271e+01   2.310782e+01   3.033849e+00   3.033417e+00  
980       2.367768e+01   2.328463e+01   3.039642e+00   3.036358e+00  
981       2.350411e+01   2.310817e+01   3.038219e+00   3.037203e+00  
982       2.368357e+01   2.328968e+01   3.043086e+00   3.039989e+00  
983       2.351036e+01   2.311334e+01   3.042562e+00   3.041947e+00  
984       2.368594e+01   2.329110e+01   3.047443e+00   3.043256e+00  
985       2.350214e+01   2.310359e+01   3.048066e+00   3.047023e+00  
986       2.369108e+01   2.329546e+01   3.051574e+00   3.045775e+00  
987       2.350230e+01   2.310259e+01   3.052517e+00   3.051285e+00  
988       2.368760e+01   2.329086e+01   3.055852e+00   3.049604e+00  
989       2.352105e+01   2.312120e+01   3.054375e+00   3.052917e+00  
990       2.368372e+01   2.328640e+01   3.057457e+00   3.051948e+00  
991       2.352093e+01   2.312013e+01   3.058382e+00   3.056119e+00  
992       2.368764e+01   2.328974e+01   3.059158e+00   3.055073e+00  
993       2.353522e+01   2.313439e+01   3.059857e+00   3.056768e+00  
994       2.368349e+01   2.328465e+01   3.063021e+00   3.057886e+00  
995       2.354457e+01   2.314312e+01   3.061974e+00   3.060565e+00  
996       2.368804e+01   2.328850e+01   3.065844e+00   3.060997e+00  
997       2.354330e+01   2.314134e+01   3.063693e+00   3.062530e+00  
998       2.369406e+01   2.329447e+01   3.066464e+00   3.061500e+00  
999       2.355118e+01   2.314930e+01   3.063873e+00   3.062808e+00  
1000      2.368592e+01   2.328509e+01   3.070523e+00   3.065805e+00  
1001      2.355954e+01   2.315782e+01   3.063992e+00   3.062570e+00  
1002      2.368944e+01   2.328786e+01   3.073073e+00   3.069416e+00  
1003      2.356215e+01   2.316036e+01   3.064470e+00   3.062937e+00  
1004      2.368535e+01   2.328331e+01   3.074211e+00   3.071232e+00  
1005      2.356892e+01   2.316701e+01   3.065050e+00   3.064197e+00  
1006      2.369114e+01   2.328884e+01   3.075292e+00   3.072856e+00  
1007      2.357257e+01   2.317041e+01   3.066093e+00   3.065486e+00  
1008      2.369782e+01   2.329543e+01   3.075899e+00   3.073854e+00  
1009      2.358244e+01   2.317976e+01   3.067930e+00   3.068820e+00  
1010      2.370167e+01   2.329925e+01   3.076008e+00   3.074489e+00  
1011      2.358269e+01   2.317990e+01   3.068326e+00   3.069335e+00  
1012      2.370657e+01   2.330399e+01   3.076501e+00   3.075827e+00  
1013      2.357883e+01   2.317612e+01   3.067646e+00   3.068922e+00  
1014      2.370791e+01   2.330446e+01   3.079931e+00   3.079125e+00  
1015      2.358060e+01   2.317830e+01   3.065363e+00   3.068347e+00  
1016      2.371242e+01   2.330910e+01   3.079730e+00   3.078932e+00  
1017      2.356586e+01   2.316284e+01   3.066956e+00   3.070280e+00  
1018      2.370258e+01   2.329844e+01   3.082075e+00   3.081509e+00  
1019      2.357498e+01   2.317241e+01   3.065483e+00   3.069507e+00  
1020      2.369065e+01   2.328596e+01   3.083001e+00   3.083123e+00  
1021      2.357578e+01   2.317353e+01   3.064390e+00   3.068312e+00  
1022      2.368504e+01   2.327945e+01   3.085147e+00   3.087083e+00  
1023      2.358056e+01   2.317882e+01   3.063170e+00   3.066278e+00  
1024      2.368173e+01   2.327617e+01   3.084247e+00   3.087383e+00  
1025      2.357394e+01   2.317235e+01   3.062464e+00   3.064929e+00  
1026      2.368178e+01   2.327583e+01   3.085175e+00   3.089392e+00  
1027      2.357162e+01   2.316970e+01   3.063474e+00   3.066151e+00  
1028      2.369311e+01   2.328720e+01   3.086406e+00   3.089350e+00  
1029      2.356136e+01   2.315892e+01   3.064483e+00   3.067679e+00  
1030      2.369117e+01   2.328546e+01   3.085077e+00   3.088886e+00  
1031      2.356604e+01   2.316326e+01   3.065920e+00   3.069509e+00  
1032      2.369581e+01   2.328979e+01   3.086483e+00   3.090442e+00  
1033      2.357001e+01   2.316674e+01   3.067784e+00   3.071803e+00  
1034      2.369853e+01   2.329225e+01   3.087960e+00   3.091284e+00  
1035      2.355575e+01   2.315152e+01   3.070491e+00   3.074500e+00  
1036      2.369565e+01   2.328899e+01   3.089071e+00   3.092645e+00  
1037      2.354903e+01   2.314420e+01   3.073146e+00   3.075492e+00  
1038      2.370164e+01   2.329496e+01   3.088795e+00   3.093842e+00  
1039      2.354578e+01   2.314027e+01   3.075793e+00   3.077592e+00  
1040      2.369862e+01   2.329073e+01   3.093441e+00   3.097900e+00  
1041      2.354894e+01   2.314327e+01   3.075950e+00   3.078993e+00  
1042      2.369084e+01   2.328177e+01   3.098141e+00   3.101094e+00  
1043      2.355406e+01   2.314760e+01   3.079048e+00   3.082524e+00  
1044      2.369107e+01   2.328074e+01   3.103108e+00   3.105553e+00  
1045      2.356265e+01   2.315580e+01   3.080998e+00   3.084571e+00  
1046      2.368966e+01   2.327817e+01   3.107473e+00   3.109769e+00  
1047      2.357691e+01   2.316943e+01   3.084678e+00   3.087572e+00  
1048      2.369039e+01   2.327804e+01   3.110643e+00   3.113034e+00  
1049      2.358307e+01   2.317384e+01   3.091621e+00   3.094505e+00  
1050      2.368646e+01   2.327370e+01   3.111626e+00   3.114610e+00  
1051      2.357663e+01   2.316563e+01   3.098653e+00   3.099880e+00  
1052      2.368454e+01   2.327056e+01   3.116098e+00   3.119066e+00  
1053      2.359356e+01   2.318189e+01   3.102318e+00   3.103464e+00  
1054      2.369185e+01   2.327681e+01   3.121130e+00   3.122909e+00  
1055      2.359342e+01   2.318014e+01   3.107904e+00   3.109904e+00  
1056      2.367766e+01   2.326099e+01   3.126712e+00   3.127575e+00  
1057      2.359653e+01   2.318130e+01   3.116002e+00   3.116754e+00  
1058      2.368133e+01   2.326308e+01   3.133074e+00   3.133443e+00  
1059      2.360783e+01   2.319167e+01   3.120277e+00   3.120837e+00  
1060      2.368089e+01   2.326118e+01   3.138420e+00   3.138856e+00  
1061      2.360679e+01   2.318870e+01   3.127566e+00   3.127774e+00  
1062      2.367582e+01   2.325468e+01   3.143455e+00   3.143698e+00  
1063      2.360968e+01   2.318965e+01   3.135658e+00   3.134401e+00  
1064      2.368604e+01   2.326414e+01   3.147274e+00   3.146919e+00  
1065      2.361737e+01   2.319630e+01   3.139546e+00   3.139254e+00  
1066      2.368124e+01   2.325839e+01   3.150664e+00   3.149949e+00  
1067      2.362551e+01   2.320474e+01   3.138378e+00   3.139334e+00  
1068      2.367859e+01   2.325478e+01   3.154957e+00   3.152339e+00  
1069      2.363994e+01   2.321843e+01   3.141475e+00   3.143596e+00  
1070      2.367096e+01   2.324650e+01   3.156414e+00   3.154671e+00  
1071      2.365435e+01   2.323244e+01   3.144569e+00   3.145416e+00  
1072      2.366864e+01   2.324347e+01   3.158976e+00   3.157002e+00  
1073      2.366178e+01   2.323901e+01   3.147829e+00   3.149513e+00  
1074      2.367366e+01   2.324829e+01   3.159380e+00   3.158768e+00  
1075      2.366762e+01   2.324453e+01   3.149578e+00   3.150906e+00  
1076      2.366995e+01   2.324397e+01   3.161651e+00   3.160430e+00  
1077      2.368532e+01   2.326235e+01   3.150000e+00   3.151961e+00  
1078      2.366291e+01   2.323587e+01   3.164701e+00   3.164187e+00  
1079      2.369037e+01   2.326676e+01   3.152369e+00   3.155029e+00  
1080      2.365580e+01   2.322840e+01   3.165590e+00   3.165043e+00  
1081      2.369058e+01   2.326655e+01   3.153943e+00   3.156526e+00  
1082      2.364813e+01   2.321964e+01   3.168805e+00   3.168764e+00  
1083      2.370208e+01   2.327843e+01   3.152715e+00   3.156497e+00  
1084      2.364823e+01   2.321993e+01   3.168147e+00   3.168022e+00  
1085      2.369473e+01   2.327005e+01   3.155960e+00   3.159896e+00  
1086      2.365454e+01   2.322541e+01   3.171315e+00   3.171770e+00  
1087      2.370523e+01   2.328086e+01   3.155809e+00   3.159154e+00  
1088      2.364124e+01   2.321146e+01   3.172581e+00   3.173510e+00  
1089      2.370747e+01   2.328222e+01   3.158575e+00   3.163183e+00  
1090      2.364119e+01   2.321125e+01   3.173303e+00   3.173937e+00  
1091      2.370711e+01   2.328092e+01   3.162028e+00   3.166613e+00  
1092      2.363723e+01   2.320741e+01   3.172351e+00   3.173461e+00  
1093      2.371024e+01   2.328419e+01   3.161865e+00   3.166155e+00  
1094      2.363685e+01   2.320647e+01   3.174024e+00   3.175858e+00  
1095      2.370786e+01   2.328129e+01   3.163525e+00   3.168046e+00  
1096      2.364138e+01   2.321103e+01   3.173835e+00   3.176401e+00  
1097      2.371132e+01   2.328513e+01   3.162257e+00   3.166917e+00  
1098      2.362860e+01   2.319811e+01   3.173241e+00   3.176379e+00  
1099      2.372958e+01   2.330460e+01   3.159425e+00   3.163363e+00  
1100      2.363379e+01   2.320425e+01   3.169482e+00   3.173823e+00  
1101      2.371942e+01   2.329446e+01   3.158500e+00   3.162682e+00  
1102      2.363015e+01   2.320103e+01   3.167743e+00   3.171980e+00  
1103      2.371377e+01   2.328875e+01   3.158280e+00   3.162683e+00  
1104      2.363441e+01   2.320610e+01   3.164708e+00   3.169723e+00  
1105      2.370903e+01   2.328378e+01   3.158918e+00   3.163036e+00  
1106      2.364112e+01   2.321408e+01   3.160322e+00   3.165679e+00  
1107      2.370362e+01   2.327811e+01   3.159852e+00   3.163272e+00  
1108      2.364539e+01   2.321868e+01   3.159264e+00   3.164886e+00  
1109      2.370086e+01   2.327594e+01   3.157053e+00   3.161359e+00  
1110      2.364074e+01   2.321429e+01   3.158160e+00   3.163432e+00  
1111      2.371045e+01   2.328576e+01   3.156909e+00   3.161129e+00  
1112      2.363245e+01   2.320647e+01   3.155682e+00   3.161307e+00  
1113      2.372318e+01   2.329868e+01   3.156895e+00   3.161443e+00  
1114      2.362298e+01   2.319689e+01   3.155584e+00   3.160990e+00  
1115      2.372685e+01   2.330220e+01   3.157666e+00   3.162327e+00  
1116      2.362699e+01   2.320112e+01   3.155291e+00   3.160190e+00  
1117      2.373779e+01   2.331371e+01   3.155495e+00   3.161734e+00  
1118      2.362348e+01   2.319765e+01   3.155174e+00   3.159570e+00  
1119      2.373831e+01   2.331374e+01   3.157839e+00   3.163049e+00  
1120      2.362428e+01   2.319892e+01   3.153324e+00   3.158064e+00  
1121      2.374626e+01   2.332177e+01   3.158466e+00   3.162894e+00  
1122      2.362837e+01   2.320263e+01   3.155218e+00   3.159518e+00  
1123      2.375641e+01   2.333232e+01   3.157942e+00   3.161848e+00  
1124      2.362089e+01   2.319519e+01   3.154622e+00   3.158796e+00  
1125      2.375567e+01   2.333100e+01   3.160161e+00   3.163779e+00  
1126      2.362015e+01   2.319431e+01   3.155750e+00   3.158608e+00  
1127      2.374539e+01   2.331987e+01   3.162694e+00   3.166178e+00  
1128      2.362033e+01   2.319466e+01   3.154784e+00   3.158367e+00  
1129      2.374057e+01   2.331383e+01   3.167412e+00   3.169785e+00  
1130      2.362256e+01   2.319646e+01   3.156273e+00   3.160281e+00  
1131      2.373859e+01   2.331107e+01   3.170512e+00   3.172152e+00  
1132      2.363396e+01   2.320771e+01   3.157998e+00   3.161251e+00  
1133      2.372894e+01   2.330014e+01   3.174784e+00   3.175991e+00  
1134      2.362246e+01   2.319555e+01   3.160360e+00   3.162159e+00  
1135      2.373246e+01   2.330291e+01   3.177618e+00   3.179166e+00  
1136      2.361547e+01   2.318780e+01   3.163013e+00   3.164173e+00  
1137      2.373658e+01   2.330636e+01   3.180611e+00   3.181642e+00  
1138      2.362528e+01   2.319777e+01   3.163219e+00   3.164083e+00  
1139      2.373582e+01   2.330548e+01   3.181165e+00   3.181825e+00  
1140      2.361835e+01   2.319045e+01   3.164495e+00   3.164713e+00  
1141      2.373437e+01   2.330309e+01   3.184204e+00   3.185514e+00  
1142      2.362724e+01   2.320040e+01   3.161837e+00   3.160802e+00  
1143      2.373559e+01   2.330395e+01   3.185580e+00   3.186914e+00  
1144      2.362975e+01   2.320298e+01   3.161398e+00   3.161075e+00  
1145      2.373147e+01   2.329922e+01   3.187137e+00   3.189219e+00  
1146      2.361692e+01   2.318942e+01   3.163391e+00   3.162708e+00  
1147      2.372809e+01   2.329546e+01   3.188633e+00   3.189997e+00  
1148      2.361766e+01   2.319114e+01   3.159803e+00   3.159195e+00  
1149      2.371733e+01   2.328389e+01   3.190658e+00   3.192471e+00  
1150      2.361526e+01   2.318868e+01   3.160050e+00   3.159084e+00  
1151      2.370527e+01   2.327207e+01   3.188643e+00   3.191102e+00  
1152      2.361496e+01   2.318838e+01   3.159969e+00   3.159144e+00  
1153      2.369442e+01   2.326158e+01   3.186724e+00   3.188930e+00  
1154      2.361260e+01   2.318594e+01   3.159756e+00   3.159561e+00  
1155      2.368777e+01   2.325500e+01   3.185955e+00   3.188337e+00  
1156      2.360908e+01   2.318247e+01   3.159214e+00   3.159235e+00  
1157      2.368337e+01   2.325126e+01   3.183453e+00   3.185391e+00  
1158      2.360305e+01   2.317576e+01   3.160625e+00   3.162069e+00  
1159      2.367554e+01   2.324399e+01   3.180523e+00   3.183141e+00  
1160      2.360206e+01   2.317551e+01   3.157544e+00   3.159589e+00  
1161      2.367776e+01   2.324692e+01   3.178357e+00   3.180454e+00  
1162      2.359810e+01   2.317036e+01   3.161127e+00   3.164179e+00  
1163      2.368124e+01   2.325208e+01   3.172594e+00   3.174314e+00  
1164      2.358194e+01   2.315307e+01   3.163597e+00   3.167772e+00  
1165      2.368577e+01   2.325725e+01   3.170910e+00   3.172004e+00  
1166      2.356891e+01   2.313957e+01   3.164418e+00   3.168658e+00  
1167      2.368363e+01   2.325559e+01   3.168681e+00   3.170400e+00  
1168      2.357026e+01   2.314100e+01   3.164059e+00   3.168623e+00  
1169      2.367864e+01   2.325157e+01   3.164303e+00   3.166942e+00  
1170      2.356524e+01   2.313592e+01   3.164435e+00   3.167943e+00  
1171      2.367585e+01   2.324922e+01   3.161973e+00   3.165667e+00  
1172      2.356775e+01   2.313896e+01   3.162565e+00   3.166290e+00  
1173      2.366291e+01   2.323640e+01   3.160670e+00   3.164362e+00  
1174      2.356302e+01   2.313487e+01   3.159803e+00   3.163729e+00  
1175      2.365444e+01   2.322803e+01   3.159949e+00   3.163230e+00  
1176      2.356229e+01   2.313393e+01   3.159991e+00   3.164938e+00  
1177      2.365365e+01   2.322786e+01   3.157668e+00   3.160825e+00  
1178      2.355645e+01   2.312819e+01   3.159135e+00   3.164304e+00  
1179      2.364071e+01   2.321454e+01   3.158133e+00   3.161460e+00  
1180      2.355367e+01   2.312590e+01   3.157581e+00   3.161901e+00  
1181      2.363902e+01   2.321211e+01   3.159803e+00   3.164919e+00  
1182      2.354236e+01   2.311471e+01   3.156891e+00   3.160153e+00  
1183      2.362202e+01   2.319469e+01   3.160085e+00   3.165471e+00  
1184      2.355061e+01   2.312387e+01   3.154111e+00   3.157460e+00  
1185      2.360284e+01   2.317465e+01   3.161668e+00   3.167566e+00  
1186      2.355149e+01   2.312499e+01   3.153091e+00   3.156787e+00  
1187      2.359785e+01   2.316990e+01   3.160638e+00   3.166119e+00  
1188      2.355124e+01   2.312428e+01   3.154685e+00   3.158523e+00  
1189      2.358579e+01   2.315805e+01   3.159233e+00   3.164464e+00  
1190      2.355378e+01   2.312669e+01   3.154707e+00   3.159872e+00  
1191      2.358086e+01   2.315305e+01   3.159341e+00   3.164088e+00  
1192      2.354566e+01   2.311750e+01   3.157720e+00   3.163590e+00  
1193      2.358514e+01   2.315747e+01   3.159306e+00   3.163697e+00  
1194      2.354579e+01   2.311695e+01   3.159927e+00   3.166387e+00  
1195      2.356723e+01   2.313846e+01   3.161886e+00   3.166741e+00  
1196      2.355744e+01   2.312839e+01   3.162150e+00   3.167261e+00  
1197      2.356992e+01   2.314124e+01   3.161151e+00   3.167260e+00  
1198      2.355588e+01   2.312652e+01   3.163506e+00   3.167982e+00  
1199      2.356470e+01   2.313550e+01   3.162700e+00   3.168834e+00  
1200      2.356282e+01   2.313324e+01   3.164533e+00   3.169444e+00  
1201      2.356069e+01   2.313078e+01   3.165302e+00   3.170808e+00  
1202      2.356212e+01   2.313191e+01   3.166343e+00   3.172100e+00  
1203      2.355522e+01   2.312421e+01   3.169027e+00   3.174309e+00  
1204      2.355285e+01   2.312180e+01   3.168903e+00   3.174424e+00  
1205      2.354842e+01   2.311630e+01   3.172618e+00   3.177927e+00  
1206      2.355667e+01   2.312424e+01   3.174369e+00   3.179590e+00  
1207      2.354103e+01   2.310724e+01   3.177818e+00   3.183899e+00  
1208      2.355453e+01   2.312179e+01   3.175620e+00   3.180324e+00  
1209      2.353145e+01   2.309699e+01   3.179682e+00   3.185552e+00  
1210      2.354783e+01   2.311373e+01   3.180752e+00   3.184182e+00  
1211      2.353005e+01   2.309504e+01   3.181601e+00   3.187436e+00  
1212      2.353692e+01   2.310194e+01   3.183267e+00   3.186514e+00  
1213      2.352860e+01   2.309373e+01   3.181814e+00   3.186033e+00  
1214      2.353611e+01   2.310083e+01   3.183900e+00   3.187940e+00  
1215      2.352646e+01   2.309101e+01   3.183580e+00   3.188138e+00  
1216      2.353363e+01   2.309807e+01   3.184810e+00   3.188721e+00  
1217      2.352180e+01   2.308680e+01   3.182004e+00   3.185904e+00  
1218      2.352983e+01   2.309359e+01   3.187664e+00   3.190311e+00  
1219      2.349999e+01   2.306369e+01   3.184613e+00   3.189648e+00  
1220      2.353007e+01   2.309395e+01   3.187506e+00   3.189588e+00  
1221      2.349501e+01   2.305890e+01   3.183633e+00   3.188553e+00  
1222      2.353421e+01   2.309791e+01   3.188003e+00   3.190911e+00  
1223      2.349385e+01   2.305745e+01   3.185311e+00   3.188824e+00  
1224      2.353094e+01   2.309422e+01   3.189240e+00   3.192345e+00  
1225      2.348088e+01   2.304405e+01   3.185480e+00   3.190004e+00  
1226      2.354283e+01   2.310689e+01   3.186988e+00   3.190515e+00  
1227      2.347897e+01   2.304221e+01   3.184949e+00   3.189787e+00  
1228      2.354775e+01   2.311179e+01   3.187215e+00   3.191115e+00  
1229      2.348149e+01   2.304471e+01   3.185227e+00   3.189965e+00  
1230      2.353719e+01   2.310089e+01   3.187520e+00   3.191899e+00  
1231      2.347818e+01   2.304122e+01   3.185290e+00   3.190790e+00  
1232      2.354649e+01   2.311042e+01   3.187455e+00   3.191539e+00  
1233      2.349187e+01   2.305563e+01   3.184006e+00   3.188739e+00  
1234      2.353976e+01   2.310313e+01   3.188562e+00   3.193597e+00  
1235      2.349447e+01   2.305845e+01   3.183628e+00   3.187871e+00  
1236      2.354075e+01   2.310447e+01   3.186881e+00   3.192788e+00  
1237      2.349497e+01   2.305929e+01   3.182606e+00   3.186506e+00  
1238      2.354171e+01   2.310532e+01   3.187058e+00   3.193609e+00  
1239      2.350271e+01   2.306777e+01   3.180373e+00   3.184425e+00  
1240      2.352977e+01   2.309354e+01   3.185560e+00   3.192290e+00  
1241      2.350327e+01   2.306880e+01   3.178387e+00   3.183110e+00  
1242      2.352679e+01   2.309086e+01   3.184286e+00   3.190924e+00  
1243      2.349534e+01   2.306135e+01   3.175939e+00   3.180972e+00  
1244      2.351855e+01   2.308283e+01   3.183168e+00   3.189429e+00  
1245      2.350683e+01   2.307365e+01   3.173424e+00   3.179164e+00  
1246      2.351477e+01   2.307955e+01   3.181009e+00   3.187495e+00  
1247      2.350090e+01   2.306720e+01   3.175294e+00   3.180280e+00  
1248      2.351386e+01   2.307897e+01   3.179415e+00   3.186583e+00  
1249      2.348849e+01   2.305482e+01   3.174371e+00   3.179287e+00  
1250      2.351699e+01   2.308253e+01   3.178373e+00   3.184877e+00  
-------------------------------------------------------------------

