
**********************************************
Real-time propagation in 3D, OPTION = 2
MPI nodes = 8, OMP threads = 16, cores = 128
**********************************************

Interactions
Contact: Natoms = 1.50000000000e+05, as = 6.400000e+01 * a0, G = 1.149749e+04, G * par = 2.299498e+04
Three-body: K3 =  0.000000e+00, g3 = 0.000000e+00
Regular DDI: add = 1.101000e+02 * a0, GD = 4.721954e+03, GD * par = 9.443909e+03, edd = 1.720312e+00
     Dipolar cutoff Rcut = 4.237112e+00, Lcut = 1.460901e+02

QF = 1: h2 = 1.475417e+05, h4 = 0.000000e+00
        q3 = 0.000000e+00, q5 = 5.778689e+00

GRAD = 0

Trap parameters:
GAMMA = 0.000000e+00, NU = 0.000000e+00, LAMBDA = 0.000000e+00
Parameters of rotation: OMEGA = 0.000000e+00, OMEGA * par = 0.000000e+00

Space discretization: NX = 128, NY = 128, NZ = 128
                      DX = 2.282658e+00, DY = 6.620487e-02, DZ = 6.620487e-02
      Unit of length: aho = 5.552380e-07 m

Time discretization: NITER = 2500 (NSNAP = 1250)
                     DT = 2.191543e-03

Initial state: file ./imag3d-finalpsi.bin
ADD_VORTICES = 0, ADD_RANDOM_PHASE = 0


MUREL = 1.000000e-12, MUEND=1.000000e+05

-------------------------------------------------------------------
Snap      <r>            <x>            <y>            <z>
-------------------------------------------------------------------
0         1.414130e+01   1.412824e+01   4.295832e-01   4.295832e-01  
1         1.414129e+01   1.412824e+01   4.294884e-01   4.294884e-01  
2         1.414129e+01   1.412824e+01   4.293727e-01   4.293727e-01  
3         1.414128e+01   1.412825e+01   4.292363e-01   4.292363e-01  
4         1.414128e+01   1.412825e+01   4.290799e-01   4.290799e-01  
5         1.414127e+01   1.412826e+01   4.289046e-01   4.289046e-01  
6         1.414126e+01   1.412826e+01   4.287121e-01   4.287121e-01  
7         1.414126e+01   1.412827e+01   4.285041e-01   4.285041e-01  
8         1.414125e+01   1.412828e+01   4.282832e-01   4.282832e-01  
9         1.414125e+01   1.412828e+01   4.280517e-01   4.280517e-01  
10        1.414124e+01   1.412829e+01   4.278125e-01   4.278125e-01  
11        1.414124e+01   1.412831e+01   4.275685e-01   4.275685e-01  
12        1.414124e+01   1.412832e+01   4.273224e-01   4.273224e-01  
13        1.414124e+01   1.412833e+01   4.270773e-01   4.270773e-01  
14        1.414124e+01   1.412835e+01   4.268361e-01   4.268361e-01  
15        1.414124e+01   1.412837e+01   4.266014e-01   4.266014e-01  
16        1.414125e+01   1.412839e+01   4.263762e-01   4.263762e-01  
17        1.414126e+01   1.412841e+01   4.261632e-01   4.261632e-01  
18        1.414127e+01   1.412843e+01   4.259650e-01   4.259650e-01  
19        1.414128e+01   1.412845e+01   4.257845e-01   4.257845e-01  
20        1.414130e+01   1.412848e+01   4.256244e-01   4.256244e-01  
21        1.414132e+01   1.412851e+01   4.254874e-01   4.254874e-01  
22        1.414134e+01   1.412854e+01   4.253759e-01   4.253759e-01  
23        1.414137e+01   1.412857e+01   4.252922e-01   4.252922e-01  
24        1.414140e+01   1.412861e+01   4.252381e-01   4.252381e-01  
25        1.414143e+01   1.412864e+01   4.252149e-01   4.252149e-01  
26        1.414147e+01   1.412868e+01   4.252234e-01   4.252234e-01  
27        1.414151e+01   1.412872e+01   4.252637e-01   4.252637e-01  
28        1.414156e+01   1.412876e+01   4.253355e-01   4.253355e-01  
29        1.414161e+01   1.412881e+01   4.254378e-01   4.254378e-01  
30        1.414166e+01   1.412885e+01   4.255692e-01   4.255692e-01  
31        1.414172e+01   1.412890e+01   4.257277e-01   4.257277e-01  
32        1.414178e+01   1.412895e+01   4.259110e-01   4.259110e-01  
33        1.414184e+01   1.412900e+01   4.261163e-01   4.261163e-01  
34        1.414191e+01   1.412905e+01   4.263408e-01   4.263408e-01  
35        1.414198e+01   1.412910e+01   4.265813e-01   4.265813e-01  
36        1.414205e+01   1.412916e+01   4.268345e-01   4.268345e-01  
37        1.414212e+01   1.412921e+01   4.270969e-01   4.270969e-01  
38        1.414219e+01   1.412927e+01   4.273653e-01   4.273653e-01  
39        1.414226e+01   1.412933e+01   4.276361e-01   4.276361e-01  
40        1.414234e+01   1.412938e+01   4.279061e-01   4.279061e-01  
41        1.414241e+01   1.412944e+01   4.281720e-01   4.281720e-01  
42        1.414249e+01   1.412950e+01   4.284307e-01   4.284307e-01  
43        1.414256e+01   1.412956e+01   4.286792e-01   4.286792e-01  
44        1.414264e+01   1.412962e+01   4.289148e-01   4.289148e-01  
45        1.414271e+01   1.412968e+01   4.291348e-01   4.291348e-01  
46        1.414278e+01   1.412974e+01   4.293370e-01   4.293370e-01  
47        1.414286e+01   1.412981e+01   4.295193e-01   4.295193e-01  
48        1.414293e+01   1.412987e+01   4.296799e-01   4.296799e-01  
49        1.414300e+01   1.412993e+01   4.298175e-01   4.298175e-01  
50        1.414307e+01   1.412999e+01   4.299306e-01   4.299306e-01  
51        1.414313e+01   1.413005e+01   4.300184e-01   4.300184e-01  
52        1.414320e+01   1.413011e+01   4.300801e-01   4.300801e-01  
53        1.414326e+01   1.413018e+01   4.301154e-01   4.301154e-01  
54        1.414333e+01   1.413024e+01   4.301241e-01   4.301241e-01  
55        1.414339e+01   1.413030e+01   4.301065e-01   4.301065e-01  
56        1.414345e+01   1.413036e+01   4.300631e-01   4.300631e-01  
57        1.414350e+01   1.413043e+01   4.299947e-01   4.299947e-01  
58        1.414356e+01   1.413049e+01   4.299024e-01   4.299024e-01  
59        1.414362e+01   1.413055e+01   4.297874e-01   4.297874e-01  
60        1.414367e+01   1.413062e+01   4.296515e-01   4.296515e-01  
61        1.414373e+01   1.413068e+01   4.294962e-01   4.294962e-01  
62        1.414378e+01   1.413074e+01   4.293238e-01   4.293238e-01  
63        1.414383e+01   1.413081e+01   4.291364e-01   4.291364e-01  
64        1.414389e+01   1.413087e+01   4.289362e-01   4.289362e-01  
65        1.414394e+01   1.413094e+01   4.287257e-01   4.287257e-01  
66        1.414399e+01   1.413100e+01   4.285076e-01   4.285076e-01  
67        1.414404e+01   1.413107e+01   4.282844e-01   4.282844e-01  
68        1.414410e+01   1.413114e+01   4.280587e-01   4.280587e-01  
69        1.414415e+01   1.413120e+01   4.278334e-01   4.278334e-01  
70        1.414421e+01   1.413127e+01   4.276109e-01   4.276109e-01  
71        1.414426e+01   1.413134e+01   4.273939e-01   4.273939e-01  
72        1.414432e+01   1.413141e+01   4.271850e-01   4.271850e-01  
73        1.414438e+01   1.413148e+01   4.269865e-01   4.269865e-01  
74        1.414444e+01   1.413156e+01   4.268008e-01   4.268008e-01  
75        1.414450e+01   1.413163e+01   4.266301e-01   4.266301e-01  
76        1.414457e+01   1.413170e+01   4.264762e-01   4.264762e-01  
77        1.414464e+01   1.413178e+01   4.263411e-01   4.263411e-01  
78        1.414471e+01   1.413186e+01   4.262262e-01   4.262262e-01  
79        1.414478e+01   1.413193e+01   4.261331e-01   4.261331e-01  
80        1.414485e+01   1.413201e+01   4.260627e-01   4.260627e-01  
81        1.414493e+01   1.413209e+01   4.260161e-01   4.260161e-01  
82        1.414501e+01   1.413217e+01   4.259941e-01   4.259941e-01  
83        1.414509e+01   1.413226e+01   4.259976e-01   4.259976e-01  
84        1.414518e+01   1.413234e+01   4.260274e-01   4.260274e-01  
85        1.414527e+01   1.413243e+01   4.260847e-01   4.260847e-01  
86        1.414538e+01   1.413254e+01   4.261711e-01   4.261711e-01  
87        1.414551e+01   1.413266e+01   4.262895e-01   4.262895e-01  
88        1.414567e+01   1.413281e+01   4.264443e-01   4.264443e-01  
89        1.414588e+01   1.413300e+01   4.266421e-01   4.266421e-01  
90        1.414615e+01   1.413326e+01   4.268924e-01   4.268924e-01  
91        1.414648e+01   1.413357e+01   4.272080e-01   4.272080e-01  
92        1.414687e+01   1.413394e+01   4.276055e-01   4.276055e-01  
93        1.414730e+01   1.413434e+01   4.281057e-01   4.281057e-01  
94        1.414772e+01   1.413472e+01   4.287339e-01   4.287339e-01  
95        1.414810e+01   1.413505e+01   4.295206e-01   4.295206e-01  
96        1.414843e+01   1.413532e+01   4.305004e-01   4.305004e-01  
97        1.414871e+01   1.413553e+01   4.317110e-01   4.317110e-01  
98        1.414904e+01   1.413577e+01   4.331931e-01   4.331931e-01  
99        1.414998e+01   1.413660e+01   4.350033e-01   4.350033e-01  
100       1.415532e+01   1.414180e+01   4.373217e-01   4.373217e-01  
101       1.415002e+01   1.413636e+01   4.395768e-01   4.395768e-01  
102       1.415271e+01   1.413886e+01   4.426173e-01   4.426173e-01  
103       1.414761e+01   1.413356e+01   4.457545e-01   4.457545e-01  
104       1.414475e+01   1.413046e+01   4.495862e-01   4.495862e-01  
105       1.414546e+01   1.413088e+01   4.540203e-01   4.540203e-01  
106       1.414036e+01   1.412545e+01   4.589304e-01   4.589304e-01  
107       1.413756e+01   1.412227e+01   4.647896e-01   4.647896e-01  
108       1.414394e+01   1.412824e+01   4.712201e-01   4.712201e-01  
109       1.413532e+01   1.411913e+01   4.782600e-01   4.782600e-01  
110       1.415037e+01   1.413368e+01   4.858290e-01   4.858290e-01  
111       1.414077e+01   1.412348e+01   4.943168e-01   4.943168e-01  
112       1.415449e+01   1.413663e+01   5.025852e-01   5.025852e-01  
113       1.414439e+01   1.412584e+01   5.120300e-01   5.120300e-01  
114       1.415016e+01   1.413098e+01   5.207843e-01   5.207843e-01  
115       1.414658e+01   1.412664e+01   5.309968e-01   5.309968e-01  
116       1.414941e+01   1.412877e+01   5.403000e-01   5.403000e-01  
117       1.414805e+01   1.412658e+01   5.509373e-01   5.509373e-01  
118       1.416567e+01   1.414340e+01   5.613849e-01   5.613849e-01  
119       1.415894e+01   1.413581e+01   5.720675e-01   5.720675e-01  
120       1.414116e+01   1.411727e+01   5.809655e-01   5.809655e-01  
121       1.416147e+01   1.413658e+01   5.934354e-01   5.934354e-01  
122       1.416362e+01   1.413791e+01   6.031383e-01   6.031383e-01  
123       1.415125e+01   1.412453e+01   6.146582e-01   6.146582e-01  
124       1.416371e+01   1.413610e+01   6.250376e-01   6.250376e-01  
125       1.415695e+01   1.412825e+01   6.371313e-01   6.371313e-01  
126       1.416928e+01   1.413962e+01   6.479239e-01   6.479239e-01  
127       1.416003e+01   1.412920e+01   6.604429e-01   6.604429e-01  
128       1.418131e+01   1.414941e+01   6.721527e-01   6.721527e-01  
129       1.416278e+01   1.412967e+01   6.844175e-01   6.844175e-01  
130       1.418925e+01   1.415497e+01   6.970510e-01   6.970510e-01  
131       1.416500e+01   1.412942e+01   7.094630e-01   7.094630e-01  
132       1.419514e+01   1.415829e+01   7.228135e-01   7.228134e-01  
133       1.416679e+01   1.412856e+01   7.354415e-01   7.354415e-01  
134       1.419923e+01   1.415962e+01   7.494406e-01   7.494405e-01  
135       1.416798e+01   1.412690e+01   7.623552e-01   7.623551e-01  
136       1.420207e+01   1.415946e+01   7.772840e-01   7.772839e-01  
137       1.416826e+01   1.412405e+01   7.907431e-01   7.907429e-01  
138       1.420325e+01   1.415737e+01   8.066652e-01   8.066650e-01  
139       1.416799e+01   1.412052e+01   8.193870e-01   8.193868e-01  
140       1.420455e+01   1.415556e+01   8.334762e-01   8.334759e-01  
141       1.416999e+01   1.411982e+01   8.424255e-01   8.424253e-01  
142       1.420649e+01   1.415493e+01   8.550530e-01   8.550527e-01  
143       1.416980e+01   1.411710e+01   8.632929e-01   8.632926e-01  
144       1.420537e+01   1.415133e+01   8.752718e-01   8.752715e-01  
145       1.417236e+01   1.411774e+01   8.790067e-01   8.790064e-01  
146       1.420813e+01   1.415218e+01   8.907560e-01   8.907556e-01  
147       1.417617e+01   1.411944e+01   8.958611e-01   8.958606e-01  
148       1.421124e+01   1.415314e+01   9.077606e-01   9.077601e-01  
149       1.417842e+01   1.411964e+01   9.120123e-01   9.120118e-01  
150       1.420914e+01   1.414851e+01   9.271859e-01   9.271853e-01  
151       1.418286e+01   1.412202e+01   9.279109e-01   9.279104e-01  
152       1.421557e+01   1.415302e+01   9.419595e-01   9.419588e-01  
153       1.418082e+01   1.411754e+01   9.461961e-01   9.461955e-01  
154       1.421790e+01   1.415301e+01   9.594192e-01   9.594185e-01  
155       1.418901e+01   1.412392e+01   9.599731e-01   9.599724e-01  
156       1.421592e+01   1.414833e+01   9.790756e-01   9.790747e-01  
157       1.418790e+01   1.412027e+01   9.783754e-01   9.783746e-01  
158       1.422050e+01   1.415079e+01   9.944136e-01   9.944126e-01  
159       1.418978e+01   1.411969e+01   9.960417e-01   9.960407e-01  
160       1.422205e+01   1.415032e+01   1.008748e+00   1.008747e+00  
161       1.419650e+01   1.412471e+01   1.008263e+00   1.008262e+00  
162       1.421665e+01   1.414283e+01   1.023106e+00   1.023104e+00  
163       1.419822e+01   1.412483e+01   1.019465e+00   1.019463e+00  
164       1.420750e+01   1.413223e+01   1.032742e+00   1.032741e+00  
165       1.419459e+01   1.411992e+01   1.028164e+00   1.028163e+00  
166       1.420437e+01   1.412769e+01   1.042240e+00   1.042238e+00  
167       1.417776e+01   1.410183e+01   1.036129e+00   1.036128e+00  
168       1.420163e+01   1.412453e+01   1.045016e+00   1.045015e+00  
169       1.418310e+01   1.410518e+01   1.049835e+00   1.049834e+00  
170       1.416760e+01   1.408824e+01   1.058819e+00   1.058818e+00  
171       1.419435e+01   1.411541e+01   1.057085e+00   1.057084e+00  
172       1.419593e+01   1.411485e+01   1.071380e+00   1.071379e+00  
173       1.422427e+01   1.414357e+01   1.069864e+00   1.069863e+00  
174       1.419549e+01   1.411231e+01   1.085059e+00   1.085057e+00  
175       1.422663e+01   1.414361e+01   1.085153e+00   1.085147e+00  
176       1.418953e+01   1.410377e+01   1.101485e+00   1.101486e+00  
177       1.421188e+01   1.412624e+01   1.101582e+00   1.101585e+00  
178       1.422062e+01   1.413280e+01   1.115826e+00   1.115813e+00  
179       1.423176e+01   1.414308e+01   1.121659e+00   1.121643e+00  
180       1.422788e+01   1.413658e+01   1.137927e+00   1.137891e+00  
181       1.423794e+01   1.414578e+01   1.143667e+00   1.143621e+00  
182       1.420970e+01   1.411483e+01   1.159136e+00   1.159135e+00  
183       1.425220e+01   1.415607e+01   1.168576e+00   1.168551e+00  
184       1.423034e+01   1.413164e+01   1.183075e+00   1.183018e+00  
185       1.427061e+01   1.417077e+01   1.191599e+00   1.191535e+00  
186       1.423238e+01   1.412975e+01   1.206461e+00   1.206341e+00  
187       1.427434e+01   1.417018e+01   1.217198e+00   1.217082e+00  
188       1.422982e+01   1.412186e+01   1.237187e+00   1.237006e+00  
189       1.427087e+01   1.416124e+01   1.248476e+00   1.248299e+00  
190       1.422524e+01   1.411164e+01   1.268790e+00   1.268539e+00  
191       1.425287e+01   1.413771e+01   1.278671e+00   1.278417e+00  
192       1.425618e+01   1.413745e+01   1.298479e+00   1.298102e+00  
193       1.426702e+01   1.414604e+01   1.311183e+00   1.310840e+00  
194       1.425626e+01   1.413113e+01   1.332874e+00   1.332417e+00  
195       1.426941e+01   1.414180e+01   1.346635e+00   1.346130e+00  
196       1.425620e+01   1.412464e+01   1.366605e+00   1.366101e+00  
197       1.427314e+01   1.413859e+01   1.382892e+00   1.382228e+00  
198       1.425297e+01   1.411410e+01   1.403836e+00   1.403067e+00  
199       1.426500e+01   1.412310e+01   1.419558e+00   1.418800e+00  
200       1.425909e+01   1.411297e+01   1.440208e+00   1.439276e+00  
201       1.427061e+01   1.412118e+01   1.456943e+00   1.456039e+00  
202       1.426764e+01   1.411357e+01   1.479208e+00   1.478100e+00  
203       1.430672e+01   1.414912e+01   1.498109e+00   1.496789e+00  
204       1.428101e+01   1.411815e+01   1.521311e+00   1.520061e+00  
205       1.429517e+01   1.412936e+01   1.535732e+00   1.534390e+00  
206       1.429910e+01   1.412859e+01   1.557684e+00   1.555932e+00  
207       1.433146e+01   1.415721e+01   1.576304e+00   1.574552e+00  
208       1.431671e+01   1.413744e+01   1.597730e+00   1.596339e+00  
209       1.435309e+01   1.417006e+01   1.616645e+00   1.614632e+00  
210       1.432406e+01   1.413615e+01   1.636288e+00   1.634134e+00  
211       1.436494e+01   1.417372e+01   1.652817e+00   1.650842e+00  
212       1.434364e+01   1.414737e+01   1.673412e+00   1.670814e+00  
213       1.439741e+01   1.419785e+01   1.690399e+00   1.687933e+00  
214       1.435456e+01   1.414981e+01   1.709631e+00   1.706836e+00  
215       1.440448e+01   1.419738e+01   1.722282e+00   1.719653e+00  
216       1.435371e+01   1.414213e+01   1.737859e+00   1.734690e+00  
217       1.440724e+01   1.419274e+01   1.752539e+00   1.750204e+00  
218       1.436490e+01   1.414642e+01   1.766274e+00   1.763318e+00  
219       1.441176e+01   1.419110e+01   1.778144e+00   1.774709e+00  
220       1.436577e+01   1.414246e+01   1.785516e+00   1.782719e+00  
221       1.443127e+01   1.420625e+01   1.796428e+00   1.793596e+00  
222       1.437573e+01   1.414782e+01   1.804657e+00   1.801138e+00  
223       1.443186e+01   1.420220e+01   1.814567e+00   1.812102e+00  
224       1.439095e+01   1.415915e+01   1.820375e+00   1.817744e+00  
225       1.443867e+01   1.420460e+01   1.831776e+00   1.830033e+00  
226       1.439326e+01   1.415696e+01   1.836927e+00   1.836338e+00  
227       1.444807e+01   1.421014e+01   1.846992e+00   1.845881e+00  
228       1.440126e+01   1.416149e+01   1.850892e+00   1.850054e+00  
229       1.445899e+01   1.421742e+01   1.861895e+00   1.860329e+00  
230       1.440733e+01   1.416437e+01   1.864468e+00   1.861588e+00  
231       1.445156e+01   1.420569e+01   1.877018e+00   1.876955e+00  
232       1.442532e+01   1.417925e+01   1.876413e+00   1.875525e+00  
233       1.447032e+01   1.422157e+01   1.889392e+00   1.888746e+00  
234       1.441575e+01   1.416563e+01   1.891447e+00   1.889732e+00  
235       1.448354e+01   1.423139e+01   1.902904e+00   1.902430e+00  
236       1.442019e+01   1.416724e+01   1.901689e+00   1.901258e+00  
237       1.447387e+01   1.421908e+01   1.912368e+00   1.911429e+00  
238       1.443987e+01   1.418524e+01   1.909281e+00   1.908836e+00  
239       1.448934e+01   1.423315e+01   1.918023e+00   1.918253e+00  
240       1.443595e+01   1.417890e+01   1.918218e+00   1.917204e+00  
241       1.449258e+01   1.423527e+01   1.922367e+00   1.922594e+00  
242       1.444483e+01   1.418722e+01   1.920497e+00   1.920326e+00  
243       1.447931e+01   1.422045e+01   1.927447e+00   1.927269e+00  
244       1.445399e+01   1.419656e+01   1.920287e+00   1.920403e+00  
245       1.448924e+01   1.422946e+01   1.930324e+00   1.932493e+00  
246       1.445395e+01   1.419602e+01   1.921494e+00   1.922895e+00  
247       1.448772e+01   1.422743e+01   1.931715e+00   1.934659e+00  
248       1.445792e+01   1.419980e+01   1.922897e+00   1.923428e+00  
249       1.451296e+01   1.425305e+01   1.932885e+00   1.934090e+00  
250       1.447554e+01   1.421883e+01   1.919163e+00   1.919107e+00  
251       1.452081e+01   1.426188e+01   1.929771e+00   1.931033e+00  
252       1.449074e+01   1.423395e+01   1.919269e+00   1.921618e+00  
253       1.451089e+01   1.425208e+01   1.928536e+00   1.929991e+00  
254       1.447240e+01   1.421544e+01   1.919526e+00   1.920214e+00  
255       1.450300e+01   1.424489e+01   1.925237e+00   1.927078e+00  
256       1.447077e+01   1.421406e+01   1.918905e+00   1.918740e+00  
257       1.451133e+01   1.425428e+01   1.921351e+00   1.924198e+00  
258       1.449101e+01   1.423495e+01   1.917719e+00   1.917793e+00  
259       1.451740e+01   1.426082e+01   1.921011e+00   1.921884e+00  
260       1.447507e+01   1.421894e+01   1.916612e+00   1.917293e+00  
261       1.451833e+01   1.426230e+01   1.919227e+00   1.919711e+00  
262       1.449224e+01   1.423673e+01   1.915396e+00   1.916180e+00  
263       1.451382e+01   1.425756e+01   1.919625e+00   1.920413e+00  
264       1.449024e+01   1.423483e+01   1.915223e+00   1.915358e+00  
265       1.450502e+01   1.424842e+01   1.920366e+00   1.921075e+00  
266       1.449173e+01   1.423574e+01   1.918562e+00   1.916536e+00  
267       1.450434e+01   1.424675e+01   1.924387e+00   1.924278e+00  
268       1.448450e+01   1.422817e+01   1.919501e+00   1.917098e+00  
269       1.450819e+01   1.424961e+01   1.929101e+00   1.927371e+00  
270       1.450608e+01   1.424938e+01   1.922491e+00   1.919723e+00  
271       1.449715e+01   1.423755e+01   1.932156e+00   1.930345e+00  
272       1.451407e+01   1.425602e+01   1.928361e+00   1.924997e+00  
273       1.449995e+01   1.423860e+01   1.938555e+00   1.937202e+00  
274       1.451236e+01   1.425228e+01   1.935996e+00   1.932116e+00  
275       1.449159e+01   1.422768e+01   1.947706e+00   1.945685e+00  
276       1.451701e+01   1.425474e+01   1.944481e+00   1.940354e+00  
277       1.449801e+01   1.423208e+01   1.955616e+00   1.953387e+00  
278       1.450973e+01   1.424479e+01   1.953407e+00   1.950002e+00  
279       1.451495e+01   1.424674e+01   1.965508e+00   1.962354e+00  
280       1.451081e+01   1.424319e+01   1.963403e+00   1.959685e+00  
281       1.451596e+01   1.424509e+01   1.975303e+00   1.972027e+00  
282       1.450687e+01   1.423497e+01   1.978856e+00   1.974656e+00  
283       1.450944e+01   1.423562e+01   1.985732e+00   1.981872e+00  
284       1.450837e+01   1.423413e+01   1.987355e+00   1.983103e+00  
285       1.450615e+01   1.422965e+01   1.995399e+00   1.990935e+00  
286       1.450489e+01   1.422764e+01   1.998617e+00   1.992917e+00  
287       1.451086e+01   1.423052e+01   2.009294e+00   2.005072e+00  
288       1.451093e+01   1.423055e+01   2.009939e+00   2.004678e+00  
289       1.450024e+01   1.421795e+01   2.015466e+00   2.011157e+00  
290       1.450790e+01   1.422514e+01   2.017837e+00   2.013189e+00  
291       1.449632e+01   1.421069e+01   2.027045e+00   2.022529e+00  
292       1.450105e+01   1.421522e+01   2.028666e+00   2.022955e+00  
293       1.451129e+01   1.422423e+01   2.033521e+00   2.028193e+00  
294       1.449732e+01   1.420943e+01   2.035096e+00   2.030420e+00  
295       1.449325e+01   1.420375e+01   2.041286e+00   2.034943e+00  
296       1.450794e+01   1.421905e+01   2.039727e+00   2.034335e+00  
297       1.450874e+01   1.421833e+01   2.044874e+00   2.039849e+00  
298       1.451189e+01   1.422191e+01   2.043735e+00   2.038476e+00  
299       1.450668e+01   1.421528e+01   2.047989e+00   2.043353e+00  
300       1.451003e+01   1.421893e+01   2.047500e+00   2.042253e+00  
301       1.449862e+01   1.420633e+01   2.050085e+00   2.046324e+00  
302       1.451355e+01   1.422168e+01   2.050281e+00   2.045373e+00  
303       1.450612e+01   1.421348e+01   2.051671e+00   2.048214e+00  
304       1.451929e+01   1.422666e+01   2.053890e+00   2.047819e+00  
305       1.450109e+01   1.420750e+01   2.054700e+00   2.051039e+00  
306       1.451408e+01   1.422009e+01   2.057988e+00   2.052403e+00  
307       1.451577e+01   1.422170e+01   2.056888e+00   2.054276e+00  
308       1.452243e+01   1.422800e+01   2.059521e+00   2.055069e+00  
309       1.450089e+01   1.420577e+01   2.058936e+00   2.057374e+00  
310       1.453316e+01   1.423833e+01   2.061874e+00   2.057040e+00  
311       1.450521e+01   1.420973e+01   2.060519e+00   2.058867e+00  
312       1.452394e+01   1.422845e+01   2.063005e+00   2.059112e+00  
313       1.450305e+01   1.420738e+01   2.061050e+00   2.059348e+00  
314       1.452018e+01   1.422471e+01   2.062375e+00   2.059113e+00  
315       1.450382e+01   1.420917e+01   2.057335e+00   2.056134e+00  
316       1.450966e+01   1.421396e+01   2.062266e+00   2.059284e+00  
317       1.450995e+01   1.421645e+01   2.053874e+00   2.052472e+00  
318       1.451251e+01   1.421749e+01   2.059472e+00   2.057795e+00  
319       1.451315e+01   1.422053e+01   2.050356e+00   2.050370e+00  
320       1.449827e+01   1.420402e+01   2.055367e+00   2.054580e+00  
321       1.451664e+01   1.422490e+01   2.047636e+00   2.047492e+00  
322       1.449225e+01   1.419934e+01   2.049879e+00   2.049912e+00  
323       1.451339e+01   1.422228e+01   2.045458e+00   2.044835e+00  
324       1.448557e+01   1.419376e+01   2.045049e+00   2.046127e+00  
325       1.451794e+01   1.422798e+01   2.041419e+00   2.041488e+00  
326       1.447815e+01   1.418765e+01   2.040476e+00   2.040492e+00  
327       1.451400e+01   1.422567e+01   2.034768e+00   2.036259e+00  
328       1.448105e+01   1.419187e+01   2.035898e+00   2.036365e+00  
329       1.450372e+01   1.421629e+01   2.031291e+00   2.031898e+00  
330       1.446126e+01   1.417317e+01   2.030403e+00   2.031415e+00  
331       1.450726e+01   1.422224e+01   2.022680e+00   2.024211e+00  
332       1.445828e+01   1.417101e+01   2.027534e+00   2.028143e+00  
333       1.450986e+01   1.422608e+01   2.018661e+00   2.019806e+00  
334       1.446128e+01   1.417589e+01   2.021457e+00   2.021526e+00  
335       1.451926e+01   1.423679e+01   2.015307e+00   2.015249e+00  
336       1.446324e+01   1.417896e+01   2.017867e+00   2.017618e+00  
337       1.451784e+01   1.423581e+01   2.013274e+00   2.013977e+00  
338       1.445605e+01   1.417202e+01   2.016743e+00   2.015896e+00  
339       1.451122e+01   1.422976e+01   2.011318e+00   2.010975e+00  
340       1.445995e+01   1.417732e+01   2.011734e+00   2.011639e+00  
341       1.450671e+01   1.422544e+01   2.010449e+00   2.009886e+00  
342       1.447971e+01   1.419709e+01   2.013633e+00   2.012429e+00  
343       1.450844e+01   1.422757e+01   2.008638e+00   2.009038e+00  
344       1.446270e+01   1.417939e+01   2.014823e+00   2.013692e+00  
345       1.451601e+01   1.423483e+01   2.010978e+00   2.010025e+00  
346       1.446985e+01   1.418648e+01   2.015095e+00   2.014872e+00  
347       1.451611e+01   1.423423e+01   2.013765e+00   2.012177e+00  
348       1.447811e+01   1.419365e+01   2.019611e+00   2.019216e+00  
349       1.450381e+01   1.422127e+01   2.014946e+00   2.013941e+00  
350       1.446420e+01   1.417836e+01   2.023696e+00   2.022840e+00  
351       1.450472e+01   1.422103e+01   2.018694e+00   2.018458e+00  
352       1.446910e+01   1.418175e+01   2.029681e+00   2.028123e+00  
353       1.450118e+01   1.421515e+01   2.026791e+00   2.026295e+00  
354       1.446945e+01   1.418111e+01   2.033142e+00   2.031565e+00  
355       1.450636e+01   1.421895e+01   2.032884e+00   2.030602e+00  
356       1.448422e+01   1.419437e+01   2.039500e+00   2.037859e+00  
357       1.450122e+01   1.421133e+01   2.040968e+00   2.039121e+00  
358       1.445921e+01   1.416733e+01   2.045315e+00   2.042602e+00  
359       1.450897e+01   1.421711e+01   2.048384e+00   2.046506e+00  
360       1.446925e+01   1.417462e+01   2.055868e+00   2.052482e+00  
361       1.449254e+01   1.419780e+01   2.057181e+00   2.055259e+00  
362       1.448151e+01   1.418552e+01   2.061441e+00   2.058033e+00  
363       1.450095e+01   1.420372e+01   2.066680e+00   2.064166e+00  
364       1.449406e+01   1.419531e+01   2.071712e+00   2.068517e+00  
365       1.449788e+01   1.419874e+01   2.072884e+00   2.070614e+00  
366       1.450414e+01   1.420366e+01   2.078203e+00   2.075352e+00  
367       1.450036e+01   1.419873e+01   2.082055e+00   2.078829e+00  
368       1.450819e+01   1.420548e+01   2.086568e+00   2.082831e+00  
369       1.448673e+01   1.418318e+01   2.087995e+00   2.083998e+00  
370       1.450130e+01   1.419747e+01   2.090292e+00   2.085679e+00  
371       1.449457e+01   1.418958e+01   2.093906e+00   2.089013e+00  
372       1.449286e+01   1.418771e+01   2.094587e+00   2.089143e+00  
373       1.450673e+01   1.420077e+01   2.097430e+00   2.093825e+00  
374       1.449049e+01   1.418475e+01   2.096683e+00   2.090722e+00  
375       1.449302e+01   1.418599e+01   2.099420e+00   2.097074e+00  
376       1.448113e+01   1.417319e+01   2.103370e+00   2.097469e+00  
377       1.450429e+01   1.419682e+01   2.102354e+00   2.098759e+00  
378       1.446883e+01   1.416011e+01   2.104134e+00   2.100228e+00  
379       1.449113e+01   1.418269e+01   2.104650e+00   2.101124e+00  
380       1.447251e+01   1.416256e+01   2.108849e+00   2.104389e+00  
381       1.450092e+01   1.419126e+01   2.109329e+00   2.106062e+00  
382       1.447434e+01   1.416389e+01   2.110043e+00   2.106715e+00  
383       1.450633e+01   1.419597e+01   2.112373e+00   2.108510e+00  
384       1.446849e+01   1.415683e+01   2.113476e+00   2.110593e+00  
385       1.449938e+01   1.418811e+01   2.114329e+00   2.111709e+00  
386       1.447949e+01   1.416728e+01   2.116243e+00   2.113149e+00  
387       1.449451e+01   1.418266e+01   2.115603e+00   2.113579e+00  
388       1.448154e+01   1.416900e+01   2.117599e+00   2.114287e+00  
389       1.448772e+01   1.417541e+01   2.117003e+00   2.114196e+00  
390       1.448090e+01   1.416738e+01   2.120117e+00   2.118207e+00  
391       1.449463e+01   1.418289e+01   2.115309e+00   2.113151e+00  
392       1.448271e+01   1.416959e+01   2.118927e+00   2.116979e+00  
393       1.448433e+01   1.417195e+01   2.116212e+00   2.115006e+00  
394       1.448251e+01   1.417014e+01   2.116288e+00   2.114586e+00  
395       1.448593e+01   1.417371e+01   2.115983e+00   2.114439e+00  
396       1.448047e+01   1.416829e+01   2.115084e+00   2.114235e+00  
397       1.449647e+01   1.418566e+01   2.111236e+00   2.111247e+00  
398       1.448066e+01   1.416900e+01   2.113104e+00   2.112794e+00  
399       1.448120e+01   1.417053e+01   2.109902e+00   2.109428e+00  
400       1.448677e+01   1.417634e+01   2.109092e+00   2.109390e+00  
401       1.449213e+01   1.418177e+01   2.109886e+00   2.108894e+00  
402       1.447599e+01   1.416578e+01   2.107675e+00   2.107787e+00  
403       1.449237e+01   1.418321e+01   2.105693e+00   2.105049e+00  
404       1.448171e+01   1.417170e+01   2.107737e+00   2.107203e+00  
405       1.448939e+01   1.418124e+01   2.102219e+00   2.101346e+00  
406       1.448223e+01   1.417368e+01   2.103127e+00   2.102006e+00  
407       1.449669e+01   1.418843e+01   2.102796e+00   2.102542e+00  
408       1.449372e+01   1.418613e+01   2.100799e+00   2.099617e+00  
409       1.450205e+01   1.419493e+01   2.099738e+00   2.098720e+00  
410       1.449050e+01   1.418310e+01   2.100247e+00   2.098416e+00  
411       1.450943e+01   1.420293e+01   2.098259e+00   2.097102e+00  
412       1.449832e+01   1.419150e+01   2.099066e+00   2.096798e+00  
413       1.449708e+01   1.419039e+01   2.097735e+00   2.097037e+00  
414       1.448780e+01   1.418103e+01   2.098423e+00   2.095564e+00  
415       1.449409e+01   1.418653e+01   2.100604e+00   2.099624e+00  
416       1.448189e+01   1.417502e+01   2.097683e+00   2.096135e+00  
417       1.449045e+01   1.418260e+01   2.101335e+00   2.100339e+00  
418       1.447553e+01   1.416870e+01   2.097024e+00   2.095529e+00  
419       1.448831e+01   1.418027e+01   2.102126e+00   2.100466e+00  
420       1.448790e+01   1.418014e+01   2.100549e+00   2.100157e+00  
421       1.449380e+01   1.418492e+01   2.105583e+00   2.103529e+00  
422       1.447837e+01   1.416990e+01   2.102320e+00   2.101725e+00  
423       1.448886e+01   1.417871e+01   2.109149e+00   2.107767e+00  
424       1.446640e+01   1.415715e+01   2.104323e+00   2.103245e+00  
425       1.449795e+01   1.418697e+01   2.112904e+00   2.110923e+00  
426       1.446558e+01   1.415441e+01   2.110762e+00   2.109604e+00  
427       1.448008e+01   1.416736e+01   2.117212e+00   2.115639e+00  
428       1.447009e+01   1.415704e+01   2.116809e+00   2.116802e+00  
429       1.448051e+01   1.416649e+01   2.122119e+00   2.119540e+00  
430       1.446758e+01   1.415327e+01   2.121058e+00   2.120569e+00  
431       1.449456e+01   1.417854e+01   2.129687e+00   2.127329e+00  
432       1.447973e+01   1.416329e+01   2.129500e+00   2.128173e+00  
433       1.448807e+01   1.416965e+01   2.137070e+00   2.134930e+00  
434       1.447710e+01   1.415839e+01   2.136493e+00   2.135813e+00  
435       1.448920e+01   1.416879e+01   2.143372e+00   2.142052e+00  
436       1.448263e+01   1.416146e+01   2.145379e+00   2.144094e+00  
437       1.449051e+01   1.416778e+01   2.151045e+00   2.149863e+00  
438       1.448353e+01   1.416029e+01   2.152469e+00   2.150725e+00  
439       1.449650e+01   1.417212e+01   2.156698e+00   2.155967e+00  
440       1.448939e+01   1.416371e+01   2.160642e+00   2.159455e+00  
441       1.450002e+01   1.417398e+01   2.162382e+00   2.161682e+00  
442       1.448285e+01   1.415541e+01   2.166297e+00   2.164397e+00  
443       1.448831e+01   1.415954e+01   2.170284e+00   2.169878e+00  
444       1.447988e+01   1.415128e+01   2.170536e+00   2.167220e+00  
445       1.448638e+01   1.415574e+01   2.175772e+00   2.176279e+00  
446       1.448735e+01   1.415754e+01   2.174721e+00   2.172105e+00  
447       1.447659e+01   1.414523e+01   2.177454e+00   2.177821e+00  
448       1.448248e+01   1.415135e+01   2.178223e+00   2.176431e+00  
449       1.449386e+01   1.416228e+01   2.179360e+00   2.179937e+00  
450       1.447649e+01   1.414416e+01   2.181275e+00   2.180227e+00  
451       1.447146e+01   1.413872e+01   2.180783e+00   2.182599e+00  
452       1.448223e+01   1.414909e+01   2.184236e+00   2.183392e+00  
453       1.447279e+01   1.413866e+01   2.185741e+00   2.186912e+00  
454       1.448046e+01   1.414632e+01   2.186691e+00   2.187137e+00  
455       1.445634e+01   1.412131e+01   2.186674e+00   2.189234e+00  
456       1.449181e+01   1.415719e+01   2.189875e+00   2.188852e+00  
457       1.446109e+01   1.412495e+01   2.190274e+00   2.193562e+00  
458       1.450174e+01   1.416633e+01   2.193230e+00   2.192081e+00  
459       1.445983e+01   1.412319e+01   2.191669e+00   2.195141e+00  
460       1.451726e+01   1.418177e+01   2.193322e+00   2.194899e+00  
461       1.445986e+01   1.412225e+01   2.195082e+00   2.197967e+00  
462       1.451277e+01   1.417608e+01   2.196624e+00   2.198668e+00  
463       1.446037e+01   1.412281e+01   2.195007e+00   2.197874e+00  
464       1.451571e+01   1.417919e+01   2.196512e+00   2.198145e+00  
465       1.445228e+01   1.411379e+01   2.197342e+00   2.200242e+00  
466       1.452648e+01   1.419023e+01   2.195403e+00   2.199146e+00  
467       1.447017e+01   1.413217e+01   2.197042e+00   2.200143e+00  
468       1.452417e+01   1.418892e+01   2.192595e+00   2.195121e+00  
469       1.446856e+01   1.413067e+01   2.196026e+00   2.200153e+00  
470       1.452981e+01   1.419485e+01   2.191641e+00   2.195091e+00  
471       1.447287e+01   1.413537e+01   2.194980e+00   2.199385e+00  
472       1.452546e+01   1.419098e+01   2.189438e+00   2.193466e+00  
473       1.446330e+01   1.412614e+01   2.193608e+00   2.197129e+00  
474       1.451937e+01   1.418481e+01   2.189413e+00   2.193141e+00  
475       1.447037e+01   1.413375e+01   2.192085e+00   2.196231e+00  
476       1.450290e+01   1.416823e+01   2.187773e+00   2.192994e+00  
477       1.447211e+01   1.413607e+01   2.190413e+00   2.194463e+00  
478       1.450674e+01   1.417303e+01   2.185276e+00   2.189782e+00  
479       1.446591e+01   1.413041e+01   2.188461e+00   2.191979e+00  
480       1.451613e+01   1.418311e+01   2.183478e+00   2.188562e+00  
481       1.446488e+01   1.413007e+01   2.185977e+00   2.189841e+00  
482       1.450654e+01   1.417428e+01   2.179800e+00   2.185875e+00  
483       1.445609e+01   1.412139e+01   2.185155e+00   2.188591e+00  
484       1.450931e+01   1.417750e+01   2.178557e+00   2.184619e+00  
485       1.446043e+01   1.412613e+01   2.184385e+00   2.187488e+00  
486       1.450825e+01   1.417675e+01   2.177700e+00   2.183248e+00  
487       1.445942e+01   1.412568e+01   2.181891e+00   2.186195e+00  
488       1.450105e+01   1.416922e+01   2.178198e+00   2.183813e+00  
489       1.446023e+01   1.412738e+01   2.179812e+00   2.182624e+00  
490       1.449317e+01   1.416096e+01   2.179045e+00   2.184262e+00  
491       1.446606e+01   1.413308e+01   2.179817e+00   2.184352e+00  
492       1.448292e+01   1.415034e+01   2.179639e+00   2.184478e+00  
493       1.447328e+01   1.414069e+01   2.178734e+00   2.184053e+00  
494       1.448390e+01   1.415047e+01   2.182485e+00   2.187345e+00  
495       1.448373e+01   1.415172e+01   2.177797e+00   2.182765e+00  
496       1.448286e+01   1.414913e+01   2.183289e+00   2.188285e+00  
497       1.448419e+01   1.415137e+01   2.180729e+00   2.185167e+00  
498       1.448869e+01   1.415456e+01   2.185239e+00   2.189793e+00  
499       1.447495e+01   1.414095e+01   2.184281e+00   2.187809e+00  
500       1.447600e+01   1.414070e+01   2.188019e+00   2.192635e+00  
501       1.448512e+01   1.415065e+01   2.186492e+00   2.190253e+00  
502       1.447593e+01   1.413982e+01   2.190533e+00   2.195308e+00  
503       1.447550e+01   1.414020e+01   2.189500e+00   2.191116e+00  
504       1.448138e+01   1.414398e+01   2.195173e+00   2.199817e+00  
505       1.448829e+01   1.415167e+01   2.194785e+00   2.196317e+00  
506       1.448507e+01   1.414652e+01   2.199187e+00   2.203840e+00  
507       1.449104e+01   1.415370e+01   2.197481e+00   2.198673e+00  
508       1.449005e+01   1.415052e+01   2.203244e+00   2.206819e+00  
509       1.449259e+01   1.415368e+01   2.202592e+00   2.203857e+00  
510       1.449812e+01   1.415749e+01   2.207910e+00   2.210464e+00  
511       1.449244e+01   1.415215e+01   2.206813e+00   2.208496e+00  
512       1.449596e+01   1.415353e+01   2.213942e+00   2.215635e+00  
513       1.449399e+01   1.415293e+01   2.209143e+00   2.211349e+00  
514       1.449409e+01   1.415059e+01   2.217415e+00   2.218685e+00  
515       1.450370e+01   1.416209e+01   2.212615e+00   2.212844e+00  
516       1.449969e+01   1.415508e+01   2.221791e+00   2.222234e+00  
517       1.450347e+01   1.416040e+01   2.217294e+00   2.217480e+00  
518       1.449984e+01   1.415444e+01   2.224210e+00   2.224917e+00  
519       1.451453e+01   1.417111e+01   2.219645e+00   2.219113e+00  
520       1.450311e+01   1.415715e+01   2.226840e+00   2.226287e+00  
521       1.452232e+01   1.417817e+01   2.222570e+00   2.222008e+00  
522       1.451182e+01   1.416575e+01   2.227821e+00   2.227395e+00  
523       1.452798e+01   1.418371e+01   2.223557e+00   2.222735e+00  
524       1.452265e+01   1.417705e+01   2.227160e+00   2.226712e+00  
525       1.453685e+01   1.419246e+01   2.224580e+00   2.223800e+00  
526       1.452250e+01   1.417681e+01   2.227459e+00   2.227017e+00  
527       1.453415e+01   1.418926e+01   2.226452e+00   2.224679e+00  
528       1.452130e+01   1.417497e+01   2.229377e+00   2.228969e+00  
529       1.453038e+01   1.418501e+01   2.227709e+00   2.225923e+00  
530       1.453520e+01   1.418930e+01   2.228888e+00   2.228900e+00  
531       1.452614e+01   1.418058e+01   2.228255e+00   2.225930e+00  
532       1.453309e+01   1.418724e+01   2.228516e+00   2.228616e+00  
533       1.453470e+01   1.418914e+01   2.228876e+00   2.226671e+00  
534       1.453326e+01   1.418706e+01   2.229708e+00   2.229682e+00  
535       1.453871e+01   1.419343e+01   2.227842e+00   2.226536e+00  
536       1.453038e+01   1.418427e+01   2.229400e+00   2.228925e+00  
537       1.453275e+01   1.418760e+01   2.226528e+00   2.226073e+00  
538       1.454046e+01   1.419484e+01   2.228528e+00   2.228279e+00  
539       1.453317e+01   1.418792e+01   2.226656e+00   2.226643e+00  
540       1.452696e+01   1.418153e+01   2.226921e+00   2.226582e+00  
541       1.453504e+01   1.419046e+01   2.224964e+00   2.224413e+00  
542       1.452762e+01   1.418317e+01   2.224418e+00   2.222918e+00  
543       1.454589e+01   1.420244e+01   2.221710e+00   2.222113e+00  
544       1.452582e+01   1.418189e+01   2.222258e+00   2.221491e+00  
545       1.453885e+01   1.419643e+01   2.217740e+00   2.218369e+00  
546       1.453323e+01   1.419032e+01   2.218716e+00   2.219680e+00  
547       1.453429e+01   1.419225e+01   2.216669e+00   2.216321e+00  
548       1.451793e+01   1.417554e+01   2.216107e+00   2.216589e+00  
549       1.453470e+01   1.419360e+01   2.213569e+00   2.213466e+00  
550       1.452649e+01   1.418558e+01   2.211385e+00   2.213118e+00  
551       1.453507e+01   1.419485e+01   2.210626e+00   2.210821e+00  
552       1.451833e+01   1.417831e+01   2.208140e+00   2.209389e+00  
553       1.453290e+01   1.419393e+01   2.206500e+00   2.206543e+00  
554       1.451548e+01   1.417647e+01   2.204720e+00   2.205899e+00  
555       1.453345e+01   1.419522e+01   2.203793e+00   2.204621e+00  
556       1.452567e+01   1.418819e+01   2.200800e+00   2.201607e+00  
557       1.453481e+01   1.419765e+01   2.200324e+00   2.201355e+00  
558       1.452402e+01   1.418775e+01   2.196334e+00   2.197998e+00  
559       1.453242e+01   1.419584e+01   2.198345e+00   2.199254e+00  
560       1.453412e+01   1.419882e+01   2.193444e+00   2.196101e+00  
561       1.453073e+01   1.419511e+01   2.194355e+00   2.196730e+00  
562       1.452792e+01   1.419335e+01   2.190767e+00   2.193137e+00  
563       1.452187e+01   1.418662e+01   2.192922e+00   2.194430e+00  
564       1.453512e+01   1.420109e+01   2.189547e+00   2.191969e+00  
565       1.453137e+01   1.419691e+01   2.191001e+00   2.192661e+00  
566       1.452271e+01   1.418843e+01   2.189298e+00   2.191909e+00  
567       1.454532e+01   1.421155e+01   2.189978e+00   2.191393e+00  
568       1.452546e+01   1.419164e+01   2.187889e+00   2.190752e+00  
569       1.454979e+01   1.421600e+01   2.190161e+00   2.192072e+00  
570       1.453627e+01   1.420262e+01   2.188325e+00   2.190875e+00  
571       1.455910e+01   1.422585e+01   2.188359e+00   2.191708e+00  
572       1.452516e+01   1.419096e+01   2.189246e+00   2.191849e+00  
573       1.455143e+01   1.421825e+01   2.187908e+00   2.190540e+00  
574       1.453299e+01   1.419853e+01   2.191106e+00   2.192814e+00  
575       1.454963e+01   1.421586e+01   2.189786e+00   2.192235e+00  
576       1.452889e+01   1.419415e+01   2.191333e+00   2.193761e+00  
577       1.454454e+01   1.420986e+01   2.192518e+00   2.194588e+00  
578       1.453226e+01   1.419754e+01   2.190669e+00   2.194893e+00  
579       1.454816e+01   1.421292e+01   2.194449e+00   2.196815e+00  
580       1.453835e+01   1.420320e+01   2.193066e+00   2.196154e+00  
581       1.455233e+01   1.421650e+01   2.196779e+00   2.199001e+00  
582       1.454233e+01   1.420626e+01   2.196754e+00   2.199071e+00  
583       1.454489e+01   1.420787e+01   2.200540e+00   2.201827e+00  
584       1.454277e+01   1.420581e+01   2.199893e+00   2.201752e+00  
585       1.455094e+01   1.421312e+01   2.203288e+00   2.205182e+00  
586       1.453930e+01   1.420136e+01   2.202774e+00   2.204606e+00  
587       1.455630e+01   1.421752e+01   2.207155e+00   2.208225e+00  
588       1.454540e+01   1.420606e+01   2.207529e+00   2.209826e+00  
589       1.455072e+01   1.421060e+01   2.211816e+00   2.211403e+00  
590       1.454757e+01   1.420768e+01   2.209347e+00   2.211860e+00  
591       1.455760e+01   1.421718e+01   2.212770e+00   2.213453e+00  
592       1.454318e+01   1.420286e+01   2.210646e+00   2.212635e+00  
593       1.456369e+01   1.422267e+01   2.215774e+00   2.215176e+00  
594       1.454512e+01   1.420379e+01   2.214155e+00   2.215913e+00  
595       1.456687e+01   1.422533e+01   2.217371e+00   2.217422e+00  
596       1.454607e+01   1.420395e+01   2.216641e+00   2.218692e+00  
597       1.455458e+01   1.421315e+01   2.215752e+00   2.216431e+00  
598       1.455586e+01   1.421400e+01   2.217066e+00   2.218057e+00  
599       1.456546e+01   1.422443e+01   2.215501e+00   2.215839e+00  
600       1.454827e+01   1.420591e+01   2.217812e+00   2.219334e+00  
601       1.456317e+01   1.422215e+01   2.215831e+00   2.215019e+00  
602       1.455081e+01   1.420863e+01   2.217753e+00   2.218670e+00  
603       1.455563e+01   1.421435e+01   2.215569e+00   2.215786e+00  
604       1.455307e+01   1.421070e+01   2.218775e+00   2.219192e+00  
605       1.455409e+01   1.421249e+01   2.216807e+00   2.216394e+00  
606       1.455579e+01   1.421370e+01   2.217765e+00   2.218829e+00  
607       1.455365e+01   1.421171e+01   2.218175e+00   2.217166e+00  
608       1.455651e+01   1.421459e+01   2.217589e+00   2.218019e+00  
609       1.455760e+01   1.421633e+01   2.215654e+00   2.216011e+00  
610       1.455838e+01   1.421677e+01   2.216729e+00   2.217257e+00  
611       1.456251e+01   1.422142e+01   2.215798e+00   2.215399e+00  
612       1.455050e+01   1.420872e+01   2.216465e+00   2.217338e+00  
613       1.455165e+01   1.421049e+01   2.215228e+00   2.214767e+00  
614       1.455419e+01   1.421311e+01   2.214591e+00   2.215250e+00  
615       1.455135e+01   1.421051e+01   2.213725e+00   2.214187e+00  
616       1.455617e+01   1.421563e+01   2.212616e+00   2.214104e+00  
617       1.455019e+01   1.421002e+01   2.211431e+00   2.211958e+00  
618       1.455203e+01   1.421234e+01   2.209881e+00   2.210786e+00  
619       1.455407e+01   1.421475e+01   2.209024e+00   2.209544e+00  
620       1.455830e+01   1.421982e+01   2.206337e+00   2.207419e+00  
621       1.454071e+01   1.420221e+01   2.205461e+00   2.205821e+00  
622       1.455274e+01   1.421469e+01   2.204489e+00   2.205656e+00  
623       1.454124e+01   1.420367e+01   2.201928e+00   2.203406e+00  
624       1.454672e+01   1.420960e+01   2.201023e+00   2.202276e+00  
625       1.453710e+01   1.420077e+01   2.197663e+00   2.199008e+00  
626       1.455674e+01   1.422073e+01   2.198138e+00   2.199479e+00  
627       1.454654e+01   1.421157e+01   2.194315e+00   2.195045e+00  
628       1.456209e+01   1.422782e+01   2.192462e+00   2.194713e+00  
629       1.454432e+01   1.421006e+01   2.192112e+00   2.192310e+00  
630       1.456109e+01   1.422807e+01   2.188290e+00   2.190625e+00  
631       1.454770e+01   1.421420e+01   2.190173e+00   2.189769e+00  
632       1.455023e+01   1.421799e+01   2.184994e+00   2.187165e+00  
633       1.454807e+01   1.421523e+01   2.187963e+00   2.187736e+00  
634       1.454835e+01   1.421716e+01   2.181918e+00   2.183107e+00  
635       1.455513e+01   1.422346e+01   2.184113e+00   2.185141e+00  
636       1.454820e+01   1.421760e+01   2.179990e+00   2.181147e+00  
637       1.455455e+01   1.422368e+01   2.181468e+00   2.182403e+00  
638       1.454010e+01   1.420987e+01   2.178089e+00   2.179421e+00  
639       1.455936e+01   1.422952e+01   2.178681e+00   2.179238e+00  
640       1.455691e+01   1.422741e+01   2.176801e+00   2.178541e+00  
641       1.455103e+01   1.422151e+01   2.176887e+00   2.177650e+00  
642       1.455156e+01   1.422193e+01   2.177182e+00   2.178202e+00  
643       1.455112e+01   1.422206e+01   2.174894e+00   2.176664e+00  
644       1.454938e+01   1.422005e+01   2.175779e+00   2.177287e+00  
645       1.454935e+01   1.421975e+01   2.176262e+00   2.178576e+00  
646       1.454490e+01   1.421604e+01   2.173750e+00   2.175568e+00  
647       1.454708e+01   1.421749e+01   2.176064e+00   2.178373e+00  
648       1.453932e+01   1.420987e+01   2.175630e+00   2.176724e+00  
649       1.454233e+01   1.421261e+01   2.175944e+00   2.178586e+00  
650       1.453910e+01   1.420893e+01   2.178333e+00   2.178643e+00  
651       1.454794e+01   1.421797e+01   2.177294e+00   2.179750e+00  
652       1.453212e+01   1.420171e+01   2.178019e+00   2.179494e+00  
653       1.455474e+01   1.422445e+01   2.179150e+00   2.180997e+00  
654       1.454820e+01   1.421739e+01   2.180689e+00   2.181858e+00  
655       1.455233e+01   1.422129e+01   2.182078e+00   2.182587e+00  
656       1.454938e+01   1.421830e+01   2.181708e+00   2.182760e+00  
657       1.456234e+01   1.423085e+01   2.183662e+00   2.185479e+00  
658       1.454408e+01   1.421169e+01   2.185962e+00   2.186209e+00  
659       1.456665e+01   1.423431e+01   2.186717e+00   2.188616e+00  
660       1.453616e+01   1.420266e+01   2.189746e+00   2.188461e+00  
661       1.456671e+01   1.423341e+01   2.190063e+00   2.191538e+00  
662       1.452804e+01   1.419389e+01   2.190816e+00   2.190341e+00  
663       1.456844e+01   1.423384e+01   2.193887e+00   2.196377e+00  
664       1.454017e+01   1.420517e+01   2.194599e+00   2.193961e+00  
665       1.457953e+01   1.424462e+01   2.196696e+00   2.197297e+00  
666       1.453522e+01   1.419917e+01   2.198193e+00   2.196376e+00  
667       1.457710e+01   1.424140e+01   2.198969e+00   2.199775e+00  
668       1.454341e+01   1.420740e+01   2.198532e+00   2.197028e+00  
669       1.457848e+01   1.424200e+01   2.201014e+00   2.202960e+00  
670       1.453596e+01   1.419908e+01   2.201030e+00   2.199018e+00  
671       1.458129e+01   1.424462e+01   2.202635e+00   2.202969e+00  
672       1.454098e+01   1.420350e+01   2.202605e+00   2.202077e+00  
673       1.456732e+01   1.422992e+01   2.204513e+00   2.203678e+00  
674       1.454480e+01   1.420777e+01   2.201355e+00   2.200988e+00  
675       1.457772e+01   1.424073e+01   2.203821e+00   2.203325e+00  
676       1.454193e+01   1.420480e+01   2.201431e+00   2.201150e+00  
677       1.457446e+01   1.423713e+01   2.204982e+00   2.203907e+00  
678       1.454872e+01   1.421172e+01   2.202070e+00   2.200705e+00  
679       1.457792e+01   1.424048e+01   2.204854e+00   2.205210e+00  
680       1.455063e+01   1.421350e+01   2.202968e+00   2.200948e+00  
681       1.457441e+01   1.423685e+01   2.204993e+00   2.205361e+00  
682       1.455524e+01   1.421770e+01   2.204179e+00   2.203094e+00  
683       1.458039e+01   1.424280e+01   2.205990e+00   2.205478e+00  
684       1.456033e+01   1.422296e+01   2.204133e+00   2.202833e+00  
685       1.458235e+01   1.424493e+01   2.205248e+00   2.205443e+00  
686       1.455862e+01   1.422168e+01   2.202939e+00   2.200935e+00  
687       1.457373e+01   1.423597e+01   2.205079e+00   2.206432e+00  
688       1.456315e+01   1.422624e+01   2.203909e+00   2.200503e+00  
689       1.458202e+01   1.424428e+01   2.205510e+00   2.207174e+00  
690       1.455049e+01   1.421358e+01   2.202430e+00   2.200023e+00  
691       1.458628e+01   1.424896e+01   2.204357e+00   2.206211e+00  
692       1.456505e+01   1.422945e+01   2.199535e+00   2.196707e+00  
693       1.458326e+01   1.424632e+01   2.203084e+00   2.204595e+00  
694       1.456052e+01   1.422522e+01   2.198204e+00   2.195397e+00  
695       1.458617e+01   1.425031e+01   2.199940e+00   2.201207e+00  
696       1.455727e+01   1.422310e+01   2.194670e+00   2.191107e+00  
697       1.457669e+01   1.424169e+01   2.196517e+00   2.197597e+00  
698       1.455775e+01   1.422395e+01   2.192839e+00   2.190605e+00  
699       1.457389e+01   1.423984e+01   2.193161e+00   2.194347e+00  
700       1.456411e+01   1.423128e+01   2.189724e+00   2.188364e+00  
701       1.456882e+01   1.423575e+01   2.189218e+00   2.191140e+00  
702       1.455407e+01   1.422207e+01   2.186086e+00   2.185137e+00  
703       1.457017e+01   1.423841e+01   2.185707e+00   2.186355e+00  
704       1.455440e+01   1.422318e+01   2.183364e+00   2.182784e+00  
705       1.456782e+01   1.423671e+01   2.183964e+00   2.183554e+00  
706       1.455010e+01   1.421988e+01   2.179690e+00   2.179324e+00  
707       1.456022e+01   1.422979e+01   2.181286e+00   2.180599e+00  
708       1.454595e+01   1.421685e+01   2.175414e+00   2.175662e+00  
709       1.456844e+01   1.423934e+01   2.177592e+00   2.176820e+00  
710       1.453784e+01   1.420908e+01   2.173681e+00   2.173924e+00  
711       1.456841e+01   1.424023e+01   2.174493e+00   2.173934e+00  
712       1.454544e+01   1.421764e+01   2.171309e+00   2.171136e+00  
713       1.456741e+01   1.423989e+01   2.172062e+00   2.171890e+00  
714       1.454289e+01   1.421543e+01   2.170018e+00   2.169856e+00  
715       1.456239e+01   1.423542e+01   2.170007e+00   2.169563e+00  
716       1.454802e+01   1.422096e+01   2.168500e+00   2.169491e+00  
717       1.456848e+01   1.424257e+01   2.166644e+00   2.166899e+00  
718       1.454347e+01   1.421638e+01   2.169252e+00   2.168280e+00  
719       1.456348e+01   1.423796e+01   2.164380e+00   2.165844e+00  
720       1.455179e+01   1.422484e+01   2.169151e+00   2.168758e+00  
721       1.456545e+01   1.424021e+01   2.163885e+00   2.164830e+00  
722       1.453990e+01   1.421304e+01   2.168689e+00   2.166800e+00  
723       1.456459e+01   1.423941e+01   2.163441e+00   2.164725e+00  
724       1.454426e+01   1.421741e+01   2.168994e+00   2.167059e+00  
725       1.456993e+01   1.424411e+01   2.165990e+00   2.167171e+00  
726       1.454175e+01   1.421468e+01   2.169264e+00   2.167856e+00  
727       1.457522e+01   1.424894e+01   2.168038e+00   2.168915e+00  
728       1.454271e+01   1.421541e+01   2.169864e+00   2.168865e+00  
729       1.458459e+01   1.425817e+01   2.169301e+00   2.170073e+00  
730       1.454882e+01   1.422108e+01   2.171539e+00   2.171033e+00  
731       1.457800e+01   1.425079e+01   2.171586e+00   2.171926e+00  
732       1.454730e+01   1.421954e+01   2.171458e+00   2.171039e+00  
733       1.457231e+01   1.424382e+01   2.175857e+00   2.175154e+00  
734       1.454461e+01   1.421597e+01   2.174423e+00   2.173485e+00  
735       1.456623e+01   1.423650e+01   2.179767e+00   2.178472e+00  
736       1.453513e+01   1.420576e+01   2.175814e+00   2.175309e+00  
737       1.456750e+01   1.423713e+01   2.181604e+00   2.181030e+00  
738       1.453897e+01   1.420952e+01   2.176002e+00   2.176241e+00  
739       1.456112e+01   1.422985e+01   2.184097e+00   2.183425e+00  
740       1.455043e+01   1.422013e+01   2.180129e+00   2.179422e+00  
741       1.456710e+01   1.423580e+01   2.184817e+00   2.183834e+00  
742       1.454012e+01   1.420868e+01   2.182923e+00   2.182488e+00  
743       1.456848e+01   1.423676e+01   2.186482e+00   2.185076e+00  
744       1.454778e+01   1.421597e+01   2.184646e+00   2.184352e+00  
745       1.455954e+01   1.422731e+01   2.187774e+00   2.185700e+00  
746       1.453876e+01   1.420600e+01   2.187062e+00   2.186733e+00  
747       1.456004e+01   1.422798e+01   2.187099e+00   2.185411e+00  
748       1.454216e+01   1.420894e+01   2.188668e+00   2.188605e+00  
749       1.456420e+01   1.423256e+01   2.186201e+00   2.184141e+00  
750       1.454126e+01   1.420810e+01   2.188834e+00   2.187940e+00  
751       1.456500e+01   1.423326e+01   2.186861e+00   2.184314e+00  
752       1.453913e+01   1.420658e+01   2.186536e+00   2.185925e+00  
753       1.456265e+01   1.423065e+01   2.187205e+00   2.185265e+00  
754       1.454053e+01   1.420800e+01   2.186665e+00   2.185905e+00  
755       1.455978e+01   1.422762e+01   2.188286e+00   2.184812e+00  
756       1.453517e+01   1.420213e+01   2.187947e+00   2.187190e+00  
757       1.455642e+01   1.422437e+01   2.187158e+00   2.184722e+00  
758       1.454033e+01   1.420742e+01   2.188301e+00   2.186722e+00  
759       1.455736e+01   1.422596e+01   2.185106e+00   2.182687e+00  
760       1.453647e+01   1.420363e+01   2.187576e+00   2.186372e+00  
761       1.456595e+01   1.423450e+01   2.185532e+00   2.183849e+00  
762       1.453014e+01   1.419751e+01   2.186730e+00   2.184897e+00  
763       1.456705e+01   1.423579e+01   2.185536e+00   2.182809e+00  
764       1.452702e+01   1.419495e+01   2.184895e+00   2.182657e+00  
765       1.456229e+01   1.423125e+01   2.184604e+00   2.181527e+00  
766       1.452409e+01   1.419230e+01   2.184118e+00   2.181162e+00  
767       1.456256e+01   1.423213e+01   2.182093e+00   2.180179e+00  
768       1.452905e+01   1.419851e+01   2.179921e+00   2.177990e+00  
769       1.456953e+01   1.423986e+01   2.180261e+00   2.178113e+00  
770       1.452358e+01   1.419385e+01   2.177223e+00   2.174548e+00  
771       1.455716e+01   1.422819e+01   2.177344e+00   2.174544e+00  
772       1.453031e+01   1.420167e+01   2.174038e+00   2.171632e+00  
773       1.455464e+01   1.422664e+01   2.173348e+00   2.171825e+00  
774       1.453070e+01   1.420289e+01   2.171172e+00   2.169151e+00  
775       1.455859e+01   1.423157e+01   2.170925e+00   2.168425e+00  
776       1.453224e+01   1.420571e+01   2.167061e+00   2.165049e+00  
777       1.455490e+01   1.422833e+01   2.169425e+00   2.166393e+00  
778       1.453421e+01   1.420836e+01   2.165210e+00   2.162806e+00  
779       1.456279e+01   1.423753e+01   2.165568e+00   2.162871e+00  
780       1.452456e+01   1.419983e+01   2.160751e+00   2.158417e+00  
781       1.456058e+01   1.423622e+01   2.162882e+00   2.159309e+00  
782       1.452369e+01   1.419962e+01   2.158853e+00   2.155860e+00  
783       1.455774e+01   1.423408e+01   2.160486e+00   2.156640e+00  
784       1.452160e+01   1.419828e+01   2.156375e+00   2.153092e+00  
785       1.455926e+01   1.423683e+01   2.156415e+00   2.152813e+00  
786       1.453710e+01   1.421479e+01   2.154581e+00   2.150479e+00  
787       1.455395e+01   1.423196e+01   2.155199e+00   2.150262e+00  
788       1.453883e+01   1.421717e+01   2.152390e+00   2.148712e+00  
789       1.456045e+01   1.423890e+01   2.154733e+00   2.148865e+00  
790       1.453894e+01   1.421780e+01   2.150473e+00   2.147228e+00  
791       1.454790e+01   1.422625e+01   2.154370e+00   2.147984e+00  
792       1.453412e+01   1.421335e+01   2.148737e+00   2.145724e+00  
793       1.455377e+01   1.423235e+01   2.154042e+00   2.147691e+00  
794       1.452853e+01   1.420747e+01   2.149745e+00   2.145827e+00  
795       1.454627e+01   1.422492e+01   2.152473e+00   2.147684e+00  
796       1.453551e+01   1.421466e+01   2.149377e+00   2.145817e+00  
797       1.454638e+01   1.422504e+01   2.152834e+00   2.147274e+00  
798       1.454329e+01   1.422204e+01   2.151272e+00   2.147768e+00  
799       1.454608e+01   1.422443e+01   2.153737e+00   2.148370e+00  
800       1.454134e+01   1.421953e+01   2.153059e+00   2.149370e+00  
801       1.454559e+01   1.422375e+01   2.153893e+00   2.149350e+00  
802       1.454847e+01   1.422642e+01   2.154473e+00   2.150631e+00  
803       1.454845e+01   1.422584e+01   2.156804e+00   2.151992e+00  
804       1.454491e+01   1.422248e+01   2.155520e+00   2.151563e+00  
805       1.454928e+01   1.422617e+01   2.158044e+00   2.154183e+00  
806       1.454753e+01   1.422470e+01   2.157334e+00   2.152770e+00  
807       1.455201e+01   1.422816e+01   2.160656e+00   2.156913e+00  
808       1.454296e+01   1.421951e+01   2.159186e+00   2.154310e+00  
809       1.455658e+01   1.423202e+01   2.162804e+00   2.160080e+00  
810       1.455246e+01   1.422832e+01   2.161861e+00   2.157621e+00  
811       1.455445e+01   1.422936e+01   2.165353e+00   2.160713e+00  
812       1.454624e+01   1.422119e+01   2.163476e+00   2.161066e+00  
813       1.456807e+01   1.424206e+01   2.169662e+00   2.164496e+00  
814       1.455462e+01   1.422835e+01   2.168529e+00   2.165343e+00  
815       1.457701e+01   1.425064e+01   2.170729e+00   2.167140e+00  
816       1.455635e+01   1.422998e+01   2.168263e+00   2.166511e+00  
817       1.458397e+01   1.425709e+01   2.173572e+00   2.168691e+00  
818       1.456480e+01   1.423782e+01   2.171539e+00   2.168501e+00  
819       1.458929e+01   1.426172e+01   2.176247e+00   2.171366e+00  
820       1.455077e+01   1.422277e+01   2.173403e+00   2.171174e+00  
821       1.459142e+01   1.426386e+01   2.175188e+00   2.172667e+00  
822       1.454663e+01   1.421843e+01   2.173308e+00   2.171950e+00  
823       1.459017e+01   1.426227e+01   2.176056e+00   2.173855e+00  
824       1.455652e+01   1.422838e+01   2.173934e+00   2.172444e+00  
825       1.458931e+01   1.426114e+01   2.176737e+00   2.174835e+00  
826       1.455118e+01   1.422292e+01   2.173364e+00   2.173005e+00  
827       1.459959e+01   1.427177e+01   2.175778e+00   2.174957e+00  
828       1.455368e+01   1.422559e+01   2.173864e+00   2.171731e+00  
829       1.459716e+01   1.426953e+01   2.174515e+00   2.174655e+00  
830       1.454872e+01   1.421999e+01   2.175437e+00   2.173622e+00  
831       1.459953e+01   1.427193e+01   2.174607e+00   2.174734e+00  
832       1.455135e+01   1.422236e+01   2.175971e+00   2.175152e+00  
833       1.460307e+01   1.427553e+01   2.174683e+00   2.174798e+00  
834       1.455887e+01   1.423004e+01   2.175782e+00   2.175501e+00  
835       1.459634e+01   1.426863e+01   2.174588e+00   2.174966e+00  
836       1.455907e+01   1.423065e+01   2.173784e+00   2.174818e+00  
837       1.459640e+01   1.426884e+01   2.174045e+00   2.174498e+00  
838       1.456948e+01   1.424170e+01   2.171592e+00   2.174382e+00  
839       1.458932e+01   1.426153e+01   2.174030e+00   2.175039e+00  
840       1.456741e+01   1.424019e+01   2.169101e+00   2.172905e+00  
841       1.458902e+01   1.426148e+01   2.173129e+00   2.174244e+00  
842       1.456815e+01   1.424152e+01   2.167885e+00   2.170360e+00  
843       1.458960e+01   1.426285e+01   2.170250e+00   2.172012e+00  
844       1.457572e+01   1.424958e+01   2.166695e+00   2.169460e+00  
845       1.459810e+01   1.427277e+01   2.165852e+00   2.168327e+00  
846       1.457474e+01   1.424901e+01   2.165311e+00   2.167969e+00  
847       1.459671e+01   1.427211e+01   2.163526e+00   2.165651e+00  
848       1.457675e+01   1.425157e+01   2.163408e+00   2.166617e+00  
849       1.459279e+01   1.426908e+01   2.160144e+00   2.162576e+00  
850       1.457491e+01   1.424985e+01   2.162707e+00   2.166199e+00  
851       1.458974e+01   1.426644e+01   2.157885e+00   2.161645e+00  
852       1.458169e+01   1.425741e+01   2.160408e+00   2.164353e+00  
853       1.459420e+01   1.427199e+01   2.154573e+00   2.158415e+00  
854       1.458401e+01   1.426065e+01   2.157735e+00   2.161387e+00  
855       1.458753e+01   1.426540e+01   2.154354e+00   2.157159e+00  
856       1.457977e+01   1.425700e+01   2.155385e+00   2.159148e+00  
857       1.459301e+01   1.427147e+01   2.152276e+00   2.156113e+00  
858       1.458409e+01   1.426186e+01   2.153791e+00   2.157796e+00  
859       1.460176e+01   1.428100e+01   2.150678e+00   2.153841e+00  
860       1.457169e+01   1.424975e+01   2.151820e+00   2.155988e+00  
861       1.459752e+01   1.427714e+01   2.149177e+00   2.152226e+00  
862       1.458663e+01   1.426549e+01   2.150165e+00   2.154628e+00  
863       1.460314e+01   1.428289e+01   2.148934e+00   2.152416e+00  
864       1.458291e+01   1.426244e+01   2.147597e+00   2.152222e+00  
865       1.459469e+01   1.427443e+01   2.148077e+00   2.152092e+00  
866       1.458201e+01   1.426169e+01   2.147828e+00   2.150826e+00  
867       1.459312e+01   1.427241e+01   2.149579e+00   2.153334e+00  
868       1.457666e+01   1.425640e+01   2.146883e+00   2.150564e+00  
869       1.459833e+01   1.427764e+01   2.149990e+00   2.153506e+00  
870       1.458179e+01   1.426168e+01   2.146697e+00   2.150522e+00  
871       1.460158e+01   1.428103e+01   2.149957e+00   2.153137e+00  
872       1.458546e+01   1.426488e+01   2.148191e+00   2.152667e+00  
873       1.460291e+01   1.428173e+01   2.153424e+00   2.154107e+00  
874       1.458970e+01   1.426878e+01   2.149282e+00   2.154505e+00  
875       1.459528e+01   1.427343e+01   2.155268e+00   2.155492e+00  
876       1.458365e+01   1.426191e+01   2.151993e+00   2.156310e+00  
877       1.460003e+01   1.427758e+01   2.158008e+00   2.157413e+00  
878       1.457651e+01   1.425398e+01   2.154144e+00   2.158299e+00  
879       1.461106e+01   1.428805e+01   2.159899e+00   2.160954e+00  
880       1.457711e+01   1.425374e+01   2.157241e+00   2.160917e+00  
881       1.460534e+01   1.428135e+01   2.162670e+00   2.163792e+00  
882       1.457971e+01   1.425508e+01   2.162042e+00   2.164763e+00  
883       1.460871e+01   1.428377e+01   2.165935e+00   2.167266e+00  
884       1.457522e+01   1.424980e+01   2.164504e+00   2.166841e+00  
885       1.460565e+01   1.427938e+01   2.170269e+00   2.171251e+00  
886       1.458459e+01   1.425809e+01   2.169084e+00   2.170794e+00  
887       1.461922e+01   1.429213e+01   2.174496e+00   2.174424e+00  
888       1.458069e+01   1.425321e+01   2.172077e+00   2.173590e+00  
889       1.461816e+01   1.428998e+01   2.178065e+00   2.177838e+00  
890       1.458774e+01   1.425968e+01   2.174476e+00   2.176098e+00  
891       1.461060e+01   1.428128e+01   2.181622e+00   2.180606e+00  
892       1.458632e+01   1.425690e+01   2.179250e+00   2.179974e+00  
893       1.460761e+01   1.427749e+01   2.184095e+00   2.182955e+00  
894       1.459125e+01   1.426105e+01   2.182334e+00   2.182766e+00  
895       1.459885e+01   1.426814e+01   2.186438e+00   2.183136e+00  
896       1.459558e+01   1.426477e+01   2.184976e+00   2.184722e+00  
897       1.459651e+01   1.426520e+01   2.188465e+00   2.184677e+00  
898       1.459599e+01   1.426469e+01   2.187202e+00   2.185806e+00  
899       1.460190e+01   1.427024e+01   2.190076e+00   2.186118e+00  
900       1.460125e+01   1.427006e+01   2.186721e+00   2.186404e+00  
901       1.459774e+01   1.426546e+01   2.192054e+00   2.187570e+00  
902       1.460317e+01   1.427160e+01   2.188233e+00   2.187611e+00  
903       1.460765e+01   1.427521e+01   2.193722e+00   2.188491e+00  
904       1.460053e+01   1.426819e+01   2.191284e+00   2.189223e+00  
905       1.459840e+01   1.426551e+01   2.193681e+00   2.190030e+00  
906       1.459717e+01   1.426443e+01   2.192407e+00   2.190132e+00  
907       1.460683e+01   1.427388e+01   2.194467e+00   2.190892e+00  
908       1.460573e+01   1.427290e+01   2.193725e+00   2.190722e+00  
909       1.460460e+01   1.427121e+01   2.195579e+00   2.192324e+00  
910       1.460203e+01   1.426885e+01   2.194330e+00   2.191778e+00  
911       1.460983e+01   1.427651e+01   2.195680e+00   2.192584e+00  
912       1.460706e+01   1.427413e+01   2.193445e+00   2.191838e+00  
913       1.460671e+01   1.427358e+01   2.195183e+00   2.191333e+00  
914       1.460568e+01   1.427292e+01   2.192955e+00   2.191049e+00  
915       1.460228e+01   1.426892e+01   2.195642e+00   2.191718e+00  
916       1.460098e+01   1.426816e+01   2.192942e+00   2.190697e+00  
917       1.460996e+01   1.427698e+01   2.194838e+00   2.191182e+00  
918       1.460210e+01   1.426975e+01   2.190859e+00   2.189889e+00  
919       1.459749e+01   1.426491e+01   2.192568e+00   2.189031e+00  
920       1.460612e+01   1.427428e+01   2.189398e+00   2.188661e+00  
921       1.459593e+01   1.426369e+01   2.191833e+00   2.187283e+00  
922       1.461178e+01   1.428054e+01   2.187554e+00   2.187475e+00  
923       1.459236e+01   1.426042e+01   2.190368e+00   2.186229e+00  
924       1.460383e+01   1.427243e+01   2.187551e+00   2.187285e+00  
925       1.459304e+01   1.426179e+01   2.187799e+00   2.184408e+00  
926       1.460023e+01   1.426916e+01   2.186291e+00   2.185842e+00  
927       1.459347e+01   1.426296e+01   2.186005e+00   2.181444e+00  
928       1.461108e+01   1.428064e+01   2.185380e+00   2.184264e+00  
929       1.459342e+01   1.426337e+01   2.183996e+00   2.180429e+00  
930       1.461208e+01   1.428214e+01   2.183594e+00   2.183003e+00  
931       1.459008e+01   1.426089e+01   2.181084e+00   2.177240e+00  
932       1.461803e+01   1.428813e+01   2.184005e+00   2.183168e+00  
933       1.457948e+01   1.425043e+01   2.180124e+00   2.175676e+00  
934       1.461761e+01   1.428822e+01   2.181900e+00   2.181929e+00  
935       1.459423e+01   1.426587e+01   2.178266e+00   2.175249e+00  
936       1.460683e+01   1.427757e+01   2.180834e+00   2.180493e+00  
937       1.460183e+01   1.427396e+01   2.177408e+00   2.174019e+00  
938       1.460801e+01   1.427923e+01   2.179630e+00   2.178712e+00  
939       1.459944e+01   1.427147e+01   2.177631e+00   2.174052e+00  
940       1.460378e+01   1.427504e+01   2.179768e+00   2.177664e+00  
941       1.459878e+01   1.427095e+01   2.176470e+00   2.174239e+00  
942       1.460541e+01   1.427646e+01   2.180916e+00   2.178121e+00  
943       1.459842e+01   1.427047e+01   2.176561e+00   2.174861e+00  
944       1.459969e+01   1.427053e+01   2.181022e+00   2.178536e+00  
945       1.459705e+01   1.426883e+01   2.177803e+00   2.175193e+00  
946       1.460499e+01   1.427602e+01   2.179792e+00   2.179339e+00  
947       1.460337e+01   1.427471e+01   2.179513e+00   2.177373e+00  
948       1.461376e+01   1.428419e+01   2.182890e+00   2.181476e+00  
949       1.459900e+01   1.426995e+01   2.180465e+00   2.178269e+00  
950       1.460249e+01   1.427251e+01   2.183474e+00   2.181859e+00  
951       1.459672e+01   1.426672e+01   2.183353e+00   2.181280e+00  
952       1.460483e+01   1.427421e+01   2.185514e+00   2.184416e+00  
953       1.459613e+01   1.426560e+01   2.184993e+00   2.182975e+00  
954       1.460031e+01   1.426897e+01   2.187865e+00   2.186086e+00  
955       1.459578e+01   1.426444e+01   2.187153e+00   2.186093e+00  
956       1.460599e+01   1.427438e+01   2.188538e+00   2.188027e+00  
957       1.460213e+01   1.427006e+01   2.190122e+00   2.188816e+00  
958       1.460582e+01   1.427351e+01   2.190844e+00   2.190253e+00  
959       1.460048e+01   1.426739e+01   2.193849e+00   2.191502e+00  
960       1.460938e+01   1.427651e+01   2.192940e+00   2.192321e+00  
961       1.459858e+01   1.426466e+01   2.196628e+00   2.193824e+00  
962       1.460135e+01   1.426765e+01   2.194808e+00   2.194667e+00  
963       1.460539e+01   1.427072e+01   2.199386e+00   2.196971e+00  
964       1.459988e+01   1.426516e+01   2.198579e+00   2.197253e+00  
965       1.460142e+01   1.426596e+01   2.202504e+00   2.198411e+00  
966       1.459594e+01   1.426052e+01   2.200605e+00   2.199122e+00  
967       1.460186e+01   1.426573e+01   2.205417e+00   2.199852e+00  
968       1.459503e+01   1.425924e+01   2.201453e+00   2.200608e+00  
969       1.459438e+01   1.425752e+01   2.206047e+00   2.202860e+00  
970       1.459952e+01   1.426368e+01   2.203079e+00   2.199962e+00  
971       1.459469e+01   1.425735e+01   2.207231e+00   2.204788e+00  
972       1.459591e+01   1.425962e+01   2.204450e+00   2.200978e+00  
973       1.459536e+01   1.425784e+01   2.208550e+00   2.204721e+00  
974       1.459159e+01   1.425549e+01   2.203336e+00   2.200175e+00  
975       1.459904e+01   1.426156e+01   2.208933e+00   2.204649e+00  
976       1.459705e+01   1.426052e+01   2.204760e+00   2.202346e+00  
977       1.460339e+01   1.426570e+01   2.210049e+00   2.205506e+00  
978       1.459532e+01   1.425828e+01   2.206505e+00   2.203640e+00  
979       1.459863e+01   1.426129e+01   2.208915e+00   2.203713e+00  
980       1.460045e+01   1.426302e+01   2.208100e+00   2.205329e+00  
981       1.459046e+01   1.425287e+01   2.209302e+00   2.203643e+00  
982       1.459405e+01   1.425641e+01   2.208110e+00   2.205747e+00  
983       1.459679e+01   1.425936e+01   2.209055e+00   2.203818e+00  
984       1.460032e+01   1.426287e+01   2.208335e+00   2.205248e+00  
985       1.459368e+01   1.425631e+01   2.208328e+00   2.203752e+00  
986       1.460747e+01   1.427033e+01   2.207653e+00   2.205044e+00  
987       1.459945e+01   1.426255e+01   2.207223e+00   2.202653e+00  
988       1.461141e+01   1.427454e+01   2.207701e+00   2.203835e+00  
989       1.459133e+01   1.425436e+01   2.206623e+00   2.202494e+00  
990       1.460990e+01   1.427354e+01   2.205598e+00   2.202396e+00  
991       1.458483e+01   1.424763e+01   2.206430e+00   2.203120e+00  
992       1.460671e+01   1.427030e+01   2.205610e+00   2.202168e+00  
993       1.459100e+01   1.425438e+01   2.205521e+00   2.201245e+00  
994       1.460110e+01   1.426485e+01   2.204842e+00   2.201161e+00  
995       1.458347e+01   1.424733e+01   2.202987e+00   2.199556e+00  
996       1.460689e+01   1.427104e+01   2.203509e+00   2.200727e+00  
997       1.459319e+01   1.425782e+01   2.200978e+00   2.198087e+00  
998       1.460253e+01   1.426688e+01   2.202031e+00   2.200231e+00  
999       1.457387e+01   1.423872e+01   2.199619e+00   2.195101e+00  
1000      1.460186e+01   1.426695e+01   2.199518e+00   2.197892e+00  
1001      1.458531e+01   1.425100e+01   2.197128e+00   2.193852e+00  
1002      1.459752e+01   1.426323e+01   2.197820e+00   2.194850e+00  
1003      1.458780e+01   1.425428e+01   2.193515e+00   2.192657e+00  
1004      1.459448e+01   1.426079e+01   2.196107e+00   2.192195e+00  
1005      1.459423e+01   1.426128e+01   2.192633e+00   2.190832e+00  
1006      1.460149e+01   1.426835e+01   2.195172e+00   2.190661e+00  
1007      1.459275e+01   1.426047e+01   2.190105e+00   2.188834e+00  
1008      1.459697e+01   1.426438e+01   2.192571e+00   2.188946e+00  
1009      1.458228e+01   1.425021e+01   2.188399e+00   2.187513e+00  
1010      1.459876e+01   1.426674e+01   2.191254e+00   2.186878e+00  
1011      1.458292e+01   1.425162e+01   2.185396e+00   2.185583e+00  
1012      1.460463e+01   1.427306e+01   2.190842e+00   2.185211e+00  
1013      1.457952e+01   1.424854e+01   2.184054e+00   2.184363e+00  
1014      1.460372e+01   1.427236e+01   2.189642e+00   2.184878e+00  
1015      1.458215e+01   1.425128e+01   2.184553e+00   2.183546e+00  
1016      1.459976e+01   1.426899e+01   2.187200e+00   2.182894e+00  
1017      1.457886e+01   1.424793e+01   2.184498e+00   2.183510e+00  
1018      1.459841e+01   1.426789e+01   2.185695e+00   2.182570e+00  
1019      1.457160e+01   1.424085e+01   2.183669e+00   2.182057e+00  
1020      1.460010e+01   1.426969e+01   2.185057e+00   2.182754e+00  
1021      1.457700e+01   1.424610e+01   2.184685e+00   2.182839e+00  
1022      1.459346e+01   1.426301e+01   2.184209e+00   2.182848e+00  
1023      1.457298e+01   1.424206e+01   2.184099e+00   2.182935e+00  
1024      1.458993e+01   1.425950e+01   2.184261e+00   2.182183e+00  
1025      1.457732e+01   1.424625e+01   2.184839e+00   2.183834e+00  
1026      1.459356e+01   1.426249e+01   2.186661e+00   2.184411e+00  
1027      1.457281e+01   1.424118e+01   2.185414e+00   2.186160e+00  
1028      1.459550e+01   1.426407e+01   2.187830e+00   2.185944e+00  
1029      1.457546e+01   1.424353e+01   2.186881e+00   2.187120e+00  
1030      1.459384e+01   1.426182e+01   2.189639e+00   2.187720e+00  
1031      1.458276e+01   1.425026e+01   2.188860e+00   2.189905e+00  
1032      1.460378e+01   1.427111e+01   2.192410e+00   2.190699e+00  
1033      1.458992e+01   1.425723e+01   2.189945e+00   2.191211e+00  
1034      1.458853e+01   1.425489e+01   2.194019e+00   2.193110e+00  
1035      1.459401e+01   1.426077e+01   2.192422e+00   2.192887e+00  
1036      1.459621e+01   1.426227e+01   2.195816e+00   2.194442e+00  
1037      1.459501e+01   1.426088e+01   2.196068e+00   2.195195e+00  
1038      1.459621e+01   1.426136e+01   2.198259e+00   2.197862e+00  
1039      1.459424e+01   1.425962e+01   2.197678e+00   2.196628e+00  
1040      1.459355e+01   1.425842e+01   2.198669e+00   2.198867e+00  
1041      1.460785e+01   1.427305e+01   2.199861e+00   2.197692e+00  
1042      1.459720e+01   1.426165e+01   2.200324e+00   2.200541e+00  
1043      1.460042e+01   1.426501e+01   2.201168e+00   2.199230e+00  
1044      1.459107e+01   1.425497e+01   2.202278e+00   2.201164e+00  
1045      1.460448e+01   1.426889e+01   2.201497e+00   2.200652e+00  
1046      1.460084e+01   1.426514e+01   2.201655e+00   2.200672e+00  
1047      1.460361e+01   1.426752e+01   2.203066e+00   2.202240e+00  
1048      1.460509e+01   1.426911e+01   2.202751e+00   2.202033e+00  
1049      1.461556e+01   1.427956e+01   2.203760e+00   2.202754e+00  
1050      1.461053e+01   1.427435e+01   2.204712e+00   2.202256e+00  
1051      1.461054e+01   1.427489e+01   2.201729e+00   2.201769e+00  
1052      1.460746e+01   1.427119e+01   2.204901e+00   2.202118e+00  
1053      1.461030e+01   1.427468e+01   2.201562e+00   2.201681e+00  
1054      1.460537e+01   1.426864e+01   2.206030e+00   2.203716e+00  
1055      1.460364e+01   1.426803e+01   2.201351e+00   2.200823e+00  
1056      1.460674e+01   1.427000e+01   2.206261e+00   2.203728e+00  
1057      1.459967e+01   1.426414e+01   2.200655e+00   2.200410e+00  
1058      1.460519e+01   1.426872e+01   2.205726e+00   2.202240e+00  
1059      1.459681e+01   1.426092e+01   2.201968e+00   2.200969e+00  
1060      1.459758e+01   1.426102e+01   2.205056e+00   2.202410e+00  
1061      1.461291e+01   1.427744e+01   2.201851e+00   2.200782e+00  
1062      1.459510e+01   1.425887e+01   2.203601e+00   2.201345e+00  
1063      1.460356e+01   1.426826e+01   2.200850e+00   2.199288e+00  
1064      1.459565e+01   1.425972e+01   2.202542e+00   2.200528e+00  
1065      1.459925e+01   1.426403e+01   2.199688e+00   2.199325e+00  
1066      1.459391e+01   1.425816e+01   2.201953e+00   2.199681e+00  
1067      1.459806e+01   1.426323e+01   2.198182e+00   2.198073e+00  
1068      1.459150e+01   1.425665e+01   2.198847e+00   2.196567e+00  
1069      1.460811e+01   1.427398e+01   2.197307e+00   2.195949e+00  
1070      1.459761e+01   1.426358e+01   2.195971e+00   2.195021e+00  
1071      1.460968e+01   1.427643e+01   2.194028e+00   2.193772e+00  
1072      1.459503e+01   1.426166e+01   2.194172e+00   2.192148e+00  
1073      1.460959e+01   1.427717e+01   2.192152e+00   2.190178e+00  
1074      1.459322e+01   1.426042e+01   2.192061e+00   2.190238e+00  
1075      1.459930e+01   1.426743e+01   2.189184e+00   2.187992e+00  
1076      1.459070e+01   1.425857e+01   2.190345e+00   2.187234e+00  
1077      1.460565e+01   1.427486e+01   2.185611e+00   2.185524e+00  
1078      1.459195e+01   1.426034e+01   2.188758e+00   2.185688e+00  
1079      1.459863e+01   1.426861e+01   2.182757e+00   2.182258e+00  
1080      1.459470e+01   1.426419e+01   2.185664e+00   2.182010e+00  
1081      1.460237e+01   1.427268e+01   2.181090e+00   2.182380e+00  
1082      1.459617e+01   1.426622e+01   2.183833e+00   2.180323e+00  
1083      1.459383e+01   1.426423e+01   2.180345e+00   2.181226e+00  
1084      1.459479e+01   1.426554e+01   2.181295e+00   2.178113e+00  
1085      1.458745e+01   1.425830e+01   2.178913e+00   2.178759e+00  
1086      1.460647e+01   1.427806e+01   2.178902e+00   2.176767e+00  
1087      1.459168e+01   1.426300e+01   2.177965e+00   2.177253e+00  
1088      1.459560e+01   1.426718e+01   2.178622e+00   2.175472e+00  
1089      1.459212e+01   1.426363e+01   2.177959e+00   2.176112e+00  
1090      1.460618e+01   1.427858e+01   2.176849e+00   2.173468e+00  
1091      1.459937e+01   1.427113e+01   2.177346e+00   2.176103e+00  
1092      1.459292e+01   1.426525e+01   2.176092e+00   2.172691e+00  
1093      1.458648e+01   1.425819e+01   2.176940e+00   2.174927e+00  
1094      1.459691e+01   1.426934e+01   2.176358e+00   2.172345e+00  
1095      1.458306e+01   1.425450e+01   2.177671e+00   2.175436e+00  
1096      1.459674e+01   1.426918e+01   2.176349e+00   2.172242e+00  
1097      1.458020e+01   1.425142e+01   2.178505e+00   2.175594e+00  
1098      1.459839e+01   1.427078e+01   2.176815e+00   2.172436e+00  
1099      1.458200e+01   1.425328e+01   2.178534e+00   2.175484e+00  
1100      1.459925e+01   1.427154e+01   2.176829e+00   2.173162e+00  
1101      1.458788e+01   1.425901e+01   2.180169e+00   2.175758e+00  
1102      1.460039e+01   1.427244e+01   2.177508e+00   2.174236e+00  
1103      1.457933e+01   1.424964e+01   2.181929e+00   2.178035e+00  
1104      1.460821e+01   1.427975e+01   2.180237e+00   2.176023e+00  
1105      1.458232e+01   1.425200e+01   2.184188e+00   2.180304e+00  
1106      1.461458e+01   1.428515e+01   2.183997e+00   2.179567e+00  
1107      1.458622e+01   1.425542e+01   2.185733e+00   2.182513e+00  
1108      1.461326e+01   1.428359e+01   2.184850e+00   2.180128e+00  
1109      1.459162e+01   1.425990e+01   2.188804e+00   2.186240e+00  
1110      1.461232e+01   1.428164e+01   2.188967e+00   2.182404e+00  
1111      1.458967e+01   1.425705e+01   2.191190e+00   2.189450e+00  
1112      1.460833e+01   1.427669e+01   2.191631e+00   2.185443e+00  
1113      1.458720e+01   1.425411e+01   2.192605e+00   2.190690e+00  
1114      1.461559e+01   1.428367e+01   2.193404e+00   2.186658e+00  
1115      1.458905e+01   1.425491e+01   2.196064e+00   2.194323e+00  
1116      1.461689e+01   1.428386e+01   2.196816e+00   2.190639e+00  
1117      1.459486e+01   1.426054e+01   2.197975e+00   2.194517e+00  
1118      1.461053e+01   1.427673e+01   2.198300e+00   2.193155e+00  
1119      1.460298e+01   1.426830e+01   2.200027e+00   2.196077e+00  
1120      1.460608e+01   1.427176e+01   2.199780e+00   2.194432e+00  
1121      1.460346e+01   1.426811e+01   2.202313e+00   2.198192e+00  
1122      1.460847e+01   1.427381e+01   2.200146e+00   2.196583e+00  
1123      1.459811e+01   1.426262e+01   2.202438e+00   2.198139e+00  
1124      1.460479e+01   1.426972e+01   2.201393e+00   2.197449e+00  
1125      1.460609e+01   1.427022e+01   2.203970e+00   2.200267e+00  
1126      1.460649e+01   1.427145e+01   2.201636e+00   2.197306e+00  
1127      1.460916e+01   1.427287e+01   2.205779e+00   2.201670e+00  
1128      1.459308e+01   1.425745e+01   2.202302e+00   2.198385e+00  
1129      1.460455e+01   1.426789e+01   2.206782e+00   2.202333e+00  
1130      1.459553e+01   1.425984e+01   2.202917e+00   2.198595e+00  
1131      1.460646e+01   1.426974e+01   2.207351e+00   2.202482e+00  
1132      1.459912e+01   1.426317e+01   2.203837e+00   2.199893e+00  
1133      1.460357e+01   1.426695e+01   2.206702e+00   2.202042e+00  
1134      1.459971e+01   1.426372e+01   2.204051e+00   2.199972e+00  
1135      1.460483e+01   1.426819e+01   2.206543e+00   2.202492e+00  
1136      1.460070e+01   1.426471e+01   2.205102e+00   2.199118e+00  
1137      1.460238e+01   1.426557e+01   2.206206e+00   2.203556e+00  
1138      1.460109e+01   1.426505e+01   2.205112e+00   2.199422e+00  
1139      1.461022e+01   1.427361e+01   2.206368e+00   2.203323e+00  
1140      1.460037e+01   1.426417e+01   2.205765e+00   2.199718e+00  
1141      1.459781e+01   1.426129e+01   2.205222e+00   2.201970e+00  
1142      1.460472e+01   1.426877e+01   2.205569e+00   2.198953e+00  
1143      1.459862e+01   1.426251e+01   2.204121e+00   2.200591e+00  
1144      1.460143e+01   1.426561e+01   2.204990e+00   2.198240e+00  
1145      1.460260e+01   1.426672e+01   2.203681e+00   2.200052e+00  
1146      1.460746e+01   1.427251e+01   2.202138e+00   2.196329e+00  
1147      1.460709e+01   1.427201e+01   2.201572e+00   2.197710e+00  
1148      1.459598e+01   1.426071e+01   2.202213e+00   2.196618e+00  
1149      1.460889e+01   1.427406e+01   2.201531e+00   2.196398e+00  
1150      1.459333e+01   1.425851e+01   2.200506e+00   2.194990e+00  
1151      1.461178e+01   1.427730e+01   2.199940e+00   2.196150e+00  
1152      1.458250e+01   1.424767e+01   2.200333e+00   2.193565e+00  
1153      1.461396e+01   1.427969e+01   2.200156e+00   2.194865e+00  
1154      1.459112e+01   1.425656e+01   2.200301e+00   2.193118e+00  
1155      1.461760e+01   1.428428e+01   2.197592e+00   2.191889e+00  
1156      1.458910e+01   1.425448e+01   2.199835e+00   2.193703e+00  
1157      1.461873e+01   1.428617e+01   2.195890e+00   2.188728e+00  
1158      1.458835e+01   1.425392e+01   2.199294e+00   2.192847e+00  
1159      1.462132e+01   1.428939e+01   2.194202e+00   2.186711e+00  
1160      1.458536e+01   1.425104e+01   2.198658e+00   2.192413e+00  
1161      1.462081e+01   1.428933e+01   2.192742e+00   2.185154e+00  
1162      1.459359e+01   1.426011e+01   2.196648e+00   2.190184e+00  
1163      1.462038e+01   1.428899e+01   2.192876e+00   2.184357e+00  
1164      1.459270e+01   1.425937e+01   2.196588e+00   2.189089e+00  
1165      1.462740e+01   1.429598e+01   2.192554e+00   2.185990e+00  
1166      1.459640e+01   1.426314e+01   2.196748e+00   2.189052e+00  
1167      1.462628e+01   1.429516e+01   2.191192e+00   2.185216e+00  
1168      1.459648e+01   1.426330e+01   2.196541e+00   2.188748e+00  
1169      1.462058e+01   1.428934e+01   2.191028e+00   2.185313e+00  
1170      1.460069e+01   1.426778e+01   2.196103e+00   2.188104e+00  
1171      1.463044e+01   1.429876e+01   2.193646e+00   2.187045e+00  
1172      1.460184e+01   1.426850e+01   2.197442e+00   2.189757e+00  
1173      1.461894e+01   1.428610e+01   2.196809e+00   2.189731e+00  
1174      1.461224e+01   1.427920e+01   2.197224e+00   2.189528e+00  
1175      1.462929e+01   1.429642e+01   2.197634e+00   2.190646e+00  
1176      1.461233e+01   1.427844e+01   2.199617e+00   2.192760e+00  
1177      1.462629e+01   1.429257e+01   2.201022e+00   2.192390e+00  
1178      1.460501e+01   1.427024e+01   2.201887e+00   2.195034e+00  
1179      1.462529e+01   1.429049e+01   2.203974e+00   2.196194e+00  
1180      1.461702e+01   1.428201e+01   2.203755e+00   2.196558e+00  
1181      1.462125e+01   1.428597e+01   2.205894e+00   2.196862e+00  
1182      1.460724e+01   1.427082e+01   2.207372e+00   2.200607e+00  
1183      1.461962e+01   1.428328e+01   2.209484e+00   2.199840e+00  
1184      1.461799e+01   1.428112e+01   2.209612e+00   2.202900e+00  
1185      1.462005e+01   1.428321e+01   2.210845e+00   2.201773e+00  
1186      1.460734e+01   1.426943e+01   2.213063e+00   2.204606e+00  
1187      1.462272e+01   1.428512e+01   2.213416e+00   2.204601e+00  
1188      1.461368e+01   1.427498e+01   2.216170e+00   2.207559e+00  
1189      1.461150e+01   1.427277e+01   2.215796e+00   2.207773e+00  
1190      1.461635e+01   1.427697e+01   2.218350e+00   2.210101e+00  
1191      1.461861e+01   1.427914e+01   2.219250e+00   2.210190e+00  
1192      1.461609e+01   1.427641e+01   2.219483e+00   2.210878e+00  
1193      1.461687e+01   1.427641e+01   2.221619e+00   2.213884e+00  
1194      1.461885e+01   1.427856e+01   2.222326e+00   2.212453e+00  
1195      1.461886e+01   1.427764e+01   2.224527e+00   2.216186e+00  
1196      1.461594e+01   1.427516e+01   2.223900e+00   2.213574e+00  
1197      1.461109e+01   1.426925e+01   2.225753e+00   2.217737e+00  
1198      1.462104e+01   1.428045e+01   2.223178e+00   2.213841e+00  
1199      1.460621e+01   1.426396e+01   2.226879e+00   2.218516e+00  
1200      1.462842e+01   1.428749e+01   2.224504e+00   2.215843e+00  
1201      1.459920e+01   1.425695e+01   2.226164e+00   2.218174e+00  
1202      1.463375e+01   1.429278e+01   2.224638e+00   2.216765e+00  
1203      1.460274e+01   1.426031e+01   2.226974e+00   2.219024e+00  
1204      1.463216e+01   1.429093e+01   2.224386e+00   2.218449e+00  
1205      1.460537e+01   1.426336e+01   2.225016e+00   2.218681e+00  
1206      1.463238e+01   1.429106e+01   2.224703e+00   2.218756e+00  
1207      1.460509e+01   1.426246e+01   2.226817e+00   2.220883e+00  
1208      1.463329e+01   1.429204e+01   2.225446e+00   2.217703e+00  
1209      1.460764e+01   1.426501e+01   2.226761e+00   2.221311e+00  
1210      1.463163e+01   1.429053e+01   2.224199e+00   2.217693e+00  
1211      1.461954e+01   1.427735e+01   2.226040e+00   2.221070e+00  
1212      1.462384e+01   1.428248e+01   2.223485e+00   2.218874e+00  
1213      1.461135e+01   1.426913e+01   2.224859e+00   2.221144e+00  
1214      1.461882e+01   1.427734e+01   2.223960e+00   2.218489e+00  
1215      1.461421e+01   1.427257e+01   2.222835e+00   2.219876e+00  
1216      1.462038e+01   1.427936e+01   2.222233e+00   2.217416e+00  
1217      1.461171e+01   1.427035e+01   2.221641e+00   2.218906e+00  
1218      1.461877e+01   1.427805e+01   2.221146e+00   2.216307e+00  
1219      1.461064e+01   1.427005e+01   2.219037e+00   2.216400e+00  
1220      1.462088e+01   1.428048e+01   2.219594e+00   2.216192e+00  
1221      1.460751e+01   1.426707e+01   2.217661e+00   2.216347e+00  
1222      1.461713e+01   1.427730e+01   2.217344e+00   2.214183e+00  
1223      1.461351e+01   1.427372e+01   2.215886e+00   2.214817e+00  
1224      1.461764e+01   1.427866e+01   2.213579e+00   2.212505e+00  
1225      1.460453e+01   1.426512e+01   2.214068e+00   2.212798e+00  
1226      1.461348e+01   1.427474e+01   2.212708e+00   2.211210e+00  
1227      1.460018e+01   1.426164e+01   2.210209e+00   2.210387e+00  
1228      1.461580e+01   1.427745e+01   2.211836e+00   2.209893e+00  
1229      1.460261e+01   1.426476e+01   2.208290e+00   2.208189e+00  
1230      1.462023e+01   1.428240e+01   2.209906e+00   2.209191e+00  
1231      1.460251e+01   1.426548e+01   2.205955e+00   2.205279e+00  
1232      1.461789e+01   1.428062e+01   2.207444e+00   2.207708e+00  
1233      1.461191e+01   1.427548e+01   2.203947e+00   2.204814e+00  
1234      1.460275e+01   1.426583e+01   2.205718e+00   2.204840e+00  
1235      1.461088e+01   1.427510e+01   2.201162e+00   2.203192e+00  
1236      1.460497e+01   1.426874e+01   2.203737e+00   2.202648e+00  
1237      1.460818e+01   1.427240e+01   2.201017e+00   2.202984e+00  
1238      1.460838e+01   1.427279e+01   2.201281e+00   2.201505e+00  
1239      1.460895e+01   1.427340e+01   2.200759e+00   2.201837e+00  
1240      1.461936e+01   1.428430e+01   2.199893e+00   2.201131e+00  
1241      1.460546e+01   1.427020e+01   2.199541e+00   2.200688e+00  
1242      1.461017e+01   1.427450e+01   2.201400e+00   2.202185e+00  
1243      1.461292e+01   1.427800e+01   2.198825e+00   2.200306e+00  
1244      1.460638e+01   1.427069e+01   2.201048e+00   2.202094e+00  
1245      1.460467e+01   1.426964e+01   2.199011e+00   2.199522e+00  
1246      1.461154e+01   1.427596e+01   2.201082e+00   2.202118e+00  
1247      1.460230e+01   1.426700e+01   2.200076e+00   2.199884e+00  
1248      1.461714e+01   1.428151e+01   2.202022e+00   2.202326e+00  
1249      1.460013e+01   1.426432e+01   2.201175e+00   2.201772e+00  
1250      1.461901e+01   1.428276e+01   2.203896e+00   2.204748e+00  
-------------------------------------------------------------------

