-------------------------------------------------------------------------------------------------------------------------------------------------------------
Snap      mu             Kin            Pot            Contact        DDI            Dmu(Contact)   Dmu(DDI)       Dmu(grad)      Rot            Lx  
-------------------------------------------------------------------------------------------------------------------------------------------------------------
0         -1.146003e+00  1.344189e+00   0.000000e+00   9.209384e+01   -1.574735e+02  6.288943e+01   0.000000e+00   0.000000e+00   -0.000000e+00  0.000000e+00  
1         -1.028922e+01  1.768311e+00   0.000000e+00   7.813481e+01   -1.338503e+02  4.365791e+01   0.000000e+00   0.000000e+00   -0.000000e+00  0.000000e+00  
2         -1.027770e+01  1.765780e+00   0.000000e+00   7.820713e+01   -1.339585e+02  4.370790e+01   0.000000e+00   0.000000e+00   -0.000000e+00  0.000000e+00  
3         -1.027486e+01  1.764445e+00   0.000000e+00   7.821433e+01   -1.339666e+02  4.371297e+01   0.000000e+00   0.000000e+00   -0.000000e+00  0.000000e+00  
4         -1.027392e+01  1.764010e+00   0.000000e+00   7.821655e+01   -1.339690e+02  4.371457e+01   0.000000e+00   0.000000e+00   -0.000000e+00  0.000000e+00  
5         -1.027360e+01  1.763865e+00   0.000000e+00   7.821728e+01   -1.339698e+02  4.371510e+01   0.000000e+00   0.000000e+00   -0.000000e+00  0.000000e+00  
6         -1.027350e+01  1.763817e+00   0.000000e+00   7.821753e+01   -1.339701e+02  4.371527e+01   0.000000e+00   0.000000e+00   -0.000000e+00  0.000000e+00  
7         -1.027346e+01  1.763801e+00   0.000000e+00   7.821761e+01   -1.339702e+02  4.371533e+01   0.000000e+00   0.000000e+00   -0.000000e+00  0.000000e+00  
8         -1.027345e+01  1.763796e+00   0.000000e+00   7.821763e+01   -1.339702e+02  4.371535e+01   0.000000e+00   0.000000e+00   -0.000000e+00  0.000000e+00  
9         -1.027345e+01  1.763794e+00   0.000000e+00   7.821764e+01   -1.339702e+02  4.371536e+01   0.000000e+00   0.000000e+00   -0.000000e+00  0.000000e+00  
-------------------------------------------------------------------------------------------------------------------------------------------------------------

