
**********************************************
Real-time propagation in 3D, OPTION = 2
MPI nodes = 8, OMP threads = 16, cores = 128
**********************************************

Interactions
Contact: Natoms = 1.50000000000e+05, as = 6.500000e+01 * a0, G = 1.167714e+04, G * par = 2.335428e+04
Three-body: K3 =  0.000000e+00, g3 = 0.000000e+00
Regular DDI: add = 1.101000e+02 * a0, GD = 4.721954e+03, GD * par = 9.443909e+03, edd = 1.693846e+00
     Dipolar cutoff Rcut = 4.291155e+00, Lcut = 1.544985e+02

QF = 1: h2 = 1.494566e+05, h4 = 0.000000e+00
        q3 = 0.000000e+00, q5 = 5.631140e+00

GRAD = 0

Trap parameters:
GAMMA = 0.000000e+00, NU = 0.000000e+00, LAMBDA = 0.000000e+00
Parameters of rotation: OMEGA = 0.000000e+00, OMEGA * par = 0.000000e+00

Space discretization: NX = 128, NY = 128, NZ = 128
                      DX = 2.414039e+00, DY = 6.704930e-02, DZ = 6.704930e-02
      Unit of length: aho = 5.552380e-07 m

Time discretization: NITER = 2500 (NSNAP = 1250)
                     DT = 2.247804e-03

Initial state: file ./imag3d-finalpsi.bin
ADD_VORTICES = 0, ADD_RANDOM_PHASE = 0


MUREL = 1.000000e-12, MUEND=1.000000e+05

-------------------------------------------------------------------
Snap      <r>            <x>            <y>            <z>
-------------------------------------------------------------------
0         1.561416e+01   1.560248e+01   4.269040e-01   4.269040e-01  
1         1.561415e+01   1.560248e+01   4.268088e-01   4.268088e-01  
2         1.561415e+01   1.560248e+01   4.266978e-01   4.266978e-01  
3         1.561414e+01   1.560248e+01   4.265712e-01   4.265712e-01  
4         1.561413e+01   1.560248e+01   4.264297e-01   4.264297e-01  
5         1.561412e+01   1.560248e+01   4.262746e-01   4.262746e-01  
6         1.561411e+01   1.560247e+01   4.261074e-01   4.261074e-01  
7         1.561409e+01   1.560247e+01   4.259298e-01   4.259298e-01  
8         1.561408e+01   1.560247e+01   4.257441e-01   4.257441e-01  
9         1.561407e+01   1.560246e+01   4.255524e-01   4.255524e-01  
10        1.561405e+01   1.560246e+01   4.253572e-01   4.253572e-01  
11        1.561403e+01   1.560245e+01   4.251610e-01   4.251610e-01  
12        1.561402e+01   1.560245e+01   4.249661e-01   4.249661e-01  
13        1.561400e+01   1.560244e+01   4.247749e-01   4.247749e-01  
14        1.561398e+01   1.560243e+01   4.245899e-01   4.245899e-01  
15        1.561397e+01   1.560243e+01   4.244132e-01   4.244132e-01  
16        1.561395e+01   1.560242e+01   4.242471e-01   4.242471e-01  
17        1.561394e+01   1.560241e+01   4.240935e-01   4.240935e-01  
18        1.561392e+01   1.560241e+01   4.239547e-01   4.239547e-01  
19        1.561391e+01   1.560240e+01   4.238326e-01   4.238326e-01  
20        1.561390e+01   1.560239e+01   4.237290e-01   4.237290e-01  
21        1.561389e+01   1.560239e+01   4.236459e-01   4.236459e-01  
22        1.561388e+01   1.560238e+01   4.235846e-01   4.235846e-01  
23        1.561387e+01   1.560238e+01   4.235463e-01   4.235463e-01  
24        1.561386e+01   1.560237e+01   4.235320e-01   4.235320e-01  
25        1.561386e+01   1.560237e+01   4.235419e-01   4.235419e-01  
26        1.561386e+01   1.560236e+01   4.235761e-01   4.235761e-01  
27        1.561385e+01   1.560236e+01   4.236340e-01   4.236340e-01  
28        1.561385e+01   1.560235e+01   4.237147e-01   4.237147e-01  
29        1.561386e+01   1.560235e+01   4.238171e-01   4.238171e-01  
30        1.561386e+01   1.560235e+01   4.239395e-01   4.239395e-01  
31        1.561386e+01   1.560234e+01   4.240800e-01   4.240800e-01  
32        1.561387e+01   1.560234e+01   4.242367e-01   4.242367e-01  
33        1.561388e+01   1.560234e+01   4.244071e-01   4.244071e-01  
34        1.561388e+01   1.560233e+01   4.245889e-01   4.245889e-01  
35        1.561389e+01   1.560233e+01   4.247797e-01   4.247797e-01  
36        1.561390e+01   1.560233e+01   4.249770e-01   4.249770e-01  
37        1.561391e+01   1.560232e+01   4.251782e-01   4.251782e-01  
38        1.561391e+01   1.560232e+01   4.253811e-01   4.253811e-01  
39        1.561392e+01   1.560232e+01   4.255831e-01   4.255831e-01  
40        1.561393e+01   1.560231e+01   4.257820e-01   4.257820e-01  
41        1.561393e+01   1.560231e+01   4.259755e-01   4.259755e-01  
42        1.561394e+01   1.560230e+01   4.261617e-01   4.261617e-01  
43        1.561395e+01   1.560230e+01   4.263386e-01   4.263386e-01  
44        1.561395e+01   1.560229e+01   4.265045e-01   4.265045e-01  
45        1.561395e+01   1.560229e+01   4.266575e-01   4.266575e-01  
46        1.561395e+01   1.560228e+01   4.267965e-01   4.267965e-01  
47        1.561395e+01   1.560228e+01   4.269201e-01   4.269201e-01  
48        1.561395e+01   1.560227e+01   4.270273e-01   4.270273e-01  
49        1.561395e+01   1.560226e+01   4.271173e-01   4.271173e-01  
50        1.561395e+01   1.560226e+01   4.271894e-01   4.271894e-01  
51        1.561394e+01   1.560225e+01   4.272431e-01   4.272431e-01  
52        1.561394e+01   1.560224e+01   4.272780e-01   4.272780e-01  
53        1.561393e+01   1.560223e+01   4.272942e-01   4.272942e-01  
54        1.561392e+01   1.560222e+01   4.272917e-01   4.272917e-01  
55        1.561391e+01   1.560221e+01   4.272707e-01   4.272707e-01  
56        1.561389e+01   1.560220e+01   4.272318e-01   4.272318e-01  
57        1.561388e+01   1.560219e+01   4.271756e-01   4.271756e-01  
58        1.561386e+01   1.560217e+01   4.271030e-01   4.271030e-01  
59        1.561385e+01   1.560216e+01   4.270150e-01   4.270150e-01  
60        1.561383e+01   1.560215e+01   4.269126e-01   4.269126e-01  
61        1.561381e+01   1.560214e+01   4.267973e-01   4.267973e-01  
62        1.561379e+01   1.560212e+01   4.266703e-01   4.266703e-01  
63        1.561377e+01   1.560211e+01   4.265331e-01   4.265331e-01  
64        1.561374e+01   1.560210e+01   4.263874e-01   4.263874e-01  
65        1.561372e+01   1.560208e+01   4.262348e-01   4.262348e-01  
66        1.561370e+01   1.560207e+01   4.260771e-01   4.260771e-01  
67        1.561367e+01   1.560205e+01   4.259158e-01   4.259158e-01  
68        1.561365e+01   1.560204e+01   4.257529e-01   4.257529e-01  
69        1.561363e+01   1.560202e+01   4.255901e-01   4.255901e-01  
70        1.561360e+01   1.560201e+01   4.254291e-01   4.254291e-01  
71        1.561358e+01   1.560199e+01   4.252716e-01   4.252716e-01  
72        1.561355e+01   1.560197e+01   4.251194e-01   4.251194e-01  
73        1.561353e+01   1.560196e+01   4.249740e-01   4.249740e-01  
74        1.561351e+01   1.560194e+01   4.248369e-01   4.248369e-01  
75        1.561349e+01   1.560193e+01   4.247096e-01   4.247096e-01  
76        1.561346e+01   1.560191e+01   4.245933e-01   4.245933e-01  
77        1.561344e+01   1.560190e+01   4.244894e-01   4.244894e-01  
78        1.561342e+01   1.560188e+01   4.243989e-01   4.243989e-01  
79        1.561340e+01   1.560187e+01   4.243226e-01   4.243226e-01  
80        1.561339e+01   1.560185e+01   4.242615e-01   4.242615e-01  
81        1.561337e+01   1.560184e+01   4.242160e-01   4.242160e-01  
82        1.561335e+01   1.560183e+01   4.241867e-01   4.241867e-01  
83        1.561334e+01   1.560181e+01   4.241740e-01   4.241740e-01  
84        1.561333e+01   1.560180e+01   4.241781e-01   4.241781e-01  
85        1.561332e+01   1.560179e+01   4.241991e-01   4.241991e-01  
86        1.561331e+01   1.560178e+01   4.242372e-01   4.242372e-01  
87        1.561331e+01   1.560177e+01   4.242926e-01   4.242926e-01  
88        1.561331e+01   1.560177e+01   4.243655e-01   4.243655e-01  
89        1.561332e+01   1.560178e+01   4.244568e-01   4.244568e-01  
90        1.561335e+01   1.560180e+01   4.245677e-01   4.245677e-01  
91        1.561340e+01   1.560185e+01   4.247009e-01   4.247009e-01  
92        1.561350e+01   1.560194e+01   4.248604e-01   4.248604e-01  
93        1.561367e+01   1.560209e+01   4.250530e-01   4.250530e-01  
94        1.561393e+01   1.560235e+01   4.252880e-01   4.252880e-01  
95        1.561433e+01   1.560272e+01   4.255788e-01   4.255788e-01  
96        1.561486e+01   1.560324e+01   4.259424e-01   4.259424e-01  
97        1.561552e+01   1.560387e+01   4.264001e-01   4.264001e-01  
98        1.561627e+01   1.560459e+01   4.269775e-01   4.269775e-01  
99        1.561704e+01   1.560532e+01   4.277046e-01   4.277046e-01  
100       1.561777e+01   1.560600e+01   4.286155e-01   4.286155e-01  
101       1.561840e+01   1.560657e+01   4.297468e-01   4.297468e-01  
102       1.561891e+01   1.560701e+01   4.311358e-01   4.311358e-01  
103       1.561932e+01   1.560732e+01   4.328176e-01   4.328176e-01  
104       1.561978e+01   1.560767e+01   4.348254e-01   4.348254e-01  
105       1.562100e+01   1.560876e+01   4.372016e-01   4.372016e-01  
106       1.562851e+01   1.561611e+01   4.401154e-01   4.401154e-01  
107       1.562126e+01   1.560870e+01   4.429847e-01   4.429847e-01  
108       1.562032e+01   1.560755e+01   4.464760e-01   4.464760e-01  
109       1.562179e+01   1.560880e+01   4.504380e-01   4.504380e-01  
110       1.561987e+01   1.560663e+01   4.546441e-01   4.546441e-01  
111       1.560598e+01   1.559248e+01   4.588706e-01   4.588706e-01  
112       1.560938e+01   1.559558e+01   4.640601e-01   4.640601e-01  
113       1.560305e+01   1.558893e+01   4.693244e-01   4.693244e-01  
114       1.560847e+01   1.559399e+01   4.753976e-01   4.753976e-01  
115       1.560440e+01   1.558952e+01   4.817814e-01   4.817814e-01  
116       1.561012e+01   1.559484e+01   4.882264e-01   4.882264e-01  
117       1.560212e+01   1.558641e+01   4.950753e-01   4.950753e-01  
118       1.561682e+01   1.560062e+01   5.028186e-01   5.028186e-01  
119       1.561071e+01   1.559402e+01   5.103175e-01   5.103175e-01  
120       1.561714e+01   1.559996e+01   5.178054e-01   5.178054e-01  
121       1.561472e+01   1.559696e+01   5.263849e-01   5.263849e-01  
122       1.561784e+01   1.559957e+01   5.339839e-01   5.339839e-01  
123       1.561671e+01   1.559780e+01   5.432145e-01   5.432145e-01  
124       1.561879e+01   1.559935e+01   5.507748e-01   5.507748e-01  
125       1.563367e+01   1.561352e+01   5.612069e-01   5.612069e-01  
126       1.560908e+01   1.558842e+01   5.676939e-01   5.676939e-01  
127       1.562987e+01   1.560840e+01   5.790613e-01   5.790613e-01  
128       1.561417e+01   1.559218e+01   5.857812e-01   5.857812e-01  
129       1.562936e+01   1.560649e+01   5.975808e-01   5.975808e-01  
130       1.562211e+01   1.559869e+01   6.046726e-01   6.046726e-01  
131       1.562317e+01   1.559882e+01   6.165518e-01   6.165518e-01  
132       1.562397e+01   1.559903e+01   6.240225e-01   6.240225e-01  
133       1.562211e+01   1.559616e+01   6.364476e-01   6.364476e-01  
134       1.562828e+01   1.560171e+01   6.441741e-01   6.441741e-01  
135       1.561933e+01   1.559167e+01   6.570230e-01   6.570230e-01  
136       1.563345e+01   1.560511e+01   6.652600e-01   6.652600e-01  
137       1.563106e+01   1.560154e+01   6.789554e-01   6.789554e-01  
138       1.562110e+01   1.559094e+01   6.860816e-01   6.860816e-01  
139       1.562692e+01   1.559545e+01   7.008922e-01   7.008922e-01  
140       1.562307e+01   1.559090e+01   7.084721e-01   7.084721e-01  
141       1.562733e+01   1.559375e+01   7.239800e-01   7.239800e-01  
142       1.562385e+01   1.558954e+01   7.317224e-01   7.317224e-01  
143       1.562792e+01   1.559207e+01   7.481138e-01   7.481138e-01  
144       1.562350e+01   1.558688e+01   7.559647e-01   7.559647e-01  
145       1.562890e+01   1.559062e+01   7.729941e-01   7.729941e-01  
146       1.562241e+01   1.558339e+01   7.802473e-01   7.802473e-01  
147       1.563006e+01   1.558932e+01   7.974340e-01   7.974340e-01  
148       1.562001e+01   1.557855e+01   8.042398e-01   8.042398e-01  
149       1.562946e+01   1.558623e+01   8.213540e-01   8.213540e-01  
150       1.561844e+01   1.557479e+01   8.251043e-01   8.251043e-01  
151       1.563261e+01   1.558754e+01   8.387635e-01   8.387635e-01  
152       1.561853e+01   1.557301e+01   8.425274e-01   8.425274e-01  
153       1.563102e+01   1.558372e+01   8.592201e-01   8.592202e-01  
154       1.561668e+01   1.556914e+01   8.609762e-01   8.609762e-01  
155       1.563636e+01   1.558777e+01   8.709203e-01   8.709203e-01  
156       1.562089e+01   1.557200e+01   8.732391e-01   8.732391e-01  
157       1.563390e+01   1.558321e+01   8.894295e-01   8.894295e-01  
158       1.561869e+01   1.556790e+01   8.899344e-01   8.899344e-01  
159       1.563850e+01   1.558676e+01   8.988251e-01   8.988251e-01  
160       1.562299e+01   1.557079e+01   9.023061e-01   9.023061e-01  
161       1.563514e+01   1.558144e+01   9.155102e-01   9.155102e-01  
162       1.562575e+01   1.557203e+01   9.153865e-01   9.153865e-01  
163       1.564017e+01   1.558512e+01   9.270344e-01   9.270344e-01  
164       1.562238e+01   1.556673e+01   9.315190e-01   9.315190e-01  
165       1.564250e+01   1.558580e+01   9.409330e-01   9.409330e-01  
166       1.562831e+01   1.557120e+01   9.438278e-01   9.438278e-01  
167       1.564267e+01   1.558420e+01   9.554442e-01   9.554442e-01  
168       1.563846e+01   1.557962e+01   9.584031e-01   9.584031e-01  
169       1.562946e+01   1.556938e+01   9.680967e-01   9.680967e-01  
170       1.563683e+01   1.557667e+01   9.689339e-01   9.689339e-01  
171       1.563253e+01   1.557139e+01   9.767236e-01   9.767236e-01  
172       1.562829e+01   1.556620e+01   9.840722e-01   9.840722e-01  
173       1.560117e+01   1.553838e+01   9.887568e-01   9.887568e-01  
174       1.563449e+01   1.557162e+01   9.904134e-01   9.904134e-01  
175       1.562104e+01   1.555655e+01   1.002706e+00   1.002706e+00  
176       1.562551e+01   1.556116e+01   1.001717e+00   1.001717e+00  
177       1.561636e+01   1.555083e+01   1.010560e+00   1.010560e+00  
178       1.562354e+01   1.555746e+01   1.014959e+00   1.014959e+00  
179       1.566137e+01   1.559440e+01   1.023092e+00   1.023092e+00  
180       1.562027e+01   1.555270e+01   1.026246e+00   1.026246e+00  
181       1.566475e+01   1.559606e+01   1.036145e+00   1.036145e+00  
182       1.561955e+01   1.555043e+01   1.037945e+00   1.037945e+00  
183       1.562016e+01   1.554963e+01   1.048442e+00   1.048443e+00  
184       1.562100e+01   1.554994e+01   1.052384e+00   1.052385e+00  
185       1.565381e+01   1.558151e+01   1.062595e+00   1.062596e+00  
186       1.562973e+01   1.555626e+01   1.070323e+00   1.070333e+00  
187       1.563112e+01   1.555562e+01   1.085047e+00   1.085058e+00  
188       1.565997e+01   1.558449e+01   1.085896e+00   1.085905e+00  
189       1.564023e+01   1.556230e+01   1.102643e+00   1.102673e+00  
190       1.565695e+01   1.557822e+01   1.108850e+00   1.108848e+00  
191       1.565473e+01   1.557401e+01   1.122667e+00   1.122706e+00  
192       1.565277e+01   1.557040e+01   1.133961e+00   1.133946e+00  
193       1.565680e+01   1.557274e+01   1.145616e+00   1.145656e+00  
194       1.565839e+01   1.557228e+01   1.159574e+00   1.159554e+00  
195       1.566305e+01   1.557523e+01   1.171171e+00   1.171198e+00  
196       1.566573e+01   1.557532e+01   1.188450e+00   1.188396e+00  
197       1.566744e+01   1.557490e+01   1.202331e+00   1.202344e+00  
198       1.565504e+01   1.555961e+01   1.220437e+00   1.220355e+00  
199       1.566855e+01   1.557133e+01   1.232286e+00   1.232297e+00  
200       1.567470e+01   1.557464e+01   1.250419e+00   1.250313e+00  
201       1.568257e+01   1.558006e+01   1.265824e+00   1.265826e+00  
202       1.567562e+01   1.556982e+01   1.285703e+00   1.285591e+00  
203       1.570145e+01   1.559274e+01   1.304219e+00   1.304272e+00  
204       1.568709e+01   1.557551e+01   1.320716e+00   1.320585e+00  
205       1.570606e+01   1.559074e+01   1.343296e+00   1.343374e+00  
206       1.568362e+01   1.556527e+01   1.359869e+00   1.359788e+00  
207       1.570337e+01   1.558130e+01   1.381767e+00   1.381867e+00  
208       1.570498e+01   1.557991e+01   1.398755e+00   1.398660e+00  
209       1.572042e+01   1.559103e+01   1.423158e+00   1.423376e+00  
210       1.571652e+01   1.558376e+01   1.441430e+00   1.441435e+00  
211       1.573885e+01   1.560187e+01   1.464984e+00   1.465190e+00  
212       1.571701e+01   1.557627e+01   1.483924e+00   1.484042e+00  
213       1.575402e+01   1.560948e+01   1.505422e+00   1.505736e+00  
214       1.574707e+01   1.559849e+01   1.525937e+00   1.526014e+00  
215       1.576432e+01   1.561215e+01   1.544857e+00   1.545293e+00  
216       1.573498e+01   1.557807e+01   1.567262e+00   1.567421e+00  
217       1.577428e+01   1.561358e+01   1.587875e+00   1.588312e+00  
218       1.575578e+01   1.559077e+01   1.607979e+00   1.608316e+00  
219       1.578064e+01   1.561191e+01   1.627104e+00   1.627686e+00  
220       1.577273e+01   1.560016e+01   1.645140e+00   1.645439e+00  
221       1.578661e+01   1.560954e+01   1.666902e+00   1.667547e+00  
222       1.577824e+01   1.559809e+01   1.680914e+00   1.681402e+00  
223       1.579460e+01   1.561088e+01   1.698208e+00   1.698819e+00  
224       1.579045e+01   1.560415e+01   1.709695e+00   1.710484e+00  
225       1.580488e+01   1.561530e+01   1.725267e+00   1.726313e+00  
226       1.579779e+01   1.560729e+01   1.729152e+00   1.729943e+00  
227       1.579969e+01   1.560546e+01   1.745852e+00   1.746914e+00  
228       1.579888e+01   1.560433e+01   1.747488e+00   1.748110e+00  
229       1.581491e+01   1.561696e+01   1.763386e+00   1.764235e+00  
230       1.579861e+01   1.560015e+01   1.764251e+00   1.766053e+00  
231       1.582623e+01   1.562448e+01   1.780314e+00   1.782058e+00  
232       1.579206e+01   1.558996e+01   1.779771e+00   1.781801e+00  
233       1.582454e+01   1.561920e+01   1.795594e+00   1.798000e+00  
234       1.581183e+01   1.560698e+01   1.792595e+00   1.795154e+00  
235       1.582981e+01   1.562231e+01   1.805104e+00   1.807763e+00  
236       1.580629e+01   1.559873e+01   1.803988e+00   1.806657e+00  
237       1.583856e+01   1.562815e+01   1.817934e+00   1.821004e+00  
238       1.580968e+01   1.559973e+01   1.813930e+00   1.817648e+00  
239       1.584540e+01   1.563287e+01   1.827226e+00   1.830592e+00  
240       1.581058e+01   1.559800e+01   1.825280e+00   1.828961e+00  
241       1.584786e+01   1.563292e+01   1.837588e+00   1.841196e+00  
242       1.583098e+01   1.561682e+01   1.833157e+00   1.836935e+00  
243       1.583821e+01   1.562068e+01   1.848179e+00   1.851345e+00  
244       1.583210e+01   1.561653e+01   1.839139e+00   1.843036e+00  
245       1.586224e+01   1.564403e+01   1.852617e+00   1.855437e+00  
246       1.583141e+01   1.561401e+01   1.846899e+00   1.850701e+00  
247       1.586118e+01   1.564135e+01   1.858973e+00   1.862646e+00  
248       1.584165e+01   1.562348e+01   1.850606e+00   1.854775e+00  
249       1.585836e+01   1.563791e+01   1.861322e+00   1.865136e+00  
250       1.584934e+01   1.563062e+01   1.852806e+00   1.858071e+00  
251       1.586194e+01   1.564061e+01   1.865388e+00   1.868916e+00  
252       1.586525e+01   1.564657e+01   1.853517e+00   1.858880e+00  
253       1.587911e+01   1.565788e+01   1.864851e+00   1.870607e+00  
254       1.587674e+01   1.565799e+01   1.853367e+00   1.860990e+00  
255       1.588365e+01   1.566261e+01   1.864362e+00   1.870072e+00  
256       1.587872e+01   1.566041e+01   1.851971e+00   1.858910e+00  
257       1.588168e+01   1.566086e+01   1.863051e+00   1.869334e+00  
258       1.587950e+01   1.566147e+01   1.851018e+00   1.857572e+00  
259       1.588923e+01   1.566977e+01   1.858638e+00   1.863186e+00  
260       1.587825e+01   1.565994e+01   1.852617e+00   1.858140e+00  
261       1.589246e+01   1.567328e+01   1.857312e+00   1.862566e+00  
262       1.589195e+01   1.567466e+01   1.848832e+00   1.855008e+00  
263       1.589932e+01   1.568032e+01   1.856654e+00   1.862469e+00  
264       1.591682e+01   1.569950e+01   1.850416e+00   1.856614e+00  
265       1.591490e+01   1.569652e+01   1.855927e+00   1.859794e+00  
266       1.591087e+01   1.569413e+01   1.848418e+00   1.852969e+00  
267       1.590335e+01   1.568485e+01   1.855666e+00   1.859721e+00  
268       1.592177e+01   1.570559e+01   1.847192e+00   1.850684e+00  
269       1.590432e+01   1.568594e+01   1.855513e+00   1.858952e+00  
270       1.591233e+01   1.569612e+01   1.846655e+00   1.850458e+00  
271       1.589833e+01   1.568012e+01   1.854617e+00   1.857724e+00  
272       1.589914e+01   1.568250e+01   1.847987e+00   1.851176e+00  
273       1.590746e+01   1.568957e+01   1.854112e+00   1.856625e+00  
274       1.591666e+01   1.569963e+01   1.850872e+00   1.853612e+00  
275       1.590748e+01   1.568891e+01   1.857389e+00   1.859059e+00  
276       1.592192e+01   1.570440e+01   1.853382e+00   1.855970e+00  
277       1.588920e+01   1.567002e+01   1.859054e+00   1.860442e+00  
278       1.594052e+01   1.572197e+01   1.859122e+00   1.861043e+00  
279       1.590359e+01   1.568301e+01   1.865685e+00   1.867199e+00  
280       1.592464e+01   1.570469e+01   1.864280e+00   1.865864e+00  
281       1.590811e+01   1.568568e+01   1.874078e+00   1.874830e+00  
282       1.591969e+01   1.569746e+01   1.873513e+00   1.875126e+00  
283       1.591087e+01   1.568638e+01   1.883130e+00   1.883396e+00  
284       1.591971e+01   1.569554e+01   1.881624e+00   1.883292e+00  
285       1.591658e+01   1.569040e+01   1.890458e+00   1.890750e+00  
286       1.593884e+01   1.571221e+01   1.893806e+00   1.893806e+00  
287       1.592090e+01   1.569223e+01   1.901540e+00   1.900867e+00  
288       1.593140e+01   1.570130e+01   1.908144e+00   1.907282e+00  
289       1.593529e+01   1.570426e+01   1.911850e+00   1.911677e+00  
290       1.593731e+01   1.570432e+01   1.920508e+00   1.919299e+00  
291       1.592793e+01   1.569358e+01   1.925167e+00   1.924629e+00  
292       1.593729e+01   1.570039e+01   1.936323e+00   1.935424e+00  
293       1.593320e+01   1.569615e+01   1.936080e+00   1.936351e+00  
294       1.593159e+01   1.569140e+01   1.948660e+00   1.948980e+00  
295       1.592345e+01   1.568299e+01   1.949611e+00   1.949120e+00  
296       1.593477e+01   1.569183e+01   1.960040e+00   1.959996e+00  
297       1.593071e+01   1.568727e+01   1.962139e+00   1.961346e+00  
298       1.595645e+01   1.571188e+01   1.967977e+00   1.967815e+00  
299       1.592120e+01   1.567552e+01   1.970400e+00   1.969836e+00  
300       1.595930e+01   1.571251e+01   1.977179e+00   1.976600e+00  
301       1.591195e+01   1.566448e+01   1.976544e+00   1.976724e+00  
302       1.596981e+01   1.572225e+01   1.980927e+00   1.980281e+00  
303       1.591559e+01   1.566671e+01   1.982608e+00   1.982328e+00  
304       1.596823e+01   1.572019e+01   1.983163e+00   1.981702e+00  
305       1.589956e+01   1.564891e+01   1.988388e+00   1.988526e+00  
306       1.596179e+01   1.571198e+01   1.989578e+00   1.988452e+00  
307       1.590635e+01   1.565486e+01   1.992443e+00   1.991901e+00  
308       1.595914e+01   1.570888e+01   1.991114e+00   1.990131e+00  
309       1.591637e+01   1.566497e+01   1.992675e+00   1.992140e+00  
310       1.595617e+01   1.570540e+01   1.992458e+00   1.992476e+00  
311       1.592130e+01   1.566917e+01   1.995667e+00   1.995553e+00  
312       1.596602e+01   1.571599e+01   1.990128e+00   1.990152e+00  
313       1.593114e+01   1.567877e+01   1.997090e+00   1.997213e+00  
314       1.596723e+01   1.571655e+01   1.992755e+00   1.992853e+00  
315       1.592441e+01   1.567192e+01   1.996877e+00   1.997558e+00  
316       1.595387e+01   1.570265e+01   1.993799e+00   1.994385e+00  
317       1.592715e+01   1.567462e+01   1.997322e+00   1.997792e+00  
318       1.595643e+01   1.570522e+01   1.993744e+00   1.994614e+00  
319       1.592406e+01   1.567115e+01   1.998365e+00   1.999291e+00  
320       1.595151e+01   1.570084e+01   1.991108e+00   1.992379e+00  
321       1.590618e+01   1.565313e+01   1.997877e+00   1.998678e+00  
322       1.595767e+01   1.570720e+01   1.990386e+00   1.992306e+00  
323       1.590553e+01   1.565290e+01   1.995984e+00   1.997218e+00  
324       1.596060e+01   1.571026e+01   1.990258e+00   1.991821e+00  
325       1.590652e+01   1.565440e+01   1.993542e+00   1.995685e+00  
326       1.594859e+01   1.569830e+01   1.988993e+00   1.991184e+00  
327       1.590862e+01   1.565758e+01   1.989362e+00   1.991689e+00  
328       1.595064e+01   1.570079e+01   1.987207e+00   1.989733e+00  
329       1.590578e+01   1.565484e+01   1.989013e+00   1.990880e+00  
330       1.594494e+01   1.569563e+01   1.984995e+00   1.987013e+00  
331       1.591741e+01   1.566757e+01   1.985108e+00   1.987599e+00  
332       1.595478e+01   1.570628e+01   1.982273e+00   1.984511e+00  
333       1.591030e+01   1.566106e+01   1.982148e+00   1.984949e+00  
334       1.594541e+01   1.569724e+01   1.980401e+00   1.982620e+00  
335       1.591695e+01   1.566810e+01   1.981303e+00   1.983477e+00  
336       1.593760e+01   1.568965e+01   1.978723e+00   1.981518e+00  
337       1.591792e+01   1.566981e+01   1.978179e+00   1.980939e+00  
338       1.594179e+01   1.569408e+01   1.977982e+00   1.980950e+00  
339       1.592420e+01   1.567629e+01   1.977397e+00   1.980899e+00  
340       1.592908e+01   1.568181e+01   1.975573e+00   1.978298e+00  
341       1.591723e+01   1.566987e+01   1.974990e+00   1.978081e+00  
342       1.593316e+01   1.568577e+01   1.976449e+00   1.978837e+00  
343       1.590544e+01   1.565814e+01   1.974315e+00   1.976811e+00  
344       1.593326e+01   1.568618e+01   1.975220e+00   1.977580e+00  
345       1.588693e+01   1.563901e+01   1.975754e+00   1.977906e+00  
346       1.592709e+01   1.568007e+01   1.974588e+00   1.977012e+00  
347       1.589488e+01   1.564666e+01   1.977487e+00   1.979601e+00  
348       1.593532e+01   1.568779e+01   1.976862e+00   1.979797e+00  
349       1.590561e+01   1.565725e+01   1.979172e+00   1.980346e+00  
350       1.594112e+01   1.569326e+01   1.979135e+00   1.980915e+00  
351       1.589515e+01   1.564518e+01   1.984628e+00   1.986273e+00  
352       1.594747e+01   1.569889e+01   1.982422e+00   1.984117e+00  
353       1.590313e+01   1.565179e+01   1.990624e+00   1.992033e+00  
354       1.595132e+01   1.570112e+01   1.989018e+00   1.990777e+00  
355       1.589840e+01   1.564573e+01   1.995821e+00   1.996725e+00  
356       1.594728e+01   1.569515e+01   1.996398e+00   1.998080e+00  
357       1.590121e+01   1.564654e+01   2.004211e+00   2.004354e+00  
358       1.596102e+01   1.570733e+01   2.003788e+00   2.004698e+00  
359       1.590430e+01   1.564731e+01   2.013575e+00   2.013397e+00  
360       1.594922e+01   1.569277e+01   2.014145e+00   2.014402e+00  
361       1.590374e+01   1.564466e+01   2.022265e+00   2.020922e+00  
362       1.595755e+01   1.569848e+01   2.024335e+00   2.025584e+00  
363       1.591145e+01   1.565019e+01   2.030928e+00   2.030014e+00  
364       1.595869e+01   1.569722e+01   2.033855e+00   2.034798e+00  
365       1.589831e+01   1.563380e+01   2.042746e+00   2.041539e+00  
366       1.595929e+01   1.569496e+01   2.044676e+00   2.046085e+00  
367       1.589692e+01   1.562973e+01   2.052838e+00   2.051704e+00  
368       1.596233e+01   1.569497e+01   2.056251e+00   2.058065e+00  
369       1.590822e+01   1.563887e+01   2.061168e+00   2.061267e+00  
370       1.595770e+01   1.568742e+01   2.067415e+00   2.068557e+00  
371       1.591525e+01   1.564324e+01   2.072176e+00   2.071333e+00  
372       1.595964e+01   1.568697e+01   2.077211e+00   2.077088e+00  
373       1.591738e+01   1.564264e+01   2.082829e+00   2.081541e+00  
374       1.595418e+01   1.568014e+01   2.081769e+00   2.082111e+00  
375       1.592100e+01   1.564519e+01   2.087178e+00   2.085625e+00  
376       1.596269e+01   1.568705e+01   2.088676e+00   2.088399e+00  
377       1.592217e+01   1.564451e+01   2.094139e+00   2.092720e+00  
378       1.595588e+01   1.567931e+01   2.091359e+00   2.091757e+00  
379       1.591024e+01   1.563151e+01   2.097119e+00   2.096140e+00  
380       1.595270e+01   1.567556e+01   2.093309e+00   2.093636e+00  
381       1.591063e+01   1.563117e+01   2.099943e+00   2.098797e+00  
382       1.596126e+01   1.568394e+01   2.094635e+00   2.094851e+00  
383       1.591022e+01   1.563020e+01   2.101946e+00   2.100894e+00  
384       1.594671e+01   1.566883e+01   2.095850e+00   2.095950e+00  
385       1.591662e+01   1.563657e+01   2.101950e+00   2.101905e+00  
386       1.595113e+01   1.567290e+01   2.097219e+00   2.097677e+00  
387       1.593730e+01   1.565818e+01   2.099379e+00   2.100369e+00  
388       1.594377e+01   1.566543e+01   2.097239e+00   2.097562e+00  
389       1.592473e+01   1.564489e+01   2.101286e+00   2.102106e+00  
390       1.594432e+01   1.566634e+01   2.095424e+00   2.096673e+00  
391       1.592255e+01   1.564262e+01   2.101632e+00   2.102153e+00  
392       1.594422e+01   1.566675e+01   2.093591e+00   2.094791e+00  
393       1.591612e+01   1.563643e+01   2.100062e+00   2.101074e+00  
394       1.594335e+01   1.566583e+01   2.093873e+00   2.094734e+00  
395       1.590420e+01   1.562393e+01   2.100890e+00   2.102986e+00  
396       1.594645e+01   1.566933e+01   2.091842e+00   2.094155e+00  
397       1.591173e+01   1.563285e+01   2.096536e+00   2.098041e+00  
398       1.594332e+01   1.566567e+01   2.093852e+00   2.095718e+00  
399       1.591512e+01   1.563657e+01   2.095075e+00   2.097454e+00  
400       1.594050e+01   1.566339e+01   2.091623e+00   2.093542e+00  
401       1.591038e+01   1.563253e+01   2.092157e+00   2.094591e+00  
402       1.594437e+01   1.566795e+01   2.088705e+00   2.091820e+00  
403       1.590556e+01   1.562812e+01   2.090393e+00   2.092578e+00  
404       1.593031e+01   1.565355e+01   2.088942e+00   2.092265e+00  
405       1.590176e+01   1.562560e+01   2.084837e+00   2.088059e+00  
406       1.592058e+01   1.564437e+01   2.086689e+00   2.089071e+00  
407       1.591639e+01   1.564118e+01   2.081908e+00   2.085804e+00  
408       1.592433e+01   1.564898e+01   2.083391e+00   2.086453e+00  
409       1.591614e+01   1.564156e+01   2.079643e+00   2.083274e+00  
410       1.591870e+01   1.564343e+01   2.082064e+00   2.086462e+00  
411       1.592926e+01   1.565596e+01   2.075122e+00   2.079896e+00  
412       1.591928e+01   1.564416e+01   2.080940e+00   2.086495e+00  
413       1.594487e+01   1.567222e+01   2.073344e+00   2.078825e+00  
414       1.591326e+01   1.563877e+01   2.078301e+00   2.083603e+00  
415       1.595298e+01   1.568091e+01   2.072006e+00   2.076917e+00  
416       1.591889e+01   1.564443e+01   2.078014e+00   2.084410e+00  
417       1.595021e+01   1.567827e+01   2.071157e+00   2.076412e+00  
418       1.591787e+01   1.564365e+01   2.076813e+00   2.083662e+00  
419       1.593485e+01   1.566249e+01   2.071348e+00   2.077340e+00  
420       1.592708e+01   1.565357e+01   2.075031e+00   2.081309e+00  
421       1.593907e+01   1.566627e+01   2.072840e+00   2.079730e+00  
422       1.595282e+01   1.567961e+01   2.075396e+00   2.082081e+00  
423       1.592785e+01   1.565425e+01   2.074958e+00   2.082183e+00  
424       1.595997e+01   1.568652e+01   2.076546e+00   2.083671e+00  
425       1.593898e+01   1.566543e+01   2.075627e+00   2.082605e+00  
426       1.596225e+01   1.568785e+01   2.080238e+00   2.087492e+00  
427       1.593309e+01   1.565812e+01   2.080667e+00   2.087480e+00  
428       1.596211e+01   1.568753e+01   2.080729e+00   2.088288e+00  
429       1.591948e+01   1.564270e+01   2.086809e+00   2.093078e+00  
430       1.595699e+01   1.568121e+01   2.085128e+00   2.092270e+00  
431       1.592274e+01   1.564498e+01   2.090168e+00   2.097476e+00  
432       1.597320e+01   1.569635e+01   2.090150e+00   2.097347e+00  
433       1.592848e+01   1.564943e+01   2.095180e+00   2.102886e+00  
434       1.596740e+01   1.568838e+01   2.097701e+00   2.105282e+00  
435       1.593557e+01   1.565497e+01   2.102034e+00   2.108467e+00  
436       1.597760e+01   1.569642e+01   2.106538e+00   2.113916e+00  
437       1.594936e+01   1.566717e+01   2.108578e+00   2.115570e+00  
438       1.598047e+01   1.569700e+01   2.114949e+00   2.122857e+00  
439       1.595285e+01   1.566888e+01   2.115528e+00   2.122280e+00  
440       1.597936e+01   1.569309e+01   2.126080e+00   2.132303e+00  
441       1.595496e+01   1.566852e+01   2.124557e+00   2.131824e+00  
442       1.599953e+01   1.571143e+01   2.133891e+00   2.140675e+00  
443       1.595980e+01   1.567083e+01   2.134841e+00   2.140779e+00  
444       1.599641e+01   1.570672e+01   2.139988e+00   2.145825e+00  
445       1.596441e+01   1.567316e+01   2.143329e+00   2.149578e+00  
446       1.600841e+01   1.571664e+01   2.148598e+00   2.154107e+00  
447       1.598618e+01   1.569381e+01   2.148906e+00   2.155041e+00  
448       1.601453e+01   1.572069e+01   2.156594e+00   2.161932e+00  
449       1.597983e+01   1.568575e+01   2.155048e+00   2.160568e+00  
450       1.601138e+01   1.571593e+01   2.162746e+00   2.167095e+00  
451       1.598815e+01   1.569308e+01   2.159165e+00   2.164722e+00  
452       1.601004e+01   1.571404e+01   2.164345e+00   2.169312e+00  
453       1.599229e+01   1.569653e+01   2.161847e+00   2.167641e+00  
454       1.600723e+01   1.571055e+01   2.167296e+00   2.170897e+00  
455       1.598403e+01   1.568755e+01   2.163720e+00   2.169862e+00  
456       1.601599e+01   1.571892e+01   2.168824e+00   2.173412e+00  
457       1.598887e+01   1.569199e+01   2.165587e+00   2.171524e+00  
458       1.601514e+01   1.571763e+01   2.170429e+00   2.174805e+00  
459       1.599234e+01   1.569569e+01   2.164828e+00   2.171151e+00  
460       1.603098e+01   1.573396e+01   2.169743e+00   2.174178e+00  
461       1.599296e+01   1.569566e+01   2.167735e+00   2.172951e+00  
462       1.603480e+01   1.573782e+01   2.169768e+00   2.174329e+00  
463       1.599450e+01   1.569705e+01   2.168342e+00   2.173675e+00  
464       1.603047e+01   1.573407e+01   2.167434e+00   2.171885e+00  
465       1.600078e+01   1.570373e+01   2.167334e+00   2.172716e+00  
466       1.603863e+01   1.574177e+01   2.169912e+00   2.173859e+00  
467       1.599127e+01   1.569454e+01   2.165738e+00   2.170701e+00  
468       1.603344e+01   1.573681e+01   2.169489e+00   2.171977e+00  
469       1.598478e+01   1.568829e+01   2.164021e+00   2.169736e+00  
470       1.604766e+01   1.575186e+01   2.167548e+00   2.169779e+00  
471       1.599683e+01   1.570086e+01   2.163239e+00   2.168426e+00  
472       1.604651e+01   1.575186e+01   2.162875e+00   2.165964e+00  
473       1.598481e+01   1.568925e+01   2.161017e+00   2.165977e+00  
474       1.605279e+01   1.575855e+01   2.161763e+00   2.164940e+00  
475       1.597606e+01   1.568096e+01   2.159263e+00   2.163223e+00  
476       1.607199e+01   1.577908e+01   2.157834e+00   2.161788e+00  
477       1.597016e+01   1.567568e+01   2.156593e+00   2.160583e+00  
478       1.605683e+01   1.576462e+01   2.154069e+00   2.158367e+00  
479       1.596015e+01   1.566626e+01   2.154213e+00   2.157305e+00  
480       1.605998e+01   1.576891e+01   2.150096e+00   2.154419e+00  
481       1.597037e+01   1.567792e+01   2.149497e+00   2.152960e+00  
482       1.605781e+01   1.576806e+01   2.144606e+00   2.149955e+00  
483       1.597110e+01   1.567940e+01   2.146898e+00   2.150149e+00  
484       1.605822e+01   1.576977e+01   2.140553e+00   2.144442e+00  
485       1.597074e+01   1.568000e+01   2.143391e+00   2.146651e+00  
486       1.605834e+01   1.577093e+01   2.136550e+00   2.140829e+00  
487       1.597956e+01   1.568965e+01   2.140764e+00   2.144379e+00  
488       1.605359e+01   1.576671e+01   2.134699e+00   2.138153e+00  
489       1.596546e+01   1.567590e+01   2.138753e+00   2.141908e+00  
490       1.604404e+01   1.575783e+01   2.131239e+00   2.135350e+00  
491       1.597401e+01   1.568524e+01   2.136528e+00   2.139536e+00  
492       1.603614e+01   1.575010e+01   2.130061e+00   2.134309e+00  
493       1.596879e+01   1.568042e+01   2.135061e+00   2.137276e+00  
494       1.602468e+01   1.573884e+01   2.128321e+00   2.132988e+00  
495       1.597416e+01   1.568623e+01   2.133477e+00   2.136429e+00  
496       1.600992e+01   1.572376e+01   2.128680e+00   2.132985e+00  
497       1.596381e+01   1.567597e+01   2.132420e+00   2.135404e+00  
498       1.601732e+01   1.573148e+01   2.128192e+00   2.132108e+00  
499       1.594991e+01   1.566188e+01   2.132304e+00   2.135106e+00  
500       1.602601e+01   1.573995e+01   2.129585e+00   2.133480e+00  
501       1.595602e+01   1.566783e+01   2.132683e+00   2.136703e+00  
502       1.601853e+01   1.573226e+01   2.130180e+00   2.133460e+00  
503       1.594817e+01   1.565905e+01   2.135201e+00   2.139958e+00  
504       1.601106e+01   1.572434e+01   2.130936e+00   2.134988e+00  
505       1.595024e+01   1.566043e+01   2.138030e+00   2.142425e+00  
506       1.601332e+01   1.572529e+01   2.136036e+00   2.139824e+00  
507       1.595548e+01   1.566512e+01   2.139917e+00   2.145247e+00  
508       1.600115e+01   1.571154e+01   2.140624e+00   2.145267e+00  
509       1.595895e+01   1.566773e+01   2.143546e+00   2.148379e+00  
510       1.601887e+01   1.572824e+01   2.145448e+00   2.150296e+00  
511       1.595918e+01   1.566587e+01   2.151415e+00   2.155763e+00  
512       1.601797e+01   1.572602e+01   2.150140e+00   2.155145e+00  
513       1.594428e+01   1.564894e+01   2.157426e+00   2.162473e+00  
514       1.602029e+01   1.572633e+01   2.157972e+00   2.162321e+00  
515       1.595254e+01   1.565583e+01   2.162979e+00   2.167946e+00  
516       1.601635e+01   1.572030e+01   2.165202e+00   2.169691e+00  
517       1.594914e+01   1.565087e+01   2.168271e+00   2.173454e+00  
518       1.601371e+01   1.571583e+01   2.171472e+00   2.176281e+00  
519       1.595500e+01   1.565453e+01   2.176576e+00   2.181776e+00  
520       1.601439e+01   1.571473e+01   2.178258e+00   2.182421e+00  
521       1.596021e+01   1.565858e+01   2.181168e+00   2.186192e+00  
522       1.602126e+01   1.572040e+01   2.182423e+00   2.187944e+00  
523       1.596576e+01   1.566322e+01   2.184587e+00   2.190169e+00  
524       1.601548e+01   1.571324e+01   2.186944e+00   2.192475e+00  
525       1.596240e+01   1.565909e+01   2.187155e+00   2.192609e+00  
526       1.601880e+01   1.571593e+01   2.189364e+00   2.195051e+00  
527       1.595923e+01   1.565507e+01   2.189631e+00   2.195696e+00  
528       1.600165e+01   1.569855e+01   2.189339e+00   2.194334e+00  
529       1.597002e+01   1.566562e+01   2.191013e+00   2.197592e+00  
530       1.598937e+01   1.568541e+01   2.191993e+00   2.196151e+00  
531       1.598590e+01   1.568135e+01   2.192300e+00   2.199568e+00  
532       1.599163e+01   1.568755e+01   2.192119e+00   2.197227e+00  
533       1.599159e+01   1.568711e+01   2.192346e+00   2.199831e+00  
534       1.597246e+01   1.566824e+01   2.191680e+00   2.195952e+00  
535       1.599424e+01   1.568977e+01   2.192600e+00   2.199878e+00  
536       1.598575e+01   1.568218e+01   2.190056e+00   2.194832e+00  
537       1.600114e+01   1.569743e+01   2.190182e+00   2.197817e+00  
538       1.598179e+01   1.567837e+01   2.189195e+00   2.194040e+00  
539       1.598988e+01   1.568670e+01   2.187728e+00   2.194914e+00  
540       1.598245e+01   1.567961e+01   2.186861e+00   2.192294e+00  
541       1.599639e+01   1.569378e+01   2.185705e+00   2.193727e+00  
542       1.597115e+01   1.566866e+01   2.184568e+00   2.190483e+00  
543       1.600079e+01   1.569897e+01   2.183169e+00   2.191141e+00  
544       1.597601e+01   1.567406e+01   2.182763e+00   2.189194e+00  
545       1.599590e+01   1.569466e+01   2.181057e+00   2.188444e+00  
546       1.598615e+01   1.568509e+01   2.180648e+00   2.186252e+00  
547       1.598773e+01   1.568674e+01   2.179596e+00   2.187021e+00  
548       1.599004e+01   1.568999e+01   2.177326e+00   2.182912e+00  
549       1.599447e+01   1.569469e+01   2.175537e+00   2.183292e+00  
550       1.599341e+01   1.569405e+01   2.174308e+00   2.181366e+00  
551       1.599182e+01   1.569326e+01   2.170586e+00   2.179072e+00  
552       1.599091e+01   1.569256e+01   2.170461e+00   2.177608e+00  
553       1.598359e+01   1.568567e+01   2.168058e+00   2.175876e+00  
554       1.599617e+01   1.569906e+01   2.166444e+00   2.173364e+00  
555       1.599278e+01   1.569591e+01   2.164414e+00   2.173173e+00  
556       1.598351e+01   1.568739e+01   2.162141e+00   2.168744e+00  
557       1.598360e+01   1.568772e+01   2.160069e+00   2.169079e+00  
558       1.596896e+01   1.567348e+01   2.158599e+00   2.165653e+00  
559       1.599160e+01   1.569680e+01   2.157167e+00   2.165224e+00  
560       1.597294e+01   1.567831e+01   2.155941e+00   2.162742e+00  
561       1.598963e+01   1.569572e+01   2.153762e+00   2.161971e+00  
562       1.596187e+01   1.566804e+01   2.152173e+00   2.159203e+00  
563       1.597897e+01   1.568559e+01   2.151327e+00   2.159034e+00  
564       1.596908e+01   1.567648e+01   2.147945e+00   2.155414e+00  
565       1.598077e+01   1.568823e+01   2.148839e+00   2.155673e+00  
566       1.596564e+01   1.567360e+01   2.145223e+00   2.153589e+00  
567       1.597507e+01   1.568328e+01   2.145275e+00   2.152976e+00  
568       1.594625e+01   1.565463e+01   2.143143e+00   2.149971e+00  
569       1.598320e+01   1.569257e+01   2.141773e+00   2.149077e+00  
570       1.595041e+01   1.565909e+01   2.142531e+00   2.148968e+00  
571       1.598486e+01   1.569496e+01   2.139304e+00   2.146454e+00  
572       1.594573e+01   1.565470e+01   2.140583e+00   2.148105e+00  
573       1.598423e+01   1.569482e+01   2.137273e+00   2.144848e+00  
574       1.595176e+01   1.566106e+01   2.140150e+00   2.147048e+00  
575       1.598820e+01   1.569936e+01   2.134816e+00   2.143661e+00  
576       1.595604e+01   1.566541e+01   2.140175e+00   2.147066e+00  
577       1.598433e+01   1.569512e+01   2.136305e+00   2.144371e+00  
578       1.597230e+01   1.568169e+01   2.140546e+00   2.148705e+00  
579       1.596869e+01   1.567901e+01   2.137085e+00   2.144889e+00  
580       1.596346e+01   1.567205e+01   2.142522e+00   2.151422e+00  
581       1.597729e+01   1.568722e+01   2.139140e+00   2.146868e+00  
582       1.596387e+01   1.567146e+01   2.146528e+00   2.154763e+00  
583       1.597834e+01   1.568718e+01   2.143279e+00   2.150845e+00  
584       1.597315e+01   1.568008e+01   2.149331e+00   2.158021e+00  
585       1.597900e+01   1.568651e+01   2.148421e+00   2.155484e+00  
586       1.597172e+01   1.567764e+01   2.152934e+00   2.161581e+00  
587       1.596553e+01   1.567231e+01   2.149666e+00   2.157708e+00  
588       1.597657e+01   1.568136e+01   2.157890e+00   2.165510e+00  
589       1.596128e+01   1.566696e+01   2.153384e+00   2.161371e+00  
590       1.598796e+01   1.569180e+01   2.161802e+00   2.170041e+00  
591       1.595232e+01   1.565626e+01   2.159440e+00   2.166692e+00  
592       1.599641e+01   1.569954e+01   2.164491e+00   2.173554e+00  
593       1.594063e+01   1.564327e+01   2.163271e+00   2.170703e+00  
594       1.600312e+01   1.570523e+01   2.168465e+00   2.177970e+00  
595       1.595835e+01   1.565961e+01   2.169672e+00   2.176715e+00  
596       1.599984e+01   1.570057e+01   2.173168e+00   2.182751e+00  
597       1.594984e+01   1.565026e+01   2.172165e+00   2.179086e+00  
598       1.600234e+01   1.570221e+01   2.176441e+00   2.185986e+00  
599       1.595928e+01   1.565891e+01   2.175585e+00   2.182663e+00  
600       1.601211e+01   1.571158e+01   2.178428e+00   2.188226e+00  
601       1.594296e+01   1.564175e+01   2.177434e+00   2.184529e+00  
602       1.601091e+01   1.571001e+01   2.179198e+00   2.189987e+00  
603       1.594698e+01   1.564529e+01   2.179657e+00   2.186380e+00  
604       1.602570e+01   1.572476e+01   2.180536e+00   2.190914e+00  
605       1.594549e+01   1.564385e+01   2.179186e+00   2.186309e+00  
606       1.602589e+01   1.572525e+01   2.179668e+00   2.189713e+00  
607       1.595275e+01   1.565127e+01   2.179019e+00   2.186289e+00  
608       1.603537e+01   1.573501e+01   2.178902e+00   2.189695e+00  
609       1.595190e+01   1.565047e+01   2.178954e+00   2.185854e+00  
610       1.603560e+01   1.573563e+01   2.177760e+00   2.188083e+00  
611       1.594532e+01   1.564417e+01   2.177416e+00   2.184477e+00  
612       1.603501e+01   1.573586e+01   2.174356e+00   2.185515e+00  
613       1.594638e+01   1.564540e+01   2.177150e+00   2.183663e+00  
614       1.603534e+01   1.573697e+01   2.171372e+00   2.182881e+00  
615       1.593728e+01   1.563656e+01   2.175241e+00   2.182440e+00  
616       1.603964e+01   1.574221e+01   2.168581e+00   2.179477e+00  
617       1.594021e+01   1.564030e+01   2.171682e+00   2.180598e+00  
618       1.603047e+01   1.573357e+01   2.166164e+00   2.176841e+00  
619       1.594042e+01   1.564102e+01   2.169684e+00   2.179001e+00  
620       1.602676e+01   1.573046e+01   2.163437e+00   2.174651e+00  
621       1.594574e+01   1.564664e+01   2.169527e+00   2.177716e+00  
622       1.603456e+01   1.573913e+01   2.160954e+00   2.171937e+00  
623       1.594655e+01   1.564863e+01   2.165081e+00   2.173794e+00  
624       1.602681e+01   1.573201e+01   2.158393e+00   2.168854e+00  
625       1.593879e+01   1.564168e+01   2.162008e+00   2.169886e+00  
626       1.601924e+01   1.572505e+01   2.155291e+00   2.166441e+00  
627       1.594004e+01   1.564361e+01   2.159502e+00   2.167700e+00  
628       1.601638e+01   1.572344e+01   2.150423e+00   2.161875e+00  
629       1.593308e+01   1.563753e+01   2.155651e+00   2.164197e+00  
630       1.602847e+01   1.573736e+01   2.145160e+00   2.155317e+00  
631       1.592904e+01   1.563438e+01   2.151649e+00   2.161202e+00  
632       1.603468e+01   1.574457e+01   2.142548e+00   2.151550e+00  
633       1.593397e+01   1.564037e+01   2.148215e+00   2.157615e+00  
634       1.603969e+01   1.575069e+01   2.137743e+00   2.148818e+00  
635       1.592285e+01   1.562995e+01   2.145033e+00   2.154213e+00  
636       1.603584e+01   1.574776e+01   2.134440e+00   2.144907e+00  
637       1.592036e+01   1.562863e+01   2.140554e+00   2.149832e+00  
638       1.603599e+01   1.574869e+01   2.131735e+00   2.141876e+00  
639       1.592517e+01   1.563427e+01   2.137799e+00   2.147165e+00  
640       1.603259e+01   1.574624e+01   2.128050e+00   2.138028e+00  
641       1.591719e+01   1.562670e+01   2.135787e+00   2.145106e+00  
642       1.602974e+01   1.574402e+01   2.125278e+00   2.135777e+00  
643       1.591600e+01   1.562616e+01   2.133267e+00   2.142750e+00  
644       1.604345e+01   1.575896e+01   2.121707e+00   2.132068e+00  
645       1.591435e+01   1.562453e+01   2.133088e+00   2.142538e+00  
646       1.602036e+01   1.573579e+01   2.120689e+00   2.130644e+00  
647       1.592688e+01   1.563820e+01   2.129978e+00   2.139002e+00  
648       1.601479e+01   1.572991e+01   2.121648e+00   2.131187e+00  
649       1.593449e+01   1.564633e+01   2.128274e+00   2.137914e+00  
650       1.601099e+01   1.572583e+01   2.122904e+00   2.131516e+00  
651       1.593233e+01   1.564463e+01   2.126373e+00   2.136180e+00  
652       1.599984e+01   1.571444e+01   2.122514e+00   2.132209e+00  
653       1.593962e+01   1.565168e+01   2.127540e+00   2.137703e+00  
654       1.599452e+01   1.570887e+01   2.123430e+00   2.132410e+00  
655       1.593186e+01   1.564333e+01   2.129545e+00   2.139079e+00  
656       1.599664e+01   1.571008e+01   2.126990e+00   2.135843e+00  
657       1.593321e+01   1.564441e+01   2.130341e+00   2.140417e+00  
658       1.598979e+01   1.570250e+01   2.129418e+00   2.137834e+00  
659       1.593734e+01   1.564790e+01   2.133121e+00   2.142845e+00  
660       1.599308e+01   1.570523e+01   2.131890e+00   2.139973e+00  
661       1.594314e+01   1.565307e+01   2.136015e+00   2.145346e+00  
662       1.599772e+01   1.570885e+01   2.135043e+00   2.144904e+00  
663       1.593974e+01   1.564841e+01   2.140356e+00   2.149737e+00  
664       1.598601e+01   1.569555e+01   2.140261e+00   2.149822e+00  
665       1.594258e+01   1.565040e+01   2.143302e+00   2.153366e+00  
666       1.598042e+01   1.568913e+01   2.142609e+00   2.152742e+00  
667       1.594731e+01   1.565428e+01   2.147062e+00   2.156449e+00  
668       1.599428e+01   1.570177e+01   2.147787e+00   2.158367e+00  
669       1.594130e+01   1.564671e+01   2.152031e+00   2.161985e+00  
670       1.600214e+01   1.570839e+01   2.152997e+00   2.163209e+00  
671       1.595004e+01   1.565509e+01   2.153748e+00   2.164113e+00  
672       1.600833e+01   1.571365e+01   2.156301e+00   2.167512e+00  
673       1.594625e+01   1.564992e+01   2.158784e+00   2.168556e+00  
674       1.601255e+01   1.571670e+01   2.160534e+00   2.172391e+00  
675       1.596054e+01   1.566425e+01   2.159923e+00   2.169020e+00  
676       1.600494e+01   1.570867e+01   2.161924e+00   2.172969e+00  
677       1.596473e+01   1.566826e+01   2.160452e+00   2.170383e+00  
678       1.600442e+01   1.570755e+01   2.163754e+00   2.175401e+00  
679       1.596998e+01   1.567324e+01   2.161421e+00   2.172095e+00  
680       1.600560e+01   1.570840e+01   2.165152e+00   2.176609e+00  
681       1.597345e+01   1.567666e+01   2.161929e+00   2.172430e+00  
682       1.600160e+01   1.570467e+01   2.163603e+00   2.175580e+00  
683       1.597194e+01   1.567523e+01   2.161515e+00   2.172067e+00  
684       1.599472e+01   1.569747e+01   2.164104e+00   2.176531e+00  
685       1.598931e+01   1.569272e+01   2.162115e+00   2.173018e+00  
686       1.597923e+01   1.568166e+01   2.164065e+00   2.176706e+00  
687       1.598020e+01   1.568402e+01   2.159826e+00   2.171053e+00  
688       1.598659e+01   1.568963e+01   2.162332e+00   2.175039e+00  
689       1.598724e+01   1.569103e+01   2.160493e+00   2.171561e+00  
690       1.597329e+01   1.567649e+01   2.161021e+00   2.173370e+00  
691       1.599077e+01   1.569546e+01   2.157680e+00   2.168340e+00  
692       1.597582e+01   1.567922e+01   2.160561e+00   2.172781e+00  
693       1.600121e+01   1.570624e+01   2.156993e+00   2.167990e+00  
694       1.596770e+01   1.567168e+01   2.157462e+00   2.170557e+00  
695       1.599219e+01   1.569750e+01   2.155776e+00   2.165931e+00  
696       1.597943e+01   1.568426e+01   2.154721e+00   2.168755e+00  
697       1.599169e+01   1.569728e+01   2.154873e+00   2.164733e+00  
698       1.597420e+01   1.567914e+01   2.153963e+00   2.167952e+00  
699       1.599640e+01   1.570315e+01   2.150922e+00   2.160863e+00  
700       1.596953e+01   1.567517e+01   2.151232e+00   2.164996e+00  
701       1.600022e+01   1.570753e+01   2.149272e+00   2.158926e+00  
702       1.597096e+01   1.567742e+01   2.148000e+00   2.162491e+00  
703       1.599499e+01   1.570328e+01   2.144868e+00   2.155491e+00  
704       1.596453e+01   1.567169e+01   2.145143e+00   2.159346e+00  
705       1.600024e+01   1.570985e+01   2.140164e+00   2.151221e+00  
706       1.596776e+01   1.567582e+01   2.142830e+00   2.155512e+00  
707       1.600196e+01   1.571226e+01   2.137238e+00   2.149379e+00  
708       1.597283e+01   1.568208e+01   2.138741e+00   2.151663e+00  
709       1.598492e+01   1.569570e+01   2.134224e+00   2.146618e+00  
710       1.597780e+01   1.568787e+01   2.135897e+00   2.149194e+00  
711       1.599067e+01   1.570205e+01   2.132727e+00   2.144440e+00  
712       1.596960e+01   1.568029e+01   2.133210e+00   2.146189e+00  
713       1.598873e+01   1.570091e+01   2.129661e+00   2.141414e+00  
714       1.595999e+01   1.567166e+01   2.129309e+00   2.141617e+00  
715       1.599355e+01   1.570633e+01   2.127857e+00   2.139405e+00  
716       1.597108e+01   1.568365e+01   2.126780e+00   2.138992e+00  
717       1.598776e+01   1.570095e+01   2.126178e+00   2.137270e+00  
718       1.597282e+01   1.568593e+01   2.124813e+00   2.137254e+00  
719       1.597741e+01   1.569135e+01   2.122786e+00   2.133770e+00  
720       1.598217e+01   1.569575e+01   2.123471e+00   2.136310e+00  
721       1.597664e+01   1.569113e+01   2.120939e+00   2.131457e+00  
722       1.598197e+01   1.569607e+01   2.121553e+00   2.134425e+00  
723       1.597624e+01   1.569123e+01   2.119358e+00   2.129293e+00  
724       1.598829e+01   1.570285e+01   2.120485e+00   2.132921e+00  
725       1.597233e+01   1.568732e+01   2.119106e+00   2.129050e+00  
726       1.597842e+01   1.569298e+01   2.120076e+00   2.132014e+00  
727       1.597749e+01   1.569258e+01   2.118950e+00   2.129079e+00  
728       1.598040e+01   1.569476e+01   2.120930e+00   2.132909e+00  
729       1.598510e+01   1.570000e+01   2.120558e+00   2.129958e+00  
730       1.597368e+01   1.568750e+01   2.122851e+00   2.134069e+00  
731       1.598835e+01   1.570287e+01   2.121999e+00   2.131691e+00  
732       1.597830e+01   1.569134e+01   2.126633e+00   2.136653e+00  
733       1.597931e+01   1.569306e+01   2.124109e+00   2.134080e+00  
734       1.599062e+01   1.570323e+01   2.128840e+00   2.139275e+00  
735       1.597196e+01   1.568487e+01   2.126383e+00   2.137048e+00  
736       1.599350e+01   1.570573e+01   2.130735e+00   2.140609e+00  
737       1.597970e+01   1.569133e+01   2.130985e+00   2.142833e+00  
738       1.599547e+01   1.570690e+01   2.133843e+00   2.143599e+00  
739       1.597585e+01   1.568585e+01   2.136646e+00   2.148642e+00  
740       1.599060e+01   1.570090e+01   2.137367e+00   2.147740e+00  
741       1.598256e+01   1.569113e+01   2.142264e+00   2.154356e+00  
742       1.598066e+01   1.568967e+01   2.141158e+00   2.151999e+00  
743       1.598986e+01   1.569739e+01   2.146696e+00   2.158491e+00  
744       1.598553e+01   1.569331e+01   2.146071e+00   2.156743e+00  
745       1.599270e+01   1.569932e+01   2.150820e+00   2.161452e+00  
746       1.598886e+01   1.569574e+01   2.148831e+00   2.160992e+00  
747       1.597988e+01   1.568514e+01   2.154602e+00   2.165785e+00  
748       1.598181e+01   1.568738e+01   2.152755e+00   2.165604e+00  
749       1.596821e+01   1.567252e+01   2.157213e+00   2.168485e+00  
750       1.597925e+01   1.568459e+01   2.153548e+00   2.166234e+00  
751       1.598291e+01   1.568711e+01   2.157892e+00   2.170559e+00  
752       1.597199e+01   1.567654e+01   2.155473e+00   2.169023e+00  
753       1.597997e+01   1.568364e+01   2.160112e+00   2.171767e+00  
754       1.597813e+01   1.568238e+01   2.157221e+00   2.170289e+00  
755       1.597392e+01   1.567732e+01   2.160461e+00   2.172583e+00  
756       1.598034e+01   1.568434e+01   2.157553e+00   2.172050e+00  
757       1.597905e+01   1.568214e+01   2.161900e+00   2.174158e+00  
758       1.597607e+01   1.568011e+01   2.157420e+00   2.171306e+00  
759       1.597243e+01   1.567507e+01   2.162936e+00   2.175447e+00  
760       1.599059e+01   1.569506e+01   2.157057e+00   2.170536e+00  
761       1.597374e+01   1.567675e+01   2.161240e+00   2.174663e+00  
762       1.598842e+01   1.569337e+01   2.154990e+00   2.168773e+00  
763       1.597578e+01   1.567884e+01   2.160677e+00   2.175058e+00  
764       1.598938e+01   1.569459e+01   2.153284e+00   2.168774e+00  
765       1.597855e+01   1.568192e+01   2.159603e+00   2.174249e+00  
766       1.599021e+01   1.569571e+01   2.152312e+00   2.167735e+00  
767       1.597705e+01   1.568095e+01   2.157771e+00   2.172092e+00  
768       1.598568e+01   1.569140e+01   2.151215e+00   2.166633e+00  
769       1.597800e+01   1.568246e+01   2.155474e+00   2.170428e+00  
770       1.597708e+01   1.568277e+01   2.150743e+00   2.166147e+00  
771       1.597977e+01   1.568526e+01   2.151496e+00   2.167211e+00  
772       1.596797e+01   1.567375e+01   2.149685e+00   2.165292e+00  
773       1.597278e+01   1.567830e+01   2.150902e+00   2.166624e+00  
774       1.596713e+01   1.567377e+01   2.146064e+00   2.162528e+00  
775       1.597171e+01   1.567784e+01   2.148750e+00   2.164158e+00  
776       1.596258e+01   1.567013e+01   2.141804e+00   2.159531e+00  
777       1.596821e+01   1.567525e+01   2.145110e+00   2.160721e+00  
778       1.596540e+01   1.567381e+01   2.138729e+00   2.156718e+00  
779       1.597368e+01   1.568144e+01   2.142091e+00   2.159245e+00  
780       1.595331e+01   1.566217e+01   2.135988e+00   2.154598e+00  
781       1.598001e+01   1.568930e+01   2.137105e+00   2.153882e+00  
782       1.595240e+01   1.566176e+01   2.133884e+00   2.152897e+00  
783       1.597962e+01   1.568986e+01   2.133516e+00   2.150564e+00  
784       1.594492e+01   1.565500e+01   2.130382e+00   2.150138e+00  
785       1.597564e+01   1.568647e+01   2.131079e+00   2.148057e+00  
786       1.595349e+01   1.566444e+01   2.127891e+00   2.147399e+00  
787       1.595825e+01   1.566984e+01   2.126967e+00   2.144229e+00  
788       1.593927e+01   1.565091e+01   2.123871e+00   2.144381e+00  
789       1.596198e+01   1.567412e+01   2.125122e+00   2.142614e+00  
790       1.595192e+01   1.566444e+01   2.121192e+00   2.142343e+00  
791       1.596068e+01   1.567371e+01   2.121861e+00   2.139079e+00  
792       1.594874e+01   1.566119e+01   2.121517e+00   2.142112e+00  
793       1.596036e+01   1.567427e+01   2.118194e+00   2.136263e+00  
794       1.595073e+01   1.566356e+01   2.120228e+00   2.140878e+00  
795       1.596468e+01   1.567881e+01   2.117765e+00   2.135635e+00  
796       1.595276e+01   1.566578e+01   2.119652e+00   2.140306e+00  
797       1.594872e+01   1.566276e+01   2.116519e+00   2.135417e+00  
798       1.594579e+01   1.565886e+01   2.118992e+00   2.139676e+00  
799       1.596011e+01   1.567484e+01   2.114166e+00   2.134193e+00  
800       1.594857e+01   1.566198e+01   2.117759e+00   2.138752e+00  
801       1.596267e+01   1.567711e+01   2.115740e+00   2.135082e+00  
802       1.594170e+01   1.565506e+01   2.117071e+00   2.138903e+00  
803       1.596083e+01   1.567551e+01   2.115140e+00   2.133662e+00  
804       1.594288e+01   1.565614e+01   2.117676e+00   2.139222e+00  
805       1.596322e+01   1.567736e+01   2.117726e+00   2.135407e+00  
806       1.595259e+01   1.566578e+01   2.118500e+00   2.140225e+00  
807       1.595572e+01   1.566966e+01   2.117578e+00   2.136084e+00  
808       1.594340e+01   1.565530e+01   2.122762e+00   2.144166e+00  
809       1.596303e+01   1.567645e+01   2.120592e+00   2.137854e+00  
810       1.593212e+01   1.564315e+01   2.125105e+00   2.146668e+00  
811       1.595261e+01   1.566488e+01   2.123798e+00   2.141623e+00  
812       1.594405e+01   1.565487e+01   2.126545e+00   2.148420e+00  
813       1.594791e+01   1.565899e+01   2.127944e+00   2.145667e+00  
814       1.594480e+01   1.565424e+01   2.131871e+00   2.153278e+00  
815       1.594671e+01   1.565638e+01   2.133097e+00   2.150637e+00  
816       1.592779e+01   1.563563e+01   2.136571e+00   2.157889e+00  
817       1.595467e+01   1.566333e+01   2.137176e+00   2.155015e+00  
818       1.594112e+01   1.564792e+01   2.141450e+00   2.162402e+00  
819       1.595233e+01   1.565960e+01   2.142230e+00   2.159775e+00  
820       1.593453e+01   1.564041e+01   2.144675e+00   2.164993e+00  
821       1.596750e+01   1.567412e+01   2.145068e+00   2.163782e+00  
822       1.594267e+01   1.564770e+01   2.147752e+00   2.169188e+00  
823       1.596806e+01   1.567369e+01   2.148441e+00   2.167600e+00  
824       1.594533e+01   1.564968e+01   2.150522e+00   2.171767e+00  
825       1.595449e+01   1.565924e+01   2.150904e+00   2.169636e+00  
826       1.594374e+01   1.564781e+01   2.151223e+00   2.172855e+00  
827       1.596240e+01   1.566650e+01   2.153864e+00   2.172541e+00  
828       1.595881e+01   1.566336e+01   2.150881e+00   2.171781e+00  
829       1.596247e+01   1.566665e+01   2.153753e+00   2.172052e+00  
830       1.596835e+01   1.567289e+01   2.151432e+00   2.172593e+00  
831       1.596860e+01   1.567287e+01   2.154103e+00   2.171889e+00  
832       1.595899e+01   1.566332e+01   2.151154e+00   2.173083e+00  
833       1.595773e+01   1.566218e+01   2.152388e+00   2.170814e+00  
834       1.595615e+01   1.566039e+01   2.151264e+00   2.173191e+00  
835       1.595834e+01   1.566277e+01   2.152191e+00   2.171191e+00  
836       1.595730e+01   1.566216e+01   2.149624e+00   2.170593e+00  
837       1.595339e+01   1.565799e+01   2.150949e+00   2.170556e+00  
838       1.595954e+01   1.566491e+01   2.147664e+00   2.169105e+00  
839       1.595517e+01   1.565987e+01   2.150588e+00   2.170440e+00  
840       1.596013e+01   1.566629e+01   2.144618e+00   2.166504e+00  
841       1.595595e+01   1.566109e+01   2.148513e+00   2.169424e+00  
842       1.596351e+01   1.567020e+01   2.142963e+00   2.164717e+00  
843       1.594914e+01   1.565454e+01   2.147061e+00   2.168090e+00  
844       1.596105e+01   1.566835e+01   2.140667e+00   2.162309e+00  
845       1.595632e+01   1.566274e+01   2.143817e+00   2.164901e+00  
846       1.594635e+01   1.565402e+01   2.138493e+00   2.159767e+00  
847       1.595489e+01   1.566174e+01   2.142339e+00   2.163079e+00  
848       1.594477e+01   1.565302e+01   2.136104e+00   2.157690e+00  
849       1.595774e+01   1.566538e+01   2.139644e+00   2.160346e+00  
850       1.595224e+01   1.566096e+01   2.134483e+00   2.156871e+00  
851       1.595711e+01   1.566574e+01   2.135862e+00   2.156834e+00  
852       1.595154e+01   1.566078e+01   2.132419e+00   2.155068e+00  
853       1.595741e+01   1.566685e+01   2.132363e+00   2.154507e+00  
854       1.596145e+01   1.567212e+01   2.128019e+00   2.150372e+00  
855       1.595477e+01   1.566538e+01   2.128322e+00   2.149619e+00  
856       1.596126e+01   1.567224e+01   2.126929e+00   2.149179e+00  
857       1.596262e+01   1.567414e+01   2.125890e+00   2.146467e+00  
858       1.596675e+01   1.567846e+01   2.124085e+00   2.147355e+00  
859       1.596221e+01   1.567470e+01   2.122607e+00   2.142551e+00  
860       1.595647e+01   1.566860e+01   2.121978e+00   2.145015e+00  
861       1.596171e+01   1.567546e+01   2.117300e+00   2.138451e+00  
862       1.595308e+01   1.566573e+01   2.120112e+00   2.142609e+00  
863       1.596718e+01   1.568171e+01   2.115050e+00   2.135727e+00  
864       1.596278e+01   1.567659e+01   2.116186e+00   2.139318e+00  
865       1.596205e+01   1.567705e+01   2.113280e+00   2.133365e+00  
866       1.596824e+01   1.568293e+01   2.113424e+00   2.136300e+00  
867       1.596887e+01   1.568485e+01   2.109849e+00   2.130434e+00  
868       1.597430e+01   1.568953e+01   2.112001e+00   2.134534e+00  
869       1.596479e+01   1.568110e+01   2.108664e+00   2.128649e+00  
870       1.597576e+01   1.569142e+01   2.110244e+00   2.133365e+00  
871       1.595363e+01   1.567012e+01   2.107140e+00   2.127348e+00  
872       1.598198e+01   1.569805e+01   2.109172e+00   2.132239e+00  
873       1.594986e+01   1.566634e+01   2.107217e+00   2.126828e+00  
874       1.597810e+01   1.569459e+01   2.107190e+00   2.130538e+00  
875       1.595265e+01   1.566933e+01   2.106498e+00   2.126446e+00  
876       1.597665e+01   1.569320e+01   2.106841e+00   2.130309e+00  
877       1.594438e+01   1.566089e+01   2.106621e+00   2.126473e+00  
878       1.598626e+01   1.570290e+01   2.107560e+00   2.130208e+00  
879       1.595366e+01   1.567024e+01   2.106862e+00   2.126913e+00  
880       1.598685e+01   1.570315e+01   2.109573e+00   2.130774e+00  
881       1.593725e+01   1.565305e+01   2.108979e+00   2.128426e+00  
882       1.596805e+01   1.568343e+01   2.111879e+00   2.132720e+00  
883       1.594324e+01   1.565877e+01   2.110415e+00   2.129822e+00  
884       1.597759e+01   1.569259e+01   2.114312e+00   2.134465e+00  
885       1.594191e+01   1.565652e+01   2.113305e+00   2.133494e+00  
886       1.597033e+01   1.568445e+01   2.117543e+00   2.136744e+00  
887       1.594006e+01   1.565348e+01   2.117524e+00   2.137732e+00  
888       1.597213e+01   1.568540e+01   2.121176e+00   2.139580e+00  
889       1.595096e+01   1.566350e+01   2.121390e+00   2.141835e+00  
890       1.597973e+01   1.569220e+01   2.124669e+00   2.142981e+00  
891       1.595048e+01   1.566197e+01   2.125734e+00   2.145205e+00  
892       1.597785e+01   1.568887e+01   2.130161e+00   2.147923e+00  
893       1.595506e+01   1.566586e+01   2.128109e+00   2.148439e+00  
894       1.597779e+01   1.568790e+01   2.133855e+00   2.150845e+00  
895       1.595901e+01   1.566908e+01   2.131316e+00   2.151145e+00  
896       1.597713e+01   1.568651e+01   2.135920e+00   2.154059e+00  
897       1.596761e+01   1.567716e+01   2.134049e+00   2.153399e+00  
898       1.596975e+01   1.567827e+01   2.138977e+00   2.156316e+00  
899       1.596707e+01   1.567566e+01   2.137690e+00   2.156656e+00  
900       1.596604e+01   1.567384e+01   2.140516e+00   2.159490e+00  
901       1.596401e+01   1.567198e+01   2.140084e+00   2.158406e+00  
902       1.597361e+01   1.568139e+01   2.141358e+00   2.159840e+00  
903       1.597339e+01   1.568105e+01   2.142523e+00   2.159525e+00  
904       1.596372e+01   1.567157e+01   2.140483e+00   2.158814e+00  
905       1.596431e+01   1.567174e+01   2.142709e+00   2.159789e+00  
906       1.598107e+01   1.568892e+01   2.141651e+00   2.160058e+00  
907       1.596291e+01   1.567052e+01   2.142012e+00   2.158995e+00  
908       1.597320e+01   1.568084e+01   2.141997e+00   2.160149e+00  
909       1.594722e+01   1.565477e+01   2.141410e+00   2.157891e+00  
910       1.596305e+01   1.567072e+01   2.141503e+00   2.159053e+00  
911       1.595241e+01   1.566038e+01   2.139502e+00   2.157427e+00  
912       1.597161e+01   1.567942e+01   2.141816e+00   2.158887e+00  
913       1.595230e+01   1.566061e+01   2.138470e+00   2.155904e+00  
914       1.596805e+01   1.567635e+01   2.140324e+00   2.156345e+00  
915       1.595826e+01   1.566705e+01   2.137218e+00   2.154463e+00  
916       1.596731e+01   1.567592e+01   2.138828e+00   2.155436e+00  
917       1.594652e+01   1.565586e+01   2.134668e+00   2.151457e+00  
918       1.596748e+01   1.567682e+01   2.136232e+00   2.152697e+00  
919       1.595530e+01   1.566542e+01   2.132406e+00   2.149219e+00  
920       1.597130e+01   1.568151e+01   2.132932e+00   2.150188e+00  
921       1.595419e+01   1.566435e+01   2.132227e+00   2.148988e+00  
922       1.596844e+01   1.567924e+01   2.131276e+00   2.147161e+00  
923       1.595045e+01   1.566144e+01   2.128516e+00   2.146095e+00  
924       1.597108e+01   1.568267e+01   2.128084e+00   2.144868e+00  
925       1.596691e+01   1.567851e+01   2.127270e+00   2.145003e+00  
926       1.595502e+01   1.566703e+01   2.125298e+00   2.142410e+00  
927       1.596505e+01   1.567727e+01   2.125334e+00   2.142165e+00  
928       1.596595e+01   1.567885e+01   2.122497e+00   2.140207e+00  
929       1.595401e+01   1.566662e+01   2.123527e+00   2.139700e+00  
930       1.596885e+01   1.568254e+01   2.119989e+00   2.137263e+00  
931       1.594976e+01   1.566324e+01   2.120091e+00   2.136138e+00  
932       1.597000e+01   1.568450e+01   2.116956e+00   2.134468e+00  
933       1.595137e+01   1.566557e+01   2.117457e+00   2.133680e+00  
934       1.596987e+01   1.568505e+01   2.114537e+00   2.131814e+00  
935       1.595850e+01   1.567326e+01   2.115663e+00   2.132324e+00  
936       1.596350e+01   1.567926e+01   2.111750e+00   2.129506e+00  
937       1.595908e+01   1.567424e+01   2.113952e+00   2.131091e+00  
938       1.595926e+01   1.567544e+01   2.110641e+00   2.126923e+00  
939       1.596810e+01   1.568393e+01   2.111450e+00   2.129908e+00  
940       1.595665e+01   1.567306e+01   2.109347e+00   2.126179e+00  
941       1.596977e+01   1.568628e+01   2.109459e+00   2.127078e+00  
942       1.595345e+01   1.566967e+01   2.109469e+00   2.126992e+00  
943       1.597536e+01   1.569245e+01   2.107756e+00   2.125196e+00  
944       1.594779e+01   1.566408e+01   2.108580e+00   2.126646e+00  
945       1.596472e+01   1.568173e+01   2.106926e+00   2.125160e+00  
946       1.595437e+01   1.567092e+01   2.107933e+00   2.126231e+00  
947       1.596426e+01   1.568091e+01   2.107883e+00   2.126855e+00  
948       1.596456e+01   1.568160e+01   2.106678e+00   2.125217e+00  
949       1.595917e+01   1.567547e+01   2.108585e+00   2.128059e+00  
950       1.596656e+01   1.568342e+01   2.107433e+00   2.126039e+00  
951       1.597114e+01   1.568778e+01   2.108263e+00   2.127445e+00  
952       1.597102e+01   1.568746e+01   2.109095e+00   2.128149e+00  
953       1.596439e+01   1.568073e+01   2.109042e+00   2.128042e+00  
954       1.597041e+01   1.568614e+01   2.111150e+00   2.131177e+00  
955       1.596942e+01   1.568569e+01   2.109754e+00   2.128472e+00  
956       1.596495e+01   1.567959e+01   2.114454e+00   2.135267e+00  
957       1.597253e+01   1.568805e+01   2.112958e+00   2.131270e+00  
958       1.597257e+01   1.568670e+01   2.116472e+00   2.138020e+00  
959       1.595884e+01   1.567313e+01   2.115445e+00   2.135950e+00  
960       1.597352e+01   1.568685e+01   2.119886e+00   2.140610e+00  
961       1.597063e+01   1.568442e+01   2.117736e+00   2.138987e+00  
962       1.597348e+01   1.568579e+01   2.123403e+00   2.144592e+00  
963       1.597640e+01   1.568927e+01   2.121666e+00   2.142527e+00  
964       1.598470e+01   1.569624e+01   2.127004e+00   2.148179e+00  
965       1.597938e+01   1.569141e+01   2.124899e+00   2.145882e+00  
966       1.598370e+01   1.569424e+01   2.130812e+00   2.151521e+00  
967       1.597532e+01   1.568569e+01   2.130364e+00   2.152148e+00  
968       1.599755e+01   1.570738e+01   2.134117e+00   2.155321e+00  
969       1.598290e+01   1.569241e+01   2.134118e+00   2.155625e+00  
970       1.599315e+01   1.570167e+01   2.138087e+00   2.160327e+00  
971       1.597488e+01   1.568318e+01   2.138126e+00   2.159426e+00  
972       1.599636e+01   1.570347e+01   2.143128e+00   2.166042e+00  
973       1.598640e+01   1.569417e+01   2.140592e+00   2.162369e+00  
974       1.599871e+01   1.570528e+01   2.145053e+00   2.168291e+00  
975       1.597986e+01   1.568678e+01   2.143150e+00   2.165143e+00  
976       1.600017e+01   1.570623e+01   2.146983e+00   2.170295e+00  
977       1.598540e+01   1.569158e+01   2.146806e+00   2.167661e+00  
978       1.599466e+01   1.570035e+01   2.147512e+00   2.171689e+00  
979       1.598867e+01   1.569463e+01   2.147752e+00   2.168748e+00  
980       1.599703e+01   1.570277e+01   2.147555e+00   2.171576e+00  
981       1.598979e+01   1.569558e+01   2.148400e+00   2.169494e+00  
982       1.600108e+01   1.570661e+01   2.148528e+00   2.172708e+00  
983       1.598850e+01   1.569438e+01   2.147656e+00   2.169405e+00  
984       1.599502e+01   1.570041e+01   2.148703e+00   2.172756e+00  
985       1.598597e+01   1.569172e+01   2.147624e+00   2.169938e+00  
986       1.599734e+01   1.570238e+01   2.150004e+00   2.174270e+00  
987       1.599123e+01   1.569732e+01   2.147059e+00   2.168826e+00  
988       1.600322e+01   1.570864e+01   2.149580e+00   2.172769e+00  
989       1.598825e+01   1.569433e+01   2.146258e+00   2.169298e+00  
990       1.600445e+01   1.571005e+01   2.148377e+00   2.172832e+00  
991       1.600151e+01   1.570836e+01   2.145071e+00   2.166677e+00  
992       1.600309e+01   1.570871e+01   2.148346e+00   2.172503e+00  
993       1.598818e+01   1.569513e+01   2.143652e+00   2.165534e+00  
994       1.599006e+01   1.569569e+01   2.147127e+00   2.171839e+00  
995       1.598327e+01   1.569061e+01   2.141760e+00   2.163902e+00  
996       1.600041e+01   1.570637e+01   2.147460e+00   2.170611e+00  
997       1.598835e+01   1.569591e+01   2.140807e+00   2.163919e+00  
998       1.599143e+01   1.569750e+01   2.146174e+00   2.169885e+00  
999       1.598472e+01   1.569243e+01   2.140140e+00   2.163005e+00  
1000      1.599824e+01   1.570503e+01   2.144246e+00   2.167419e+00  
1001      1.598635e+01   1.569429e+01   2.139152e+00   2.162553e+00  
1002      1.599155e+01   1.569846e+01   2.143231e+00   2.166658e+00  
1003      1.598844e+01   1.569692e+01   2.137481e+00   2.160549e+00  
1004      1.599116e+01   1.569846e+01   2.141710e+00   2.165369e+00  
1005      1.598509e+01   1.569377e+01   2.136363e+00   2.159802e+00  
1006      1.598976e+01   1.569738e+01   2.140135e+00   2.164316e+00  
1007      1.598825e+01   1.569770e+01   2.133567e+00   2.157404e+00  
1008      1.598590e+01   1.569430e+01   2.137134e+00   2.161144e+00  
1009      1.599397e+01   1.570372e+01   2.132997e+00   2.156580e+00  
1010      1.599467e+01   1.570381e+01   2.134969e+00   2.159076e+00  
1011      1.598484e+01   1.569462e+01   2.132414e+00   2.155712e+00  
1012      1.598928e+01   1.569877e+01   2.132699e+00   2.158080e+00  
1013      1.599647e+01   1.570709e+01   2.130481e+00   2.153020e+00  
1014      1.599049e+01   1.569994e+01   2.132862e+00   2.158404e+00  
1015      1.599541e+01   1.570662e+01   2.127923e+00   2.151088e+00  
1016      1.598681e+01   1.569652e+01   2.132230e+00   2.156633e+00  
1017      1.599479e+01   1.570638e+01   2.126160e+00   2.149996e+00  
1018      1.599036e+01   1.570023e+01   2.131955e+00   2.156181e+00  
1019      1.599768e+01   1.570906e+01   2.126764e+00   2.151312e+00  
1020      1.597632e+01   1.568628e+01   2.131246e+00   2.154371e+00  
1021      1.599852e+01   1.571003e+01   2.125912e+00   2.151300e+00  
1022      1.598593e+01   1.569631e+01   2.130203e+00   2.153607e+00  
1023      1.600062e+01   1.571181e+01   2.127149e+00   2.152670e+00  
1024      1.598335e+01   1.569392e+01   2.129821e+00   2.152218e+00  
1025      1.599616e+01   1.570728e+01   2.127252e+00   2.152557e+00  
1026      1.599211e+01   1.570263e+01   2.130192e+00   2.153486e+00  
1027      1.598711e+01   1.569764e+01   2.129373e+00   2.153537e+00  
1028      1.599583e+01   1.570646e+01   2.129988e+00   2.153300e+00  
1029      1.599081e+01   1.570106e+01   2.130831e+00   2.154621e+00  
1030      1.599015e+01   1.570049e+01   2.129834e+00   2.154877e+00  
1031      1.599344e+01   1.570300e+01   2.133948e+00   2.156890e+00  
1032      1.599112e+01   1.570050e+01   2.133698e+00   2.158180e+00  
1033      1.598753e+01   1.569652e+01   2.135593e+00   2.158633e+00  
1034      1.598959e+01   1.569815e+01   2.136604e+00   2.161000e+00  
1035      1.599531e+01   1.570376e+01   2.138240e+00   2.160992e+00  
1036      1.599437e+01   1.570184e+01   2.141136e+00   2.165110e+00  
1037      1.599693e+01   1.570448e+01   2.141283e+00   2.164679e+00  
1038      1.599465e+01   1.570161e+01   2.142974e+00   2.167007e+00  
1039      1.599107e+01   1.569733e+01   2.145649e+00   2.168929e+00  
1040      1.600592e+01   1.571198e+01   2.147452e+00   2.170642e+00  
1041      1.599620e+01   1.570153e+01   2.149488e+00   2.172546e+00  
1042      1.600272e+01   1.570778e+01   2.151041e+00   2.173908e+00  
1043      1.599331e+01   1.569778e+01   2.151808e+00   2.176081e+00  
1044      1.600479e+01   1.570908e+01   2.153921e+00   2.176830e+00  
1045      1.599909e+01   1.570225e+01   2.157310e+00   2.180878e+00  
1046      1.600754e+01   1.571122e+01   2.156144e+00   2.179421e+00  
1047      1.600047e+01   1.570267e+01   2.161068e+00   2.184221e+00  
1048      1.601440e+01   1.571753e+01   2.159020e+00   2.181478e+00  
1049      1.599683e+01   1.569819e+01   2.164196e+00   2.186699e+00  
1050      1.601318e+01   1.571554e+01   2.161923e+00   2.183967e+00  
1051      1.600402e+01   1.570546e+01   2.164013e+00   2.187248e+00  
1052      1.602330e+01   1.572543e+01   2.163745e+00   2.185238e+00  
1053      1.600680e+01   1.570817e+01   2.163712e+00   2.188420e+00  
1054      1.602483e+01   1.572660e+01   2.165076e+00   2.186701e+00  
1055      1.600976e+01   1.571102e+01   2.165288e+00   2.188057e+00  
1056      1.602135e+01   1.572316e+01   2.164933e+00   2.186112e+00  
1057      1.601307e+01   1.571435e+01   2.165744e+00   2.187908e+00  
1058      1.603199e+01   1.573408e+01   2.164325e+00   2.186117e+00  
1059      1.601923e+01   1.572104e+01   2.164415e+00   2.186279e+00  
1060      1.601873e+01   1.572067e+01   2.163868e+00   2.185836e+00  
1061      1.601436e+01   1.571610e+01   2.164308e+00   2.186305e+00  
1062      1.603717e+01   1.573985e+01   2.162846e+00   2.184041e+00  
1063      1.600968e+01   1.571157e+01   2.163301e+00   2.185507e+00  
1064      1.604341e+01   1.574675e+01   2.161381e+00   2.181543e+00  
1065      1.600961e+01   1.571202e+01   2.161415e+00   2.183658e+00  
1066      1.604240e+01   1.574589e+01   2.161217e+00   2.180526e+00  
1067      1.601056e+01   1.571327e+01   2.159930e+00   2.183078e+00  
1068      1.603886e+01   1.574309e+01   2.157852e+00   2.177975e+00  
1069      1.600760e+01   1.571053e+01   2.158865e+00   2.182132e+00  
1070      1.603704e+01   1.574170e+01   2.156493e+00   2.176022e+00  
1071      1.601236e+01   1.571557e+01   2.158197e+00   2.181501e+00  
1072      1.603485e+01   1.574031e+01   2.153091e+00   2.173301e+00  
1073      1.601112e+01   1.571478e+01   2.156360e+00   2.179857e+00  
1074      1.604351e+01   1.574934e+01   2.152476e+00   2.172404e+00  
1075      1.600916e+01   1.571362e+01   2.153155e+00   2.177022e+00  
1076      1.605366e+01   1.576059e+01   2.148984e+00   2.169203e+00  
1077      1.600801e+01   1.571296e+01   2.151249e+00   2.175134e+00  
1078      1.604312e+01   1.575064e+01   2.146238e+00   2.166256e+00  
1079      1.600503e+01   1.571097e+01   2.147691e+00   2.171145e+00  
1080      1.604901e+01   1.575744e+01   2.142871e+00   2.163745e+00  
1081      1.602063e+01   1.572702e+01   2.147067e+00   2.170596e+00  
1082      1.604843e+01   1.575727e+01   2.141286e+00   2.162289e+00  
1083      1.600544e+01   1.571220e+01   2.144850e+00   2.168107e+00  
1084      1.605150e+01   1.576126e+01   2.138370e+00   2.158874e+00  
1085      1.600857e+01   1.571609e+01   2.142153e+00   2.165667e+00  
1086      1.605506e+01   1.576539e+01   2.136881e+00   2.156674e+00  
1087      1.600350e+01   1.571143e+01   2.140268e+00   2.163810e+00  
1088      1.605018e+01   1.576061e+01   2.136059e+00   2.156040e+00  
1089      1.600286e+01   1.571116e+01   2.138435e+00   2.162875e+00  
1090      1.604887e+01   1.575962e+01   2.134968e+00   2.154680e+00  
1091      1.599332e+01   1.570174e+01   2.137207e+00   2.161957e+00  
1092      1.605055e+01   1.576152e+01   2.134868e+00   2.153394e+00  
1093      1.599724e+01   1.570607e+01   2.136876e+00   2.159810e+00  
1094      1.605092e+01   1.576209e+01   2.134937e+00   2.151923e+00  
1095      1.600087e+01   1.571031e+01   2.134966e+00   2.157784e+00  
1096      1.604198e+01   1.575271e+01   2.135550e+00   2.153303e+00  
1097      1.600275e+01   1.571262e+01   2.133520e+00   2.156324e+00  
1098      1.603787e+01   1.574859e+01   2.135282e+00   2.153143e+00  
1099      1.599903e+01   1.570892e+01   2.134112e+00   2.155133e+00  
1100      1.603423e+01   1.574469e+01   2.135808e+00   2.153950e+00  
1101      1.599920e+01   1.570926e+01   2.133296e+00   2.154636e+00  
1102      1.603350e+01   1.574361e+01   2.137338e+00   2.154912e+00  
1103      1.600543e+01   1.571538e+01   2.134599e+00   2.155084e+00  
1104      1.603619e+01   1.574597e+01   2.138992e+00   2.156082e+00  
1105      1.599371e+01   1.570310e+01   2.135320e+00   2.156796e+00  
1106      1.603239e+01   1.574145e+01   2.141661e+00   2.158131e+00  
1107      1.600503e+01   1.571417e+01   2.137158e+00   2.158315e+00  
1108      1.603032e+01   1.573850e+01   2.144255e+00   2.161687e+00  
1109      1.600356e+01   1.571196e+01   2.140315e+00   2.160396e+00  
1110      1.603260e+01   1.574001e+01   2.147195e+00   2.164718e+00  
1111      1.601089e+01   1.571884e+01   2.142547e+00   2.162469e+00  
1112      1.603450e+01   1.574081e+01   2.151509e+00   2.168715e+00  
1113      1.601341e+01   1.572091e+01   2.144734e+00   2.163893e+00  
1114      1.603685e+01   1.574208e+01   2.156054e+00   2.172354e+00  
1115      1.601186e+01   1.571847e+01   2.147576e+00   2.167289e+00  
1116      1.604369e+01   1.574842e+01   2.157950e+00   2.175012e+00  
1117      1.600952e+01   1.571510e+01   2.151799e+00   2.170297e+00  
1118      1.604392e+01   1.574753e+01   2.161795e+00   2.179279e+00  
1119      1.600813e+01   1.571274e+01   2.155389e+00   2.173551e+00  
1120      1.605225e+01   1.575504e+01   2.164825e+00   2.183338e+00  
1121      1.600011e+01   1.570361e+01   2.158998e+00   2.176895e+00  
1122      1.605128e+01   1.575344e+01   2.167832e+00   2.184779e+00  
1123      1.601187e+01   1.571467e+01   2.161962e+00   2.180549e+00  
1124      1.604966e+01   1.575137e+01   2.169761e+00   2.185873e+00  
1125      1.601585e+01   1.571812e+01   2.164355e+00   2.182617e+00  
1126      1.605399e+01   1.575521e+01   2.171662e+00   2.188062e+00  
1127      1.601467e+01   1.571611e+01   2.167643e+00   2.185157e+00  
1128      1.604916e+01   1.575000e+01   2.172507e+00   2.189412e+00  
1129      1.602109e+01   1.572251e+01   2.168739e+00   2.185070e+00  
1130      1.605724e+01   1.575825e+01   2.172457e+00   2.189300e+00  
1131      1.601717e+01   1.571795e+01   2.170965e+00   2.186924e+00  
1132      1.604941e+01   1.575029e+01   2.172611e+00   2.188966e+00  
1133      1.602098e+01   1.572179e+01   2.171006e+00   2.187160e+00  
1134      1.604391e+01   1.574475e+01   2.173085e+00   2.188024e+00  
1135      1.602283e+01   1.572372e+01   2.171011e+00   2.186882e+00  
1136      1.604112e+01   1.574210e+01   2.172662e+00   2.187091e+00  
1137      1.602794e+01   1.572924e+01   2.169772e+00   2.185830e+00  
1138      1.604415e+01   1.574547e+01   2.171959e+00   2.185750e+00  
1139      1.602815e+01   1.572951e+01   2.169850e+00   2.185358e+00  
1140      1.603962e+01   1.574099e+01   2.172455e+00   2.184257e+00  
1141      1.602723e+01   1.572902e+01   2.168210e+00   2.183752e+00  
1142      1.604875e+01   1.575055e+01   2.171514e+00   2.183378e+00  
1143      1.602233e+01   1.572413e+01   2.168268e+00   2.182951e+00  
1144      1.604882e+01   1.575094e+01   2.170587e+00   2.182030e+00  
1145      1.602062e+01   1.572271e+01   2.167197e+00   2.181694e+00  
1146      1.604084e+01   1.574350e+01   2.168313e+00   2.179294e+00  
1147      1.603345e+01   1.573623e+01   2.165071e+00   2.180664e+00  
1148      1.604696e+01   1.575008e+01   2.167347e+00   2.177711e+00  
1149      1.603905e+01   1.574235e+01   2.163927e+00   2.178724e+00  
1150      1.603991e+01   1.574350e+01   2.165590e+00   2.175092e+00  
1151      1.604412e+01   1.574801e+01   2.162483e+00   2.176662e+00  
1152      1.603738e+01   1.574152e+01   2.163107e+00   2.173243e+00  
1153      1.605360e+01   1.575847e+01   2.160010e+00   2.173273e+00  
1154      1.602950e+01   1.573454e+01   2.159425e+00   2.169315e+00  
1155      1.604622e+01   1.575159e+01   2.158650e+00   2.169960e+00  
1156      1.603317e+01   1.573898e+01   2.156239e+00   2.167426e+00  
1157      1.603662e+01   1.574223e+01   2.157998e+00   2.167608e+00  
1158      1.603131e+01   1.573752e+01   2.154680e+00   2.165804e+00  
1159      1.604436e+01   1.575089e+01   2.154876e+00   2.165031e+00  
1160      1.603085e+01   1.573757e+01   2.153086e+00   2.163647e+00  
1161      1.604042e+01   1.574734e+01   2.153678e+00   2.162850e+00  
1162      1.603013e+01   1.573741e+01   2.150386e+00   2.162158e+00  
1163      1.603434e+01   1.574181e+01   2.152313e+00   2.159448e+00  
1164      1.602373e+01   1.573148e+01   2.147488e+00   2.160671e+00  
1165      1.604347e+01   1.575137e+01   2.152190e+00   2.157625e+00  
1166      1.602872e+01   1.573711e+01   2.145444e+00   2.158735e+00  
1167      1.603514e+01   1.574308e+01   2.151562e+00   2.156837e+00  
1168      1.601963e+01   1.572826e+01   2.143780e+00   2.157470e+00  
1169      1.604219e+01   1.575092e+01   2.148849e+00   2.154767e+00  
1170      1.602851e+01   1.573752e+01   2.143484e+00   2.156160e+00  
1171      1.604317e+01   1.575195e+01   2.147414e+00   2.155913e+00  
1172      1.602471e+01   1.573421e+01   2.142106e+00   2.153462e+00  
1173      1.603524e+01   1.574404e+01   2.146658e+00   2.155440e+00  
1174      1.603156e+01   1.574127e+01   2.142318e+00   2.152653e+00  
1175      1.604970e+01   1.575874e+01   2.146662e+00   2.155707e+00  
1176      1.601628e+01   1.572540e+01   2.143580e+00   2.153616e+00  
1177      1.604832e+01   1.575723e+01   2.147725e+00   2.155361e+00  
1178      1.602815e+01   1.573751e+01   2.143554e+00   2.153458e+00  
1179      1.604326e+01   1.575182e+01   2.148708e+00   2.156241e+00  
1180      1.602409e+01   1.573306e+01   2.144825e+00   2.154553e+00  
1181      1.604083e+01   1.574891e+01   2.150284e+00   2.157797e+00  
1182      1.602327e+01   1.573172e+01   2.146781e+00   2.156279e+00  
1183      1.604753e+01   1.575527e+01   2.152211e+00   2.159333e+00  
1184      1.602161e+01   1.572936e+01   2.149545e+00   2.158413e+00  
1185      1.604460e+01   1.575141e+01   2.155653e+00   2.162324e+00  
1186      1.602539e+01   1.573271e+01   2.151003e+00   2.160593e+00  
1187      1.605013e+01   1.575614e+01   2.159187e+00   2.165295e+00  
1188      1.601984e+01   1.572659e+01   2.152889e+00   2.162103e+00  
1189      1.604289e+01   1.574768e+01   2.162658e+00   2.169678e+00  
1190      1.602081e+01   1.572643e+01   2.157280e+00   2.166027e+00  
1191      1.603637e+01   1.574019e+01   2.165739e+00   2.172861e+00  
1192      1.602178e+01   1.572651e+01   2.161332e+00   2.168648e+00  
1193      1.603155e+01   1.573482e+01   2.167427e+00   2.174435e+00  
1194      1.603028e+01   1.573443e+01   2.163290e+00   2.172084e+00  
1195      1.602809e+01   1.573050e+01   2.170417e+00   2.177211e+00  
1196      1.603481e+01   1.573825e+01   2.166765e+00   2.174341e+00  
1197      1.603091e+01   1.573284e+01   2.171746e+00   2.179747e+00  
1198      1.603186e+01   1.573440e+01   2.170093e+00   2.177068e+00  
1199      1.602588e+01   1.572709e+01   2.174058e+00   2.181945e+00  
1200      1.603389e+01   1.573599e+01   2.171460e+00   2.179225e+00  
1201      1.602275e+01   1.572369e+01   2.174494e+00   2.182991e+00  
1202      1.603301e+01   1.573448e+01   2.173646e+00   2.181436e+00  
1203      1.602253e+01   1.572345e+01   2.174710e+00   2.182946e+00  
1204      1.603342e+01   1.573439e+01   2.175813e+00   2.182994e+00  
1205      1.602304e+01   1.572391e+01   2.174102e+00   2.183916e+00  
1206      1.603180e+01   1.573253e+01   2.176163e+00   2.184133e+00  
1207      1.602382e+01   1.572457e+01   2.174711e+00   2.184343e+00  
1208      1.603664e+01   1.573767e+01   2.175711e+00   2.183083e+00  
1209      1.602258e+01   1.572326e+01   2.174531e+00   2.184821e+00  
1210      1.603643e+01   1.573737e+01   2.175513e+00   2.183846e+00  
1211      1.603273e+01   1.573384e+01   2.174699e+00   2.182954e+00  
1212      1.603755e+01   1.573867e+01   2.174545e+00   2.183697e+00  
1213      1.603398e+01   1.573570e+01   2.172909e+00   2.180555e+00  
1214      1.603911e+01   1.574036e+01   2.174659e+00   2.182873e+00  
1215      1.604052e+01   1.574236e+01   2.172778e+00   2.180704e+00  
1216      1.603475e+01   1.573632e+01   2.173518e+00   2.181076e+00  
1217      1.603081e+01   1.573269e+01   2.171995e+00   2.179804e+00  
1218      1.603093e+01   1.573288e+01   2.172027e+00   2.179285e+00  
1219      1.603595e+01   1.573836e+01   2.170456e+00   2.178272e+00  
1220      1.603062e+01   1.573313e+01   2.170628e+00   2.176639e+00  
1221      1.603279e+01   1.573534e+01   2.169301e+00   2.177942e+00  
1222      1.602324e+01   1.572598e+01   2.168447e+00   2.176209e+00  
1223      1.603258e+01   1.573556e+01   2.167968e+00   2.176217e+00  
1224      1.601818e+01   1.572095e+01   2.168411e+00   2.175267e+00  
1225      1.602389e+01   1.572739e+01   2.165749e+00   2.173383e+00  
1226      1.601627e+01   1.571939e+01   2.166978e+00   2.173923e+00  
1227      1.603011e+01   1.573439e+01   2.163351e+00   2.171034e+00  
1228      1.600858e+01   1.571188e+01   2.165374e+00   2.173153e+00  
1229      1.601645e+01   1.572104e+01   2.161634e+00   2.168573e+00  
1230      1.601225e+01   1.571635e+01   2.162658e+00   2.170570e+00  
1231      1.601308e+01   1.571790e+01   2.160757e+00   2.167358e+00  
1232      1.601090e+01   1.571560e+01   2.160366e+00   2.168331e+00  
1233      1.601624e+01   1.572148e+01   2.159212e+00   2.166289e+00  
1234      1.600459e+01   1.570953e+01   2.159770e+00   2.166328e+00  
1235      1.601605e+01   1.572180e+01   2.157243e+00   2.164529e+00  
1236      1.600421e+01   1.570978e+01   2.157508e+00   2.163969e+00  
1237      1.601221e+01   1.571839e+01   2.155149e+00   2.162973e+00  
1238      1.600218e+01   1.570796e+01   2.156122e+00   2.163556e+00  
1239      1.600303e+01   1.570929e+01   2.154872e+00   2.161462e+00  
1240      1.599570e+01   1.570188e+01   2.153925e+00   2.161939e+00  
1241      1.600602e+01   1.571257e+01   2.154689e+00   2.159886e+00  
1242      1.599368e+01   1.570050e+01   2.150586e+00   2.160295e+00  
1243      1.600555e+01   1.571234e+01   2.153095e+00   2.159631e+00  
1244      1.599784e+01   1.570497e+01   2.149987e+00   2.159243e+00  
1245      1.600710e+01   1.571422e+01   2.151758e+00   2.158770e+00  
1246      1.599939e+01   1.570613e+01   2.151599e+00   2.160686e+00  
1247      1.599374e+01   1.570097e+01   2.150622e+00   2.157362e+00  
1248      1.599795e+01   1.570454e+01   2.151092e+00   2.162090e+00  
1249      1.600017e+01   1.570741e+01   2.150820e+00   2.157935e+00  
1250      1.599971e+01   1.570568e+01   2.153608e+00   2.164306e+00  
-------------------------------------------------------------------

