
**********************************************
Real-time propagation in 3D, OPTION = 2
MPI nodes = 8, OMP threads = 16, cores = 128
**********************************************

Interactions
Contact: Natoms = 1.50000000000e+05, as = 6.500000e+01 * a0, G = 1.167714e+04, G * par = 2.335428e+04
Three-body: K3 =  0.000000e+00, g3 = 0.000000e+00
Regular DDI: add = 1.101000e+02 * a0, GD = 4.721954e+03, GD * par =  9.443909e+03, edd = 1.693846e+00
     Dipolar cutoffs Rcut = 4.291155e+00, Lcut = 1.544985e+02

QF = 1, QDEPL = 0: h2 = 1.494566e+05, h4 = 0.000000e+00
        q3 = 0.000000e+00, q5 = 5.631140e+00

GRAD = 0

Trap parameters
GAMMA = 0.000000e+00, NU = 0.000000e+00, LAMBDA = 0.000000e+00
Parameters of rotation: OMEGA = 0.000000e+00, OMEGA * par = 0.000000e+00

Space discretization: NX = 128, NY = 128, NZ = 128
                      DX = 2.414039e+00, DY = 6.704930e-02, DZ = 6.704930e-02
      Unit of length: aho = 5.552380e-07 m

Time discretization: NITER = 2500 (NSNAP = 1250)
                     DT = 2.247804e-03

Initial state: file ./imag3d-finalpsi.bin
ADD_VORTICES = 0, ADD_RANDOM_PHASE = 0


MUREL = 1.000000e-12, MUEND=1.000000e+05

-------------------------------------------------------------------
Snap      Na             QD             mu             <r>
-------------------------------------------------------------------
0         1.49924590662e+05   0.000000e+00   -1.036801e+01  1.561416e+01  
1         1.49924586003e+05   0.000000e+00   -1.037599e+01  1.561415e+01  
2         1.49924586843e+05   0.000000e+00   -1.038327e+01  1.561415e+01  
3         1.49924592564e+05   0.000000e+00   -1.038779e+01  1.561414e+01  
4         1.49924591851e+05   0.000000e+00   -1.038881e+01  1.561413e+01  
5         1.49924599137e+05   0.000000e+00   -1.038642e+01  1.561412e+01  
6         1.49924598865e+05   0.000000e+00   -1.038111e+01  1.561411e+01  
7         1.49924604819e+05   0.000000e+00   -1.037351e+01  1.561409e+01  
8         1.49924604240e+05   0.000000e+00   -1.036417e+01  1.561408e+01  
9         1.49924608493e+05   0.000000e+00   -1.035357e+01  1.561407e+01  
10        1.49924606185e+05   0.000000e+00   -1.034227e+01  1.561405e+01  
11        1.49924609639e+05   0.000000e+00   -1.033066e+01  1.561403e+01  
12        1.49924608746e+05   0.000000e+00   -1.031894e+01  1.561402e+01  
13        1.49924608571e+05   0.000000e+00   -1.030731e+01  1.561400e+01  
14        1.49924609330e+05   0.000000e+00   -1.029595e+01  1.561398e+01  
15        1.49924614079e+05   0.000000e+00   -1.028491e+01  1.561397e+01  
16        1.49924608818e+05   0.000000e+00   -1.027401e+01  1.561395e+01  
17        1.49924609549e+05   0.000000e+00   -1.026306e+01  1.561394e+01  
18        1.49924611254e+05   0.000000e+00   -1.025208e+01  1.561392e+01  
19        1.49924611919e+05   0.000000e+00   -1.024141e+01  1.561391e+01  
20        1.49924612409e+05   0.000000e+00   -1.023162e+01  1.561390e+01  
21        1.49924614645e+05   0.000000e+00   -1.022336e+01  1.561389e+01  
22        1.49924613464e+05   0.000000e+00   -1.021721e+01  1.561388e+01  
23        1.49924616135e+05   0.000000e+00   -1.021353e+01  1.561387e+01  
24        1.49924614897e+05   0.000000e+00   -1.021247e+01  1.561386e+01  
25        1.49924616861e+05   0.000000e+00   -1.021395e+01  1.561386e+01  
26        1.49924616521e+05   0.000000e+00   -1.021775e+01  1.561386e+01  
27        1.49924617995e+05   0.000000e+00   -1.022353e+01  1.561385e+01  
28        1.49924618695e+05   0.000000e+00   -1.023090e+01  1.561385e+01  
29        1.49924620187e+05   0.000000e+00   -1.023950e+01  1.561386e+01  
30        1.49924622033e+05   0.000000e+00   -1.024896e+01  1.561386e+01  
31        1.49924624107e+05   0.000000e+00   -1.025899e+01  1.561386e+01  
32        1.49924626994e+05   0.000000e+00   -1.026931e+01  1.561387e+01  
33        1.49924629634e+05   0.000000e+00   -1.027972e+01  1.561388e+01  
34        1.49924632922e+05   0.000000e+00   -1.029006e+01  1.561388e+01  
35        1.49924636098e+05   0.000000e+00   -1.030019e+01  1.561389e+01  
36        1.49924640008e+05   0.000000e+00   -1.031002e+01  1.561390e+01  
37        1.49924644310e+05   0.000000e+00   -1.031948e+01  1.561391e+01  
38        1.49924648885e+05   0.000000e+00   -1.032850e+01  1.561391e+01  
39        1.49924654198e+05   0.000000e+00   -1.033702e+01  1.561392e+01  
40        1.49924659677e+05   0.000000e+00   -1.034501e+01  1.561393e+01  
41        1.49924666314e+05   0.000000e+00   -1.035243e+01  1.561393e+01  
42        1.49924672896e+05   0.000000e+00   -1.035924e+01  1.561394e+01  
43        1.49924681030e+05   0.000000e+00   -1.036541e+01  1.561395e+01  
44        1.49924688788e+05   0.000000e+00   -1.037093e+01  1.561395e+01  
45        1.49924697778e+05   0.000000e+00   -1.037578e+01  1.561395e+01  
46        1.49924706149e+05   0.000000e+00   -1.037993e+01  1.561395e+01  
47        1.49924716222e+05   0.000000e+00   -1.038338e+01  1.561395e+01  
48        1.49924726205e+05   0.000000e+00   -1.038613e+01  1.561395e+01  
49        1.49924738138e+05   0.000000e+00   -1.038816e+01  1.561395e+01  
50        1.49924749797e+05   0.000000e+00   -1.038949e+01  1.561395e+01  
51        1.49924763121e+05   0.000000e+00   -1.039010e+01  1.561394e+01  
52        1.49924776167e+05   0.000000e+00   -1.039001e+01  1.561394e+01  
53        1.49924790573e+05   0.000000e+00   -1.038923e+01  1.561393e+01  
54        1.49924804697e+05   0.000000e+00   -1.038777e+01  1.561392e+01  
55        1.49924820240e+05   0.000000e+00   -1.038566e+01  1.561391e+01  
56        1.49924835608e+05   0.000000e+00   -1.038293e+01  1.561389e+01  
57        1.49924852218e+05   0.000000e+00   -1.037960e+01  1.561388e+01  
58        1.49924868507e+05   0.000000e+00   -1.037572e+01  1.561386e+01  
59        1.49924886072e+05   0.000000e+00   -1.037132e+01  1.561385e+01  
60        1.49924903871e+05   0.000000e+00   -1.036645e+01  1.561383e+01  
61        1.49924923007e+05   0.000000e+00   -1.036116e+01  1.561381e+01  
62        1.49924941556e+05   0.000000e+00   -1.035552e+01  1.561379e+01  
63        1.49924961001e+05   0.000000e+00   -1.034957e+01  1.561377e+01  
64        1.49924980668e+05   0.000000e+00   -1.034337e+01  1.561374e+01  
65        1.49925001660e+05   0.000000e+00   -1.033696e+01  1.561372e+01  
66        1.49925022209e+05   0.000000e+00   -1.033042e+01  1.561370e+01  
67        1.49925043732e+05   0.000000e+00   -1.032382e+01  1.561367e+01  
68        1.49925064437e+05   0.000000e+00   -1.031724e+01  1.561365e+01  
69        1.49925086181e+05   0.000000e+00   -1.031075e+01  1.561363e+01  
70        1.49925106874e+05   0.000000e+00   -1.030440e+01  1.561360e+01  
71        1.49925128271e+05   0.000000e+00   -1.029825e+01  1.561358e+01  
72        1.49925148850e+05   0.000000e+00   -1.029231e+01  1.561355e+01  
73        1.49925170045e+05   0.000000e+00   -1.028665e+01  1.561353e+01  
74        1.49925189558e+05   0.000000e+00   -1.028131e+01  1.561351e+01  
75        1.49925209886e+05   0.000000e+00   -1.027635e+01  1.561349e+01  
76        1.49925227608e+05   0.000000e+00   -1.027185e+01  1.561346e+01  
77        1.49925244356e+05   0.000000e+00   -1.026789e+01  1.561344e+01  
78        1.49925256646e+05   0.000000e+00   -1.026452e+01  1.561342e+01  
79        1.49925267219e+05   0.000000e+00   -1.026169e+01  1.561340e+01  
80        1.49925274260e+05   0.000000e+00   -1.025929e+01  1.561339e+01  
81        1.49925280955e+05   0.000000e+00   -1.025718e+01  1.561337e+01  
82        1.49925284402e+05   0.000000e+00   -1.025526e+01  1.561335e+01  
83        1.49925286247e+05   0.000000e+00   -1.025336e+01  1.561334e+01  
84        1.49925275593e+05   0.000000e+00   -1.025116e+01  1.561333e+01  
85        1.49925245687e+05   0.000000e+00   -1.024811e+01  1.561332e+01  
86        1.49925176957e+05   0.000000e+00   -1.024329e+01  1.561331e+01  
87        1.49925055737e+05   0.000000e+00   -1.023524e+01  1.561331e+01  
88        1.49924847251e+05   0.000000e+00   -1.022175e+01  1.561331e+01  
89        1.49924493398e+05   0.000000e+00   -1.019951e+01  1.561332e+01  
90        1.49923871300e+05   0.000000e+00   -1.016371e+01  1.561335e+01  
91        1.49922767016e+05   0.000000e+00   -1.010775e+01  1.561340e+01  
92        1.49920825888e+05   0.000000e+00   -1.002286e+01  1.561350e+01  
93        1.49917545548e+05   0.000000e+00   -9.898316e+00  1.561367e+01  
94        1.49912306378e+05   0.000000e+00   -9.722061e+00  1.561393e+01  
95        1.49904557888e+05   0.000000e+00   -9.481616e+00  1.561433e+01  
96        1.49894042271e+05   0.000000e+00   -9.164803e+00  1.561486e+01  
97        1.49881057592e+05   0.000000e+00   -8.760870e+00  1.561552e+01  
98        1.49866577737e+05   0.000000e+00   -8.262829e+00  1.561627e+01  
99        1.49852129870e+05   0.000000e+00   -7.670541e+00  1.561704e+01  
100       1.49839412718e+05   0.000000e+00   -6.993271e+00  1.561777e+01  
101       1.49829867298e+05   0.000000e+00   -6.250676e+00  1.561840e+01  
102       1.49824335057e+05   0.000000e+00   -5.470622e+00  1.561891e+01  
103       1.49822787775e+05   0.000000e+00   -4.684076e+00  1.561932e+01  
104       1.49822458318e+05   0.000000e+00   -3.918656e+00  1.561978e+01  
105       1.49808996165e+05   0.000000e+00   -3.180454e+00  1.562100e+01  
106       1.49673241973e+05   0.000000e+00   -1.989714e+00  1.562851e+01  
107       1.49834760899e+05   0.000000e+00   -9.849028e-01  1.562126e+01  
108       1.49847637805e+05   0.000000e+00   -1.313763e+00  1.562032e+01  
109       1.49820920033e+05   0.000000e+00   -2.124728e-01  1.562179e+01  
110       1.49878270117e+05   0.000000e+00   8.903010e-01   1.561987e+01  
111       1.50231052353e+05   0.000000e+00   2.942411e-02   1.560598e+01  
112       1.50160440897e+05   0.000000e+00   -5.002928e-01  1.560938e+01  
113       1.50339152439e+05   0.000000e+00   -2.187628e-01  1.560305e+01  
114       1.50215731313e+05   0.000000e+00   -9.619807e-02  1.560847e+01  
115       1.50261273319e+05   0.000000e+00   2.105152e+00   1.560440e+01  
116       1.50256742192e+05   0.000000e+00   7.831214e-01   1.561012e+01  
117       1.50509752471e+05   0.000000e+00   1.028867e+00   1.560212e+01  
118       1.50019473036e+05   0.000000e+00   2.587297e+00   1.561682e+01  
119       1.50300331859e+05   0.000000e+00   1.346514e+00   1.561071e+01  
120       1.50211303810e+05   0.000000e+00   1.124497e+00   1.561714e+01  
121       1.50264279751e+05   0.000000e+00   1.712547e+00   1.561472e+01  
122       1.50231410696e+05   0.000000e+00   1.560094e+00   1.561784e+01  
123       1.50274234321e+05   0.000000e+00   2.030176e+00   1.561671e+01  
124       1.50308704715e+05   0.000000e+00   1.986968e+00   1.561879e+01  
125       1.50016206169e+05   0.000000e+00   6.990191e+00   1.563367e+01  
126       1.50560896109e+05   0.000000e+00   3.574463e+00   1.560908e+01  
127       1.50168226663e+05   0.000000e+00   4.704908e+00   1.562987e+01  
128       1.50516332362e+05   0.000000e+00   4.256636e+00   1.561417e+01  
129       1.50244289405e+05   0.000000e+00   4.915278e+00   1.562936e+01  
130       1.50409454321e+05   0.000000e+00   5.240758e+00   1.562211e+01  
131       1.50426061028e+05   0.000000e+00   5.890410e+00   1.562317e+01  
132       1.50406867774e+05   0.000000e+00   5.732770e+00   1.562397e+01  
133       1.50503228496e+05   0.000000e+00   7.238160e+00   1.562211e+01  
134       1.50357994469e+05   0.000000e+00   7.533709e+00   1.562828e+01  
135       1.50583694308e+05   0.000000e+00   7.187574e+00   1.561933e+01  
136       1.50233089552e+05   0.000000e+00   9.789381e+00   1.563345e+01  
137       1.50341552907e+05   0.000000e+00   9.273059e+00   1.563106e+01  
138       1.50538481488e+05   0.000000e+00   7.809278e+00   1.562110e+01  
139       1.50447075553e+05   0.000000e+00   8.284341e+00   1.562692e+01  
140       1.50475140665e+05   0.000000e+00   8.124131e+00   1.562307e+01  
141       1.50410417878e+05   0.000000e+00   8.712832e+00   1.562733e+01  
142       1.50413477405e+05   0.000000e+00   8.519836e+00   1.562385e+01  
143       1.50337921221e+05   0.000000e+00   9.042320e+00   1.562792e+01  
144       1.50348308520e+05   0.000000e+00   8.838030e+00   1.562350e+01  
145       1.50231466186e+05   0.000000e+00   9.331563e+00   1.562890e+01  
146       1.50273662357e+05   0.000000e+00   9.134739e+00   1.562241e+01  
147       1.50102083267e+05   0.000000e+00   9.602096e+00   1.563006e+01  
148       1.50207241638e+05   0.000000e+00   9.425660e+00   1.562001e+01  
149       1.49994355638e+05   0.000000e+00   9.852582e+00   1.562946e+01  
150       1.50098146156e+05   0.000000e+00   9.804912e+00   1.561844e+01  
151       1.49781027720e+05   0.000000e+00   1.037036e+01   1.563261e+01  
152       1.49953230617e+05   0.000000e+00   1.045840e+01   1.561853e+01  
153       1.49692011896e+05   0.000000e+00   1.093335e+01   1.563102e+01  
154       1.49864425963e+05   0.000000e+00   1.091706e+01   1.561668e+01  
155       1.49416846019e+05   0.000000e+00   1.147311e+01   1.563636e+01  
156       1.49622059184e+05   0.000000e+00   1.173865e+01   1.562089e+01  
157       1.49346314977e+05   0.000000e+00   1.233618e+01   1.563390e+01  
158       1.49586078041e+05   0.000000e+00   1.249911e+01   1.561869e+01  
159       1.49123419377e+05   0.000000e+00   1.320991e+01   1.563850e+01  
160       1.49402087875e+05   0.000000e+00   1.350919e+01   1.562299e+01  
161       1.49128201528e+05   0.000000e+00   1.415895e+01   1.563514e+01  
162       1.49318233075e+05   0.000000e+00   1.461017e+01   1.562575e+01  
163       1.48936043024e+05   0.000000e+00   1.561269e+01   1.564017e+01  
164       1.49390881286e+05   0.000000e+00   1.623855e+01   1.562238e+01  
165       1.48894336339e+05   0.000000e+00   1.760933e+01   1.564250e+01  
166       1.49312041214e+05   0.000000e+00   1.867906e+01   1.562831e+01  
167       1.48880278076e+05   0.000000e+00   2.001333e+01   1.564267e+01  
168       1.49192439465e+05   0.000000e+00   2.179168e+01   1.563846e+01  
169       1.49204159802e+05   0.000000e+00   2.290464e+01   1.562946e+01  
170       1.49284979169e+05   0.000000e+00   2.208764e+01   1.563683e+01  
171       1.49198787933e+05   0.000000e+00   2.379334e+01   1.563253e+01  
172       1.49560660488e+05   0.000000e+00   2.345112e+01   1.562829e+01  
173       1.49071172739e+05   0.000000e+00   2.954241e+01   1.560117e+01  
174       1.49571231579e+05   0.000000e+00   2.650462e+01   1.563449e+01  
175       1.49430697532e+05   0.000000e+00   2.722003e+01   1.562104e+01  
176       1.49973262247e+05   0.000000e+00   2.880129e+01   1.562551e+01  
177       1.49756505600e+05   0.000000e+00   4.019413e+01   1.561636e+01  
178       1.49994266014e+05   0.000000e+00   3.851252e+01   1.562354e+01  
179       1.49206431055e+05   0.000000e+00   4.255260e+01   1.566137e+01  
180       1.50271260167e+05   0.000000e+00   4.329578e+01   1.562027e+01  
181       1.49026707106e+05   0.000000e+00   4.979985e+01   1.566475e+01  
182       1.50201578481e+05   0.000000e+00   5.573629e+01   1.561955e+01  
183       1.49565797098e+05   0.000000e+00   6.575884e+01   1.562016e+01  
184       1.50773049225e+05   0.000000e+00   5.100944e+01   1.562100e+01  
185       1.49568411773e+05   0.000000e+00   4.963778e+01   1.565381e+01  
186       1.50217570238e+05   0.000000e+00   5.170223e+01   1.562973e+01  
187       1.49333676053e+05   0.000000e+00   4.998706e+01   1.563112e+01  
188       1.50215209197e+05   0.000000e+00   4.558320e+01   1.565997e+01  
189       1.49878748700e+05   0.000000e+00   4.621992e+01   1.564023e+01  
190       1.50240610922e+05   0.000000e+00   4.429441e+01   1.565695e+01  
191       1.49477418494e+05   0.000000e+00   4.819974e+01   1.565473e+01  
192       1.50343866153e+05   0.000000e+00   4.979325e+01   1.565277e+01  
193       1.49695841435e+05   0.000000e+00   4.692933e+01   1.565680e+01  
194       1.49931847161e+05   0.000000e+00   4.914479e+01   1.565839e+01  
195       1.49573731422e+05   0.000000e+00   4.917275e+01   1.566305e+01  
196       1.49710108789e+05   0.000000e+00   5.360271e+01   1.566573e+01  
197       1.49553320634e+05   0.000000e+00   5.283183e+01   1.566744e+01  
198       1.50019071553e+05   0.000000e+00   5.017265e+01   1.565504e+01  
199       1.49761566072e+05   0.000000e+00   5.025080e+01   1.566855e+01  
200       1.49600827460e+05   0.000000e+00   5.027546e+01   1.567470e+01  
201       1.49519696363e+05   0.000000e+00   5.138792e+01   1.568257e+01  
202       1.49676664439e+05   0.000000e+00   5.559076e+01   1.567562e+01  
203       1.49308690043e+05   0.000000e+00   6.448871e+01   1.570145e+01  
204       1.49676681556e+05   0.000000e+00   5.511827e+01   1.568709e+01  
205       1.49305723155e+05   0.000000e+00   5.617990e+01   1.570606e+01  
206       1.49851433777e+05   0.000000e+00   5.945578e+01   1.568362e+01  
207       1.49380744483e+05   0.000000e+00   5.999517e+01   1.570337e+01  
208       1.49983144683e+05   0.000000e+00   5.939984e+01   1.570498e+01  
209       1.49618036076e+05   0.000000e+00   5.912212e+01   1.572042e+01  
210       1.49944639093e+05   0.000000e+00   6.212748e+01   1.571652e+01  
211       1.49585234720e+05   0.000000e+00   5.958591e+01   1.573885e+01  
212       1.50164628888e+05   0.000000e+00   6.311534e+01   1.571701e+01  
213       1.49570465510e+05   0.000000e+00   6.364612e+01   1.575402e+01  
214       1.50283924828e+05   0.000000e+00   6.207547e+01   1.574707e+01  
215       1.49682090740e+05   0.000000e+00   6.209657e+01   1.576432e+01  
216       1.50819910856e+05   0.000000e+00   6.474760e+01   1.573498e+01  
217       1.49618371652e+05   0.000000e+00   6.254255e+01   1.577428e+01  
218       1.50619842278e+05   0.000000e+00   6.102290e+01   1.575578e+01  
219       1.49581267999e+05   0.000000e+00   6.202576e+01   1.578064e+01  
220       1.50461721112e+05   0.000000e+00   6.092247e+01   1.577273e+01  
221       1.49781941609e+05   0.000000e+00   6.116858e+01   1.578661e+01  
222       1.50473988546e+05   0.000000e+00   6.108093e+01   1.577824e+01  
223       1.49651141953e+05   0.000000e+00   6.216202e+01   1.579460e+01  
224       1.50384417823e+05   0.000000e+00   6.481244e+01   1.579045e+01  
225       1.49746546132e+05   0.000000e+00   6.499698e+01   1.580488e+01  
226       1.50494420582e+05   0.000000e+00   6.340519e+01   1.579779e+01  
227       1.49684891044e+05   0.000000e+00   6.450230e+01   1.579969e+01  
228       1.50468015809e+05   0.000000e+00   6.435201e+01   1.579888e+01  
229       1.49540626749e+05   0.000000e+00   6.498386e+01   1.581491e+01  
230       1.50776937982e+05   0.000000e+00   6.365081e+01   1.579861e+01  
231       1.49503033795e+05   0.000000e+00   6.433001e+01   1.582623e+01  
232       1.50848678638e+05   0.000000e+00   6.407104e+01   1.579206e+01  
233       1.49626043228e+05   0.000000e+00   6.417354e+01   1.582454e+01  
234       1.50954755088e+05   0.000000e+00   6.367636e+01   1.581183e+01  
235       1.49396210151e+05   0.000000e+00   6.465986e+01   1.582981e+01  
236       1.50948479376e+05   0.000000e+00   6.398371e+01   1.580629e+01  
237       1.49393977514e+05   0.000000e+00   6.467630e+01   1.583856e+01  
238       1.50945918417e+05   0.000000e+00   6.425012e+01   1.580968e+01  
239       1.49251255483e+05   0.000000e+00   6.481885e+01   1.584540e+01  
240       1.51104517218e+05   0.000000e+00   6.420722e+01   1.581058e+01  
241       1.49193048973e+05   0.000000e+00   6.504935e+01   1.584786e+01  
242       1.50806917011e+05   0.000000e+00   6.438272e+01   1.583098e+01  
243       1.49331028445e+05   0.000000e+00   6.577636e+01   1.583821e+01  
244       1.50875421154e+05   0.000000e+00   6.470402e+01   1.583210e+01  
245       1.49125065018e+05   0.000000e+00   6.568911e+01   1.586224e+01  
246       1.51109529366e+05   0.000000e+00   6.498079e+01   1.583141e+01  
247       1.49189817695e+05   0.000000e+00   6.563270e+01   1.586118e+01  
248       1.51128508052e+05   0.000000e+00   6.486805e+01   1.584165e+01  
249       1.49243087109e+05   0.000000e+00   6.576241e+01   1.585836e+01  
250       1.51012595305e+05   0.000000e+00   6.487641e+01   1.584934e+01  
251       1.49409590301e+05   0.000000e+00   6.575286e+01   1.586194e+01  
252       1.50679366844e+05   0.000000e+00   6.540893e+01   1.586525e+01  
253       1.49317242237e+05   0.000000e+00   6.598183e+01   1.587911e+01  
254       1.50627682455e+05   0.000000e+00   6.571690e+01   1.587674e+01  
255       1.49459522240e+05   0.000000e+00   6.599924e+01   1.588365e+01  
256       1.50666861762e+05   0.000000e+00   6.582640e+01   1.587872e+01  
257       1.49394130623e+05   0.000000e+00   6.635080e+01   1.588168e+01  
258       1.50535232262e+05   0.000000e+00   6.606215e+01   1.587950e+01  
259       1.49046049987e+05   0.000000e+00   6.692422e+01   1.588923e+01  
260       1.50634163202e+05   0.000000e+00   6.626720e+01   1.587825e+01  
261       1.49335045840e+05   0.000000e+00   6.678616e+01   1.589246e+01  
262       1.50325946396e+05   0.000000e+00   6.667393e+01   1.589195e+01  
263       1.49469767507e+05   0.000000e+00   6.674765e+01   1.589932e+01  
264       1.50126973756e+05   0.000000e+00   6.683071e+01   1.591682e+01  
265       1.49408175415e+05   0.000000e+00   6.691711e+01   1.591490e+01  
266       1.50144048579e+05   0.000000e+00   6.687759e+01   1.591087e+01  
267       1.49400259341e+05   0.000000e+00   6.736204e+01   1.590335e+01  
268       1.49696291149e+05   0.000000e+00   6.751017e+01   1.592177e+01  
269       1.49428522266e+05   0.000000e+00   6.743979e+01   1.590432e+01  
270       1.49922525394e+05   0.000000e+00   6.755305e+01   1.591233e+01  
271       1.49275124495e+05   0.000000e+00   6.763765e+01   1.589833e+01  
272       1.50099164792e+05   0.000000e+00   6.763728e+01   1.589914e+01  
273       1.49157900162e+05   0.000000e+00   6.805966e+01   1.590746e+01  
274       1.50145216232e+05   0.000000e+00   6.767589e+01   1.591666e+01  
275       1.49237667937e+05   0.000000e+00   6.808506e+01   1.590748e+01  
276       1.49951822359e+05   0.000000e+00   6.797217e+01   1.592192e+01  
277       1.49392117235e+05   0.000000e+00   6.810754e+01   1.588920e+01  
278       1.49764965088e+05   0.000000e+00   6.837128e+01   1.594052e+01  
279       1.49494321248e+05   0.000000e+00   6.808444e+01   1.590359e+01  
280       1.49904008591e+05   0.000000e+00   6.836916e+01   1.592464e+01  
281       1.49093638840e+05   0.000000e+00   6.868301e+01   1.590811e+01  
282       1.50092506349e+05   0.000000e+00   6.818668e+01   1.591969e+01  
283       1.49525504896e+05   0.000000e+00   6.834671e+01   1.591087e+01  
284       1.49877935399e+05   0.000000e+00   6.857752e+01   1.591971e+01  
285       1.49419851084e+05   0.000000e+00   6.864658e+01   1.591658e+01  
286       1.49765430907e+05   0.000000e+00   6.867218e+01   1.593884e+01  
287       1.49451478544e+05   0.000000e+00   6.862514e+01   1.592090e+01  
288       1.50044057133e+05   0.000000e+00   6.839936e+01   1.593140e+01  
289       1.49439138932e+05   0.000000e+00   6.869619e+01   1.593529e+01  
290       1.49782756910e+05   0.000000e+00   6.858224e+01   1.593731e+01  
291       1.49649639336e+05   0.000000e+00   6.852367e+01   1.592793e+01  
292       1.50050417881e+05   0.000000e+00   6.820791e+01   1.593729e+01  
293       1.49728764019e+05   0.000000e+00   6.845312e+01   1.593320e+01  
294       1.50236098968e+05   0.000000e+00   6.803665e+01   1.593159e+01  
295       1.49998227025e+05   0.000000e+00   6.808944e+01   1.592345e+01  
296       1.50001157556e+05   0.000000e+00   6.822606e+01   1.593477e+01  
297       1.50103750850e+05   0.000000e+00   6.802623e+01   1.593071e+01  
298       1.49730646707e+05   0.000000e+00   6.846585e+01   1.595645e+01  
299       1.50310178650e+05   0.000000e+00   6.784639e+01   1.592120e+01  
300       1.49697301007e+05   0.000000e+00   6.853152e+01   1.595930e+01  
301       1.50293597978e+05   0.000000e+00   6.808713e+01   1.591195e+01  
302       1.49597968428e+05   0.000000e+00   6.883094e+01   1.596981e+01  
303       1.50331914075e+05   0.000000e+00   6.833800e+01   1.591559e+01  
304       1.49447065502e+05   0.000000e+00   6.891088e+01   1.596823e+01  
305       1.50798334732e+05   0.000000e+00   6.825165e+01   1.589956e+01  
306       1.49688021566e+05   0.000000e+00   6.879024e+01   1.596179e+01  
307       1.50637173190e+05   0.000000e+00   6.843141e+01   1.590635e+01  
308       1.49804459363e+05   0.000000e+00   6.898209e+01   1.595914e+01  
309       1.50513905068e+05   0.000000e+00   6.864797e+01   1.591637e+01  
310       1.49936124017e+05   0.000000e+00   6.901977e+01   1.595617e+01  
311       1.50441921585e+05   0.000000e+00   6.892942e+01   1.592130e+01  
312       1.49564417601e+05   0.000000e+00   6.963428e+01   1.596602e+01  
313       1.50442588303e+05   0.000000e+00   6.914854e+01   1.593114e+01  
314       1.49738147020e+05   0.000000e+00   6.959262e+01   1.596723e+01  
315       1.50486319406e+05   0.000000e+00   6.920228e+01   1.592441e+01  
316       1.50017912264e+05   0.000000e+00   6.928967e+01   1.595387e+01  
317       1.50417969002e+05   0.000000e+00   6.948847e+01   1.592715e+01  
318       1.49912593124e+05   0.000000e+00   6.963993e+01   1.595643e+01  
319       1.50619778410e+05   0.000000e+00   6.962931e+01   1.592406e+01  
320       1.49687805413e+05   0.000000e+00   7.101538e+01   1.595151e+01  
321       1.50636573355e+05   0.000000e+00   7.074163e+01   1.590618e+01  
322       1.50002792763e+05   0.000000e+00   7.029009e+01   1.595767e+01  
323       1.50788198413e+05   0.000000e+00   7.049597e+01   1.590553e+01  
324       1.49731712042e+05   0.000000e+00   7.241502e+01   1.596060e+01  
325       1.50818367760e+05   0.000000e+00   7.055431e+01   1.590652e+01  
326       1.49837321928e+05   0.000000e+00   7.518638e+01   1.594859e+01  
327       1.50636984188e+05   0.000000e+00   7.729632e+01   1.590862e+01  
328       1.49889333943e+05   0.000000e+00   7.311272e+01   1.595064e+01  
329       1.50604666882e+05   0.000000e+00   7.165638e+01   1.590578e+01  
330       1.49678006679e+05   0.000000e+00   7.267343e+01   1.594494e+01  
331       1.50749248634e+05   0.000000e+00   7.207786e+01   1.591741e+01  
332       1.49828475932e+05   0.000000e+00   7.422311e+01   1.595478e+01  
333       1.50637308217e+05   0.000000e+00   7.233315e+01   1.591030e+01  
334       1.49713791527e+05   0.000000e+00   7.295872e+01   1.594541e+01  
335       1.50403176664e+05   0.000000e+00   7.249563e+01   1.591695e+01  
336       1.49927236160e+05   0.000000e+00   7.300532e+01   1.593760e+01  
337       1.50344511696e+05   0.000000e+00   7.254708e+01   1.591792e+01  
338       1.50023025784e+05   0.000000e+00   7.295872e+01   1.594179e+01  
339       1.50197527288e+05   0.000000e+00   7.291167e+01   1.592420e+01  
340       1.50268434896e+05   0.000000e+00   7.286599e+01   1.592908e+01  
341       1.50399599449e+05   0.000000e+00   7.287867e+01   1.591723e+01  
342       1.50138365347e+05   0.000000e+00   7.318425e+01   1.593316e+01  
343       1.50361577038e+05   0.000000e+00   7.307745e+01   1.590544e+01  
344       1.50074017443e+05   0.000000e+00   7.336064e+01   1.593326e+01  
345       1.50570296604e+05   0.000000e+00   7.312324e+01   1.588693e+01  
346       1.50196879269e+05   0.000000e+00   7.542152e+01   1.592709e+01  
347       1.50612841228e+05   0.000000e+00   7.721560e+01   1.589488e+01  
348       1.49938640132e+05   0.000000e+00   7.910523e+01   1.593532e+01  
349       1.50536346844e+05   0.000000e+00   7.451353e+01   1.590561e+01  
350       1.50127327449e+05   0.000000e+00   7.443341e+01   1.594112e+01  
351       1.50751535727e+05   0.000000e+00   7.396312e+01   1.589515e+01  
352       1.49948659089e+05   0.000000e+00   7.456876e+01   1.594747e+01  
353       1.50581613644e+05   0.000000e+00   7.432070e+01   1.590313e+01  
354       1.49990936302e+05   0.000000e+00   7.455215e+01   1.595132e+01  
355       1.50551137664e+05   0.000000e+00   7.426586e+01   1.589840e+01  
356       1.49989777430e+05   0.000000e+00   7.471932e+01   1.594728e+01  
357       1.50469763264e+05   0.000000e+00   7.445912e+01   1.590121e+01  
358       1.49975183272e+05   0.000000e+00   7.487790e+01   1.596102e+01  
359       1.50616824617e+05   0.000000e+00   7.439616e+01   1.590430e+01  
360       1.49921371866e+05   0.000000e+00   7.503814e+01   1.594922e+01  
361       1.50448294685e+05   0.000000e+00   7.502719e+01   1.590374e+01  
362       1.49611795014e+05   0.000000e+00   7.689953e+01   1.595755e+01  
363       1.50686606745e+05   0.000000e+00   7.488786e+01   1.591145e+01  
364       1.49748229235e+05   0.000000e+00   7.552588e+01   1.595869e+01  
365       1.50697467151e+05   0.000000e+00   7.489480e+01   1.589831e+01  
366       1.49543525528e+05   0.000000e+00   7.572284e+01   1.595929e+01  
367       1.50822623098e+05   0.000000e+00   7.486062e+01   1.589692e+01  
368       1.49651524807e+05   0.000000e+00   7.559616e+01   1.596233e+01  
369       1.50495245895e+05   0.000000e+00   7.522245e+01   1.590822e+01  
370       1.49865582836e+05   0.000000e+00   7.546088e+01   1.595770e+01  
371       1.50568925525e+05   0.000000e+00   7.510637e+01   1.591525e+01  
372       1.49994736337e+05   0.000000e+00   7.530040e+01   1.595964e+01  
373       1.50653981304e+05   0.000000e+00   7.513108e+01   1.591738e+01  
374       1.49937543007e+05   0.000000e+00   7.564216e+01   1.595418e+01  
375       1.50065792182e+05   0.000000e+00   7.588279e+01   1.592100e+01  
376       1.50141447283e+05   0.000000e+00   7.561324e+01   1.596269e+01  
377       1.50270643133e+05   0.000000e+00   7.565319e+01   1.592217e+01  
378       1.50014281428e+05   0.000000e+00   7.600431e+01   1.595588e+01  
379       1.50041341106e+05   0.000000e+00   7.603723e+01   1.591024e+01  
380       1.49972044433e+05   0.000000e+00   7.611059e+01   1.595270e+01  
381       1.50075296773e+05   0.000000e+00   7.614623e+01   1.591063e+01  
382       1.49974135509e+05   0.000000e+00   7.617964e+01   1.596126e+01  
383       1.49891458223e+05   0.000000e+00   7.641092e+01   1.591022e+01  
384       1.50033025287e+05   0.000000e+00   7.602173e+01   1.594671e+01  
385       1.49699136062e+05   0.000000e+00   7.674630e+01   1.591662e+01  
386       1.50021458994e+05   0.000000e+00   7.629577e+01   1.595113e+01  
387       1.49413791828e+05   0.000000e+00   7.703007e+01   1.593730e+01  
388       1.50057353695e+05   0.000000e+00   7.644909e+01   1.594377e+01  
389       1.49533785319e+05   0.000000e+00   7.695109e+01   1.592473e+01  
390       1.50076541247e+05   0.000000e+00   7.644806e+01   1.594432e+01  
391       1.49497886481e+05   0.000000e+00   7.720587e+01   1.592255e+01  
392       1.50060627119e+05   0.000000e+00   7.657263e+01   1.594422e+01  
393       1.49596493151e+05   0.000000e+00   7.707512e+01   1.591612e+01  
394       1.49935041835e+05   0.000000e+00   7.663907e+01   1.594335e+01  
395       1.49985045468e+05   0.000000e+00   7.678687e+01   1.590420e+01  
396       1.49841286882e+05   0.000000e+00   7.677637e+01   1.594645e+01  
397       1.49680661158e+05   0.000000e+00   7.706504e+01   1.591173e+01  
398       1.49931663035e+05   0.000000e+00   7.681028e+01   1.594332e+01  
399       1.49644792052e+05   0.000000e+00   7.708093e+01   1.591512e+01  
400       1.50032156640e+05   0.000000e+00   7.682039e+01   1.594050e+01  
401       1.49638166288e+05   0.000000e+00   7.704928e+01   1.591038e+01  
402       1.49889569349e+05   0.000000e+00   7.697974e+01   1.594437e+01  
403       1.49710401279e+05   0.000000e+00   7.701991e+01   1.590556e+01  
404       1.49890833284e+05   0.000000e+00   7.704876e+01   1.593031e+01  
405       1.49772471195e+05   0.000000e+00   7.708146e+01   1.590176e+01  
406       1.50105117204e+05   0.000000e+00   7.695441e+01   1.592058e+01  
407       1.49775476972e+05   0.000000e+00   7.723311e+01   1.591639e+01  
408       1.49928333763e+05   0.000000e+00   7.718501e+01   1.592433e+01  
409       1.49854738247e+05   0.000000e+00   7.735356e+01   1.591614e+01  
410       1.49915829470e+05   0.000000e+00   7.723193e+01   1.591870e+01  
411       1.49909552204e+05   0.000000e+00   7.719068e+01   1.592926e+01  
412       1.49914203301e+05   0.000000e+00   7.728235e+01   1.591928e+01  
413       1.49769839297e+05   0.000000e+00   7.731530e+01   1.594487e+01  
414       1.49922141369e+05   0.000000e+00   7.743113e+01   1.591326e+01  
415       1.49610045834e+05   0.000000e+00   7.751265e+01   1.595298e+01  
416       1.50282673275e+05   0.000000e+00   7.716233e+01   1.591889e+01  
417       1.49735864259e+05   0.000000e+00   7.725006e+01   1.595021e+01  
418       1.50284580953e+05   0.000000e+00   7.727943e+01   1.591787e+01  
419       1.49680313078e+05   0.000000e+00   7.766104e+01   1.593485e+01  
420       1.49952426653e+05   0.000000e+00   7.759960e+01   1.592708e+01  
421       1.49890470687e+05   0.000000e+00   7.750298e+01   1.593907e+01  
422       1.49916576554e+05   0.000000e+00   7.767010e+01   1.595282e+01  
423       1.49993751785e+05   0.000000e+00   7.738050e+01   1.592785e+01  
424       1.49879036332e+05   0.000000e+00   7.793059e+01   1.595997e+01  
425       1.50009897814e+05   0.000000e+00   7.745951e+01   1.593898e+01  
426       1.50112373377e+05   0.000000e+00   7.774907e+01   1.596225e+01  
427       1.50010594799e+05   0.000000e+00   7.764412e+01   1.593309e+01  
428       1.49758035383e+05   0.000000e+00   7.815056e+01   1.596211e+01  
429       1.50508631039e+05   0.000000e+00   7.739814e+01   1.591948e+01  
430       1.49653505285e+05   0.000000e+00   7.826984e+01   1.595699e+01  
431       1.50458846139e+05   0.000000e+00   7.761927e+01   1.592274e+01  
432       1.49394936878e+05   0.000000e+00   7.857874e+01   1.597320e+01  
433       1.50427553178e+05   0.000000e+00   7.776633e+01   1.592848e+01  
434       1.49682386817e+05   0.000000e+00   7.824680e+01   1.596740e+01  
435       1.50531843390e+05   0.000000e+00   7.765503e+01   1.593557e+01  
436       1.49731380709e+05   0.000000e+00   7.837966e+01   1.597760e+01  
437       1.50467782288e+05   0.000000e+00   7.780520e+01   1.594936e+01  
438       1.49681060438e+05   0.000000e+00   7.838030e+01   1.598047e+01  
439       1.50671914493e+05   0.000000e+00   7.747965e+01   1.595285e+01  
440       1.49916062198e+05   0.000000e+00   7.824512e+01   1.597936e+01  
441       1.50700415568e+05   0.000000e+00   7.758819e+01   1.595496e+01  
442       1.49897588883e+05   0.000000e+00   7.825221e+01   1.599953e+01  
443       1.50816788466e+05   0.000000e+00   7.752147e+01   1.595980e+01  
444       1.49948218118e+05   0.000000e+00   7.817027e+01   1.599641e+01  
445       1.50847699685e+05   0.000000e+00   7.753932e+01   1.596441e+01  
446       1.49754328642e+05   0.000000e+00   7.849961e+01   1.600841e+01  
447       1.50769027022e+05   0.000000e+00   7.771564e+01   1.598618e+01  
448       1.49999353016e+05   0.000000e+00   7.819141e+01   1.601453e+01  
449       1.50794264118e+05   0.000000e+00   7.769572e+01   1.597983e+01  
450       1.50108311881e+05   0.000000e+00   7.811803e+01   1.601138e+01  
451       1.50682017410e+05   0.000000e+00   7.804079e+01   1.598815e+01  
452       1.50041369517e+05   0.000000e+00   7.853517e+01   1.601004e+01  
453       1.50923078405e+05   0.000000e+00   7.793796e+01   1.599229e+01  
454       1.50143588133e+05   0.000000e+00   7.847132e+01   1.600723e+01  
455       1.51093863209e+05   0.000000e+00   7.792568e+01   1.598403e+01  
456       1.50304981466e+05   0.000000e+00   7.836593e+01   1.601599e+01  
457       1.51256205326e+05   0.000000e+00   7.795432e+01   1.598887e+01  
458       1.50425565749e+05   0.000000e+00   7.846800e+01   1.601514e+01  
459       1.51085826697e+05   0.000000e+00   7.807411e+01   1.599234e+01  
460       1.50302939204e+05   0.000000e+00   7.862860e+01   1.603098e+01  
461       1.51424332009e+05   0.000000e+00   7.784626e+01   1.599296e+01  
462       1.50392211828e+05   0.000000e+00   7.848663e+01   1.603480e+01  
463       1.51099038614e+05   0.000000e+00   7.836383e+01   1.599450e+01  
464       1.50512754389e+05   0.000000e+00   7.861793e+01   1.603047e+01  
465       1.51051587168e+05   0.000000e+00   7.829288e+01   1.600078e+01  
466       1.50801677535e+05   0.000000e+00   7.839103e+01   1.603863e+01  
467       1.51069639334e+05   0.000000e+00   7.828606e+01   1.599127e+01  
468       1.50706219286e+05   0.000000e+00   7.861040e+01   1.603344e+01  
469       1.51008545309e+05   0.000000e+00   7.827897e+01   1.598478e+01  
470       1.50623686034e+05   0.000000e+00   7.867329e+01   1.604766e+01  
471       1.51078667291e+05   0.000000e+00   7.842364e+01   1.599683e+01  
472       1.50202795901e+05   0.000000e+00   7.909082e+01   1.604651e+01  
473       1.51119416898e+05   0.000000e+00   7.841945e+01   1.598481e+01  
474       1.50224370136e+05   0.000000e+00   7.907113e+01   1.605279e+01  
475       1.51288221092e+05   0.000000e+00   7.845607e+01   1.597606e+01  
476       1.49885525569e+05   0.000000e+00   7.941306e+01   1.607199e+01  
477       1.51368024427e+05   0.000000e+00   7.851359e+01   1.597016e+01  
478       1.50062842088e+05   0.000000e+00   7.914062e+01   1.605683e+01  
479       1.51464254871e+05   0.000000e+00   7.840207e+01   1.596015e+01  
480       1.50080538873e+05   0.000000e+00   7.931368e+01   1.605998e+01  
481       1.51320586485e+05   0.000000e+00   7.866432e+01   1.597037e+01  
482       1.49772510976e+05   0.000000e+00   7.975962e+01   1.605781e+01  
483       1.51129148523e+05   0.000000e+00   7.888470e+01   1.597110e+01  
484       1.49870234074e+05   0.000000e+00   7.962685e+01   1.605822e+01  
485       1.51058722746e+05   0.000000e+00   7.899099e+01   1.597074e+01  
486       1.49590883145e+05   0.000000e+00   7.992997e+01   1.605834e+01  
487       1.50765107838e+05   0.000000e+00   7.933847e+01   1.597956e+01  
488       1.49558760717e+05   0.000000e+00   8.007345e+01   1.605359e+01  
489       1.50939012628e+05   0.000000e+00   7.914897e+01   1.596546e+01  
490       1.49611908186e+05   0.000000e+00   8.007407e+01   1.604404e+01  
491       1.50733234720e+05   0.000000e+00   7.942834e+01   1.597401e+01  
492       1.49656868719e+05   0.000000e+00   8.018588e+01   1.603614e+01  
493       1.50614000907e+05   0.000000e+00   7.946331e+01   1.596879e+01  
494       1.49779730001e+05   0.000000e+00   8.004506e+01   1.602468e+01  
495       1.50453501724e+05   0.000000e+00   7.964023e+01   1.597416e+01  
496       1.49875282384e+05   0.000000e+00   8.006790e+01   1.600992e+01  
497       1.50475425501e+05   0.000000e+00   7.957556e+01   1.596381e+01  
498       1.49689533352e+05   0.000000e+00   8.035477e+01   1.601732e+01  
499       1.50622271168e+05   0.000000e+00   7.950546e+01   1.594991e+01  
500       1.49905903803e+05   0.000000e+00   8.003943e+01   1.602601e+01  
501       1.50679395089e+05   0.000000e+00   7.956681e+01   1.595602e+01  
502       1.49909420859e+05   0.000000e+00   8.007906e+01   1.601853e+01  
503       1.50507584334e+05   0.000000e+00   7.982835e+01   1.594817e+01  
504       1.49624684076e+05   0.000000e+00   8.047280e+01   1.601106e+01  
505       1.50529955073e+05   0.000000e+00   7.977628e+01   1.595024e+01  
506       1.49913849351e+05   0.000000e+00   8.011053e+01   1.601332e+01  
507       1.50523934570e+05   0.000000e+00   7.987452e+01   1.595548e+01  
508       1.50054154950e+05   0.000000e+00   7.992845e+01   1.600115e+01  
509       1.50311684040e+05   0.000000e+00   8.010337e+01   1.595895e+01  
510       1.50144338281e+05   0.000000e+00   7.995989e+01   1.601887e+01  
511       1.50588146666e+05   0.000000e+00   7.977668e+01   1.595918e+01  
512       1.49839044530e+05   0.000000e+00   8.030937e+01   1.601797e+01  
513       1.50494478461e+05   0.000000e+00   8.007321e+01   1.594428e+01  
514       1.49866451561e+05   0.000000e+00   8.033802e+01   1.602029e+01  
515       1.50401951020e+05   0.000000e+00   8.007474e+01   1.595254e+01  
516       1.49898360743e+05   0.000000e+00   8.033701e+01   1.601635e+01  
517       1.50331987828e+05   0.000000e+00   8.002943e+01   1.594914e+01  
518       1.49828130229e+05   0.000000e+00   8.046244e+01   1.601371e+01  
519       1.50616475128e+05   0.000000e+00   7.983967e+01   1.595500e+01  
520       1.49872307090e+05   0.000000e+00   8.049883e+01   1.601439e+01  
521       1.50441949995e+05   0.000000e+00   7.996319e+01   1.596021e+01  
522       1.49745009179e+05   0.000000e+00   8.059431e+01   1.602126e+01  
523       1.50439847497e+05   0.000000e+00   8.004529e+01   1.596576e+01  
524       1.49645657328e+05   0.000000e+00   8.068786e+01   1.601548e+01  
525       1.50685706043e+05   0.000000e+00   7.998987e+01   1.596240e+01  
526       1.49683702535e+05   0.000000e+00   8.079362e+01   1.601880e+01  
527       1.50747512955e+05   0.000000e+00   8.004761e+01   1.595923e+01  
528       1.49831809039e+05   0.000000e+00   8.059311e+01   1.600165e+01  
529       1.50491321660e+05   0.000000e+00   8.041990e+01   1.597002e+01  
530       1.50128958817e+05   0.000000e+00   8.051475e+01   1.598937e+01  
531       1.50208432097e+05   0.000000e+00   8.072887e+01   1.598590e+01  
532       1.50242429861e+05   0.000000e+00   8.046808e+01   1.599163e+01  
533       1.50166325702e+05   0.000000e+00   8.067472e+01   1.599159e+01  
534       1.50319677498e+05   0.000000e+00   8.044498e+01   1.597246e+01  
535       1.50000913058e+05   0.000000e+00   8.088437e+01   1.599424e+01  
536       1.50197935346e+05   0.000000e+00   8.072034e+01   1.598575e+01  
537       1.50101214154e+05   0.000000e+00   8.088066e+01   1.600114e+01  
538       1.50099135269e+05   0.000000e+00   8.072317e+01   1.598179e+01  
539       1.50250523445e+05   0.000000e+00   8.082208e+01   1.598988e+01  
540       1.50097400683e+05   0.000000e+00   8.088768e+01   1.598245e+01  
541       1.50095410929e+05   0.000000e+00   8.093169e+01   1.599639e+01  
542       1.50321303248e+05   0.000000e+00   8.068976e+01   1.597115e+01  
543       1.49963621776e+05   0.000000e+00   8.117424e+01   1.600079e+01  
544       1.50326654203e+05   0.000000e+00   8.070444e+01   1.597601e+01  
545       1.50061625907e+05   0.000000e+00   8.101973e+01   1.599590e+01  
546       1.50203401585e+05   0.000000e+00   8.086710e+01   1.598615e+01  
547       1.50394473725e+05   0.000000e+00   8.084301e+01   1.598773e+01  
548       1.49949874969e+05   0.000000e+00   8.121971e+01   1.599004e+01  
549       1.50275714215e+05   0.000000e+00   8.117140e+01   1.599447e+01  
550       1.50005468842e+05   0.000000e+00   8.112236e+01   1.599341e+01  
551       1.50718920306e+05   0.000000e+00   8.090079e+01   1.599182e+01  
552       1.49860939381e+05   0.000000e+00   8.107618e+01   1.599091e+01  
553       1.50665232726e+05   0.000000e+00   8.115927e+01   1.598359e+01  
554       1.49620024149e+05   0.000000e+00   8.126279e+01   1.599617e+01  
555       1.50857790138e+05   0.000000e+00   8.088322e+01   1.599278e+01  
556       1.49712762152e+05   0.000000e+00   8.133951e+01   1.598351e+01  
557       1.50470987751e+05   0.000000e+00   8.132611e+01   1.598360e+01  
558       1.49991566705e+05   0.000000e+00   8.123879e+01   1.596896e+01  
559       1.50339673474e+05   0.000000e+00   8.148190e+01   1.599160e+01  
560       1.49950819853e+05   0.000000e+00   8.126750e+01   1.597294e+01  
561       1.50399208908e+05   0.000000e+00   8.149623e+01   1.598963e+01  
562       1.49820937021e+05   0.000000e+00   8.135823e+01   1.596187e+01  
563       1.50685353595e+05   0.000000e+00   8.111559e+01   1.597897e+01  
564       1.49886538915e+05   0.000000e+00   8.138506e+01   1.596908e+01  
565       1.50653058354e+05   0.000000e+00   8.134663e+01   1.598077e+01  
566       1.49847809784e+05   0.000000e+00   8.148449e+01   1.596564e+01  
567       1.50572876042e+05   0.000000e+00   8.124639e+01   1.597507e+01  
568       1.50190012617e+05   0.000000e+00   8.117021e+01   1.594625e+01  
569       1.50603272272e+05   0.000000e+00   8.119897e+01   1.598320e+01  
570       1.49929550974e+05   0.000000e+00   8.154655e+01   1.595041e+01  
571       1.50559974695e+05   0.000000e+00   8.133892e+01   1.598486e+01  
572       1.49977876890e+05   0.000000e+00   8.148114e+01   1.594573e+01  
573       1.50400231699e+05   0.000000e+00   8.136766e+01   1.598423e+01  
574       1.49999627241e+05   0.000000e+00   8.149351e+01   1.595176e+01  
575       1.50262274434e+05   0.000000e+00   8.170003e+01   1.598820e+01  
576       1.49725183133e+05   0.000000e+00   8.171980e+01   1.595604e+01  
577       1.50414903801e+05   0.000000e+00   8.160611e+01   1.598433e+01  
578       1.49907466189e+05   0.000000e+00   8.170411e+01   1.597230e+01  
579       1.50491040723e+05   0.000000e+00   8.165651e+01   1.596869e+01  
580       1.49828825202e+05   0.000000e+00   8.183411e+01   1.596346e+01  
581       1.50357537577e+05   0.000000e+00   8.164676e+01   1.597729e+01  
582       1.49952573133e+05   0.000000e+00   8.178641e+01   1.596387e+01  
583       1.50357092201e+05   0.000000e+00   8.157048e+01   1.597834e+01  
584       1.50052972988e+05   0.000000e+00   8.181571e+01   1.597315e+01  
585       1.50719932723e+05   0.000000e+00   8.136925e+01   1.597900e+01  
586       1.49810612531e+05   0.000000e+00   8.200206e+01   1.597172e+01  
587       1.50652801848e+05   0.000000e+00   8.164303e+01   1.596553e+01  
588       1.49621476928e+05   0.000000e+00   8.229769e+01   1.597657e+01  
589       1.50587422583e+05   0.000000e+00   8.198511e+01   1.596128e+01  
590       1.49467851397e+05   0.000000e+00   8.250125e+01   1.598796e+01  
591       1.50788070964e+05   0.000000e+00   8.180419e+01   1.595232e+01  
592       1.49345869905e+05   0.000000e+00   8.258299e+01   1.599641e+01  
593       1.50851645800e+05   0.000000e+00   8.166053e+01   1.594063e+01  
594       1.49390576126e+05   0.000000e+00   8.247579e+01   1.600312e+01  
595       1.50868296835e+05   0.000000e+00   8.160029e+01   1.595835e+01  
596       1.49528990786e+05   0.000000e+00   8.232439e+01   1.599984e+01  
597       1.50775467769e+05   0.000000e+00   8.170939e+01   1.594984e+01  
598       1.49406166304e+05   0.000000e+00   8.250258e+01   1.600234e+01  
599       1.50763627407e+05   0.000000e+00   8.179919e+01   1.595928e+01  
600       1.49471079063e+05   0.000000e+00   8.242936e+01   1.601211e+01  
601       1.50924984350e+05   0.000000e+00   8.168672e+01   1.594296e+01  
602       1.49334723599e+05   0.000000e+00   8.258461e+01   1.601091e+01  
603       1.51014520661e+05   0.000000e+00   8.164485e+01   1.594698e+01  
604       1.49577367642e+05   0.000000e+00   8.249612e+01   1.602570e+01  
605       1.51016190131e+05   0.000000e+00   8.173038e+01   1.594549e+01  
606       1.49282002153e+05   0.000000e+00   8.289102e+01   1.602589e+01  
607       1.50802647594e+05   0.000000e+00   8.195381e+01   1.595275e+01  
608       1.49461717949e+05   0.000000e+00   8.265589e+01   1.603537e+01  
609       1.50820461084e+05   0.000000e+00   8.184901e+01   1.595190e+01  
610       1.49605491268e+05   0.000000e+00   8.261410e+01   1.603560e+01  
611       1.50724876520e+05   0.000000e+00   8.206317e+01   1.594532e+01  
612       1.49475369224e+05   0.000000e+00   8.273455e+01   1.603501e+01  
613       1.50777466545e+05   0.000000e+00   8.200345e+01   1.594638e+01  
614       1.49394435727e+05   0.000000e+00   8.297496e+01   1.603534e+01  
615       1.50896008590e+05   0.000000e+00   8.208585e+01   1.593728e+01  
616       1.49292599841e+05   0.000000e+00   8.302369e+01   1.603964e+01  
617       1.50918197148e+05   0.000000e+00   8.212198e+01   1.594021e+01  
618       1.49524346237e+05   0.000000e+00   8.269774e+01   1.603047e+01  
619       1.50952710589e+05   0.000000e+00   8.224886e+01   1.594042e+01  
620       1.49672186542e+05   0.000000e+00   8.264348e+01   1.602676e+01  
621       1.51008990227e+05   0.000000e+00   8.217557e+01   1.594574e+01  
622       1.49555199958e+05   0.000000e+00   8.279457e+01   1.603456e+01  
623       1.51011618407e+05   0.000000e+00   8.227238e+01   1.594655e+01  
624       1.49954642978e+05   0.000000e+00   8.250624e+01   1.602681e+01  
625       1.50820602493e+05   0.000000e+00   8.228896e+01   1.593879e+01  
626       1.50188494121e+05   0.000000e+00   8.221857e+01   1.601924e+01  
627       1.50784828449e+05   0.000000e+00   8.239025e+01   1.594004e+01  
628       1.50119069720e+05   0.000000e+00   8.236375e+01   1.601638e+01  
629       1.50795954237e+05   0.000000e+00   8.240602e+01   1.593308e+01  
630       1.49919352405e+05   0.000000e+00   8.258536e+01   1.602847e+01  
631       1.50638173271e+05   0.000000e+00   8.265947e+01   1.592904e+01  
632       1.49762766420e+05   0.000000e+00   8.291522e+01   1.603468e+01  
633       1.50472003282e+05   0.000000e+00   8.300589e+01   1.593397e+01  
634       1.49763689669e+05   0.000000e+00   8.299002e+01   1.603969e+01  
635       1.50589474368e+05   0.000000e+00   8.280187e+01   1.592285e+01  
636       1.49941135087e+05   0.000000e+00   8.289903e+01   1.603584e+01  
637       1.50549353418e+05   0.000000e+00   8.288385e+01   1.592036e+01  
638       1.49782762606e+05   0.000000e+00   8.318714e+01   1.603599e+01  
639       1.50387160003e+05   0.000000e+00   8.298398e+01   1.592517e+01  
640       1.50028184477e+05   0.000000e+00   8.293997e+01   1.603259e+01  
641       1.50364103499e+05   0.000000e+00   8.303167e+01   1.591719e+01  
642       1.49674761390e+05   0.000000e+00   8.325439e+01   1.602974e+01  
643       1.50490504253e+05   0.000000e+00   8.301423e+01   1.591600e+01  
644       1.49489257873e+05   0.000000e+00   8.355551e+01   1.604345e+01  
645       1.50375170910e+05   0.000000e+00   8.320630e+01   1.591435e+01  
646       1.49532926166e+05   0.000000e+00   8.353410e+01   1.602036e+01  
647       1.50127448412e+05   0.000000e+00   8.352919e+01   1.592688e+01  
648       1.49784208509e+05   0.000000e+00   8.338678e+01   1.601479e+01  
649       1.50021732590e+05   0.000000e+00   8.363161e+01   1.593449e+01  
650       1.49707427338e+05   0.000000e+00   8.368522e+01   1.601099e+01  
651       1.49805123087e+05   0.000000e+00   8.392685e+01   1.593233e+01  
652       1.50066882345e+05   0.000000e+00   8.331431e+01   1.599984e+01  
653       1.49806790633e+05   0.000000e+00   8.383256e+01   1.593962e+01  
654       1.50047698541e+05   0.000000e+00   8.342841e+01   1.599452e+01  
655       1.49982542781e+05   0.000000e+00   8.372959e+01   1.593186e+01  
656       1.49905657709e+05   0.000000e+00   8.347437e+01   1.599664e+01  
657       1.50001111822e+05   0.000000e+00   8.369689e+01   1.593321e+01  
658       1.50014817684e+05   0.000000e+00   8.344341e+01   1.598979e+01  
659       1.50041012480e+05   0.000000e+00   8.370932e+01   1.593734e+01  
660       1.49810234661e+05   0.000000e+00   8.372280e+01   1.599308e+01  
661       1.50166522849e+05   0.000000e+00   8.362087e+01   1.594314e+01  
662       1.49855650927e+05   0.000000e+00   8.366533e+01   1.599772e+01  
663       1.50401367991e+05   0.000000e+00   8.342271e+01   1.593974e+01  
664       1.49793782338e+05   0.000000e+00   8.368552e+01   1.598601e+01  
665       1.50345060185e+05   0.000000e+00   8.348450e+01   1.594258e+01  
666       1.49779896182e+05   0.000000e+00   8.371246e+01   1.598042e+01  
667       1.50421123851e+05   0.000000e+00   8.332499e+01   1.594731e+01  
668       1.50008527219e+05   0.000000e+00   8.350061e+01   1.599428e+01  
669       1.50611460394e+05   0.000000e+00   8.318166e+01   1.594130e+01  
670       1.49756910868e+05   0.000000e+00   8.348984e+01   1.600214e+01  
671       1.50690770727e+05   0.000000e+00   8.299010e+01   1.595004e+01  
672       1.49531610687e+05   0.000000e+00   8.374612e+01   1.600833e+01  
673       1.50680944888e+05   0.000000e+00   8.298514e+01   1.594625e+01  
674       1.49573989971e+05   0.000000e+00   8.373687e+01   1.601255e+01  
675       1.50638797277e+05   0.000000e+00   8.316348e+01   1.596054e+01  
676       1.49601620678e+05   0.000000e+00   8.380447e+01   1.600494e+01  
677       1.50505278137e+05   0.000000e+00   8.337951e+01   1.596473e+01  
678       1.49777765808e+05   0.000000e+00   8.366005e+01   1.600442e+01  
679       1.50807244718e+05   0.000000e+00   8.307251e+01   1.596998e+01  
680       1.49654327615e+05   0.000000e+00   8.388208e+01   1.600560e+01  
681       1.50675972209e+05   0.000000e+00   8.328766e+01   1.597345e+01  
682       1.49684452935e+05   0.000000e+00   8.395825e+01   1.600160e+01  
683       1.50543716418e+05   0.000000e+00   8.340573e+01   1.597194e+01  
684       1.49819939273e+05   0.000000e+00   8.370900e+01   1.599472e+01  
685       1.50616150326e+05   0.000000e+00   8.333788e+01   1.598931e+01  
686       1.49754849118e+05   0.000000e+00   8.382827e+01   1.597923e+01  
687       1.50628561222e+05   0.000000e+00   8.334738e+01   1.598020e+01  
688       1.49815779105e+05   0.000000e+00   8.384320e+01   1.598659e+01  
689       1.50714431635e+05   0.000000e+00   8.332546e+01   1.598724e+01  
690       1.49821981681e+05   0.000000e+00   8.399582e+01   1.597329e+01  
691       1.50233171691e+05   0.000000e+00   8.372428e+01   1.599077e+01  
692       1.49854915263e+05   0.000000e+00   8.407642e+01   1.597582e+01  
693       1.50372149310e+05   0.000000e+00   8.353992e+01   1.600121e+01  
694       1.49919890255e+05   0.000000e+00   8.396854e+01   1.596770e+01  
695       1.50491304827e+05   0.000000e+00   8.350061e+01   1.599219e+01  
696       1.49444846665e+05   0.000000e+00   8.433845e+01   1.597943e+01  
697       1.50707556707e+05   0.000000e+00   8.335208e+01   1.599169e+01  
698       1.49648559426e+05   0.000000e+00   8.418031e+01   1.597420e+01  
699       1.50500290416e+05   0.000000e+00   8.350009e+01   1.599640e+01  
700       1.49693426963e+05   0.000000e+00   8.421208e+01   1.596953e+01  
701       1.50403253783e+05   0.000000e+00   8.350007e+01   1.600022e+01  
702       1.49809793218e+05   0.000000e+00   8.401728e+01   1.597096e+01  
703       1.50182902131e+05   0.000000e+00   8.374789e+01   1.599499e+01  
704       1.49856206852e+05   0.000000e+00   8.424096e+01   1.596453e+01  
705       1.49902801177e+05   0.000000e+00   8.416378e+01   1.600024e+01  
706       1.49599632211e+05   0.000000e+00   8.448314e+01   1.596776e+01  
707       1.50074398105e+05   0.000000e+00   8.404060e+01   1.600196e+01  
708       1.49530829565e+05   0.000000e+00   8.461560e+01   1.597283e+01  
709       1.50317061495e+05   0.000000e+00   8.389264e+01   1.598492e+01  
710       1.49238826357e+05   0.000000e+00   8.488415e+01   1.597780e+01  
711       1.50507584417e+05   0.000000e+00   8.381728e+01   1.599067e+01  
712       1.49396346389e+05   0.000000e+00   8.467821e+01   1.596960e+01  
713       1.50433237273e+05   0.000000e+00   8.393315e+01   1.598873e+01  
714       1.49671801896e+05   0.000000e+00   8.434476e+01   1.595999e+01  
715       1.50297727055e+05   0.000000e+00   8.394828e+01   1.599355e+01  
716       1.49517419432e+05   0.000000e+00   8.452236e+01   1.597108e+01  
717       1.50245346808e+05   0.000000e+00   8.415245e+01   1.598776e+01  
718       1.49462805135e+05   0.000000e+00   8.464647e+01   1.597282e+01  
719       1.50375323226e+05   0.000000e+00   8.405712e+01   1.597741e+01  
720       1.49350829197e+05   0.000000e+00   8.465496e+01   1.598217e+01  
721       1.50537330059e+05   0.000000e+00   8.402808e+01   1.597664e+01  
722       1.49297299300e+05   0.000000e+00   8.469735e+01   1.598197e+01  
723       1.50511853736e+05   0.000000e+00   8.407719e+01   1.597624e+01  
724       1.49368740606e+05   0.000000e+00   8.464582e+01   1.598829e+01  
725       1.50625194058e+05   0.000000e+00   8.399990e+01   1.597233e+01  
726       1.49466843966e+05   0.000000e+00   8.465738e+01   1.597842e+01  
727       1.50354628818e+05   0.000000e+00   8.428371e+01   1.597749e+01  
728       1.49560103147e+05   0.000000e+00   8.469098e+01   1.598040e+01  
729       1.50369483616e+05   0.000000e+00   8.411290e+01   1.598510e+01  
730       1.49733623218e+05   0.000000e+00   8.457536e+01   1.597368e+01  
731       1.50234728151e+05   0.000000e+00   8.433379e+01   1.598835e+01  
732       1.49604283000e+05   0.000000e+00   8.465400e+01   1.597830e+01  
733       1.50430552188e+05   0.000000e+00   8.410654e+01   1.597931e+01  
734       1.49622792589e+05   0.000000e+00   8.461977e+01   1.599062e+01  
735       1.50117909455e+05   0.000000e+00   8.446600e+01   1.597196e+01  
736       1.49584732617e+05   0.000000e+00   8.475900e+01   1.599350e+01  
737       1.50151841712e+05   0.000000e+00   8.435212e+01   1.597970e+01  
738       1.49701235660e+05   0.000000e+00   8.483752e+01   1.599547e+01  
739       1.50031727428e+05   0.000000e+00   8.449456e+01   1.597585e+01  
740       1.49663551229e+05   0.000000e+00   8.476111e+01   1.599060e+01  
741       1.50023564888e+05   0.000000e+00   8.460016e+01   1.598256e+01  
742       1.49780231946e+05   0.000000e+00   8.455058e+01   1.598066e+01  
743       1.49902866195e+05   0.000000e+00   8.474643e+01   1.598986e+01  
744       1.49787230454e+05   0.000000e+00   8.459204e+01   1.598553e+01  
745       1.49927484254e+05   0.000000e+00   8.463313e+01   1.599270e+01  
746       1.49939224918e+05   0.000000e+00   8.444966e+01   1.598886e+01  
747       1.49962645826e+05   0.000000e+00   8.448063e+01   1.597988e+01  
748       1.50066786459e+05   0.000000e+00   8.454071e+01   1.598181e+01  
749       1.49760706283e+05   0.000000e+00   8.473037e+01   1.596821e+01  
750       1.50072244083e+05   0.000000e+00   8.461531e+01   1.597925e+01  
751       1.49436961048e+05   0.000000e+00   8.503502e+01   1.598291e+01  
752       1.50284654426e+05   0.000000e+00   8.452031e+01   1.597199e+01  
753       1.49689326981e+05   0.000000e+00   8.467882e+01   1.597997e+01  
754       1.50085450000e+05   0.000000e+00   8.483016e+01   1.597813e+01  
755       1.49661356566e+05   0.000000e+00   8.464154e+01   1.597392e+01  
756       1.50263602509e+05   0.000000e+00   8.468420e+01   1.598034e+01  
757       1.49448427697e+05   0.000000e+00   8.498489e+01   1.597905e+01  
758       1.50322668004e+05   0.000000e+00   8.465595e+01   1.597607e+01  
759       1.49682130224e+05   0.000000e+00   8.474789e+01   1.597243e+01  
760       1.50163673700e+05   0.000000e+00   8.473586e+01   1.599059e+01  
761       1.49614779566e+05   0.000000e+00   8.477412e+01   1.597374e+01  
762       1.50063170561e+05   0.000000e+00   8.488971e+01   1.598842e+01  
763       1.49604635797e+05   0.000000e+00   8.494348e+01   1.597578e+01  
764       1.50121007198e+05   0.000000e+00   8.474538e+01   1.598938e+01  
765       1.49491562077e+05   0.000000e+00   8.514944e+01   1.597855e+01  
766       1.50091507527e+05   0.000000e+00   8.499627e+01   1.599021e+01  
767       1.49303368319e+05   0.000000e+00   8.540058e+01   1.597705e+01  
768       1.50257286066e+05   0.000000e+00   8.478371e+01   1.598568e+01  
769       1.49356408875e+05   0.000000e+00   8.520491e+01   1.597800e+01  
770       1.50322313791e+05   0.000000e+00   8.464836e+01   1.597708e+01  
771       1.49211747118e+05   0.000000e+00   8.539930e+01   1.597977e+01  
772       1.50437988968e+05   0.000000e+00   8.464414e+01   1.596797e+01  
773       1.49342751809e+05   0.000000e+00   8.524062e+01   1.597278e+01  
774       1.50279139994e+05   0.000000e+00   8.460748e+01   1.596713e+01  
775       1.49315783532e+05   0.000000e+00   8.537839e+01   1.597171e+01  
776       1.50107524350e+05   0.000000e+00   8.485984e+01   1.596258e+01  
777       1.49415851422e+05   0.000000e+00   8.527673e+01   1.596821e+01  
778       1.50098328124e+05   0.000000e+00   8.490915e+01   1.596540e+01  
779       1.49492873918e+05   0.000000e+00   8.533180e+01   1.597368e+01  
780       1.50008523649e+05   0.000000e+00   8.507784e+01   1.595331e+01  
781       1.49237529736e+05   0.000000e+00   8.559825e+01   1.598001e+01  
782       1.50286717841e+05   0.000000e+00   8.496300e+01   1.595240e+01  
783       1.49503296474e+05   0.000000e+00   8.536061e+01   1.597962e+01  
784       1.50168871647e+05   0.000000e+00   8.508890e+01   1.594492e+01  
785       1.49464733652e+05   0.000000e+00   8.547127e+01   1.597564e+01  
786       1.50280414585e+05   0.000000e+00   8.484166e+01   1.595349e+01  
787       1.49808231901e+05   0.000000e+00   8.528574e+01   1.595825e+01  
788       1.50088140020e+05   0.000000e+00   8.510029e+01   1.593927e+01  
789       1.49736161615e+05   0.000000e+00   8.548199e+01   1.596198e+01  
790       1.49763456335e+05   0.000000e+00   8.547736e+01   1.595192e+01  
791       1.49685214827e+05   0.000000e+00   8.546110e+01   1.596068e+01  
792       1.49906351840e+05   0.000000e+00   8.541261e+01   1.594874e+01  
793       1.49455623446e+05   0.000000e+00   8.582611e+01   1.596036e+01  
794       1.49850826272e+05   0.000000e+00   8.550598e+01   1.595073e+01  
795       1.49437253503e+05   0.000000e+00   8.595049e+01   1.596468e+01  
796       1.49821561259e+05   0.000000e+00   8.543903e+01   1.595276e+01  
797       1.49612508530e+05   0.000000e+00   8.569909e+01   1.594872e+01  
798       1.50016571376e+05   0.000000e+00   8.540766e+01   1.594579e+01  
799       1.49442335268e+05   0.000000e+00   8.588675e+01   1.596011e+01  
800       1.49831823419e+05   0.000000e+00   8.567706e+01   1.594857e+01  
801       1.49429069402e+05   0.000000e+00   8.602677e+01   1.596267e+01  
802       1.49988772122e+05   0.000000e+00   8.558420e+01   1.594170e+01  
803       1.49350816823e+05   0.000000e+00   8.613088e+01   1.596083e+01  
804       1.50012638546e+05   0.000000e+00   8.555217e+01   1.594288e+01  
805       1.49502655281e+05   0.000000e+00   8.603217e+01   1.596322e+01  
806       1.49527978693e+05   0.000000e+00   8.608574e+01   1.595259e+01  
807       1.49551157730e+05   0.000000e+00   8.603538e+01   1.595572e+01  
808       1.49772744463e+05   0.000000e+00   8.577060e+01   1.594340e+01  
809       1.49491831341e+05   0.000000e+00   8.615244e+01   1.596303e+01  
810       1.49875901593e+05   0.000000e+00   8.559970e+01   1.593212e+01  
811       1.49684859375e+05   0.000000e+00   8.606764e+01   1.595261e+01  
812       1.49656696208e+05   0.000000e+00   8.591706e+01   1.594405e+01  
813       1.49684446014e+05   0.000000e+00   8.601722e+01   1.594791e+01  
814       1.49909234085e+05   0.000000e+00   8.566123e+01   1.594480e+01  
815       1.49750161923e+05   0.000000e+00   8.592003e+01   1.594671e+01  
816       1.49971082396e+05   0.000000e+00   8.567548e+01   1.592779e+01  
817       1.49605058850e+05   0.000000e+00   8.603004e+01   1.595467e+01  
818       1.49956473848e+05   0.000000e+00   8.562067e+01   1.594112e+01  
819       1.49730077519e+05   0.000000e+00   8.584684e+01   1.595233e+01  
820       1.49854452264e+05   0.000000e+00   8.561243e+01   1.593453e+01  
821       1.49625078557e+05   0.000000e+00   8.604047e+01   1.596750e+01  
822       1.49949432054e+05   0.000000e+00   8.559110e+01   1.594267e+01  
823       1.49686216597e+05   0.000000e+00   8.585112e+01   1.596806e+01  
824       1.50042076756e+05   0.000000e+00   8.555410e+01   1.594533e+01  
825       1.49644720249e+05   0.000000e+00   8.587122e+01   1.595449e+01  
826       1.50161974853e+05   0.000000e+00   8.541281e+01   1.594374e+01  
827       1.49807173392e+05   0.000000e+00   8.570816e+01   1.596240e+01  
828       1.49924551883e+05   0.000000e+00   8.576556e+01   1.595881e+01  
829       1.49761779409e+05   0.000000e+00   8.587490e+01   1.596247e+01  
830       1.49904622229e+05   0.000000e+00   8.578814e+01   1.596835e+01  
831       1.49761611647e+05   0.000000e+00   8.590689e+01   1.596860e+01  
832       1.49938374295e+05   0.000000e+00   8.587241e+01   1.595899e+01  
833       1.49643720198e+05   0.000000e+00   8.606765e+01   1.595773e+01  
834       1.49937212271e+05   0.000000e+00   8.592985e+01   1.595615e+01  
835       1.49818685767e+05   0.000000e+00   8.590625e+01   1.595834e+01  
836       1.49937082298e+05   0.000000e+00   8.604783e+01   1.595730e+01  
837       1.49850493756e+05   0.000000e+00   8.603313e+01   1.595339e+01  
838       1.50033268286e+05   0.000000e+00   8.599335e+01   1.595954e+01  
839       1.49941894774e+05   0.000000e+00   8.600391e+01   1.595517e+01  
840       1.49907339166e+05   0.000000e+00   8.610437e+01   1.596013e+01  
841       1.50191638899e+05   0.000000e+00   8.582341e+01   1.595595e+01  
842       1.49903111522e+05   0.000000e+00   8.614671e+01   1.596351e+01  
843       1.50232863500e+05   0.000000e+00   8.572997e+01   1.594914e+01  
844       1.49948301399e+05   0.000000e+00   8.602624e+01   1.596105e+01  
845       1.50118683118e+05   0.000000e+00   8.581453e+01   1.595632e+01  
846       1.50066623906e+05   0.000000e+00   8.600755e+01   1.594635e+01  
847       1.50088868410e+05   0.000000e+00   8.586221e+01   1.595489e+01  
848       1.50075520483e+05   0.000000e+00   8.610176e+01   1.594477e+01  
849       1.50143465829e+05   0.000000e+00   8.586324e+01   1.595774e+01  
850       1.50053126359e+05   0.000000e+00   8.623354e+01   1.595224e+01  
851       1.49970663394e+05   0.000000e+00   8.613589e+01   1.595711e+01  
852       1.49899936540e+05   0.000000e+00   8.645899e+01   1.595154e+01  
853       1.50352892783e+05   0.000000e+00   8.577368e+01   1.595741e+01  
854       1.49747570762e+05   0.000000e+00   8.649273e+01   1.596145e+01  
855       1.50320651459e+05   0.000000e+00   8.589580e+01   1.595477e+01  
856       1.49771931005e+05   0.000000e+00   8.646918e+01   1.596126e+01  
857       1.50268311685e+05   0.000000e+00   8.608476e+01   1.596262e+01  
858       1.49641993849e+05   0.000000e+00   8.659535e+01   1.596675e+01  
859       1.50093844366e+05   0.000000e+00   8.630520e+01   1.596221e+01  
860       1.49875621921e+05   0.000000e+00   8.646941e+01   1.595647e+01  
861       1.49976407766e+05   0.000000e+00   8.644202e+01   1.596171e+01  
862       1.50076417032e+05   0.000000e+00   8.628147e+01   1.595308e+01  
863       1.50199495956e+05   0.000000e+00   8.625325e+01   1.596718e+01  
864       1.49683138914e+05   0.000000e+00   8.683415e+01   1.596278e+01  
865       1.50179431228e+05   0.000000e+00   8.644655e+01   1.596205e+01  
866       1.49603254198e+05   0.000000e+00   8.691833e+01   1.596824e+01  
867       1.50329115459e+05   0.000000e+00   8.648614e+01   1.596887e+01  
868       1.49433710123e+05   0.000000e+00   8.707352e+01   1.597430e+01  
869       1.50401810885e+05   0.000000e+00   8.653167e+01   1.596479e+01  
870       1.49413577722e+05   0.000000e+00   8.706832e+01   1.597576e+01  
871       1.50707845755e+05   0.000000e+00   8.619015e+01   1.595363e+01  
872       1.49472170458e+05   0.000000e+00   8.697932e+01   1.598198e+01  
873       1.50823759118e+05   0.000000e+00   8.629753e+01   1.594986e+01  
874       1.49398492600e+05   0.000000e+00   8.707007e+01   1.597810e+01  
875       1.50827323153e+05   0.000000e+00   8.623501e+01   1.595265e+01  
876       1.49552920566e+05   0.000000e+00   8.686398e+01   1.597665e+01  
877       1.50929276050e+05   0.000000e+00   8.630984e+01   1.594438e+01  
878       1.49304976193e+05   0.000000e+00   8.729352e+01   1.598626e+01  
879       1.50882383406e+05   0.000000e+00   8.647281e+01   1.595366e+01  
880       1.49464768441e+05   0.000000e+00   8.710926e+01   1.598685e+01  
881       1.50934695681e+05   0.000000e+00   8.634116e+01   1.593725e+01  
882       1.49628012864e+05   0.000000e+00   8.697750e+01   1.596805e+01  
883       1.50872983131e+05   0.000000e+00   8.653545e+01   1.594324e+01  
884       1.49507923749e+05   0.000000e+00   8.713267e+01   1.597759e+01  
885       1.50933529160e+05   0.000000e+00   8.649890e+01   1.594191e+01  
886       1.49678339518e+05   0.000000e+00   8.678010e+01   1.597033e+01  
887       1.51183047784e+05   0.000000e+00   8.622429e+01   1.594006e+01  
888       1.49767664939e+05   0.000000e+00   8.675209e+01   1.597213e+01  
889       1.51050087021e+05   0.000000e+00   8.639338e+01   1.595096e+01  
890       1.49756383575e+05   0.000000e+00   8.678603e+01   1.597973e+01  
891       1.50884686436e+05   0.000000e+00   8.654532e+01   1.595048e+01  
892       1.49971108774e+05   0.000000e+00   8.654923e+01   1.597785e+01  
893       1.50829464511e+05   0.000000e+00   8.643911e+01   1.595506e+01  
894       1.49858417623e+05   0.000000e+00   8.682282e+01   1.597779e+01  
895       1.50809526657e+05   0.000000e+00   8.650908e+01   1.595901e+01  
896       1.49779736675e+05   0.000000e+00   8.700851e+01   1.597713e+01  
897       1.50562674713e+05   0.000000e+00   8.669905e+01   1.596761e+01  
898       1.49953003828e+05   0.000000e+00   8.676988e+01   1.596975e+01  
899       1.50727314961e+05   0.000000e+00   8.647489e+01   1.596707e+01  
900       1.49837274154e+05   0.000000e+00   8.683794e+01   1.596604e+01  
901       1.50620474067e+05   0.000000e+00   8.672662e+01   1.596401e+01  
902       1.49826213474e+05   0.000000e+00   8.696956e+01   1.597361e+01  
903       1.50546849123e+05   0.000000e+00   8.680061e+01   1.597339e+01  
904       1.49830930232e+05   0.000000e+00   8.708288e+01   1.596372e+01  
905       1.50617974818e+05   0.000000e+00   8.688746e+01   1.596431e+01  
906       1.49710939777e+05   0.000000e+00   8.732145e+01   1.598107e+01  
907       1.50690548536e+05   0.000000e+00   8.680355e+01   1.596291e+01  
908       1.49862822391e+05   0.000000e+00   8.724655e+01   1.597320e+01  
909       1.50668827678e+05   0.000000e+00   8.690030e+01   1.594722e+01  
910       1.49796971100e+05   0.000000e+00   8.726906e+01   1.596305e+01  
911       1.50735844178e+05   0.000000e+00   8.681130e+01   1.595241e+01  
912       1.50008814241e+05   0.000000e+00   8.717286e+01   1.597161e+01  
913       1.50648808319e+05   0.000000e+00   8.681266e+01   1.595230e+01  
914       1.50003126275e+05   0.000000e+00   8.730312e+01   1.596805e+01  
915       1.50481989432e+05   0.000000e+00   8.695745e+01   1.595826e+01  
916       1.50305235930e+05   0.000000e+00   8.705204e+01   1.596731e+01  
917       1.50361608679e+05   0.000000e+00   8.706281e+01   1.594652e+01  
918       1.50230339713e+05   0.000000e+00   8.729889e+01   1.596748e+01  
919       1.50155708696e+05   0.000000e+00   8.743390e+01   1.595530e+01  
920       1.50179790842e+05   0.000000e+00   8.733190e+01   1.597130e+01  
921       1.50336988032e+05   0.000000e+00   8.718939e+01   1.595419e+01  
922       1.50180817781e+05   0.000000e+00   8.731677e+01   1.596844e+01  
923       1.50193236320e+05   0.000000e+00   8.738352e+01   1.595045e+01  
924       1.50192186338e+05   0.000000e+00   8.744859e+01   1.597108e+01  
925       1.50171075602e+05   0.000000e+00   8.742153e+01   1.596691e+01  
926       1.50433549911e+05   0.000000e+00   8.734419e+01   1.595502e+01  
927       1.50178819684e+05   0.000000e+00   8.743561e+01   1.596505e+01  
928       1.50368023447e+05   0.000000e+00   8.737701e+01   1.596595e+01  
929       1.50352066138e+05   0.000000e+00   8.732978e+01   1.595401e+01  
930       1.50082358343e+05   0.000000e+00   8.764467e+01   1.596885e+01  
931       1.50410382798e+05   0.000000e+00   8.739234e+01   1.594976e+01  
932       1.50164254358e+05   0.000000e+00   8.760230e+01   1.597000e+01  
933       1.50387176452e+05   0.000000e+00   8.744396e+01   1.595137e+01  
934       1.49995500611e+05   0.000000e+00   8.783048e+01   1.596987e+01  
935       1.50338735232e+05   0.000000e+00   8.766473e+01   1.595850e+01  
936       1.49987638451e+05   0.000000e+00   8.783118e+01   1.596350e+01  
937       1.50359997839e+05   0.000000e+00   8.759378e+01   1.595908e+01  
938       1.50099250897e+05   0.000000e+00   8.767184e+01   1.595926e+01  
939       1.50375467618e+05   0.000000e+00   8.753471e+01   1.596810e+01  
940       1.50007584270e+05   0.000000e+00   8.793446e+01   1.595665e+01  
941       1.50283535947e+05   0.000000e+00   8.769356e+01   1.596977e+01  
942       1.50142209372e+05   0.000000e+00   8.792589e+01   1.595345e+01  
943       1.50322091481e+05   0.000000e+00   8.761404e+01   1.597536e+01  
944       1.50198263986e+05   0.000000e+00   8.782958e+01   1.594779e+01  
945       1.50401564106e+05   0.000000e+00   8.759765e+01   1.596472e+01  
946       1.50237882610e+05   0.000000e+00   8.785754e+01   1.595437e+01  
947       1.50503755670e+05   0.000000e+00   8.748052e+01   1.596426e+01  
948       1.50268038478e+05   0.000000e+00   8.784346e+01   1.596456e+01  
949       1.50223778945e+05   0.000000e+00   8.781199e+01   1.595917e+01  
950       1.50328928137e+05   0.000000e+00   8.784845e+01   1.596656e+01  
951       1.50252788619e+05   0.000000e+00   8.788160e+01   1.597114e+01  
952       1.50209755356e+05   0.000000e+00   8.794260e+01   1.597102e+01  
953       1.50381129049e+05   0.000000e+00   8.777052e+01   1.596439e+01  
954       1.50292837814e+05   0.000000e+00   8.797832e+01   1.597041e+01  
955       1.50144659575e+05   0.000000e+00   8.802374e+01   1.596942e+01  
956       1.50483261609e+05   0.000000e+00   8.782536e+01   1.596495e+01  
957       1.50239334342e+05   0.000000e+00   8.788624e+01   1.597253e+01  
958       1.50427675996e+05   0.000000e+00   8.802038e+01   1.597257e+01  
959       1.50249602105e+05   0.000000e+00   8.780560e+01   1.595884e+01  
960       1.50450445860e+05   0.000000e+00   8.793260e+01   1.597352e+01  
961       1.50197529256e+05   0.000000e+00   8.800958e+01   1.597063e+01  
962       1.50209282933e+05   0.000000e+00   8.831093e+01   1.597348e+01  
963       1.50284529942e+05   0.000000e+00   8.794613e+01   1.597640e+01  
964       1.50217217486e+05   0.000000e+00   8.822866e+01   1.598470e+01  
965       1.50414972209e+05   0.000000e+00   8.784872e+01   1.597938e+01  
966       1.50275875871e+05   0.000000e+00   8.820628e+01   1.598370e+01  
967       1.50487684863e+05   0.000000e+00   8.787452e+01   1.597532e+01  
968       1.50142891814e+05   0.000000e+00   8.837557e+01   1.599755e+01  
969       1.50612668383e+05   0.000000e+00   8.771311e+01   1.598290e+01  
970       1.50358680069e+05   0.000000e+00   8.805763e+01   1.599315e+01  
971       1.50634923518e+05   0.000000e+00   8.762598e+01   1.597488e+01  
972       1.50266031039e+05   0.000000e+00   8.825068e+01   1.599636e+01  
973       1.50627280288e+05   0.000000e+00   8.772471e+01   1.598640e+01  
974       1.50380737590e+05   0.000000e+00   8.814305e+01   1.599871e+01  
975       1.50586262830e+05   0.000000e+00   8.783473e+01   1.597986e+01  
976       1.50362440636e+05   0.000000e+00   8.821378e+01   1.600017e+01  
977       1.50645266623e+05   0.000000e+00   8.775729e+01   1.598540e+01  
978       1.50575123562e+05   0.000000e+00   8.795309e+01   1.599466e+01  
979       1.50617243327e+05   0.000000e+00   8.781704e+01   1.598867e+01  
980       1.50571351871e+05   0.000000e+00   8.811402e+01   1.599703e+01  
981       1.50582077964e+05   0.000000e+00   8.803021e+01   1.598979e+01  
982       1.50468309228e+05   0.000000e+00   8.818845e+01   1.600108e+01  
983       1.50650193229e+05   0.000000e+00   8.798887e+01   1.598850e+01  
984       1.50569321041e+05   0.000000e+00   8.818558e+01   1.599502e+01  
985       1.50544619918e+05   0.000000e+00   8.817844e+01   1.598597e+01  
986       1.50582525494e+05   0.000000e+00   8.821745e+01   1.599734e+01  
987       1.50728509438e+05   0.000000e+00   8.791657e+01   1.599123e+01  
988       1.50610747626e+05   0.000000e+00   8.817853e+01   1.600322e+01  
989       1.50738173041e+05   0.000000e+00   8.785437e+01   1.598825e+01  
990       1.50696984197e+05   0.000000e+00   8.825991e+01   1.600445e+01  
991       1.50497949033e+05   0.000000e+00   8.817150e+01   1.600151e+01  
992       1.50892040655e+05   0.000000e+00   8.822473e+01   1.600309e+01  
993       1.50467741222e+05   0.000000e+00   8.823590e+01   1.598818e+01  
994       1.50768811200e+05   0.000000e+00   8.834817e+01   1.599006e+01  
995       1.50477674128e+05   0.000000e+00   8.828330e+01   1.598327e+01  
996       1.50725161003e+05   0.000000e+00   8.837398e+01   1.600041e+01  
997       1.50658528415e+05   0.000000e+00   8.820073e+01   1.598835e+01  
998       1.50580569933e+05   0.000000e+00   8.844886e+01   1.599143e+01  
999       1.50902318625e+05   0.000000e+00   8.797987e+01   1.598472e+01  
1000      1.50530421696e+05   0.000000e+00   8.850131e+01   1.599824e+01  
1001      1.50977268807e+05   0.000000e+00   8.799951e+01   1.598635e+01  
1002      1.50650663115e+05   0.000000e+00   8.847775e+01   1.599155e+01  
1003      1.50716489221e+05   0.000000e+00   8.825989e+01   1.598844e+01  
1004      1.50592311316e+05   0.000000e+00   8.852569e+01   1.599116e+01  
1005      1.50821031208e+05   0.000000e+00   8.798966e+01   1.598509e+01  
1006      1.50715761775e+05   0.000000e+00   8.845396e+01   1.598976e+01  
1007      1.50566644755e+05   0.000000e+00   8.836164e+01   1.598825e+01  
1008      1.50708734309e+05   0.000000e+00   8.853271e+01   1.598590e+01  
1009      1.50748476195e+05   0.000000e+00   8.815847e+01   1.599397e+01  
1010      1.50786488431e+05   0.000000e+00   8.848317e+01   1.599467e+01  
1011      1.50759932474e+05   0.000000e+00   8.827727e+01   1.598484e+01  
1012      1.50781999406e+05   0.000000e+00   8.866037e+01   1.598928e+01  
1013      1.50434808062e+05   0.000000e+00   8.860473e+01   1.599647e+01  
1014      1.50880193227e+05   0.000000e+00   8.858463e+01   1.599049e+01  
1015      1.50323096705e+05   0.000000e+00   8.871597e+01   1.599541e+01  
1016      1.50869858977e+05   0.000000e+00   8.870542e+01   1.598681e+01  
1017      1.50250768391e+05   0.000000e+00   8.866725e+01   1.599479e+01  
1018      1.50912259688e+05   0.000000e+00   8.865380e+01   1.599036e+01  
1019      1.50171322754e+05   0.000000e+00   8.879265e+01   1.599768e+01  
1020      1.50971576180e+05   0.000000e+00   8.864383e+01   1.597632e+01  
1021      1.50155178238e+05   0.000000e+00   8.878153e+01   1.599852e+01  
1022      1.50974478825e+05   0.000000e+00   8.869531e+01   1.598593e+01  
1023      1.50233301510e+05   0.000000e+00   8.887464e+01   1.600062e+01  
1024      1.50876986066e+05   0.000000e+00   8.880169e+01   1.598335e+01  
1025      1.50239332016e+05   0.000000e+00   8.898796e+01   1.599616e+01  
1026      1.50783735885e+05   0.000000e+00   8.890541e+01   1.599211e+01  
1027      1.50374066214e+05   0.000000e+00   8.896962e+01   1.598711e+01  
1028      1.50599215114e+05   0.000000e+00   8.904372e+01   1.599583e+01  
1029      1.50561841035e+05   0.000000e+00   8.893879e+01   1.599081e+01  
1030      1.50576094023e+05   0.000000e+00   8.907855e+01   1.599015e+01  
1031      1.50557181956e+05   0.000000e+00   8.892107e+01   1.599344e+01  
1032      1.50786445169e+05   0.000000e+00   8.882892e+01   1.599112e+01  
1033      1.50648362444e+05   0.000000e+00   8.876493e+01   1.598753e+01  
1034      1.50722138822e+05   0.000000e+00   8.902970e+01   1.598959e+01  
1035      1.50385006362e+05   0.000000e+00   8.898161e+01   1.599531e+01  
1036      1.50945267878e+05   0.000000e+00   8.899585e+01   1.599437e+01  
1037      1.50397154690e+05   0.000000e+00   8.901898e+01   1.599693e+01  
1038      1.50958787095e+05   0.000000e+00   8.894141e+01   1.599465e+01  
1039      1.50468761024e+05   0.000000e+00   8.898851e+01   1.599107e+01  
1040      1.50948944655e+05   0.000000e+00   8.889450e+01   1.600592e+01  
1041      1.50515559437e+05   0.000000e+00   8.895479e+01   1.599620e+01  
1042      1.51085837352e+05   0.000000e+00   8.877905e+01   1.600272e+01  
1043      1.50519629507e+05   0.000000e+00   8.892309e+01   1.599331e+01  
1044      1.51105090666e+05   0.000000e+00   8.867072e+01   1.600479e+01  
1045      1.50636156621e+05   0.000000e+00   8.889932e+01   1.599909e+01  
1046      1.51027888676e+05   0.000000e+00   8.874063e+01   1.600754e+01  
1047      1.50749697062e+05   0.000000e+00   8.892111e+01   1.600047e+01  
1048      1.51071384392e+05   0.000000e+00   8.873099e+01   1.601440e+01  
1049      1.50746828481e+05   0.000000e+00   8.876943e+01   1.599683e+01  
1050      1.51154329821e+05   0.000000e+00   8.878268e+01   1.601318e+01  
1051      1.50612143661e+05   0.000000e+00   8.909411e+01   1.600402e+01  
1052      1.50916073560e+05   0.000000e+00   8.911647e+01   1.602330e+01  
1053      1.50667578230e+05   0.000000e+00   8.910617e+01   1.600680e+01  
1054      1.51057299124e+05   0.000000e+00   8.896564e+01   1.602483e+01  
1055      1.50771738569e+05   0.000000e+00   8.913942e+01   1.600976e+01  
1056      1.50855560207e+05   0.000000e+00   8.926502e+01   1.602135e+01  
1057      1.50855078690e+05   0.000000e+00   8.914931e+01   1.601307e+01  
1058      1.50885966084e+05   0.000000e+00   8.933718e+01   1.603199e+01  
1059      1.50864444650e+05   0.000000e+00   8.917866e+01   1.601923e+01  
1060      1.51099530663e+05   0.000000e+00   8.906033e+01   1.601873e+01  
1061      1.50975638448e+05   0.000000e+00   8.920415e+01   1.601436e+01  
1062      1.50846299047e+05   0.000000e+00   8.941527e+01   1.603717e+01  
1063      1.51137759536e+05   0.000000e+00   8.912600e+01   1.600968e+01  
1064      1.50826551209e+05   0.000000e+00   8.945514e+01   1.604341e+01  
1065      1.50942245003e+05   0.000000e+00   8.938659e+01   1.600961e+01  
1066      1.50876043772e+05   0.000000e+00   8.950051e+01   1.604240e+01  
1067      1.51016356841e+05   0.000000e+00   8.932368e+01   1.601056e+01  
1068      1.51020774165e+05   0.000000e+00   8.939737e+01   1.603886e+01  
1069      1.50952129082e+05   0.000000e+00   8.942430e+01   1.600760e+01  
1070      1.51141352697e+05   0.000000e+00   8.933641e+01   1.603704e+01  
1071      1.50960645874e+05   0.000000e+00   8.935967e+01   1.601236e+01  
1072      1.51319202079e+05   0.000000e+00   8.918402e+01   1.603485e+01  
1073      1.51019670951e+05   0.000000e+00   8.927783e+01   1.601112e+01  
1074      1.51290467491e+05   0.000000e+00   8.922323e+01   1.604351e+01  
1075      1.51138214025e+05   0.000000e+00   8.930897e+01   1.600916e+01  
1076      1.51077665894e+05   0.000000e+00   8.935339e+01   1.605366e+01  
1077      1.51337050432e+05   0.000000e+00   8.922544e+01   1.600801e+01  
1078      1.50972581303e+05   0.000000e+00   8.959723e+01   1.604312e+01  
1079      1.51109098817e+05   0.000000e+00   8.954748e+01   1.600503e+01  
1080      1.50927418268e+05   0.000000e+00   8.970697e+01   1.604901e+01  
1081      1.51111080591e+05   0.000000e+00   8.952380e+01   1.602063e+01  
1082      1.50915272207e+05   0.000000e+00   8.970690e+01   1.604843e+01  
1083      1.51170652041e+05   0.000000e+00   8.944568e+01   1.600544e+01  
1084      1.50850256985e+05   0.000000e+00   8.992678e+01   1.605150e+01  
1085      1.51168277408e+05   0.000000e+00   8.956626e+01   1.600857e+01  
1086      1.50822562775e+05   0.000000e+00   8.994517e+01   1.605506e+01  
1087      1.51185313248e+05   0.000000e+00   8.950171e+01   1.600350e+01  
1088      1.50761397681e+05   0.000000e+00   9.005667e+01   1.605018e+01  
1089      1.51251038397e+05   0.000000e+00   8.941007e+01   1.600286e+01  
1090      1.50908087236e+05   0.000000e+00   8.986657e+01   1.604887e+01  
1091      1.51324364555e+05   0.000000e+00   8.942931e+01   1.599332e+01  
1092      1.50478866565e+05   0.000000e+00   9.041980e+01   1.605055e+01  
1093      1.51343106248e+05   0.000000e+00   8.946231e+01   1.599724e+01  
1094      1.50610578585e+05   0.000000e+00   9.020388e+01   1.605092e+01  
1095      1.51322291387e+05   0.000000e+00   8.952777e+01   1.600087e+01  
1096      1.50585422465e+05   0.000000e+00   9.039334e+01   1.604198e+01  
1097      1.51300232941e+05   0.000000e+00   8.959570e+01   1.600275e+01  
1098      1.50539928911e+05   0.000000e+00   9.035723e+01   1.603787e+01  
1099      1.51494372660e+05   0.000000e+00   8.942970e+01   1.599903e+01  
1100      1.50592856689e+05   0.000000e+00   9.035617e+01   1.603423e+01  
1101      1.51311288050e+05   0.000000e+00   8.960355e+01   1.599920e+01  
1102      1.50611378958e+05   0.000000e+00   9.045745e+01   1.603350e+01  
1103      1.51341974144e+05   0.000000e+00   8.969342e+01   1.600543e+01  
1104      1.50479045602e+05   0.000000e+00   9.054669e+01   1.603619e+01  
1105      1.51383039095e+05   0.000000e+00   8.967133e+01   1.599371e+01  
1106      1.50533811554e+05   0.000000e+00   9.043500e+01   1.603239e+01  
1107      1.51508639743e+05   0.000000e+00   8.950513e+01   1.600503e+01  
1108      1.50595225182e+05   0.000000e+00   9.038581e+01   1.603032e+01  
1109      1.51488868874e+05   0.000000e+00   8.963469e+01   1.600356e+01  
1110      1.50436141280e+05   0.000000e+00   9.059176e+01   1.603260e+01  
1111      1.51364221988e+05   0.000000e+00   8.974267e+01   1.601089e+01  
1112      1.50437970309e+05   0.000000e+00   9.063885e+01   1.603450e+01  
1113      1.51317578250e+05   0.000000e+00   8.974175e+01   1.601341e+01  
1114      1.50519658850e+05   0.000000e+00   9.055073e+01   1.603685e+01  
1115      1.51390301059e+05   0.000000e+00   8.967060e+01   1.601186e+01  
1116      1.50510115650e+05   0.000000e+00   9.055552e+01   1.604369e+01  
1117      1.51412157031e+05   0.000000e+00   8.965714e+01   1.600952e+01  
1118      1.50539396036e+05   0.000000e+00   9.053836e+01   1.604392e+01  
1119      1.51455501374e+05   0.000000e+00   8.968117e+01   1.600813e+01  
1120      1.50419620641e+05   0.000000e+00   9.058442e+01   1.605225e+01  
1121      1.51647948605e+05   0.000000e+00   8.955741e+01   1.600011e+01  
1122      1.50441944461e+05   0.000000e+00   9.056489e+01   1.605128e+01  
1123      1.51500251092e+05   0.000000e+00   8.980401e+01   1.601187e+01  
1124      1.50401746663e+05   0.000000e+00   9.060739e+01   1.604966e+01  
1125      1.51527714704e+05   0.000000e+00   8.982653e+01   1.601585e+01  
1126      1.50564794436e+05   0.000000e+00   9.052549e+01   1.605399e+01  
1127      1.51474995437e+05   0.000000e+00   8.988640e+01   1.601467e+01  
1128      1.50505157416e+05   0.000000e+00   9.057547e+01   1.604916e+01  
1129      1.51428717286e+05   0.000000e+00   8.995651e+01   1.602109e+01  
1130      1.50498811492e+05   0.000000e+00   9.059116e+01   1.605724e+01  
1131      1.51409465171e+05   0.000000e+00   9.003660e+01   1.601717e+01  
1132      1.50440976127e+05   0.000000e+00   9.072233e+01   1.604941e+01  
1133      1.51403015141e+05   0.000000e+00   9.007682e+01   1.602098e+01  
1134      1.50597221437e+05   0.000000e+00   9.049569e+01   1.604391e+01  
1135      1.51253512199e+05   0.000000e+00   9.016038e+01   1.602283e+01  
1136      1.50620387971e+05   0.000000e+00   9.064524e+01   1.604112e+01  
1137      1.51160544651e+05   0.000000e+00   9.026359e+01   1.602794e+01  
1138      1.50617401571e+05   0.000000e+00   9.052558e+01   1.604415e+01  
1139      1.51241876492e+05   0.000000e+00   9.021937e+01   1.602815e+01  
1140      1.50473285483e+05   0.000000e+00   9.080470e+01   1.603962e+01  
1141      1.51263922005e+05   0.000000e+00   9.032278e+01   1.602723e+01  
1142      1.50323554886e+05   0.000000e+00   9.096499e+01   1.604875e+01  
1143      1.51496288764e+05   0.000000e+00   9.008176e+01   1.602233e+01  
1144      1.50406861864e+05   0.000000e+00   9.094707e+01   1.604882e+01  
1145      1.51320967823e+05   0.000000e+00   9.027566e+01   1.602062e+01  
1146      1.50537828847e+05   0.000000e+00   9.089769e+01   1.604084e+01  
1147      1.51081891764e+05   0.000000e+00   9.045679e+01   1.603345e+01  
1148      1.50766969541e+05   0.000000e+00   9.082018e+01   1.604696e+01  
1149      1.50918807077e+05   0.000000e+00   9.056143e+01   1.603905e+01  
1150      1.50690757324e+05   0.000000e+00   9.075831e+01   1.603991e+01  
1151      1.50928623209e+05   0.000000e+00   9.061127e+01   1.604412e+01  
1152      1.50925047879e+05   0.000000e+00   9.068124e+01   1.603738e+01  
1153      1.50678474775e+05   0.000000e+00   9.099737e+01   1.605360e+01  
1154      1.50821420503e+05   0.000000e+00   9.087776e+01   1.602950e+01  
1155      1.50824125154e+05   0.000000e+00   9.100430e+01   1.604622e+01  
1156      1.50800753167e+05   0.000000e+00   9.084989e+01   1.603317e+01  
1157      1.51037748361e+05   0.000000e+00   9.074752e+01   1.603662e+01  
1158      1.51033818136e+05   0.000000e+00   9.070366e+01   1.603131e+01  
1159      1.50753111763e+05   0.000000e+00   9.108876e+01   1.604436e+01  
1160      1.51224561620e+05   0.000000e+00   9.056411e+01   1.603085e+01  
1161      1.50839578250e+05   0.000000e+00   9.095885e+01   1.604042e+01  
1162      1.51214103781e+05   0.000000e+00   9.068594e+01   1.603013e+01  
1163      1.50738014396e+05   0.000000e+00   9.113638e+01   1.603434e+01  
1164      1.51290035942e+05   0.000000e+00   9.075794e+01   1.602373e+01  
1165      1.50577551280e+05   0.000000e+00   9.128073e+01   1.604347e+01  
1166      1.51372109485e+05   0.000000e+00   9.072020e+01   1.602872e+01  
1167      1.50587774502e+05   0.000000e+00   9.124867e+01   1.603514e+01  
1168      1.51390641829e+05   0.000000e+00   9.077614e+01   1.601963e+01  
1169      1.50341983712e+05   0.000000e+00   9.155029e+01   1.604219e+01  
1170      1.51401081022e+05   0.000000e+00   9.073855e+01   1.602851e+01  
1171      1.50402318642e+05   0.000000e+00   9.153204e+01   1.604317e+01  
1172      1.51255041719e+05   0.000000e+00   9.094211e+01   1.602471e+01  
1173      1.50484749442e+05   0.000000e+00   9.142966e+01   1.603524e+01  
1174      1.51317557455e+05   0.000000e+00   9.104462e+01   1.603156e+01  
1175      1.50246391147e+05   0.000000e+00   9.180173e+01   1.604970e+01  
1176      1.51426674127e+05   0.000000e+00   9.101931e+01   1.601628e+01  
1177      1.50103242217e+05   0.000000e+00   9.191611e+01   1.604832e+01  
1178      1.51441456900e+05   0.000000e+00   9.109455e+01   1.602815e+01  
1179      1.50266716756e+05   0.000000e+00   9.176286e+01   1.604326e+01  
1180      1.51391547471e+05   0.000000e+00   9.110210e+01   1.602409e+01  
1181      1.50231048778e+05   0.000000e+00   9.181534e+01   1.604083e+01  
1182      1.51484752571e+05   0.000000e+00   9.116038e+01   1.602327e+01  
1183      1.50162865034e+05   0.000000e+00   9.179238e+01   1.604753e+01  
1184      1.51759273596e+05   0.000000e+00   9.088204e+01   1.602161e+01  
1185      1.50155791882e+05   0.000000e+00   9.204832e+01   1.604460e+01  
1186      1.51504944402e+05   0.000000e+00   9.113150e+01   1.602539e+01  
1187      1.50355461092e+05   0.000000e+00   9.186581e+01   1.605013e+01  
1188      1.51550342493e+05   0.000000e+00   9.108736e+01   1.601984e+01  
1189      1.50502126820e+05   0.000000e+00   9.179031e+01   1.604289e+01  
1190      1.51561770298e+05   0.000000e+00   9.112427e+01   1.602081e+01  
1191      1.50699569378e+05   0.000000e+00   9.151961e+01   1.603637e+01  
1192      1.51685002811e+05   0.000000e+00   9.100385e+01   1.602178e+01  
1193      1.50768259715e+05   0.000000e+00   9.153998e+01   1.603155e+01  
1194      1.51434072561e+05   0.000000e+00   9.133454e+01   1.603028e+01  
1195      1.50589257191e+05   0.000000e+00   9.180454e+01   1.602809e+01  
1196      1.51450707616e+05   0.000000e+00   9.116001e+01   1.603481e+01  
1197      1.50758131492e+05   0.000000e+00   9.163864e+01   1.603091e+01  
1198      1.51426556834e+05   0.000000e+00   9.122270e+01   1.603186e+01  
1199      1.50740022858e+05   0.000000e+00   9.156867e+01   1.602588e+01  
1200      1.51481322543e+05   0.000000e+00   9.115070e+01   1.603389e+01  
1201      1.50835804507e+05   0.000000e+00   9.145826e+01   1.602275e+01  
1202      1.51314337567e+05   0.000000e+00   9.138631e+01   1.603301e+01  
1203      1.50727896877e+05   0.000000e+00   9.163566e+01   1.602253e+01  
1204      1.51436050225e+05   0.000000e+00   9.127883e+01   1.603342e+01  
1205      1.50790638076e+05   0.000000e+00   9.151073e+01   1.602304e+01  
1206      1.51423456257e+05   0.000000e+00   9.125574e+01   1.603180e+01  
1207      1.50867762946e+05   0.000000e+00   9.152922e+01   1.602382e+01  
1208      1.51164261967e+05   0.000000e+00   9.152611e+01   1.603664e+01  
1209      1.51027251576e+05   0.000000e+00   9.144571e+01   1.602258e+01  
1210      1.51103458487e+05   0.000000e+00   9.156536e+01   1.603643e+01  
1211      1.50973636585e+05   0.000000e+00   9.161562e+01   1.603273e+01  
1212      1.51067222097e+05   0.000000e+00   9.163436e+01   1.603755e+01  
1213      1.51054606774e+05   0.000000e+00   9.162443e+01   1.603398e+01  
1214      1.50928092391e+05   0.000000e+00   9.172558e+01   1.603911e+01  
1215      1.51114166449e+05   0.000000e+00   9.174199e+01   1.604052e+01  
1216      1.50838280769e+05   0.000000e+00   9.181415e+01   1.603475e+01  
1217      1.51183096490e+05   0.000000e+00   9.175788e+01   1.603081e+01  
1218      1.50709263536e+05   0.000000e+00   9.195379e+01   1.603093e+01  
1219      1.51172600710e+05   0.000000e+00   9.174170e+01   1.603595e+01  
1220      1.50581100702e+05   0.000000e+00   9.208016e+01   1.603062e+01  
1221      1.51061940006e+05   0.000000e+00   9.185201e+01   1.603279e+01  
1222      1.50645756001e+05   0.000000e+00   9.203675e+01   1.602324e+01  
1223      1.50986378272e+05   0.000000e+00   9.185979e+01   1.603258e+01  
1224      1.50730024128e+05   0.000000e+00   9.199126e+01   1.601818e+01  
1225      1.50741189023e+05   0.000000e+00   9.215459e+01   1.602389e+01  
1226      1.50788996221e+05   0.000000e+00   9.212370e+01   1.601627e+01  
1227      1.50665672331e+05   0.000000e+00   9.225672e+01   1.603011e+01  
1228      1.51002041602e+05   0.000000e+00   9.182237e+01   1.600858e+01  
1229      1.50693658710e+05   0.000000e+00   9.230080e+01   1.601645e+01  
1230      1.50895004291e+05   0.000000e+00   9.209874e+01   1.601225e+01  
1231      1.50752565996e+05   0.000000e+00   9.231448e+01   1.601308e+01  
1232      1.50903439590e+05   0.000000e+00   9.198866e+01   1.601090e+01  
1233      1.50808138401e+05   0.000000e+00   9.227447e+01   1.601624e+01  
1234      1.50855458986e+05   0.000000e+00   9.215526e+01   1.600459e+01  
1235      1.50599396753e+05   0.000000e+00   9.251432e+01   1.601605e+01  
1236      1.50794012172e+05   0.000000e+00   9.230959e+01   1.600421e+01  
1237      1.50847297114e+05   0.000000e+00   9.239518e+01   1.601221e+01  
1238      1.50651096211e+05   0.000000e+00   9.250533e+01   1.600218e+01  
1239      1.50827064718e+05   0.000000e+00   9.249712e+01   1.600303e+01  
1240      1.50464599548e+05   0.000000e+00   9.272107e+01   1.599570e+01  
1241      1.50808771735e+05   0.000000e+00   9.258020e+01   1.600602e+01  
1242      1.50651557527e+05   0.000000e+00   9.260263e+01   1.599368e+01  
1243      1.50603875125e+05   0.000000e+00   9.274565e+01   1.600555e+01  
1244      1.50547530952e+05   0.000000e+00   9.286998e+01   1.599784e+01  
1245      1.50631883890e+05   0.000000e+00   9.268776e+01   1.600710e+01  
1246      1.50584134634e+05   0.000000e+00   9.289305e+01   1.599939e+01  
1247      1.50635438201e+05   0.000000e+00   9.274896e+01   1.599374e+01  
1248      1.50499291556e+05   0.000000e+00   9.303736e+01   1.599795e+01  
1249      1.50651874676e+05   0.000000e+00   9.284893e+01   1.600017e+01  
1250      1.50562853823e+05   0.000000e+00   9.295430e+01   1.599971e+01  
-------------------------------------------------------------------

Initialization/allocation wall-clock time: 2.923 seconds
Calculation (iterations) wall-clock time : 251.564 seconds

