
**********************************************
Real-time propagation in 3D, OPTION = 2
MPI nodes = 8, OMP threads = 16, cores = 128
**********************************************

Interactions
Contact: Natoms = 1.50000000000e+05, as = 8.700000e+01 * a0, G = 1.562940e+04, G * par = 3.125880e+04
Three-body: K3 =  0.000000e+00, g3 = 0.000000e+00
Regular DDI: add = 1.101000e+02 * a0, GD = 4.721954e+03, GD * par =  9.443909e+03, edd = 1.265517e+00
     Dipolar cutoffs Rcut = 9.866488e+00, Lcut = 2.777575e+02

QF = 1, QDEPL = 0: h2 = 1.965575e+05, h4 = 0.000000e+00
        q3 = 0.000000e+00, q5 = 3.573190e+00

GRAD = 0

Trap parameters
GAMMA = 0.000000e+00, NU = 0.000000e+00, LAMBDA = 0.000000e+00
Parameters of rotation: OMEGA = 0.000000e+00, OMEGA * par = 0.000000e+00

Space discretization: NX = 128, NY = 128, NZ = 128
                      DX = 4.339961e+00, DY = 1.541639e-01, DZ = 1.541639e-01
      Unit of length: aho = 5.552380e-07 m

Time discretization: NITER = 2500 (NSNAP = 1250)
                     DT = 1.188325e-02

Initial state: file ./imag3d-finalpsi.bin
ADD_VORTICES = 0, ADD_RANDOM_PHASE = 0


MUREL = 1.000000e-12, MUEND=1.000000e+05

-------------------------------------------------------------------
Snap      Na             QD             mu             <r>
-------------------------------------------------------------------
0         1.50521159547e+05   0.000000e+00   -6.410086e-01  2.779708e+01  
1         1.50521159100e+05   0.000000e+00   -6.411342e-01  2.779706e+01  
2         1.50521158623e+05   0.000000e+00   -6.412623e-01  2.779705e+01  
3         1.50521158127e+05   0.000000e+00   -6.413755e-01  2.779703e+01  
4         1.50521157626e+05   0.000000e+00   -6.414582e-01  2.779702e+01  
5         1.50521157132e+05   0.000000e+00   -6.414979e-01  2.779700e+01  
6         1.50521156658e+05   0.000000e+00   -6.414855e-01  2.779697e+01  
7         1.50521156215e+05   0.000000e+00   -6.414159e-01  2.779695e+01  
8         1.50521155812e+05   0.000000e+00   -6.412870e-01  2.779693e+01  
9         1.50521155457e+05   0.000000e+00   -6.410992e-01  2.779690e+01  
10        1.50521155156e+05   0.000000e+00   -6.408539e-01  2.779687e+01  
11        1.50521154914e+05   0.000000e+00   -6.405529e-01  2.779684e+01  
12        1.50521154737e+05   0.000000e+00   -6.401987e-01  2.779681e+01  
13        1.50521154627e+05   0.000000e+00   -6.397946e-01  2.779678e+01  
14        1.50521154585e+05   0.000000e+00   -6.393457e-01  2.779675e+01  
15        1.50521154619e+05   0.000000e+00   -6.388593e-01  2.779671e+01  
16        1.50521154730e+05   0.000000e+00   -6.383445e-01  2.779668e+01  
17        1.50521154920e+05   0.000000e+00   -6.378124e-01  2.779664e+01  
18        1.50521155194e+05   0.000000e+00   -6.372747e-01  2.779661e+01  
19        1.50521155554e+05   0.000000e+00   -6.367431e-01  2.779658e+01  
20        1.50521156003e+05   0.000000e+00   -6.362283e-01  2.779654e+01  
21        1.50521156546e+05   0.000000e+00   -6.357394e-01  2.779651e+01  
22        1.50521157183e+05   0.000000e+00   -6.352838e-01  2.779647e+01  
23        1.50521157921e+05   0.000000e+00   -6.348670e-01  2.779644e+01  
24        1.50521158759e+05   0.000000e+00   -6.344923e-01  2.779641e+01  
25        1.50521159701e+05   0.000000e+00   -6.341615e-01  2.779638e+01  
26        1.50521160747e+05   0.000000e+00   -6.338749e-01  2.779635e+01  
27        1.50521161899e+05   0.000000e+00   -6.336317e-01  2.779632e+01  
28        1.50521163156e+05   0.000000e+00   -6.334303e-01  2.779629e+01  
29        1.50521164519e+05   0.000000e+00   -6.332683e-01  2.779626e+01  
30        1.50521165985e+05   0.000000e+00   -6.331431e-01  2.779624e+01  
31        1.50521167552e+05   0.000000e+00   -6.330519e-01  2.779621e+01  
32        1.50521169217e+05   0.000000e+00   -6.329916e-01  2.779619e+01  
33        1.50521170977e+05   0.000000e+00   -6.329595e-01  2.779617e+01  
34        1.50521172826e+05   0.000000e+00   -6.329527e-01  2.779615e+01  
35        1.50521174760e+05   0.000000e+00   -6.329687e-01  2.779614e+01  
36        1.50521176772e+05   0.000000e+00   -6.330051e-01  2.779612e+01  
37        1.50521178858e+05   0.000000e+00   -6.330595e-01  2.779611e+01  
38        1.50521181007e+05   0.000000e+00   -6.331299e-01  2.779610e+01  
39        1.50521183216e+05   0.000000e+00   -6.332145e-01  2.779609e+01  
40        1.50521185473e+05   0.000000e+00   -6.333113e-01  2.779608e+01  
41        1.50521187772e+05   0.000000e+00   -6.334190e-01  2.779608e+01  
42        1.50521190105e+05   0.000000e+00   -6.335359e-01  2.779607e+01  
43        1.50521192467e+05   0.000000e+00   -6.336608e-01  2.779607e+01  
44        1.50521194850e+05   0.000000e+00   -6.337924e-01  2.779607e+01  
45        1.50521197247e+05   0.000000e+00   -6.339297e-01  2.779607e+01  
46        1.50521199643e+05   0.000000e+00   -6.340716e-01  2.779608e+01  
47        1.50521202024e+05   0.000000e+00   -6.342173e-01  2.779608e+01  
48        1.50521204377e+05   0.000000e+00   -6.343658e-01  2.779609e+01  
49        1.50521206693e+05   0.000000e+00   -6.345164e-01  2.779610e+01  
50        1.50521208960e+05   0.000000e+00   -6.346685e-01  2.779611e+01  
51        1.50521211172e+05   0.000000e+00   -6.348214e-01  2.779612e+01  
52        1.50521213319e+05   0.000000e+00   -6.349744e-01  2.779614e+01  
53        1.50521215394e+05   0.000000e+00   -6.351272e-01  2.779615e+01  
54        1.50521217388e+05   0.000000e+00   -6.352793e-01  2.779617e+01  
55        1.50521219292e+05   0.000000e+00   -6.354301e-01  2.779618e+01  
56        1.50521221097e+05   0.000000e+00   -6.355794e-01  2.779620e+01  
57        1.50521222795e+05   0.000000e+00   -6.357268e-01  2.779622e+01  
58        1.50521224373e+05   0.000000e+00   -6.358720e-01  2.779624e+01  
59        1.50521225822e+05   0.000000e+00   -6.360147e-01  2.779627e+01  
60        1.50521227132e+05   0.000000e+00   -6.361547e-01  2.779629e+01  
61        1.50521228291e+05   0.000000e+00   -6.362917e-01  2.779631e+01  
62        1.50521229289e+05   0.000000e+00   -6.364256e-01  2.779634e+01  
63        1.50521230115e+05   0.000000e+00   -6.365561e-01  2.779637e+01  
64        1.50521230760e+05   0.000000e+00   -6.366833e-01  2.779639e+01  
65        1.50521231215e+05   0.000000e+00   -6.368068e-01  2.779642e+01  
66        1.50521231469e+05   0.000000e+00   -6.369266e-01  2.779645e+01  
67        1.50521231516e+05   0.000000e+00   -6.370426e-01  2.779648e+01  
68        1.50521231346e+05   0.000000e+00   -6.371547e-01  2.779650e+01  
69        1.50521230953e+05   0.000000e+00   -6.372629e-01  2.779653e+01  
70        1.50521230329e+05   0.000000e+00   -6.373671e-01  2.779656e+01  
71        1.50521229469e+05   0.000000e+00   -6.374674e-01  2.779659e+01  
72        1.50521228367e+05   0.000000e+00   -6.375637e-01  2.779662e+01  
73        1.50521227017e+05   0.000000e+00   -6.376559e-01  2.779666e+01  
74        1.50521225415e+05   0.000000e+00   -6.377441e-01  2.779669e+01  
75        1.50521223558e+05   0.000000e+00   -6.378281e-01  2.779672e+01  
76        1.50521221441e+05   0.000000e+00   -6.379078e-01  2.779675e+01  
77        1.50521219064e+05   0.000000e+00   -6.379834e-01  2.779678e+01  
78        1.50521216421e+05   0.000000e+00   -6.380549e-01  2.779681e+01  
79        1.50521213513e+05   0.000000e+00   -6.381223e-01  2.779684e+01  
80        1.50521210339e+05   0.000000e+00   -6.381859e-01  2.779687e+01  
81        1.50521206897e+05   0.000000e+00   -6.382458e-01  2.779690e+01  
82        1.50521203187e+05   0.000000e+00   -6.383022e-01  2.779693e+01  
83        1.50521199211e+05   0.000000e+00   -6.383552e-01  2.779696e+01  
84        1.50521194969e+05   0.000000e+00   -6.384045e-01  2.779699e+01  
85        1.50521190464e+05   0.000000e+00   -6.384499e-01  2.779702e+01  
86        1.50521185697e+05   0.000000e+00   -6.384911e-01  2.779704e+01  
87        1.50521180671e+05   0.000000e+00   -6.385279e-01  2.779707e+01  
88        1.50521175389e+05   0.000000e+00   -6.385601e-01  2.779710e+01  
89        1.50521169855e+05   0.000000e+00   -6.385880e-01  2.779712e+01  
90        1.50521164073e+05   0.000000e+00   -6.386120e-01  2.779715e+01  
91        1.50521158047e+05   0.000000e+00   -6.386328e-01  2.779718e+01  
92        1.50521151781e+05   0.000000e+00   -6.386510e-01  2.779720e+01  
93        1.50521145284e+05   0.000000e+00   -6.386671e-01  2.779723e+01  
94        1.50521138558e+05   0.000000e+00   -6.386810e-01  2.779725e+01  
95        1.50521131613e+05   0.000000e+00   -6.386926e-01  2.779727e+01  
96        1.50521124455e+05   0.000000e+00   -6.387014e-01  2.779729e+01  
97        1.50521117092e+05   0.000000e+00   -6.387070e-01  2.779731e+01  
98        1.50521109532e+05   0.000000e+00   -6.387089e-01  2.779734e+01  
99        1.50521101783e+05   0.000000e+00   -6.387070e-01  2.779736e+01  
100       1.50521093855e+05   0.000000e+00   -6.387013e-01  2.779737e+01  
101       1.50521085756e+05   0.000000e+00   -6.386920e-01  2.779739e+01  
102       1.50521077497e+05   0.000000e+00   -6.386796e-01  2.779741e+01  
103       1.50521069084e+05   0.000000e+00   -6.386646e-01  2.779743e+01  
104       1.50521060521e+05   0.000000e+00   -6.386472e-01  2.779744e+01  
105       1.50521051824e+05   0.000000e+00   -6.386276e-01  2.779746e+01  
106       1.50521043010e+05   0.000000e+00   -6.386056e-01  2.779747e+01  
107       1.50521034094e+05   0.000000e+00   -6.385810e-01  2.779749e+01  
108       1.50521025074e+05   0.000000e+00   -6.385536e-01  2.779750e+01  
109       1.50521015951e+05   0.000000e+00   -6.385231e-01  2.779751e+01  
110       1.50521006741e+05   0.000000e+00   -6.384895e-01  2.779752e+01  
111       1.50520997474e+05   0.000000e+00   -6.384532e-01  2.779753e+01  
112       1.50520988168e+05   0.000000e+00   -6.384142e-01  2.779754e+01  
113       1.50520978832e+05   0.000000e+00   -6.383730e-01  2.779755e+01  
114       1.50520969467e+05   0.000000e+00   -6.383300e-01  2.779756e+01  
115       1.50520960083e+05   0.000000e+00   -6.382857e-01  2.779757e+01  
116       1.50520950688e+05   0.000000e+00   -6.382408e-01  2.779758e+01  
117       1.50520941298e+05   0.000000e+00   -6.381961e-01  2.779759e+01  
118       1.50520931930e+05   0.000000e+00   -6.381522e-01  2.779759e+01  
119       1.50520922607e+05   0.000000e+00   -6.381099e-01  2.779760e+01  
120       1.50520913342e+05   0.000000e+00   -6.380696e-01  2.779760e+01  
121       1.50520904144e+05   0.000000e+00   -6.380312e-01  2.779761e+01  
122       1.50520895006e+05   0.000000e+00   -6.379942e-01  2.779761e+01  
123       1.50520885927e+05   0.000000e+00   -6.379575e-01  2.779761e+01  
124       1.50520876920e+05   0.000000e+00   -6.379198e-01  2.779762e+01  
125       1.50520868010e+05   0.000000e+00   -6.378798e-01  2.779762e+01  
126       1.50520859221e+05   0.000000e+00   -6.378361e-01  2.779762e+01  
127       1.50520850576e+05   0.000000e+00   -6.377880e-01  2.779762e+01  
128       1.50520842087e+05   0.000000e+00   -6.377348e-01  2.779762e+01  
129       1.50520833759e+05   0.000000e+00   -6.376766e-01  2.779763e+01  
130       1.50520825590e+05   0.000000e+00   -6.376135e-01  2.779763e+01  
131       1.50520817581e+05   0.000000e+00   -6.375460e-01  2.779763e+01  
132       1.50520809740e+05   0.000000e+00   -6.374744e-01  2.779763e+01  
133       1.50520802083e+05   0.000000e+00   -6.373995e-01  2.779763e+01  
134       1.50520794632e+05   0.000000e+00   -6.373218e-01  2.779763e+01  
135       1.50520787411e+05   0.000000e+00   -6.372421e-01  2.779763e+01  
136       1.50520780441e+05   0.000000e+00   -6.371615e-01  2.779763e+01  
137       1.50520773739e+05   0.000000e+00   -6.370812e-01  2.779763e+01  
138       1.50520767309e+05   0.000000e+00   -6.370029e-01  2.779763e+01  
139       1.50520761154e+05   0.000000e+00   -6.369285e-01  2.779763e+01  
140       1.50520755271e+05   0.000000e+00   -6.368598e-01  2.779763e+01  
141       1.50520749656e+05   0.000000e+00   -6.367984e-01  2.779762e+01  
142       1.50520744306e+05   0.000000e+00   -6.367458e-01  2.779762e+01  
143       1.50520739225e+05   0.000000e+00   -6.367027e-01  2.779763e+01  
144       1.50520734420e+05   0.000000e+00   -6.366694e-01  2.779763e+01  
145       1.50520729900e+05   0.000000e+00   -6.366454e-01  2.779763e+01  
146       1.50520725673e+05   0.000000e+00   -6.366296e-01  2.779763e+01  
147       1.50520721752e+05   0.000000e+00   -6.366205e-01  2.779763e+01  
148       1.50520718142e+05   0.000000e+00   -6.366161e-01  2.779763e+01  
149       1.50520714847e+05   0.000000e+00   -6.366146e-01  2.779763e+01  
150       1.50520711868e+05   0.000000e+00   -6.366138e-01  2.779763e+01  
151       1.50520709205e+05   0.000000e+00   -6.366119e-01  2.779764e+01  
152       1.50520706856e+05   0.000000e+00   -6.366073e-01  2.779764e+01  
153       1.50520704822e+05   0.000000e+00   -6.365986e-01  2.779764e+01  
154       1.50520703101e+05   0.000000e+00   -6.365848e-01  2.779764e+01  
155       1.50520701698e+05   0.000000e+00   -6.365653e-01  2.779765e+01  
156       1.50520700618e+05   0.000000e+00   -6.365398e-01  2.779765e+01  
157       1.50520699869e+05   0.000000e+00   -6.365084e-01  2.779766e+01  
158       1.50520699456e+05   0.000000e+00   -6.364713e-01  2.779766e+01  
159       1.50520699388e+05   0.000000e+00   -6.364291e-01  2.779767e+01  
160       1.50520699669e+05   0.000000e+00   -6.363826e-01  2.779768e+01  
161       1.50520700304e+05   0.000000e+00   -6.363325e-01  2.779768e+01  
162       1.50520701294e+05   0.000000e+00   -6.362799e-01  2.779769e+01  
163       1.50520702637e+05   0.000000e+00   -6.362257e-01  2.779770e+01  
164       1.50520704330e+05   0.000000e+00   -6.361711e-01  2.779771e+01  
165       1.50520706367e+05   0.000000e+00   -6.361174e-01  2.779772e+01  
166       1.50520708742e+05   0.000000e+00   -6.360658e-01  2.779773e+01  
167       1.50520711447e+05   0.000000e+00   -6.360175e-01  2.779774e+01  
168       1.50520714479e+05   0.000000e+00   -6.359740e-01  2.779775e+01  
169       1.50520717830e+05   0.000000e+00   -6.359365e-01  2.779776e+01  
170       1.50520721496e+05   0.000000e+00   -6.359059e-01  2.779778e+01  
171       1.50520725472e+05   0.000000e+00   -6.358833e-01  2.779779e+01  
172       1.50520729753e+05   0.000000e+00   -6.358692e-01  2.779780e+01  
173       1.50520734330e+05   0.000000e+00   -6.358641e-01  2.779782e+01  
174       1.50520739197e+05   0.000000e+00   -6.358684e-01  2.779784e+01  
175       1.50520744344e+05   0.000000e+00   -6.358824e-01  2.779785e+01  
176       1.50520749758e+05   0.000000e+00   -6.359067e-01  2.779787e+01  
177       1.50520755427e+05   0.000000e+00   -6.359414e-01  2.779789e+01  
178       1.50520761327e+05   0.000000e+00   -6.359864e-01  2.779791e+01  
179       1.50520767439e+05   0.000000e+00   -6.360408e-01  2.779793e+01  
180       1.50520773751e+05   0.000000e+00   -6.361031e-01  2.779795e+01  
181       1.50520780255e+05   0.000000e+00   -6.361712e-01  2.779797e+01  
182       1.50520786928e+05   0.000000e+00   -6.362425e-01  2.779799e+01  
183       1.50520793734e+05   0.000000e+00   -6.363146e-01  2.779801e+01  
184       1.50520800638e+05   0.000000e+00   -6.363854e-01  2.779804e+01  
185       1.50520807637e+05   0.000000e+00   -6.364532e-01  2.779806e+01  
186       1.50520814735e+05   0.000000e+00   -6.365170e-01  2.779808e+01  
187       1.50520821922e+05   0.000000e+00   -6.365759e-01  2.779811e+01  
188       1.50520829172e+05   0.000000e+00   -6.366291e-01  2.779813e+01  
189       1.50520836457e+05   0.000000e+00   -6.366756e-01  2.779816e+01  
190       1.50520843750e+05   0.000000e+00   -6.367145e-01  2.779818e+01  
191       1.50520851047e+05   0.000000e+00   -6.367452e-01  2.779821e+01  
192       1.50520858356e+05   0.000000e+00   -6.367673e-01  2.779824e+01  
193       1.50520865691e+05   0.000000e+00   -6.367811e-01  2.779826e+01  
194       1.50520873041e+05   0.000000e+00   -6.367877e-01  2.779829e+01  
195       1.50520880374e+05   0.000000e+00   -6.367892e-01  2.779832e+01  
196       1.50520887667e+05   0.000000e+00   -6.367882e-01  2.779835e+01  
197       1.50520894927e+05   0.000000e+00   -6.367875e-01  2.779838e+01  
198       1.50520902156e+05   0.000000e+00   -6.367897e-01  2.779841e+01  
199       1.50520909344e+05   0.000000e+00   -6.367970e-01  2.779844e+01  
200       1.50520916463e+05   0.000000e+00   -6.368108e-01  2.779847e+01  
201       1.50520923493e+05   0.000000e+00   -6.368323e-01  2.779850e+01  
202       1.50520930418e+05   0.000000e+00   -6.368621e-01  2.779853e+01  
203       1.50520937228e+05   0.000000e+00   -6.369006e-01  2.779856e+01  
204       1.50520943910e+05   0.000000e+00   -6.369479e-01  2.779859e+01  
205       1.50520950446e+05   0.000000e+00   -6.370040e-01  2.779862e+01  
206       1.50520956806e+05   0.000000e+00   -6.370684e-01  2.779865e+01  
207       1.50520962966e+05   0.000000e+00   -6.371403e-01  2.779868e+01  
208       1.50520968905e+05   0.000000e+00   -6.372185e-01  2.779871e+01  
209       1.50520974621e+05   0.000000e+00   -6.373012e-01  2.779874e+01  
210       1.50520980105e+05   0.000000e+00   -6.373862e-01  2.779877e+01  
211       1.50520985351e+05   0.000000e+00   -6.374710e-01  2.779880e+01  
212       1.50520990338e+05   0.000000e+00   -6.375532e-01  2.779883e+01  
213       1.50520995033e+05   0.000000e+00   -6.376304e-01  2.779886e+01  
214       1.50520999389e+05   0.000000e+00   -6.377010e-01  2.779889e+01  
215       1.50521003371e+05   0.000000e+00   -6.377639e-01  2.779892e+01  
216       1.50521006948e+05   0.000000e+00   -6.378186e-01  2.779895e+01  
217       1.50521010111e+05   0.000000e+00   -6.378650e-01  2.779898e+01  
218       1.50521012859e+05   0.000000e+00   -6.379031e-01  2.779901e+01  
219       1.50521015204e+05   0.000000e+00   -6.379331e-01  2.779904e+01  
220       1.50521017141e+05   0.000000e+00   -6.379549e-01  2.779907e+01  
221       1.50521018663e+05   0.000000e+00   -6.379687e-01  2.779910e+01  
222       1.50521019744e+05   0.000000e+00   -6.379745e-01  2.779913e+01  
223       1.50521020347e+05   0.000000e+00   -6.379727e-01  2.779916e+01  
224       1.50521020432e+05   0.000000e+00   -6.379640e-01  2.779918e+01  
225       1.50521019965e+05   0.000000e+00   -6.379492e-01  2.779921e+01  
226       1.50521018915e+05   0.000000e+00   -6.379295e-01  2.779924e+01  
227       1.50521017268e+05   0.000000e+00   -6.379064e-01  2.779926e+01  
228       1.50521015010e+05   0.000000e+00   -6.378812e-01  2.779929e+01  
229       1.50521012133e+05   0.000000e+00   -6.378553e-01  2.779931e+01  
230       1.50521008623e+05   0.000000e+00   -6.378299e-01  2.779934e+01  
231       1.50521004464e+05   0.000000e+00   -6.378059e-01  2.779936e+01  
232       1.50520999628e+05   0.000000e+00   -6.377842e-01  2.779939e+01  
233       1.50520994091e+05   0.000000e+00   -6.377651e-01  2.779941e+01  
234       1.50520987827e+05   0.000000e+00   -6.377488e-01  2.779943e+01  
235       1.50520980816e+05   0.000000e+00   -6.377348e-01  2.779946e+01  
236       1.50520973047e+05   0.000000e+00   -6.377222e-01  2.779948e+01  
237       1.50520964514e+05   0.000000e+00   -6.377100e-01  2.779950e+01  
238       1.50520955219e+05   0.000000e+00   -6.376971e-01  2.779952e+01  
239       1.50520945167e+05   0.000000e+00   -6.376828e-01  2.779954e+01  
240       1.50520934363e+05   0.000000e+00   -6.376667e-01  2.779956e+01  
241       1.50520922810e+05   0.000000e+00   -6.376491e-01  2.779958e+01  
242       1.50520910506e+05   0.000000e+00   -6.376304e-01  2.779960e+01  
243       1.50520897448e+05   0.000000e+00   -6.376113e-01  2.779962e+01  
244       1.50520883631e+05   0.000000e+00   -6.375925e-01  2.779964e+01  
245       1.50520869051e+05   0.000000e+00   -6.375744e-01  2.779965e+01  
246       1.50520853705e+05   0.000000e+00   -6.375572e-01  2.779967e+01  
247       1.50520837599e+05   0.000000e+00   -6.375406e-01  2.779969e+01  
248       1.50520820741e+05   0.000000e+00   -6.375241e-01  2.779970e+01  
249       1.50520803147e+05   0.000000e+00   -6.375071e-01  2.779972e+01  
250       1.50520784835e+05   0.000000e+00   -6.374891e-01  2.779974e+01  
251       1.50520765824e+05   0.000000e+00   -6.374699e-01  2.779975e+01  
252       1.50520746141e+05   0.000000e+00   -6.374495e-01  2.779977e+01  
253       1.50520725822e+05   0.000000e+00   -6.374280e-01  2.779978e+01  
254       1.50520704896e+05   0.000000e+00   -6.374059e-01  2.779979e+01  
255       1.50520683387e+05   0.000000e+00   -6.373834e-01  2.779981e+01  
256       1.50520661309e+05   0.000000e+00   -6.373605e-01  2.779982e+01  
257       1.50520638694e+05   0.000000e+00   -6.373372e-01  2.779984e+01  
258       1.50520615589e+05   0.000000e+00   -6.373134e-01  2.779985e+01  
259       1.50520592034e+05   0.000000e+00   -6.372892e-01  2.779986e+01  
260       1.50520568039e+05   0.000000e+00   -6.372653e-01  2.779987e+01  
261       1.50520543614e+05   0.000000e+00   -6.372428e-01  2.779989e+01  
262       1.50520518790e+05   0.000000e+00   -6.372234e-01  2.779990e+01  
263       1.50520493616e+05   0.000000e+00   -6.372092e-01  2.779991e+01  
264       1.50520468134e+05   0.000000e+00   -6.372018e-01  2.779992e+01  
265       1.50520442368e+05   0.000000e+00   -6.372028e-01  2.779993e+01  
266       1.50520416336e+05   0.000000e+00   -6.372129e-01  2.779994e+01  
267       1.50520390049e+05   0.000000e+00   -6.372325e-01  2.779996e+01  
268       1.50520363515e+05   0.000000e+00   -6.372611e-01  2.779997e+01  
269       1.50520336761e+05   0.000000e+00   -6.372977e-01  2.779998e+01  
270       1.50520309834e+05   0.000000e+00   -6.373405e-01  2.779999e+01  
271       1.50520282771e+05   0.000000e+00   -6.373875e-01  2.780000e+01  
272       1.50520255581e+05   0.000000e+00   -6.374364e-01  2.780001e+01  
273       1.50520228266e+05   0.000000e+00   -6.374848e-01  2.780002e+01  
274       1.50520200839e+05   0.000000e+00   -6.375304e-01  2.780003e+01  
275       1.50520173327e+05   0.000000e+00   -6.375713e-01  2.780004e+01  
276       1.50520145755e+05   0.000000e+00   -6.376057e-01  2.780005e+01  
277       1.50520118149e+05   0.000000e+00   -6.376324e-01  2.780006e+01  
278       1.50520090525e+05   0.000000e+00   -6.376506e-01  2.780007e+01  
279       1.50520062905e+05   0.000000e+00   -6.376598e-01  2.780008e+01  
280       1.50520035303e+05   0.000000e+00   -6.376602e-01  2.780009e+01  
281       1.50520007746e+05   0.000000e+00   -6.376519e-01  2.780010e+01  
282       1.50519980251e+05   0.000000e+00   -6.376354e-01  2.780011e+01  
283       1.50519952835e+05   0.000000e+00   -6.376116e-01  2.780012e+01  
284       1.50519925510e+05   0.000000e+00   -6.375811e-01  2.780013e+01  
285       1.50519898292e+05   0.000000e+00   -6.375450e-01  2.780014e+01  
286       1.50519871196e+05   0.000000e+00   -6.375041e-01  2.780015e+01  
287       1.50519844240e+05   0.000000e+00   -6.374595e-01  2.780016e+01  
288       1.50519817436e+05   0.000000e+00   -6.374122e-01  2.780017e+01  
289       1.50519790795e+05   0.000000e+00   -6.373635e-01  2.780018e+01  
290       1.50519764320e+05   0.000000e+00   -6.373140e-01  2.780020e+01  
291       1.50519738020e+05   0.000000e+00   -6.372646e-01  2.780021e+01  
292       1.50519711901e+05   0.000000e+00   -6.372152e-01  2.780022e+01  
293       1.50519685980e+05   0.000000e+00   -6.371659e-01  2.780023e+01  
294       1.50519660279e+05   0.000000e+00   -6.371163e-01  2.780024e+01  
295       1.50519634823e+05   0.000000e+00   -6.370660e-01  2.780025e+01  
296       1.50519609631e+05   0.000000e+00   -6.370147e-01  2.780026e+01  
297       1.50519584718e+05   0.000000e+00   -6.369624e-01  2.780027e+01  
298       1.50519560097e+05   0.000000e+00   -6.369095e-01  2.780029e+01  
299       1.50519535785e+05   0.000000e+00   -6.368564e-01  2.780030e+01  
300       1.50519511796e+05   0.000000e+00   -6.368037e-01  2.780031e+01  
301       1.50519488163e+05   0.000000e+00   -6.367521e-01  2.780033e+01  
302       1.50519464915e+05   0.000000e+00   -6.367020e-01  2.780034e+01  
303       1.50519442085e+05   0.000000e+00   -6.366535e-01  2.780035e+01  
304       1.50519419699e+05   0.000000e+00   -6.366068e-01  2.780037e+01  
305       1.50519397782e+05   0.000000e+00   -6.365619e-01  2.780039e+01  
306       1.50519376345e+05   0.000000e+00   -6.365191e-01  2.780040e+01  
307       1.50519355408e+05   0.000000e+00   -6.364790e-01  2.780042e+01  
308       1.50519334984e+05   0.000000e+00   -6.364423e-01  2.780044e+01  
309       1.50519315104e+05   0.000000e+00   -6.364099e-01  2.780045e+01  
310       1.50519295803e+05   0.000000e+00   -6.363821e-01  2.780047e+01  
311       1.50519277128e+05   0.000000e+00   -6.363593e-01  2.780049e+01  
312       1.50519259126e+05   0.000000e+00   -6.363413e-01  2.780051e+01  
313       1.50519241847e+05   0.000000e+00   -6.363277e-01  2.780053e+01  
314       1.50519225335e+05   0.000000e+00   -6.363176e-01  2.780055e+01  
315       1.50519209627e+05   0.000000e+00   -6.363101e-01  2.780058e+01  
316       1.50519194754e+05   0.000000e+00   -6.363046e-01  2.780060e+01  
317       1.50519180748e+05   0.000000e+00   -6.363007e-01  2.780062e+01  
318       1.50519167639e+05   0.000000e+00   -6.362987e-01  2.780065e+01  
319       1.50519155466e+05   0.000000e+00   -6.362993e-01  2.780067e+01  
320       1.50519144266e+05   0.000000e+00   -6.363033e-01  2.780070e+01  
321       1.50519134088e+05   0.000000e+00   -6.363118e-01  2.780073e+01  
322       1.50519124976e+05   0.000000e+00   -6.363255e-01  2.780075e+01  
323       1.50519116976e+05   0.000000e+00   -6.363454e-01  2.780078e+01  
324       1.50519110128e+05   0.000000e+00   -6.363721e-01  2.780081e+01  
325       1.50519104464e+05   0.000000e+00   -6.364058e-01  2.780084e+01  
326       1.50519100005e+05   0.000000e+00   -6.364466e-01  2.780087e+01  
327       1.50519096778e+05   0.000000e+00   -6.364940e-01  2.780091e+01  
328       1.50519094803e+05   0.000000e+00   -6.365475e-01  2.780094e+01  
329       1.50519094103e+05   0.000000e+00   -6.366062e-01  2.780097e+01  
330       1.50519094690e+05   0.000000e+00   -6.366692e-01  2.780101e+01  
331       1.50519096583e+05   0.000000e+00   -6.367355e-01  2.780104e+01  
332       1.50519099812e+05   0.000000e+00   -6.368038e-01  2.780108e+01  
333       1.50519104420e+05   0.000000e+00   -6.368728e-01  2.780112e+01  
334       1.50519110439e+05   0.000000e+00   -6.369411e-01  2.780115e+01  
335       1.50519117882e+05   0.000000e+00   -6.370076e-01  2.780119e+01  
336       1.50519126760e+05   0.000000e+00   -6.370710e-01  2.780123e+01  
337       1.50519137094e+05   0.000000e+00   -6.371309e-01  2.780127e+01  
338       1.50519148910e+05   0.000000e+00   -6.371869e-01  2.780131e+01  
339       1.50519162225e+05   0.000000e+00   -6.372390e-01  2.780135e+01  
340       1.50519177043e+05   0.000000e+00   -6.372872e-01  2.780139e+01  
341       1.50519193365e+05   0.000000e+00   -6.373317e-01  2.780144e+01  
342       1.50519211182e+05   0.000000e+00   -6.373724e-01  2.780148e+01  
343       1.50519230490e+05   0.000000e+00   -6.374091e-01  2.780152e+01  
344       1.50519251290e+05   0.000000e+00   -6.374416e-01  2.780157e+01  
345       1.50519273598e+05   0.000000e+00   -6.374695e-01  2.780161e+01  
346       1.50519297421e+05   0.000000e+00   -6.374929e-01  2.780166e+01  
347       1.50519322747e+05   0.000000e+00   -6.375115e-01  2.780170e+01  
348       1.50519349559e+05   0.000000e+00   -6.375255e-01  2.780175e+01  
349       1.50519377839e+05   0.000000e+00   -6.375353e-01  2.780179e+01  
350       1.50519407569e+05   0.000000e+00   -6.375412e-01  2.780184e+01  
351       1.50519438733e+05   0.000000e+00   -6.375437e-01  2.780189e+01  
352       1.50519471300e+05   0.000000e+00   -6.375431e-01  2.780194e+01  
353       1.50519505240e+05   0.000000e+00   -6.375400e-01  2.780198e+01  
354       1.50519540517e+05   0.000000e+00   -6.375351e-01  2.780203e+01  
355       1.50519577090e+05   0.000000e+00   -6.375293e-01  2.780208e+01  
356       1.50519614914e+05   0.000000e+00   -6.375242e-01  2.780213e+01  
357       1.50519653931e+05   0.000000e+00   -6.375215e-01  2.780218e+01  
358       1.50519694073e+05   0.000000e+00   -6.375231e-01  2.780223e+01  
359       1.50519735274e+05   0.000000e+00   -6.375306e-01  2.780228e+01  
360       1.50519777459e+05   0.000000e+00   -6.375452e-01  2.780233e+01  
361       1.50519820560e+05   0.000000e+00   -6.375676e-01  2.780238e+01  
362       1.50519864506e+05   0.000000e+00   -6.375979e-01  2.780243e+01  
363       1.50519909221e+05   0.000000e+00   -6.376361e-01  2.780248e+01  
364       1.50519954624e+05   0.000000e+00   -6.376817e-01  2.780253e+01  
365       1.50520000629e+05   0.000000e+00   -6.377347e-01  2.780258e+01  
366       1.50520047147e+05   0.000000e+00   -6.377950e-01  2.780263e+01  
367       1.50520094096e+05   0.000000e+00   -6.378622e-01  2.780268e+01  
368       1.50520141390e+05   0.000000e+00   -6.379359e-01  2.780272e+01  
369       1.50520188942e+05   0.000000e+00   -6.380145e-01  2.780277e+01  
370       1.50520236663e+05   0.000000e+00   -6.380961e-01  2.780282e+01  
371       1.50520284456e+05   0.000000e+00   -6.381779e-01  2.780287e+01  
372       1.50520332221e+05   0.000000e+00   -6.382569e-01  2.780292e+01  
373       1.50520379855e+05   0.000000e+00   -6.383302e-01  2.780297e+01  
374       1.50520427261e+05   0.000000e+00   -6.383950e-01  2.780301e+01  
375       1.50520474345e+05   0.000000e+00   -6.384496e-01  2.780306e+01  
376       1.50520521019e+05   0.000000e+00   -6.384926e-01  2.780310e+01  
377       1.50520567196e+05   0.000000e+00   -6.385234e-01  2.780315e+01  
378       1.50520612791e+05   0.000000e+00   -6.385417e-01  2.780319e+01  
379       1.50520657715e+05   0.000000e+00   -6.385472e-01  2.780324e+01  
380       1.50520701878e+05   0.000000e+00   -6.385393e-01  2.780328e+01  
381       1.50520745192e+05   0.000000e+00   -6.385175e-01  2.780332e+01  
382       1.50520787574e+05   0.000000e+00   -6.384815e-01  2.780336e+01  
383       1.50520828945e+05   0.000000e+00   -6.384311e-01  2.780340e+01  
384       1.50520869237e+05   0.000000e+00   -6.383671e-01  2.780344e+01  
385       1.50520908384e+05   0.000000e+00   -6.382907e-01  2.780348e+01  
386       1.50520946326e+05   0.000000e+00   -6.382037e-01  2.780352e+01  
387       1.50520983004e+05   0.000000e+00   -6.381086e-01  2.780356e+01  
388       1.50521018359e+05   0.000000e+00   -6.380080e-01  2.780359e+01  
389       1.50521052334e+05   0.000000e+00   -6.379047e-01  2.780363e+01  
390       1.50521084871e+05   0.000000e+00   -6.378010e-01  2.780367e+01  
391       1.50521115916e+05   0.000000e+00   -6.376987e-01  2.780370e+01  
392       1.50521145417e+05   0.000000e+00   -6.375994e-01  2.780373e+01  
393       1.50521173326e+05   0.000000e+00   -6.375038e-01  2.780377e+01  
394       1.50521199597e+05   0.000000e+00   -6.374124e-01  2.780380e+01  
395       1.50521224187e+05   0.000000e+00   -6.373251e-01  2.780383e+01  
396       1.50521247055e+05   0.000000e+00   -6.372416e-01  2.780386e+01  
397       1.50521268161e+05   0.000000e+00   -6.371613e-01  2.780389e+01  
398       1.50521287471e+05   0.000000e+00   -6.370835e-01  2.780392e+01  
399       1.50521304959e+05   0.000000e+00   -6.370074e-01  2.780395e+01  
400       1.50521320608e+05   0.000000e+00   -6.369326e-01  2.780398e+01  
401       1.50521334410e+05   0.000000e+00   -6.368589e-01  2.780401e+01  
402       1.50521346362e+05   0.000000e+00   -6.367863e-01  2.780404e+01  
403       1.50521356475e+05   0.000000e+00   -6.367150e-01  2.780406e+01  
404       1.50521364765e+05   0.000000e+00   -6.366454e-01  2.780409e+01  
405       1.50521371257e+05   0.000000e+00   -6.365776e-01  2.780412e+01  
406       1.50521375970e+05   0.000000e+00   -6.365118e-01  2.780414e+01  
407       1.50521378922e+05   0.000000e+00   -6.364481e-01  2.780417e+01  
408       1.50521380137e+05   0.000000e+00   -6.363867e-01  2.780419e+01  
409       1.50521379652e+05   0.000000e+00   -6.363281e-01  2.780422e+01  
410       1.50521377520e+05   0.000000e+00   -6.362729e-01  2.780424e+01  
411       1.50521373787e+05   0.000000e+00   -6.362221e-01  2.780427e+01  
412       1.50521368511e+05   0.000000e+00   -6.361768e-01  2.780429e+01  
413       1.50521361759e+05   0.000000e+00   -6.361380e-01  2.780431e+01  
414       1.50521353620e+05   0.000000e+00   -6.361069e-01  2.780434e+01  
415       1.50521344191e+05   0.000000e+00   -6.360842e-01  2.780436e+01  
416       1.50521333582e+05   0.000000e+00   -6.360700e-01  2.780438e+01  
417       1.50521321911e+05   0.000000e+00   -6.360640e-01  2.780441e+01  
418       1.50521309303e+05   0.000000e+00   -6.360651e-01  2.780443e+01  
419       1.50521295883e+05   0.000000e+00   -6.360712e-01  2.780445e+01  
420       1.50521281780e+05   0.000000e+00   -6.360800e-01  2.780448e+01  
421       1.50521267140e+05   0.000000e+00   -6.360886e-01  2.780450e+01  
422       1.50521252133e+05   0.000000e+00   -6.360941e-01  2.780452e+01  
423       1.50521236959e+05   0.000000e+00   -6.360938e-01  2.780454e+01  
424       1.50521221823e+05   0.000000e+00   -6.360857e-01  2.780457e+01  
425       1.50521206939e+05   0.000000e+00   -6.360686e-01  2.780459e+01  
426       1.50521192535e+05   0.000000e+00   -6.360427e-01  2.780461e+01  
427       1.50521178877e+05   0.000000e+00   -6.360091e-01  2.780463e+01  
428       1.50521166247e+05   0.000000e+00   -6.359698e-01  2.780465e+01  
429       1.50521154953e+05   0.000000e+00   -6.359273e-01  2.780468e+01  
430       1.50521145301e+05   0.000000e+00   -6.358842e-01  2.780470e+01  
431       1.50521137593e+05   0.000000e+00   -6.358429e-01  2.780472e+01  
432       1.50521132112e+05   0.000000e+00   -6.358055e-01  2.780474e+01  
433       1.50521129122e+05   0.000000e+00   -6.357738e-01  2.780477e+01  
434       1.50521128876e+05   0.000000e+00   -6.357496e-01  2.780479e+01  
435       1.50521131633e+05   0.000000e+00   -6.357348e-01  2.780481e+01  
436       1.50521137661e+05   0.000000e+00   -6.357312e-01  2.780483e+01  
437       1.50521147255e+05   0.000000e+00   -6.357410e-01  2.780485e+01  
438       1.50521160746e+05   0.000000e+00   -6.357660e-01  2.780488e+01  
439       1.50521178504e+05   0.000000e+00   -6.358076e-01  2.780490e+01  
440       1.50521200942e+05   0.000000e+00   -6.358668e-01  2.780492e+01  
441       1.50521228498e+05   0.000000e+00   -6.359432e-01  2.780494e+01  
442       1.50521261628e+05   0.000000e+00   -6.360355e-01  2.780496e+01  
443       1.50521300790e+05   0.000000e+00   -6.361410e-01  2.780498e+01  
444       1.50521346434e+05   0.000000e+00   -6.362554e-01  2.780500e+01  
445       1.50521398990e+05   0.000000e+00   -6.363739e-01  2.780502e+01  
446       1.50521458875e+05   0.000000e+00   -6.364906e-01  2.780504e+01  
447       1.50521526508e+05   0.000000e+00   -6.365995e-01  2.780506e+01  
448       1.50521602314e+05   0.000000e+00   -6.366947e-01  2.780508e+01  
449       1.50521686743e+05   0.000000e+00   -6.367703e-01  2.780509e+01  
450       1.50521780264e+05   0.000000e+00   -6.368208e-01  2.780511e+01  
451       1.50521883357e+05   0.000000e+00   -6.368407e-01  2.780512e+01  
452       1.50521996484e+05   0.000000e+00   -6.368248e-01  2.780513e+01  
453       1.50522120063e+05   0.000000e+00   -6.367678e-01  2.780514e+01  
454       1.50522254422e+05   0.000000e+00   -6.366642e-01  2.780515e+01  
455       1.50522399779e+05   0.000000e+00   -6.365082e-01  2.780515e+01  
456       1.50522556185e+05   0.000000e+00   -6.362941e-01  2.780515e+01  
457       1.50522723502e+05   0.000000e+00   -6.360160e-01  2.780516e+01  
458       1.50522901313e+05   0.000000e+00   -6.356679e-01  2.780515e+01  
459       1.50523088877e+05   0.000000e+00   -6.352441e-01  2.780515e+01  
460       1.50523285015e+05   0.000000e+00   -6.347385e-01  2.780514e+01  
461       1.50523488034e+05   0.000000e+00   -6.341447e-01  2.780513e+01  
462       1.50523695617e+05   0.000000e+00   -6.334559e-01  2.780512e+01  
463       1.50523904763e+05   0.000000e+00   -6.326647e-01  2.780511e+01  
464       1.50524111715e+05   0.000000e+00   -6.317632e-01  2.780509e+01  
465       1.50524311935e+05   0.000000e+00   -6.307429e-01  2.780508e+01  
466       1.50524500081e+05   0.000000e+00   -6.295953e-01  2.780506e+01  
467       1.50524670027e+05   0.000000e+00   -6.283119e-01  2.780504e+01  
468       1.50524814868e+05   0.000000e+00   -6.268844e-01  2.780502e+01  
469       1.50524926937e+05   0.000000e+00   -6.253048e-01  2.780500e+01  
470       1.50524997810e+05   0.000000e+00   -6.235652e-01  2.780498e+01  
471       1.50525018355e+05   0.000000e+00   -6.216573e-01  2.780497e+01  
472       1.50524978839e+05   0.000000e+00   -6.195728e-01  2.780496e+01  
473       1.50524869158e+05   0.000000e+00   -6.173036e-01  2.780495e+01  
474       1.50524679164e+05   0.000000e+00   -6.148424e-01  2.780494e+01  
475       1.50524399104e+05   0.000000e+00   -6.121831e-01  2.780494e+01  
476       1.50524020094e+05   0.000000e+00   -6.093205e-01  2.780495e+01  
477       1.50523534629e+05   0.000000e+00   -6.062513e-01  2.780497e+01  
478       1.50522937070e+05   0.000000e+00   -6.029736e-01  2.780500e+01  
479       1.50522224067e+05   0.000000e+00   -5.994872e-01  2.780503e+01  
480       1.50521394908e+05   0.000000e+00   -5.957936e-01  2.780507e+01  
481       1.50520451757e+05   0.000000e+00   -5.918956e-01  2.780513e+01  
482       1.50519399710e+05   0.000000e+00   -5.877979e-01  2.780519e+01  
483       1.50518246643e+05   0.000000e+00   -5.835062e-01  2.780526e+01  
484       1.50517002800e+05   0.000000e+00   -5.790280e-01  2.780535e+01  
485       1.50515680264e+05   0.000000e+00   -5.743722e-01  2.780544e+01  
486       1.50514292379e+05   0.000000e+00   -5.695485e-01  2.780553e+01  
487       1.50512853248e+05   0.000000e+00   -5.645678e-01  2.780564e+01  
488       1.50511377280e+05   0.000000e+00   -5.594415e-01  2.780575e+01  
489       1.50509878873e+05   0.000000e+00   -5.541822e-01  2.780587e+01  
490       1.50508372159e+05   0.000000e+00   -5.488035e-01  2.780599e+01  
491       1.50506870739e+05   0.000000e+00   -5.433204e-01  2.780612e+01  
492       1.50505387358e+05   0.000000e+00   -5.377488e-01  2.780625e+01  
493       1.50503933518e+05   0.000000e+00   -5.321056e-01  2.780639e+01  
494       1.50502519021e+05   0.000000e+00   -5.264087e-01  2.780653e+01  
495       1.50501151638e+05   0.000000e+00   -5.206754e-01  2.780668e+01  
496       1.50499836972e+05   0.000000e+00   -5.149225e-01  2.780683e+01  
497       1.50498578561e+05   0.000000e+00   -5.091642e-01  2.780698e+01  
498       1.50497378035e+05   0.000000e+00   -5.034125e-01  2.780715e+01  
499       1.50496235282e+05   0.000000e+00   -4.976765e-01  2.780732e+01  
500       1.50495148621e+05   0.000000e+00   -4.919637e-01  2.780750e+01  
501       1.50494115131e+05   0.000000e+00   -4.862802e-01  2.780768e+01  
502       1.50493131086e+05   0.000000e+00   -4.806315e-01  2.780788e+01  
503       1.50492192558e+05   0.000000e+00   -4.750225e-01  2.780809e+01  
504       1.50491296043e+05   0.000000e+00   -4.694566e-01  2.780831e+01  
505       1.50490439114e+05   0.000000e+00   -4.639357e-01  2.780854e+01  
506       1.50489621008e+05   0.000000e+00   -4.584596e-01  2.780879e+01  
507       1.50488843156e+05   0.000000e+00   -4.530253e-01  2.780905e+01  
508       1.50488109543e+05   0.000000e+00   -4.476274e-01  2.780933e+01  
509       1.50487427032e+05   0.000000e+00   -4.422580e-01  2.780963e+01  
510       1.50486805606e+05   0.000000e+00   -4.369074e-01  2.780994e+01  
511       1.50486258656e+05   0.000000e+00   -4.315652e-01  2.781027e+01  
512       1.50485803263e+05   0.000000e+00   -4.262211e-01  2.781062e+01  
513       1.50485460419e+05   0.000000e+00   -4.208659e-01  2.781098e+01  
514       1.50485255013e+05   0.000000e+00   -4.154920e-01  2.781135e+01  
515       1.50485215580e+05   0.000000e+00   -4.100938e-01  2.781174e+01  
516       1.50485373751e+05   0.000000e+00   -4.046673e-01  2.781214e+01  
517       1.50485763539e+05   0.000000e+00   -3.992101e-01  2.781255e+01  
518       1.50486420519e+05   0.000000e+00   -3.937206e-01  2.781297e+01  
519       1.50487381035e+05   0.000000e+00   -3.881977e-01  2.781339e+01  
520       1.50488681456e+05   0.000000e+00   -3.826401e-01  2.781381e+01  
521       1.50490357596e+05   0.000000e+00   -3.770465e-01  2.781424e+01  
522       1.50492444142e+05   0.000000e+00   -3.714151e-01  2.781466e+01  
523       1.50494974219e+05   0.000000e+00   -3.657442e-01  2.781508e+01  
524       1.50497979088e+05   0.000000e+00   -3.600319e-01  2.781549e+01  
525       1.50501488159e+05   0.000000e+00   -3.542769e-01  2.781590e+01  
526       1.50505529243e+05   0.000000e+00   -3.484784e-01  2.781629e+01  
527       1.50510128910e+05   0.000000e+00   -3.426363e-01  2.781666e+01  
528       1.50515312645e+05   0.000000e+00   -3.367500e-01  2.781702e+01  
529       1.50521104774e+05   0.000000e+00   -3.308179e-01  2.781737e+01  
530       1.50527527996e+05   0.000000e+00   -3.248356e-01  2.781769e+01  
531       1.50534602516e+05   0.000000e+00   -3.187945e-01  2.781799e+01  
532       1.50542344546e+05   0.000000e+00   -3.126796e-01  2.781826e+01  
533       1.50550763934e+05   0.000000e+00   -3.064670e-01  2.781851e+01  
534       1.50559860349e+05   0.000000e+00   -3.001189e-01  2.781873e+01  
535       1.50569616764e+05   0.000000e+00   -2.935759e-01  2.781892e+01  
536       1.50579986723e+05   0.000000e+00   -2.867410e-01  2.781909e+01  
537       1.50590864656e+05   0.000000e+00   -2.794459e-01  2.781925e+01  
538       1.50602001199e+05   0.000000e+00   -2.713686e-01  2.781942e+01  
539       1.50612699604e+05   0.000000e+00   -2.618045e-01  2.781965e+01  
540       1.50620337410e+05   0.000000e+00   -2.488082e-01  2.782020e+01  
541       1.50608760458e+05   0.000000e+00   -2.218813e-01  2.782255e+01  
542       1.50672666598e+05   0.000000e+00   -1.371588e-01  2.781795e+01  
543       1.50646978123e+05   0.000000e+00   -1.463870e-01  2.782166e+01  
544       1.50638535670e+05   0.000000e+00   -1.455152e-01  2.782379e+01  
545       1.50762352543e+05   0.000000e+00   -1.333309e-01  2.781375e+01  
546       1.50662340603e+05   0.000000e+00   -1.287866e-01  2.782436e+01  
547       1.50799237998e+05   0.000000e+00   -1.117060e-01  2.781316e+01  
548       1.50688655549e+05   0.000000e+00   -9.518840e-02  2.782478e+01  
549       1.50748876816e+05   0.000000e+00   1.833061e-02   2.782068e+01  
550       1.50832727412e+05   0.000000e+00   -9.512676e-03  2.781440e+01  
551       1.50826064970e+05   0.000000e+00   -3.852520e-02  2.781647e+01  
552       1.50859092962e+05   0.000000e+00   -1.657546e-02  2.781491e+01  
553       1.50858279136e+05   0.000000e+00   -9.496410e-04  2.781636e+01  
554       1.50841408597e+05   0.000000e+00   4.340029e-02   2.781901e+01  
555       1.50727868978e+05   0.000000e+00   2.142630e-01   2.782776e+01  
556       1.50572770096e+05   0.000000e+00   5.723234e-01   2.784099e+01  
557       1.50947141337e+05   0.000000e+00   6.644196e-01   2.781402e+01  
558       1.50871779675e+05   0.000000e+00   5.177982e-01   2.782200e+01  
559       1.50762729121e+05   0.000000e+00   4.828038e-01   2.782959e+01  
560       1.50870468700e+05   0.000000e+00   6.417978e-01   2.782474e+01  
561       1.50668033696e+05   0.000000e+00   6.742755e-01   2.783921e+01  
562       1.50839174262e+05   0.000000e+00   6.387483e-01   2.783092e+01  
563       1.50830638267e+05   0.000000e+00   7.629924e-01   2.783175e+01  
564       1.50910304782e+05   0.000000e+00   6.614617e-01   2.782858e+01  
565       1.51009135501e+05   0.000000e+00   5.868497e-01   2.781867e+01  
566       1.50990672996e+05   0.000000e+00   5.868707e-01   2.782448e+01  
567       1.51038614976e+05   0.000000e+00   5.854034e-01   2.781916e+01  
568       1.50993239402e+05   0.000000e+00   5.943860e-01   2.782722e+01  
569       1.51051202975e+05   0.000000e+00   5.985440e-01   2.782112e+01  
570       1.50999700795e+05   0.000000e+00   6.162670e-01   2.782955e+01  
571       1.51060818629e+05   0.000000e+00   6.252887e-01   2.782323e+01  
572       1.51004456071e+05   0.000000e+00   6.453371e-01   2.783207e+01  
573       1.51066250457e+05   0.000000e+00   6.559149e-01   2.782564e+01  
574       1.51012310177e+05   0.000000e+00   6.757929e-01   2.783440e+01  
575       1.51070332082e+05   0.000000e+00   6.855737e-01   2.782820e+01  
576       1.51021713930e+05   0.000000e+00   7.024558e-01   2.783666e+01  
577       1.51077082154e+05   0.000000e+00   7.099345e-01   2.783065e+01  
578       1.51032646134e+05   0.000000e+00   7.222087e-01   2.783889e+01  
579       1.51087772968e+05   0.000000e+00   7.252780e-01   2.783287e+01  
580       1.51042800240e+05   0.000000e+00   7.337953e-01   2.784125e+01  
581       1.51092214908e+05   0.000000e+00   7.353618e-01   2.783564e+01  
582       1.51041052857e+05   0.000000e+00   7.456710e-01   2.784455e+01  
583       1.51092164948e+05   0.000000e+00   7.492591e-01   2.783874e+01  
584       1.51049651227e+05   0.000000e+00   7.593972e-01   2.784707e+01  
585       1.51104084480e+05   0.000000e+00   7.584040e-01   2.784099e+01  
586       1.51034099998e+05   0.000000e+00   7.667502e-01   2.785162e+01  
587       1.51075007474e+05   0.000000e+00   7.662562e-01   2.784667e+01  
588       1.51028226475e+05   0.000000e+00   7.757590e-01   2.785561e+01  
589       1.51101356082e+05   0.000000e+00   7.728888e-01   2.784809e+01  
590       1.51022810718e+05   0.000000e+00   7.835551e-01   2.785954e+01  
591       1.51084471102e+05   0.000000e+00   7.840608e-01   2.785300e+01  
592       1.51044604516e+05   0.000000e+00   7.929517e-01   2.786161e+01  
593       1.51117645208e+05   0.000000e+00   7.837102e-01   2.785430e+01  
594       1.51027649902e+05   0.000000e+00   7.891325e-01   2.786684e+01  
595       1.51104190833e+05   0.000000e+00   7.884666e-01   2.785892e+01  
596       1.51022200334e+05   0.000000e+00   8.093236e-01   2.786998e+01  
597       1.51082702285e+05   0.000000e+00   8.302364e-01   2.786223e+01  
598       1.50920255677e+05   0.000000e+00   9.105302e-01   2.787778e+01  
599       1.50948428183e+05   0.000000e+00   1.285109e+00   2.788048e+01  
600       1.50969358262e+05   0.000000e+00   1.199708e+00   2.787198e+01  
601       1.50712811304e+05   0.000000e+00   1.196455e+00   2.789309e+01  
602       1.51026298652e+05   0.000000e+00   1.213733e+00   2.787362e+01  
603       1.50930253799e+05   0.000000e+00   1.154557e+00   2.787412e+01  
604       1.51043716975e+05   0.000000e+00   1.191289e+00   2.787348e+01  
605       1.50798828764e+05   0.000000e+00   1.156337e+00   2.788249e+01  
606       1.50977437016e+05   0.000000e+00   1.206692e+00   2.787658e+01  
607       1.50675744223e+05   0.000000e+00   1.360184e+00   2.788546e+01  
608       1.51168553570e+05   0.000000e+00   1.351729e+00   2.787032e+01  
609       1.50793372125e+05   0.000000e+00   1.258326e+00   2.787829e+01  
610       1.51123760832e+05   0.000000e+00   1.299039e+00   2.787227e+01  
611       1.50757477691e+05   0.000000e+00   1.275427e+00   2.788082e+01  
612       1.51172659503e+05   0.000000e+00   1.305099e+00   2.786716e+01  
613       1.50810333442e+05   0.000000e+00   1.273109e+00   2.787777e+01  
614       1.51104929222e+05   0.000000e+00   1.314696e+00   2.787065e+01  
615       1.50878355498e+05   0.000000e+00   1.292071e+00   2.787463e+01  
616       1.51150626962e+05   0.000000e+00   1.324481e+00   2.786728e+01  
617       1.50850782138e+05   0.000000e+00   1.310794e+00   2.787745e+01  
618       1.51181155128e+05   0.000000e+00   1.346126e+00   2.786643e+01  
619       1.50905218507e+05   0.000000e+00   1.322504e+00   2.787440e+01  
620       1.51161577396e+05   0.000000e+00   1.356153e+00   2.786831e+01  
621       1.50975082401e+05   0.000000e+00   1.335981e+00   2.787070e+01  
622       1.51206240083e+05   0.000000e+00   1.353776e+00   2.786511e+01  
623       1.50985642771e+05   0.000000e+00   1.343625e+00   2.787112e+01  
624       1.51218499843e+05   0.000000e+00   1.362186e+00   2.786609e+01  
625       1.50913775241e+05   0.000000e+00   1.348976e+00   2.787832e+01  
626       1.51177751369e+05   0.000000e+00   1.371896e+00   2.787193e+01  
627       1.50884164404e+05   0.000000e+00   1.346471e+00   2.788225e+01  
628       1.51253966614e+05   0.000000e+00   1.363162e+00   2.786724e+01  
629       1.50949593012e+05   0.000000e+00   1.339863e+00   2.787828e+01  
630       1.51324906398e+05   0.000000e+00   1.352595e+00   2.786336e+01  
631       1.50919669541e+05   0.000000e+00   1.345210e+00   2.788333e+01  
632       1.51300176363e+05   0.000000e+00   1.352438e+00   2.786870e+01  
633       1.50952574414e+05   0.000000e+00   1.344571e+00   2.788375e+01  
634       1.51353204421e+05   0.000000e+00   1.340227e+00   2.786866e+01  
635       1.51081502346e+05   0.000000e+00   1.318302e+00   2.787763e+01  
636       1.51516829979e+05   0.000000e+00   1.302518e+00   2.786088e+01  
637       1.51292030203e+05   0.000000e+00   1.271260e+00   2.786554e+01  
638       1.51572251123e+05   0.000000e+00   1.274490e+00   2.786052e+01  
639       1.51109884771e+05   0.000000e+00   1.275800e+00   2.788205e+01  
640       1.51435790307e+05   0.000000e+00   1.292163e+00   2.787250e+01  
641       1.51075672861e+05   0.000000e+00   1.287785e+00   2.788732e+01  
642       1.51576424089e+05   0.000000e+00   1.279892e+00   2.786612e+01  
643       1.51162884996e+05   0.000000e+00   1.267955e+00   2.788344e+01  
644       1.51496419658e+05   0.000000e+00   1.285503e+00   2.787202e+01  
645       1.50965271062e+05   0.000000e+00   1.281602e+00   2.790058e+01  
646       1.51401619521e+05   0.000000e+00   1.277986e+00   2.788494e+01  
647       1.50990661946e+05   0.000000e+00   1.266321e+00   2.790087e+01  
648       1.51489521552e+05   0.000000e+00   1.273858e+00   2.787831e+01  
649       1.51097997903e+05   0.000000e+00   1.272155e+00   2.789734e+01  
650       1.51456838958e+05   0.000000e+00   1.267214e+00   2.788711e+01  
651       1.50991221909e+05   0.000000e+00   1.264634e+00   2.790712e+01  
652       1.51511068065e+05   0.000000e+00   1.268067e+00   2.788396e+01  
653       1.51064129099e+05   0.000000e+00   1.256318e+00   2.790356e+01  
654       1.51473468422e+05   0.000000e+00   1.255397e+00   2.789046e+01  
655       1.51119758710e+05   0.000000e+00   1.251533e+00   2.790620e+01  
656       1.51538771626e+05   0.000000e+00   1.244935e+00   2.788794e+01  
657       1.51030869797e+05   0.000000e+00   1.243785e+00   2.791318e+01  
658       1.51677752373e+05   0.000000e+00   1.248811e+00   2.788483e+01  
659       1.51040572109e+05   0.000000e+00   1.233720e+00   2.791710e+01  
660       1.51582584967e+05   0.000000e+00   1.245436e+00   2.789217e+01  
661       1.51219970335e+05   0.000000e+00   1.237773e+00   2.791071e+01  
662       1.51609849528e+05   0.000000e+00   1.234147e+00   2.789484e+01  
663       1.51092164757e+05   0.000000e+00   1.237169e+00   2.792205e+01  
664       1.51785296420e+05   0.000000e+00   1.235985e+00   2.788841e+01  
665       1.51103067244e+05   0.000000e+00   1.222020e+00   2.792576e+01  
666       1.51695774418e+05   0.000000e+00   1.244524e+00   2.789758e+01  
667       1.51256265701e+05   0.000000e+00   1.220300e+00   2.792149e+01  
668       1.51717925946e+05   0.000000e+00   1.229512e+00   2.789971e+01  
669       1.51255090321e+05   0.000000e+00   1.219342e+00   2.792514e+01  
670       1.51818732536e+05   0.000000e+00   1.216062e+00   2.789992e+01  
671       1.51278727088e+05   0.000000e+00   1.213790e+00   2.792657e+01  
672       1.51815927378e+05   0.000000e+00   1.215213e+00   2.790522e+01  
673       1.51362121873e+05   0.000000e+00   1.223056e+00   2.792622e+01  
674       1.51837045628e+05   0.000000e+00   1.220493e+00   2.790446e+01  
675       1.51391727778e+05   0.000000e+00   1.229410e+00   2.792986e+01  
676       1.51884467448e+05   0.000000e+00   1.232710e+00   2.790426e+01  
677       1.51449881933e+05   0.000000e+00   1.214543e+00   2.792961e+01  
678       1.51994861490e+05   0.000000e+00   1.225612e+00   2.790283e+01  
679       1.51517810161e+05   0.000000e+00   1.209642e+00   2.792808e+01  
680       1.52120848120e+05   0.000000e+00   1.212621e+00   2.789902e+01  
681       1.51540301194e+05   0.000000e+00   1.217636e+00   2.792733e+01  
682       1.52098123840e+05   0.000000e+00   1.223477e+00   2.790070e+01  
683       1.51379297817e+05   0.000000e+00   1.242316e+00   2.793959e+01  
684       1.51937036439e+05   0.000000e+00   1.251428e+00   2.791596e+01  
685       1.51417440391e+05   0.000000e+00   1.247196e+00   2.794533e+01  
686       1.52060657647e+05   0.000000e+00   1.236287e+00   2.791192e+01  
687       1.51589089576e+05   0.000000e+00   1.235706e+00   2.793832e+01  
688       1.52036795370e+05   0.000000e+00   1.238647e+00   2.791110e+01  
689       1.51578716003e+05   0.000000e+00   1.248511e+00   2.794447e+01  
690       1.52086166761e+05   0.000000e+00   1.249818e+00   2.791185e+01  
691       1.51494433621e+05   0.000000e+00   1.251457e+00   2.795341e+01  
692       1.52001256568e+05   0.000000e+00   1.283973e+00   2.791460e+01  
693       1.51379362987e+05   0.000000e+00   1.280761e+00   2.795990e+01  
694       1.52155947924e+05   0.000000e+00   1.380471e+00   2.791457e+01  
695       1.51374067830e+05   0.000000e+00   1.330454e+00   2.797034e+01  
696       1.52099349435e+05   0.000000e+00   1.617180e+00   2.792127e+01  
697       1.51425083160e+05   0.000000e+00   1.418134e+00   2.796212e+01  
698       1.52243907898e+05   0.000000e+00   1.416518e+00   2.791454e+01  
699       1.51427696199e+05   0.000000e+00   1.432713e+00   2.797068e+01  
700       1.52254425352e+05   0.000000e+00   1.448051e+00   2.791647e+01  
701       1.51439941222e+05   0.000000e+00   1.455411e+00   2.797136e+01  
702       1.52272625517e+05   0.000000e+00   1.451150e+00   2.791851e+01  
703       1.51489242185e+05   0.000000e+00   1.464095e+00   2.797410e+01  
704       1.52290385273e+05   0.000000e+00   1.472952e+00   2.792129e+01  
705       1.51491981900e+05   0.000000e+00   1.471228e+00   2.797607e+01  
706       1.52314882298e+05   0.000000e+00   1.463306e+00   2.792283e+01  
707       1.51590293852e+05   0.000000e+00   1.487004e+00   2.797720e+01  
708       1.52243083767e+05   0.000000e+00   1.468761e+00   2.792976e+01  
709       1.51545907781e+05   0.000000e+00   1.491204e+00   2.798557e+01  
710       1.52264408236e+05   0.000000e+00   1.503740e+00   2.793608e+01  
711       1.51355606251e+05   0.000000e+00   1.680854e+00   2.800636e+01  
712       1.52253140432e+05   0.000000e+00   1.538799e+00   2.793713e+01  
713       1.51570014206e+05   0.000000e+00   1.525273e+00   2.799690e+01  
714       1.52177259283e+05   0.000000e+00   1.517000e+00   2.794731e+01  
715       1.51442123922e+05   0.000000e+00   1.518213e+00   2.800792e+01  
716       1.52260214870e+05   0.000000e+00   1.529746e+00   2.794698e+01  
717       1.51293217498e+05   0.000000e+00   1.526358e+00   2.802223e+01  
718       1.52132113693e+05   0.000000e+00   1.553277e+00   2.795998e+01  
719       1.51365264112e+05   0.000000e+00   1.536745e+00   2.802353e+01  
720       1.52226484573e+05   0.000000e+00   1.538276e+00   2.795704e+01  
721       1.51350317283e+05   0.000000e+00   1.531909e+00   2.802878e+01  
722       1.52388199923e+05   0.000000e+00   1.544510e+00   2.795145e+01  
723       1.51210327477e+05   0.000000e+00   1.541157e+00   2.804378e+01  
724       1.52366857952e+05   0.000000e+00   1.572551e+00   2.795639e+01  
725       1.51303806667e+05   0.000000e+00   1.547305e+00   2.804293e+01  
726       1.52491879025e+05   0.000000e+00   1.556473e+00   2.795025e+01  
727       1.51359051846e+05   0.000000e+00   1.547595e+00   2.804380e+01  
728       1.52437428093e+05   0.000000e+00   1.564539e+00   2.795746e+01  
729       1.51226721254e+05   0.000000e+00   1.573354e+00   2.805631e+01  
730       1.52339950981e+05   0.000000e+00   1.570098e+00   2.796805e+01  
731       1.51258499950e+05   0.000000e+00   1.564152e+00   2.805926e+01  
732       1.52325628750e+05   0.000000e+00   1.566476e+00   2.796985e+01  
733       1.51269469589e+05   0.000000e+00   1.567504e+00   2.806441e+01  
734       1.52305419887e+05   0.000000e+00   1.562188e+00   2.797483e+01  
735       1.51181696785e+05   0.000000e+00   1.560598e+00   2.807779e+01  
736       1.52243291430e+05   0.000000e+00   1.566123e+00   2.798147e+01  
737       1.51155502401e+05   0.000000e+00   1.583539e+00   2.808101e+01  
738       1.52201879172e+05   0.000000e+00   1.560644e+00   2.798702e+01  
739       1.51165527328e+05   0.000000e+00   1.575480e+00   2.808747e+01  
740       1.52137711568e+05   0.000000e+00   1.560241e+00   2.799518e+01  
741       1.51024275885e+05   0.000000e+00   1.576723e+00   2.810182e+01  
742       1.52140399373e+05   0.000000e+00   1.561192e+00   2.799584e+01  
743       1.50991459682e+05   0.000000e+00   1.561053e+00   2.811067e+01  
744       1.52112326568e+05   0.000000e+00   1.566609e+00   2.800222e+01  
745       1.50847367883e+05   0.000000e+00   1.564663e+00   2.812440e+01  
746       1.52145230626e+05   0.000000e+00   1.561501e+00   2.800346e+01  
747       1.50845826571e+05   0.000000e+00   1.564252e+00   2.812811e+01  
748       1.52090241175e+05   0.000000e+00   1.561767e+00   2.801270e+01  
749       1.50739173112e+05   0.000000e+00   1.585541e+00   2.813860e+01  
750       1.52036529680e+05   0.000000e+00   1.592419e+00   2.801837e+01  
751       1.50607561250e+05   0.000000e+00   1.755154e+00   2.815432e+01  
752       1.52084128370e+05   0.000000e+00   1.684819e+00   2.801506e+01  
753       1.50523001091e+05   0.000000e+00   1.759412e+00   2.816426e+01  
754       1.52048505868e+05   0.000000e+00   1.708384e+00   2.801857e+01  
755       1.50522461805e+05   0.000000e+00   1.707380e+00   2.816623e+01  
756       1.51991643591e+05   0.000000e+00   1.728424e+00   2.802359e+01  
757       1.50310191935e+05   0.000000e+00   1.734024e+00   2.818208e+01  
758       1.51996836047e+05   0.000000e+00   1.748637e+00   2.802573e+01  
759       1.50157523541e+05   0.000000e+00   1.765375e+00   2.819417e+01  
760       1.51786782711e+05   0.000000e+00   1.832342e+00   2.804347e+01  
761       1.49937948443e+05   0.000000e+00   2.004984e+00   2.821271e+01  
762       1.51619243927e+05   0.000000e+00   2.740126e+00   2.805916e+01  
763       1.49850481636e+05   0.000000e+00   2.103310e+00   2.822278e+01  
764       1.52249467425e+05   0.000000e+00   2.092556e+00   2.801466e+01  
765       1.49988768734e+05   0.000000e+00   1.934853e+00   2.821582e+01  
766       1.51927093756e+05   0.000000e+00   1.957084e+00   2.803548e+01  
767       1.49896355414e+05   0.000000e+00   1.949942e+00   2.822346e+01  
768       1.51799358028e+05   0.000000e+00   1.956386e+00   2.804550e+01  
769       1.49754633070e+05   0.000000e+00   1.940013e+00   2.823691e+01  
770       1.51784770713e+05   0.000000e+00   1.939975e+00   2.804927e+01  
771       1.49899009349e+05   0.000000e+00   1.931163e+00   2.822939e+01  
772       1.51777677013e+05   0.000000e+00   1.934813e+00   2.805083e+01  
773       1.49781598259e+05   0.000000e+00   1.951132e+00   2.824159e+01  
774       1.51880079453e+05   0.000000e+00   1.941271e+00   2.804788e+01  
775       1.49720449428e+05   0.000000e+00   1.955248e+00   2.824678e+01  
776       1.51886547493e+05   0.000000e+00   1.935838e+00   2.804430e+01  
777       1.49614792685e+05   0.000000e+00   1.979344e+00   2.825610e+01  
778       1.51846250453e+05   0.000000e+00   1.950041e+00   2.804822e+01  
779       1.49536338621e+05   0.000000e+00   2.001405e+00   2.827126e+01  
780       1.51819184013e+05   0.000000e+00   1.963511e+00   2.805529e+01  
781       1.49336910360e+05   0.000000e+00   2.019713e+00   2.828588e+01  
782       1.51764552443e+05   0.000000e+00   1.982930e+00   2.805648e+01  
783       1.49348807318e+05   0.000000e+00   2.026080e+00   2.829185e+01  
784       1.51809980232e+05   0.000000e+00   1.967055e+00   2.805858e+01  
785       1.49215673247e+05   0.000000e+00   2.035405e+00   2.830688e+01  
786       1.51737475054e+05   0.000000e+00   1.982657e+00   2.806414e+01  
787       1.49079636647e+05   0.000000e+00   2.025413e+00   2.832121e+01  
788       1.51866454401e+05   0.000000e+00   1.971106e+00   2.806151e+01  
789       1.48970860195e+05   0.000000e+00   2.017351e+00   2.833523e+01  
790       1.51790177557e+05   0.000000e+00   1.961347e+00   2.806893e+01  
791       1.48972145766e+05   0.000000e+00   2.010469e+00   2.833749e+01  
792       1.51901706637e+05   0.000000e+00   1.942248e+00   2.806650e+01  
793       1.48877963340e+05   0.000000e+00   2.012744e+00   2.834950e+01  
794       1.51813019459e+05   0.000000e+00   1.964082e+00   2.807717e+01  
795       1.48776577791e+05   0.000000e+00   2.022886e+00   2.836168e+01  
796       1.51822180769e+05   0.000000e+00   1.937896e+00   2.808370e+01  
797       1.48761280333e+05   0.000000e+00   2.006031e+00   2.837031e+01  
798       1.51830592919e+05   0.000000e+00   1.928507e+00   2.808467e+01  
799       1.48718218191e+05   0.000000e+00   2.008219e+00   2.837889e+01  
800       1.51736711100e+05   0.000000e+00   1.945609e+00   2.809705e+01  
801       1.48576651089e+05   0.000000e+00   2.030703e+00   2.839544e+01  
802       1.51725362516e+05   0.000000e+00   1.946356e+00   2.810071e+01  
803       1.48574150323e+05   0.000000e+00   2.026340e+00   2.840244e+01  
804       1.51673906418e+05   0.000000e+00   1.939383e+00   2.810914e+01  
805       1.48487870795e+05   0.000000e+00   2.049842e+00   2.841397e+01  
806       1.51585751563e+05   0.000000e+00   1.956086e+00   2.811822e+01  
807       1.48450079934e+05   0.000000e+00   2.056873e+00   2.842400e+01  
808       1.51541041806e+05   0.000000e+00   1.976873e+00   2.812516e+01  
809       1.48371929711e+05   0.000000e+00   2.045733e+00   2.843435e+01  
810       1.51829090620e+05   0.000000e+00   1.979786e+00   2.810986e+01  
811       1.48424111186e+05   0.000000e+00   2.044428e+00   2.843710e+01  
812       1.51700732454e+05   0.000000e+00   1.990402e+00   2.812139e+01  
813       1.48294421517e+05   0.000000e+00   2.070081e+00   2.845034e+01  
814       1.51849887457e+05   0.000000e+00   2.001906e+00   2.811774e+01  
815       1.48136534063e+05   0.000000e+00   2.082278e+00   2.846400e+01  
816       1.51988693569e+05   0.000000e+00   2.004811e+00   2.811176e+01  
817       1.48259366877e+05   0.000000e+00   2.072520e+00   2.846218e+01  
818       1.51946960673e+05   0.000000e+00   2.011235e+00   2.811900e+01  
819       1.48198124602e+05   0.000000e+00   2.088332e+00   2.846970e+01  
820       1.52180128651e+05   0.000000e+00   2.013112e+00   2.810806e+01  
821       1.48121748103e+05   0.000000e+00   2.088525e+00   2.847741e+01  
822       1.52218686611e+05   0.000000e+00   2.011814e+00   2.810797e+01  
823       1.48326227683e+05   0.000000e+00   2.088017e+00   2.846777e+01  
824       1.52119806480e+05   0.000000e+00   2.021881e+00   2.811719e+01  
825       1.48284794124e+05   0.000000e+00   2.107800e+00   2.847351e+01  
826       1.52239545553e+05   0.000000e+00   2.040877e+00   2.811169e+01  
827       1.48214461030e+05   0.000000e+00   2.123242e+00   2.848072e+01  
828       1.52344323639e+05   0.000000e+00   2.050207e+00   2.810683e+01  
829       1.48289202400e+05   0.000000e+00   2.132006e+00   2.848076e+01  
830       1.52342836206e+05   0.000000e+00   2.059900e+00   2.810622e+01  
831       1.48431396398e+05   0.000000e+00   2.150871e+00   2.847389e+01  
832       1.52405923291e+05   0.000000e+00   2.063015e+00   2.810388e+01  
833       1.48604942012e+05   0.000000e+00   2.149060e+00   2.846488e+01  
834       1.52365957288e+05   0.000000e+00   2.103180e+00   2.810932e+01  
835       1.48639246991e+05   0.000000e+00   2.186553e+00   2.846615e+01  
836       1.52317709687e+05   0.000000e+00   2.219249e+00   2.811419e+01  
837       1.48605661453e+05   0.000000e+00   2.335303e+00   2.846800e+01  
838       1.52563736133e+05   0.000000e+00   2.345032e+00   2.810497e+01  
839       1.48497161589e+05   0.000000e+00   2.523581e+00   2.847350e+01  
840       1.52678099770e+05   0.000000e+00   2.245056e+00   2.809801e+01  
841       1.48824452796e+05   0.000000e+00   2.300834e+00   2.846264e+01  
842       1.52733319587e+05   0.000000e+00   2.233370e+00   2.809949e+01  
843       1.48882032186e+05   0.000000e+00   2.288105e+00   2.846082e+01  
844       1.52798123102e+05   0.000000e+00   2.217762e+00   2.809946e+01  
845       1.48795697030e+05   0.000000e+00   2.301876e+00   2.846979e+01  
846       1.52751640854e+05   0.000000e+00   2.245053e+00   2.810942e+01  
847       1.48800735421e+05   0.000000e+00   2.306158e+00   2.847214e+01  
848       1.52774731620e+05   0.000000e+00   2.241135e+00   2.811318e+01  
849       1.48867068270e+05   0.000000e+00   2.312003e+00   2.846849e+01  
850       1.52840580539e+05   0.000000e+00   2.245528e+00   2.811307e+01  
851       1.48887053757e+05   0.000000e+00   2.320272e+00   2.846817e+01  
852       1.52760520642e+05   0.000000e+00   2.271400e+00   2.812363e+01  
853       1.48738474252e+05   0.000000e+00   2.345805e+00   2.848312e+01  
854       1.52826247753e+05   0.000000e+00   2.267718e+00   2.812491e+01  
855       1.48944118907e+05   0.000000e+00   2.346429e+00   2.847274e+01  
856       1.52885370182e+05   0.000000e+00   2.279512e+00   2.812774e+01  
857       1.48859883831e+05   0.000000e+00   2.358196e+00   2.848384e+01  
858       1.52868624828e+05   0.000000e+00   2.281647e+00   2.813517e+01  
859       1.49152503056e+05   0.000000e+00   2.346275e+00   2.846869e+01  
860       1.52813638276e+05   0.000000e+00   2.273251e+00   2.814391e+01  
861       1.49165286321e+05   0.000000e+00   2.347143e+00   2.846881e+01  
862       1.52938891699e+05   0.000000e+00   2.263294e+00   2.814242e+01  
863       1.49296813667e+05   0.000000e+00   2.341312e+00   2.846681e+01  
864       1.52806620935e+05   0.000000e+00   2.266440e+00   2.815916e+01  
865       1.49487605692e+05   0.000000e+00   2.331731e+00   2.845781e+01  
866       1.52878003253e+05   0.000000e+00   2.266018e+00   2.815850e+01  
867       1.49439633654e+05   0.000000e+00   2.333521e+00   2.846334e+01  
868       1.52963765689e+05   0.000000e+00   2.270778e+00   2.816075e+01  
869       1.49604974895e+05   0.000000e+00   2.332461e+00   2.845799e+01  
870       1.52786804462e+05   0.000000e+00   2.282773e+00   2.817890e+01  
871       1.49596633109e+05   0.000000e+00   2.360105e+00   2.846066e+01  
872       1.52942086049e+05   0.000000e+00   2.274829e+00   2.817662e+01  
873       1.49536471134e+05   0.000000e+00   2.353091e+00   2.847215e+01  
874       1.52972653267e+05   0.000000e+00   2.270766e+00   2.818075e+01  
875       1.49658075968e+05   0.000000e+00   2.339417e+00   2.846631e+01  
876       1.52923116417e+05   0.000000e+00   2.279870e+00   2.818728e+01  
877       1.49722160854e+05   0.000000e+00   2.333905e+00   2.846893e+01  
878       1.53082718427e+05   0.000000e+00   2.274978e+00   2.818367e+01  
879       1.49525364439e+05   0.000000e+00   2.336194e+00   2.848349e+01  
880       1.53049664041e+05   0.000000e+00   2.275341e+00   2.818947e+01  
881       1.49657633531e+05   0.000000e+00   2.326888e+00   2.847800e+01  
882       1.53059781506e+05   0.000000e+00   2.256719e+00   2.819412e+01  
883       1.49709500009e+05   0.000000e+00   2.329766e+00   2.847661e+01  
884       1.52953583892e+05   0.000000e+00   2.267490e+00   2.820334e+01  
885       1.49678270297e+05   0.000000e+00   2.306717e+00   2.847961e+01  
886       1.53040574500e+05   0.000000e+00   2.252925e+00   2.820303e+01  
887       1.49729599333e+05   0.000000e+00   2.291810e+00   2.847924e+01  
888       1.52993671468e+05   0.000000e+00   2.252197e+00   2.820648e+01  
889       1.49689427700e+05   0.000000e+00   2.306291e+00   2.848277e+01  
890       1.52918706333e+05   0.000000e+00   2.252071e+00   2.821925e+01  
891       1.49580208511e+05   0.000000e+00   2.322263e+00   2.849028e+01  
892       1.52829288061e+05   0.000000e+00   2.256180e+00   2.822703e+01  
893       1.49638266477e+05   0.000000e+00   2.300897e+00   2.849220e+01  
894       1.52863485230e+05   0.000000e+00   2.234301e+00   2.822821e+01  
895       1.49616827080e+05   0.000000e+00   2.285314e+00   2.849549e+01  
896       1.52893016001e+05   0.000000e+00   2.208774e+00   2.823007e+01  
897       1.49484488646e+05   0.000000e+00   2.279762e+00   2.850877e+01  
898       1.52706132948e+05   0.000000e+00   2.210958e+00   2.824448e+01  
899       1.49561785293e+05   0.000000e+00   2.265915e+00   2.850629e+01  
900       1.52672815383e+05   0.000000e+00   2.186396e+00   2.824987e+01  
901       1.49542826651e+05   0.000000e+00   2.274455e+00   2.851130e+01  
902       1.52505047519e+05   0.000000e+00   2.196200e+00   2.826477e+01  
903       1.49408583403e+05   0.000000e+00   2.269655e+00   2.852191e+01  
904       1.52491680049e+05   0.000000e+00   2.199371e+00   2.827063e+01  
905       1.49258520886e+05   0.000000e+00   2.272851e+00   2.853464e+01  
906       1.52452127162e+05   0.000000e+00   2.191072e+00   2.827610e+01  
907       1.49235818530e+05   0.000000e+00   2.267083e+00   2.853994e+01  
908       1.52415527040e+05   0.000000e+00   2.194860e+00   2.828324e+01  
909       1.49076857046e+05   0.000000e+00   2.272454e+00   2.855321e+01  
910       1.52264570937e+05   0.000000e+00   2.199039e+00   2.829781e+01  
911       1.49119273787e+05   0.000000e+00   2.271761e+00   2.855347e+01  
912       1.52127784152e+05   0.000000e+00   2.205405e+00   2.831234e+01  
913       1.49112967457e+05   0.000000e+00   2.269023e+00   2.855496e+01  
914       1.52071944271e+05   0.000000e+00   2.210834e+00   2.832267e+01  
915       1.49089470699e+05   0.000000e+00   2.266445e+00   2.855581e+01  
916       1.52043416496e+05   0.000000e+00   2.202266e+00   2.833056e+01  
917       1.49169640163e+05   0.000000e+00   2.260833e+00   2.855465e+01  
918       1.51885666124e+05   0.000000e+00   2.207840e+00   2.834993e+01  
919       1.48916774748e+05   0.000000e+00   2.278452e+00   2.857313e+01  
920       1.51806106259e+05   0.000000e+00   2.216866e+00   2.836080e+01  
921       1.48947053188e+05   0.000000e+00   2.283279e+00   2.857387e+01  
922       1.51689314033e+05   0.000000e+00   2.213410e+00   2.837500e+01  
923       1.48976181667e+05   0.000000e+00   2.291055e+00   2.857424e+01  
924       1.51683551777e+05   0.000000e+00   2.215707e+00   2.837974e+01  
925       1.48944554167e+05   0.000000e+00   2.272649e+00   2.857866e+01  
926       1.51712794993e+05   0.000000e+00   2.210038e+00   2.838369e+01  
927       1.49130437933e+05   0.000000e+00   2.258277e+00   2.856968e+01  
928       1.51578074321e+05   0.000000e+00   2.213072e+00   2.840004e+01  
929       1.49058826045e+05   0.000000e+00   2.266993e+00   2.857748e+01  
930       1.51540627133e+05   0.000000e+00   2.224073e+00   2.840934e+01  
931       1.49031982448e+05   0.000000e+00   2.269676e+00   2.858746e+01  
932       1.51672442505e+05   0.000000e+00   2.223347e+00   2.841037e+01  
933       1.49117299994e+05   0.000000e+00   2.253286e+00   2.858733e+01  
934       1.51664670032e+05   0.000000e+00   2.209011e+00   2.841601e+01  
935       1.49204651648e+05   0.000000e+00   2.257855e+00   2.858877e+01  
936       1.51644874257e+05   0.000000e+00   2.222166e+00   2.842755e+01  
937       1.49099800543e+05   0.000000e+00   2.262644e+00   2.859780e+01  
938       1.51662437749e+05   0.000000e+00   2.219005e+00   2.843623e+01  
939       1.49203960973e+05   0.000000e+00   2.272151e+00   2.859977e+01  
940       1.51620612150e+05   0.000000e+00   2.217408e+00   2.844624e+01  
941       1.49157363366e+05   0.000000e+00   2.288468e+00   2.860895e+01  
942       1.51637585463e+05   0.000000e+00   2.223989e+00   2.845710e+01  
943       1.49138566112e+05   0.000000e+00   2.288782e+00   2.861619e+01  
944       1.51668714080e+05   0.000000e+00   2.227860e+00   2.845858e+01  
945       1.49236277393e+05   0.000000e+00   2.283680e+00   2.861675e+01  
946       1.51614097407e+05   0.000000e+00   2.233097e+00   2.847060e+01  
947       1.49190721039e+05   0.000000e+00   2.309963e+00   2.862472e+01  
948       1.51660024217e+05   0.000000e+00   2.220840e+00   2.847957e+01  
949       1.49337605585e+05   0.000000e+00   2.295219e+00   2.862061e+01  
950       1.51572122223e+05   0.000000e+00   2.228097e+00   2.848929e+01  
951       1.49442305958e+05   0.000000e+00   2.290318e+00   2.861762e+01  
952       1.51699301698e+05   0.000000e+00   2.215218e+00   2.848801e+01  
953       1.49515977787e+05   0.000000e+00   2.296649e+00   2.861846e+01  
954       1.51616377526e+05   0.000000e+00   2.233456e+00   2.850089e+01  
955       1.49556834528e+05   0.000000e+00   2.298984e+00   2.861749e+01  
956       1.51670266162e+05   0.000000e+00   2.236663e+00   2.850292e+01  
957       1.49600350425e+05   0.000000e+00   2.305550e+00   2.862067e+01  
958       1.51663506283e+05   0.000000e+00   2.250532e+00   2.851071e+01  
959       1.49709579953e+05   0.000000e+00   2.318768e+00   2.861531e+01  
960       1.51674552992e+05   0.000000e+00   2.273438e+00   2.851314e+01  
961       1.49677036706e+05   0.000000e+00   2.328849e+00   2.861890e+01  
962       1.51784734839e+05   0.000000e+00   2.282650e+00   2.851323e+01  
963       1.49713191979e+05   0.000000e+00   2.343772e+00   2.862097e+01  
964       1.51578459032e+05   0.000000e+00   2.310419e+00   2.853030e+01  
965       1.49737237615e+05   0.000000e+00   2.369657e+00   2.861964e+01  
966       1.51654315587e+05   0.000000e+00   2.320509e+00   2.853101e+01  
967       1.49781177720e+05   0.000000e+00   2.365582e+00   2.862134e+01  
968       1.51584206734e+05   0.000000e+00   2.338353e+00   2.854168e+01  
969       1.49749616343e+05   0.000000e+00   2.384122e+00   2.862276e+01  
970       1.51576477393e+05   0.000000e+00   2.348365e+00   2.854718e+01  
971       1.49806572317e+05   0.000000e+00   2.376311e+00   2.862142e+01  
972       1.51803773460e+05   0.000000e+00   2.332316e+00   2.853641e+01  
973       1.49802668192e+05   0.000000e+00   2.383646e+00   2.862220e+01  
974       1.51574799698e+05   0.000000e+00   2.365314e+00   2.855226e+01  
975       1.49855074468e+05   0.000000e+00   2.400493e+00   2.862140e+01  
976       1.51598640803e+05   0.000000e+00   2.372376e+00   2.855626e+01  
977       1.49888260310e+05   0.000000e+00   2.408860e+00   2.861776e+01  
978       1.51645815921e+05   0.000000e+00   2.367233e+00   2.855494e+01  
979       1.50056017877e+05   0.000000e+00   2.402438e+00   2.860704e+01  
980       1.51527577936e+05   0.000000e+00   2.380027e+00   2.856718e+01  
981       1.50073906976e+05   0.000000e+00   2.418349e+00   2.860312e+01  
982       1.51472853532e+05   0.000000e+00   2.381741e+00   2.857078e+01  
983       1.50076624939e+05   0.000000e+00   2.415347e+00   2.860300e+01  
984       1.51541173002e+05   0.000000e+00   2.374930e+00   2.856771e+01  
985       1.50070934314e+05   0.000000e+00   2.431871e+00   2.860188e+01  
986       1.51453118861e+05   0.000000e+00   2.367521e+00   2.857345e+01  
987       1.50141208543e+05   0.000000e+00   2.436733e+00   2.859813e+01  
988       1.51415505664e+05   0.000000e+00   2.369641e+00   2.857612e+01  
989       1.50124556413e+05   0.000000e+00   2.438209e+00   2.859615e+01  
990       1.51446475504e+05   0.000000e+00   2.361744e+00   2.857373e+01  
991       1.50200484058e+05   0.000000e+00   2.430465e+00   2.859182e+01  
992       1.51295241559e+05   0.000000e+00   2.363191e+00   2.858248e+01  
993       1.50189516365e+05   0.000000e+00   2.425482e+00   2.859110e+01  
994       1.51227534108e+05   0.000000e+00   2.363307e+00   2.858957e+01  
995       1.50044913968e+05   0.000000e+00   2.428560e+00   2.859820e+01  
996       1.51235771222e+05   0.000000e+00   2.364402e+00   2.858918e+01  
997       1.50104092365e+05   0.000000e+00   2.404626e+00   2.859449e+01  
998       1.51218224753e+05   0.000000e+00   2.368195e+00   2.858971e+01  
999       1.50056580589e+05   0.000000e+00   2.412071e+00   2.859562e+01  
1000      1.51294275532e+05   0.000000e+00   2.362726e+00   2.858413e+01  
1001      1.50147241139e+05   0.000000e+00   2.389736e+00   2.858978e+01  
1002      1.51226284024e+05   0.000000e+00   2.375188e+00   2.859001e+01  
1003      1.50103893497e+05   0.000000e+00   2.393405e+00   2.859220e+01  
1004      1.51091172076e+05   0.000000e+00   2.383557e+00   2.859958e+01  
1005      1.50152014618e+05   0.000000e+00   2.407651e+00   2.858631e+01  
1006      1.50950498058e+05   0.000000e+00   2.396405e+00   2.861129e+01  
1007      1.50177384181e+05   0.000000e+00   2.407691e+00   2.858515e+01  
1008      1.50820452251e+05   0.000000e+00   2.410287e+00   2.861915e+01  
1009      1.50134557683e+05   0.000000e+00   2.405992e+00   2.858724e+01  
1010      1.50765981211e+05   0.000000e+00   2.410633e+00   2.862261e+01  
1011      1.50248281646e+05   0.000000e+00   2.402653e+00   2.858035e+01  
1012      1.50661772556e+05   0.000000e+00   2.398755e+00   2.863138e+01  
1013      1.50102748434e+05   0.000000e+00   2.419082e+00   2.858782e+01  
1014      1.50432728309e+05   0.000000e+00   2.413606e+00   2.864618e+01  
1015      1.50159490864e+05   0.000000e+00   2.433355e+00   2.858769e+01  
1016      1.50293164050e+05   0.000000e+00   2.403272e+00   2.865971e+01  
1017      1.50273079131e+05   0.000000e+00   2.418763e+00   2.858126e+01  
1018      1.50257581270e+05   0.000000e+00   2.389663e+00   2.866166e+01  
1019      1.50166463707e+05   0.000000e+00   2.419865e+00   2.858824e+01  
1020      1.50147204281e+05   0.000000e+00   2.397648e+00   2.867035e+01  
1021      1.50264322379e+05   0.000000e+00   2.417088e+00   2.858417e+01  
1022      1.50023821578e+05   0.000000e+00   2.398372e+00   2.867837e+01  
1023      1.50322618078e+05   0.000000e+00   2.400982e+00   2.857862e+01  
1024      1.50025935639e+05   0.000000e+00   2.389564e+00   2.868153e+01  
1025      1.50350069921e+05   0.000000e+00   2.390453e+00   2.857955e+01  
1026      1.49920582252e+05   0.000000e+00   2.399357e+00   2.869011e+01  
1027      1.50348144655e+05   0.000000e+00   2.394105e+00   2.857869e+01  
1028      1.49922012278e+05   0.000000e+00   2.407353e+00   2.869349e+01  
1029      1.50328184106e+05   0.000000e+00   2.399519e+00   2.857961e+01  
1030      1.49851052394e+05   0.000000e+00   2.414277e+00   2.869725e+01  
1031      1.50292216258e+05   0.000000e+00   2.409630e+00   2.858336e+01  
1032      1.49735899646e+05   0.000000e+00   2.416395e+00   2.871179e+01  
1033      1.50377794160e+05   0.000000e+00   2.409729e+00   2.857905e+01  
1034      1.49688845025e+05   0.000000e+00   2.409296e+00   2.871314e+01  
1035      1.50304914385e+05   0.000000e+00   2.414667e+00   2.858342e+01  
1036      1.49664439059e+05   0.000000e+00   2.423379e+00   2.871745e+01  
1037      1.50344832173e+05   0.000000e+00   2.419149e+00   2.858113e+01  
1038      1.49531526521e+05   0.000000e+00   2.409075e+00   2.872820e+01  
1039      1.50371570250e+05   0.000000e+00   2.418772e+00   2.858235e+01  
1040      1.49406794414e+05   0.000000e+00   2.424588e+00   2.873648e+01  
1041      1.50329672288e+05   0.000000e+00   2.421128e+00   2.858530e+01  
1042      1.49400684650e+05   0.000000e+00   2.411487e+00   2.873968e+01  
1043      1.50475288038e+05   0.000000e+00   2.416119e+00   2.857956e+01  
1044      1.49204219929e+05   0.000000e+00   2.407946e+00   2.875062e+01  
1045      1.50627521221e+05   0.000000e+00   2.398738e+00   2.856827e+01  
1046      1.49237869802e+05   0.000000e+00   2.397869e+00   2.875207e+01  
1047      1.50531243516e+05   0.000000e+00   2.402749e+00   2.857663e+01  
1048      1.49202750349e+05   0.000000e+00   2.407381e+00   2.875286e+01  
1049      1.50573362482e+05   0.000000e+00   2.402601e+00   2.857619e+01  
1050      1.49127232030e+05   0.000000e+00   2.417679e+00   2.875300e+01  
1051      1.50562334158e+05   0.000000e+00   2.413602e+00   2.857795e+01  
1052      1.49097345444e+05   0.000000e+00   2.424302e+00   2.875790e+01  
1053      1.50494293372e+05   0.000000e+00   2.425338e+00   2.858343e+01  
1054      1.48956519913e+05   0.000000e+00   2.446580e+00   2.876426e+01  
1055      1.50605256233e+05   0.000000e+00   2.426278e+00   2.857886e+01  
1056      1.49025295850e+05   0.000000e+00   2.435924e+00   2.875966e+01  
1057      1.50696763844e+05   0.000000e+00   2.431442e+00   2.857467e+01  
1058      1.48835591178e+05   0.000000e+00   2.446801e+00   2.877169e+01  
1059      1.50669180631e+05   0.000000e+00   2.448675e+00   2.857622e+01  
1060      1.48821307402e+05   0.000000e+00   2.461271e+00   2.877350e+01  
1061      1.50730830639e+05   0.000000e+00   2.448100e+00   2.857526e+01  
1062      1.48771738463e+05   0.000000e+00   2.460898e+00   2.877646e+01  
1063      1.50741989038e+05   0.000000e+00   2.476051e+00   2.857390e+01  
1064      1.48750422965e+05   0.000000e+00   2.459802e+00   2.878013e+01  
1065      1.50810775358e+05   0.000000e+00   2.475051e+00   2.857212e+01  
1066      1.48664152074e+05   0.000000e+00   2.472225e+00   2.878440e+01  
1067      1.50826928300e+05   0.000000e+00   2.481143e+00   2.857361e+01  
1068      1.48556894735e+05   0.000000e+00   2.478262e+00   2.879241e+01  
1069      1.50921302863e+05   0.000000e+00   2.475661e+00   2.857153e+01  
1070      1.48566417289e+05   0.000000e+00   2.482758e+00   2.879305e+01  
1071      1.50901734876e+05   0.000000e+00   2.487210e+00   2.857355e+01  
1072      1.48509460132e+05   0.000000e+00   2.485949e+00   2.879895e+01  
1073      1.51022281909e+05   0.000000e+00   2.474347e+00   2.856998e+01  
1074      1.48454977969e+05   0.000000e+00   2.488505e+00   2.880450e+01  
1075      1.50997617698e+05   0.000000e+00   2.470182e+00   2.857362e+01  
1076      1.48505926742e+05   0.000000e+00   2.498700e+00   2.880178e+01  
1077      1.50966862532e+05   0.000000e+00   2.475350e+00   2.858127e+01  
1078      1.48407313199e+05   0.000000e+00   2.519796e+00   2.880852e+01  
1079      1.51028046730e+05   0.000000e+00   2.483021e+00   2.858025e+01  
1080      1.48316841020e+05   0.000000e+00   2.525241e+00   2.881620e+01  
1081      1.51099807668e+05   0.000000e+00   2.503996e+00   2.857937e+01  
1082      1.48237324579e+05   0.000000e+00   2.541354e+00   2.882137e+01  
1083      1.51198569405e+05   0.000000e+00   2.503774e+00   2.857661e+01  
1084      1.48218827010e+05   0.000000e+00   2.543798e+00   2.882503e+01  
1085      1.51336318721e+05   0.000000e+00   2.499471e+00   2.857014e+01  
1086      1.48235944631e+05   0.000000e+00   2.550409e+00   2.882408e+01  
1087      1.51375732010e+05   0.000000e+00   2.489071e+00   2.857241e+01  
1088      1.48277938792e+05   0.000000e+00   2.552856e+00   2.882472e+01  
1089      1.51396467353e+05   0.000000e+00   2.498197e+00   2.857450e+01  
1090      1.48251159372e+05   0.000000e+00   2.558557e+00   2.882894e+01  
1091      1.51538442690e+05   0.000000e+00   2.491250e+00   2.857349e+01  
1092      1.48200481907e+05   0.000000e+00   2.578737e+00   2.883666e+01  
1093      1.51493663954e+05   0.000000e+00   2.496092e+00   2.857992e+01  
1094      1.48328127376e+05   0.000000e+00   2.572265e+00   2.883041e+01  
1095      1.51692964964e+05   0.000000e+00   2.483123e+00   2.857423e+01  
1096      1.48278322909e+05   0.000000e+00   2.577341e+00   2.883723e+01  
1097      1.51756273095e+05   0.000000e+00   2.488393e+00   2.857810e+01  
1098      1.48209861930e+05   0.000000e+00   2.603728e+00   2.884291e+01  
1099      1.51756598696e+05   0.000000e+00   2.501569e+00   2.858606e+01  
1100      1.48320036584e+05   0.000000e+00   2.597921e+00   2.884180e+01  
1101      1.51967627953e+05   0.000000e+00   2.490169e+00   2.858346e+01  
1102      1.48212770852e+05   0.000000e+00   2.610067e+00   2.885236e+01  
1103      1.52006958826e+05   0.000000e+00   2.508122e+00   2.858610e+01  
1104      1.48234431181e+05   0.000000e+00   2.625531e+00   2.885587e+01  
1105      1.52018577640e+05   0.000000e+00   2.523928e+00   2.859463e+01  
1106      1.48264635578e+05   0.000000e+00   2.628671e+00   2.885624e+01  
1107      1.52098283975e+05   0.000000e+00   2.520464e+00   2.859837e+01  
1108      1.48285021884e+05   0.000000e+00   2.614669e+00   2.885535e+01  
1109      1.52230982340e+05   0.000000e+00   2.531319e+00   2.860110e+01  
1110      1.48212520563e+05   0.000000e+00   2.613662e+00   2.886505e+01  
1111      1.52272930673e+05   0.000000e+00   2.540583e+00   2.860507e+01  
1112      1.48210640616e+05   0.000000e+00   2.618403e+00   2.886603e+01  
1113      1.52351234257e+05   0.000000e+00   2.529012e+00   2.861086e+01  
1114      1.48220680481e+05   0.000000e+00   2.612969e+00   2.886736e+01  
1115      1.52391644615e+05   0.000000e+00   2.534484e+00   2.861858e+01  
1116      1.48112264679e+05   0.000000e+00   2.620319e+00   2.887645e+01  
1117      1.52397714932e+05   0.000000e+00   2.527575e+00   2.862850e+01  
1118      1.48134871464e+05   0.000000e+00   2.623406e+00   2.887716e+01  
1119      1.52483987791e+05   0.000000e+00   2.528297e+00   2.862928e+01  
1120      1.47997069920e+05   0.000000e+00   2.633502e+00   2.888549e+01  
1121      1.52507145754e+05   0.000000e+00   2.522077e+00   2.863743e+01  
1122      1.47992801803e+05   0.000000e+00   2.630603e+00   2.889028e+01  
1123      1.52449450648e+05   0.000000e+00   2.535078e+00   2.864692e+01  
1124      1.47779707117e+05   0.000000e+00   2.648476e+00   2.890524e+01  
1125      1.52435779235e+05   0.000000e+00   2.547928e+00   2.865553e+01  
1126      1.47738930190e+05   0.000000e+00   2.661975e+00   2.890996e+01  
1127      1.52413043826e+05   0.000000e+00   2.552794e+00   2.866339e+01  
1128      1.47718235198e+05   0.000000e+00   2.665516e+00   2.891217e+01  
1129      1.52376022682e+05   0.000000e+00   2.562909e+00   2.867435e+01  
1130      1.47625586221e+05   0.000000e+00   2.683641e+00   2.892023e+01  
1131      1.52387591313e+05   0.000000e+00   2.570480e+00   2.868182e+01  
1132      1.47529657541e+05   0.000000e+00   2.660583e+00   2.893020e+01  
1133      1.52472176291e+05   0.000000e+00   2.559599e+00   2.868515e+01  
1134      1.47426563482e+05   0.000000e+00   2.660005e+00   2.893514e+01  
1135      1.52499313569e+05   0.000000e+00   2.550816e+00   2.869141e+01  
1136      1.47302101165e+05   0.000000e+00   2.662778e+00   2.894971e+01  
1137      1.52591078330e+05   0.000000e+00   2.556368e+00   2.869558e+01  
1138      1.47116037921e+05   0.000000e+00   2.668020e+00   2.896354e+01  
1139      1.52616061940e+05   0.000000e+00   2.552902e+00   2.870265e+01  
1140      1.47189676297e+05   0.000000e+00   2.651532e+00   2.896361e+01  
1141      1.52641964902e+05   0.000000e+00   2.533522e+00   2.871185e+01  
1142      1.47089868335e+05   0.000000e+00   2.644708e+00   2.897230e+01  
1143      1.52656611277e+05   0.000000e+00   2.532554e+00   2.872036e+01  
1144      1.47043531782e+05   0.000000e+00   2.659866e+00   2.897718e+01  
1145      1.52648986535e+05   0.000000e+00   2.525595e+00   2.873166e+01  
1146      1.47157997622e+05   0.000000e+00   2.639385e+00   2.897592e+01  
1147      1.52704790345e+05   0.000000e+00   2.517489e+00   2.873678e+01  
1148      1.46940908150e+05   0.000000e+00   2.649107e+00   2.899323e+01  
1149      1.52807171278e+05   0.000000e+00   2.512640e+00   2.873976e+01  
1150      1.46965573971e+05   0.000000e+00   2.651577e+00   2.899846e+01  
1151      1.52649427393e+05   0.000000e+00   2.513811e+00   2.875634e+01  
1152      1.46957295196e+05   0.000000e+00   2.658879e+00   2.900396e+01  
1153      1.52711371849e+05   0.000000e+00   2.500892e+00   2.876197e+01  
1154      1.46986893407e+05   0.000000e+00   2.656273e+00   2.900691e+01  
1155      1.52649571111e+05   0.000000e+00   2.509020e+00   2.877231e+01  
1156      1.46955507167e+05   0.000000e+00   2.654537e+00   2.901316e+01  
1157      1.52571509155e+05   0.000000e+00   2.514734e+00   2.878420e+01  
1158      1.46951364523e+05   0.000000e+00   2.649354e+00   2.901930e+01  
1159      1.52584699363e+05   0.000000e+00   2.515373e+00   2.879010e+01  
1160      1.46888746463e+05   0.000000e+00   2.667808e+00   2.902400e+01  
1161      1.52524922497e+05   0.000000e+00   2.537167e+00   2.880029e+01  
1162      1.46866770542e+05   0.000000e+00   2.669563e+00   2.903114e+01  
1163      1.52489023003e+05   0.000000e+00   2.541618e+00   2.880736e+01  
1164      1.46843138968e+05   0.000000e+00   2.688491e+00   2.903409e+01  
1165      1.52462518004e+05   0.000000e+00   2.541903e+00   2.881606e+01  
1166      1.46849097581e+05   0.000000e+00   2.700906e+00   2.903464e+01  
1167      1.52388071656e+05   0.000000e+00   2.565188e+00   2.882743e+01  
1168      1.46866564808e+05   0.000000e+00   2.714852e+00   2.903429e+01  
1169      1.52317933489e+05   0.000000e+00   2.566645e+00   2.883547e+01  
1170      1.46994592781e+05   0.000000e+00   2.721072e+00   2.902710e+01  
1171      1.52213886122e+05   0.000000e+00   2.578871e+00   2.884652e+01  
1172      1.47015666732e+05   0.000000e+00   2.716320e+00   2.902529e+01  
1173      1.52226785703e+05   0.000000e+00   2.577295e+00   2.885242e+01  
1174      1.47061946990e+05   0.000000e+00   2.720965e+00   2.902265e+01  
1175      1.52169244498e+05   0.000000e+00   2.597461e+00   2.886127e+01  
1176      1.47058811939e+05   0.000000e+00   2.726325e+00   2.902305e+01  
1177      1.52209883383e+05   0.000000e+00   2.593964e+00   2.886490e+01  
1178      1.47130804740e+05   0.000000e+00   2.727185e+00   2.901822e+01  
1179      1.52249423867e+05   0.000000e+00   2.587379e+00   2.886451e+01  
1180      1.47288307237e+05   0.000000e+00   2.717551e+00   2.900822e+01  
1181      1.52245858881e+05   0.000000e+00   2.587889e+00   2.886851e+01  
1182      1.47188678066e+05   0.000000e+00   2.739414e+00   2.901361e+01  
1183      1.52254660390e+05   0.000000e+00   2.604127e+00   2.886718e+01  
1184      1.47282062343e+05   0.000000e+00   2.735170e+00   2.900912e+01  
1185      1.52335251970e+05   0.000000e+00   2.611086e+00   2.886861e+01  
1186      1.47385619394e+05   0.000000e+00   2.734211e+00   2.900115e+01  
1187      1.52282744226e+05   0.000000e+00   2.625159e+00   2.887351e+01  
1188      1.47355752048e+05   0.000000e+00   2.755192e+00   2.899989e+01  
1189      1.52279113517e+05   0.000000e+00   2.649024e+00   2.887688e+01  
1190      1.47332954230e+05   0.000000e+00   2.767373e+00   2.900059e+01  
1191      1.52286599394e+05   0.000000e+00   2.650928e+00   2.887947e+01  
1192      1.47439968710e+05   0.000000e+00   2.774515e+00   2.898945e+01  
1193      1.52202249782e+05   0.000000e+00   2.667208e+00   2.888545e+01  
1194      1.47509033931e+05   0.000000e+00   2.790078e+00   2.898452e+01  
1195      1.52238266770e+05   0.000000e+00   2.669354e+00   2.888431e+01  
1196      1.47507381091e+05   0.000000e+00   2.788126e+00   2.898047e+01  
1197      1.52159714963e+05   0.000000e+00   2.671641e+00   2.888589e+01  
1198      1.47726844237e+05   0.000000e+00   2.774331e+00   2.896323e+01  
1199      1.52099385096e+05   0.000000e+00   2.684220e+00   2.889026e+01  
1200      1.47669470114e+05   0.000000e+00   2.790725e+00   2.896525e+01  
1201      1.52059991093e+05   0.000000e+00   2.692964e+00   2.888922e+01  
1202      1.47836939894e+05   0.000000e+00   2.778844e+00   2.895186e+01  
1203      1.51947056766e+05   0.000000e+00   2.700644e+00   2.889367e+01  
1204      1.47995691446e+05   0.000000e+00   2.772477e+00   2.893819e+01  
1205      1.51873043506e+05   0.000000e+00   2.704885e+00   2.889551e+01  
1206      1.48032459468e+05   0.000000e+00   2.765925e+00   2.893141e+01  
1207      1.51798876739e+05   0.000000e+00   2.699790e+00   2.889946e+01  
1208      1.48082577527e+05   0.000000e+00   2.776173e+00   2.892206e+01  
1209      1.51585030832e+05   0.000000e+00   2.711992e+00   2.890969e+01  
1210      1.48121971571e+05   0.000000e+00   2.788245e+00   2.891349e+01  
1211      1.51537559921e+05   0.000000e+00   2.706998e+00   2.891357e+01  
1212      1.48149665361e+05   0.000000e+00   2.798237e+00   2.890400e+01  
1213      1.51461861041e+05   0.000000e+00   2.729246e+00   2.891560e+01  
1214      1.48059230158e+05   0.000000e+00   2.816307e+00   2.890518e+01  
1215      1.51399689132e+05   0.000000e+00   2.732914e+00   2.891962e+01  
1216      1.48112651995e+05   0.000000e+00   2.822072e+00   2.889575e+01  
1217      1.51308624307e+05   0.000000e+00   2.728642e+00   2.892312e+01  
1218      1.48137200518e+05   0.000000e+00   2.821986e+00   2.888564e+01  
1219      1.51255844839e+05   0.000000e+00   2.739102e+00   2.892506e+01  
1220      1.48198918726e+05   0.000000e+00   2.827936e+00   2.887483e+01  
1221      1.51081343337e+05   0.000000e+00   2.755550e+00   2.893541e+01  
1222      1.48231573116e+05   0.000000e+00   2.841631e+00   2.886611e+01  
1223      1.50930845035e+05   0.000000e+00   2.785406e+00   2.894618e+01  
1224      1.48262620672e+05   0.000000e+00   2.837183e+00   2.885481e+01  
1225      1.50979962415e+05   0.000000e+00   2.776704e+00   2.894512e+01  
1226      1.48270094044e+05   0.000000e+00   2.836110e+00   2.885009e+01  
1227      1.50796452742e+05   0.000000e+00   2.802726e+00   2.895426e+01  
1228      1.48224009296e+05   0.000000e+00   2.855964e+00   2.884734e+01  
1229      1.50750131747e+05   0.000000e+00   2.804890e+00   2.895725e+01  
1230      1.48316243776e+05   0.000000e+00   2.841064e+00   2.883977e+01  
1231      1.50735892512e+05   0.000000e+00   2.802065e+00   2.895861e+01  
1232      1.48256433048e+05   0.000000e+00   2.854089e+00   2.883854e+01  
1233      1.50587593356e+05   0.000000e+00   2.828408e+00   2.896801e+01  
1234      1.48241858234e+05   0.000000e+00   2.865968e+00   2.883816e+01  
1235      1.50576177957e+05   0.000000e+00   2.825100e+00   2.896747e+01  
1236      1.48209650478e+05   0.000000e+00   2.860432e+00   2.883993e+01  
1237      1.50526798734e+05   0.000000e+00   2.834898e+00   2.896722e+01  
1238      1.48312814491e+05   0.000000e+00   2.863836e+00   2.883323e+01  
1239      1.50507890867e+05   0.000000e+00   2.821452e+00   2.896928e+01  
1240      1.48344545586e+05   0.000000e+00   2.865164e+00   2.883246e+01  
1241      1.50390653421e+05   0.000000e+00   2.842085e+00   2.897395e+01  
1242      1.48276080632e+05   0.000000e+00   2.883391e+00   2.883918e+01  
1243      1.50445350931e+05   0.000000e+00   2.830973e+00   2.896980e+01  
1244      1.48487214901e+05   0.000000e+00   2.876951e+00   2.882708e+01  
1245      1.50276873559e+05   0.000000e+00   2.825344e+00   2.897711e+01  
1246      1.48573199559e+05   0.000000e+00   2.879767e+00   2.882323e+01  
1247      1.50313886063e+05   0.000000e+00   2.816639e+00   2.897360e+01  
1248      1.48696562363e+05   0.000000e+00   2.880511e+00   2.881868e+01  
1249      1.50176280522e+05   0.000000e+00   2.828365e+00   2.897938e+01  
1250      1.48851777644e+05   0.000000e+00   2.878529e+00   2.881120e+01  
-------------------------------------------------------------------

Initialization/allocation wall-clock time: 2.804 seconds
Calculation (iterations) wall-clock time : 251.621 seconds

