
**********************************************
Real-time propagation in 3D, OPTION = 2
MPI nodes = 8, OMP threads = 16, cores = 128
**********************************************

Interactions
Contact: Natoms = 1.50000000000e+05, as = 8.700000e+01 * a0, G = 1.562940e+04, G * par = 3.125880e+04
Three-body: K3 =  0.000000e+00, g3 = 0.000000e+00
Regular DDI: add = 1.101000e+02 * a0, GD = 4.721954e+03, GD * par = 9.443909e+03, edd = 1.265517e+00
     Dipolar cutoff Rcut = 9.866488e+00, Lcut = 2.777575e+02

QF = 1: h2 = 1.965575e+05, h4 = 0.000000e+00
        q3 = 0.000000e+00, q5 = 3.573190e+00

GRAD = 0

Trap parameters:
GAMMA = 0.000000e+00, NU = 0.000000e+00, LAMBDA = 0.000000e+00
Parameters of rotation: OMEGA = 0.000000e+00, OMEGA * par = 0.000000e+00

Space discretization: NX = 128, NY = 128, NZ = 128
                      DX = 4.339961e+00, DY = 1.541639e-01, DZ = 1.541639e-01
      Unit of length: aho = 5.552380e-07 m

Time discretization: NITER = 2500 (NSNAP = 1250)
                     DT = 1.188325e-02

Initial state: file ./imag3d-finalpsi.bin
ADD_VORTICES = 0, ADD_RANDOM_PHASE = 0


MUREL = 1.000000e-12, MUEND=1.000000e+05

-------------------------------------------------------------------
Snap      <r>            <x>            <y>            <z>
-------------------------------------------------------------------
0         2.779708e+01   2.776189e+01   9.886079e-01   9.886079e-01  
1         2.779706e+01   2.776189e+01   9.884402e-01   9.884402e-01  
2         2.779705e+01   2.776189e+01   9.882500e-01   9.882500e-01  
3         2.779703e+01   2.776189e+01   9.880378e-01   9.880378e-01  
4         2.779702e+01   2.776189e+01   9.878038e-01   9.878038e-01  
5         2.779700e+01   2.776189e+01   9.875487e-01   9.875487e-01  
6         2.779697e+01   2.776189e+01   9.872730e-01   9.872730e-01  
7         2.779695e+01   2.776188e+01   9.869774e-01   9.869774e-01  
8         2.779693e+01   2.776188e+01   9.866629e-01   9.866629e-01  
9         2.779690e+01   2.776188e+01   9.863303e-01   9.863303e-01  
10        2.779687e+01   2.776188e+01   9.859809e-01   9.859809e-01  
11        2.779684e+01   2.776187e+01   9.856158e-01   9.856158e-01  
12        2.779681e+01   2.776187e+01   9.852363e-01   9.852363e-01  
13        2.779678e+01   2.776186e+01   9.848440e-01   9.848440e-01  
14        2.779675e+01   2.776186e+01   9.844403e-01   9.844403e-01  
15        2.779671e+01   2.776186e+01   9.840269e-01   9.840269e-01  
16        2.779668e+01   2.776185e+01   9.836055e-01   9.836055e-01  
17        2.779664e+01   2.776185e+01   9.831779e-01   9.831779e-01  
18        2.779661e+01   2.776184e+01   9.827459e-01   9.827459e-01  
19        2.779658e+01   2.776184e+01   9.823113e-01   9.823113e-01  
20        2.779654e+01   2.776184e+01   9.818760e-01   9.818760e-01  
21        2.779651e+01   2.776183e+01   9.814418e-01   9.814418e-01  
22        2.779647e+01   2.776183e+01   9.810105e-01   9.810105e-01  
23        2.779644e+01   2.776183e+01   9.805838e-01   9.805838e-01  
24        2.779641e+01   2.776182e+01   9.801634e-01   9.801634e-01  
25        2.779638e+01   2.776182e+01   9.797509e-01   9.797509e-01  
26        2.779635e+01   2.776182e+01   9.793478e-01   9.793478e-01  
27        2.779632e+01   2.776182e+01   9.789555e-01   9.789555e-01  
28        2.779629e+01   2.776182e+01   9.785754e-01   9.785754e-01  
29        2.779626e+01   2.776182e+01   9.782084e-01   9.782084e-01  
30        2.779624e+01   2.776182e+01   9.778559e-01   9.778559e-01  
31        2.779621e+01   2.776182e+01   9.775188e-01   9.775188e-01  
32        2.779619e+01   2.776182e+01   9.771978e-01   9.771978e-01  
33        2.779617e+01   2.776182e+01   9.768940e-01   9.768940e-01  
34        2.779615e+01   2.776182e+01   9.766077e-01   9.766077e-01  
35        2.779614e+01   2.776182e+01   9.763398e-01   9.763398e-01  
36        2.779612e+01   2.776182e+01   9.760906e-01   9.760906e-01  
37        2.779611e+01   2.776183e+01   9.758606e-01   9.758606e-01  
38        2.779610e+01   2.776183e+01   9.756499e-01   9.756499e-01  
39        2.779609e+01   2.776184e+01   9.754590e-01   9.754590e-01  
40        2.779608e+01   2.776184e+01   9.752878e-01   9.752878e-01  
41        2.779608e+01   2.776185e+01   9.751365e-01   9.751365e-01  
42        2.779607e+01   2.776185e+01   9.750050e-01   9.750050e-01  
43        2.779607e+01   2.776186e+01   9.748933e-01   9.748933e-01  
44        2.779607e+01   2.776186e+01   9.748012e-01   9.748012e-01  
45        2.779607e+01   2.776187e+01   9.747286e-01   9.747286e-01  
46        2.779608e+01   2.776188e+01   9.746751e-01   9.746751e-01  
47        2.779608e+01   2.776189e+01   9.746405e-01   9.746405e-01  
48        2.779609e+01   2.776190e+01   9.746245e-01   9.746245e-01  
49        2.779610e+01   2.776190e+01   9.746265e-01   9.746265e-01  
50        2.779611e+01   2.776191e+01   9.746462e-01   9.746462e-01  
51        2.779612e+01   2.776192e+01   9.746831e-01   9.746831e-01  
52        2.779614e+01   2.776193e+01   9.747366e-01   9.747366e-01  
53        2.779615e+01   2.776194e+01   9.748064e-01   9.748064e-01  
54        2.779617e+01   2.776195e+01   9.748917e-01   9.748917e-01  
55        2.779618e+01   2.776196e+01   9.749919e-01   9.749919e-01  
56        2.779620e+01   2.776197e+01   9.751066e-01   9.751066e-01  
57        2.779622e+01   2.776199e+01   9.752349e-01   9.752349e-01  
58        2.779624e+01   2.776200e+01   9.753764e-01   9.753764e-01  
59        2.779627e+01   2.776201e+01   9.755302e-01   9.755302e-01  
60        2.779629e+01   2.776202e+01   9.756958e-01   9.756958e-01  
61        2.779631e+01   2.776203e+01   9.758723e-01   9.758723e-01  
62        2.779634e+01   2.776204e+01   9.760593e-01   9.760593e-01  
63        2.779637e+01   2.776206e+01   9.762558e-01   9.762558e-01  
64        2.779639e+01   2.776207e+01   9.764612e-01   9.764612e-01  
65        2.779642e+01   2.776208e+01   9.766748e-01   9.766748e-01  
66        2.779645e+01   2.776209e+01   9.768959e-01   9.768959e-01  
67        2.779648e+01   2.776211e+01   9.771237e-01   9.771237e-01  
68        2.779650e+01   2.776212e+01   9.773576e-01   9.773576e-01  
69        2.779653e+01   2.776213e+01   9.775969e-01   9.775969e-01  
70        2.779656e+01   2.776214e+01   9.778408e-01   9.778408e-01  
71        2.779659e+01   2.776216e+01   9.780886e-01   9.780886e-01  
72        2.779662e+01   2.776217e+01   9.783397e-01   9.783397e-01  
73        2.779666e+01   2.776218e+01   9.785935e-01   9.785935e-01  
74        2.779669e+01   2.776219e+01   9.788492e-01   9.788492e-01  
75        2.779672e+01   2.776221e+01   9.791063e-01   9.791063e-01  
76        2.779675e+01   2.776222e+01   9.793640e-01   9.793640e-01  
77        2.779678e+01   2.776223e+01   9.796218e-01   9.796218e-01  
78        2.779681e+01   2.776224e+01   9.798791e-01   9.798791e-01  
79        2.779684e+01   2.776226e+01   9.801353e-01   9.801353e-01  
80        2.779687e+01   2.776227e+01   9.803899e-01   9.803899e-01  
81        2.779690e+01   2.776228e+01   9.806423e-01   9.806423e-01  
82        2.779693e+01   2.776229e+01   9.808920e-01   9.808920e-01  
83        2.779696e+01   2.776231e+01   9.811384e-01   9.811384e-01  
84        2.779699e+01   2.776232e+01   9.813812e-01   9.813812e-01  
85        2.779702e+01   2.776233e+01   9.816198e-01   9.816198e-01  
86        2.779704e+01   2.776234e+01   9.818538e-01   9.818538e-01  
87        2.779707e+01   2.776235e+01   9.820827e-01   9.820827e-01  
88        2.779710e+01   2.776236e+01   9.823062e-01   9.823062e-01  
89        2.779712e+01   2.776237e+01   9.825239e-01   9.825239e-01  
90        2.779715e+01   2.776239e+01   9.827354e-01   9.827354e-01  
91        2.779718e+01   2.776240e+01   9.829404e-01   9.829404e-01  
92        2.779720e+01   2.776241e+01   9.831385e-01   9.831385e-01  
93        2.779723e+01   2.776242e+01   9.833295e-01   9.833295e-01  
94        2.779725e+01   2.776243e+01   9.835131e-01   9.835131e-01  
95        2.779727e+01   2.776244e+01   9.836891e-01   9.836891e-01  
96        2.779729e+01   2.776245e+01   9.838571e-01   9.838571e-01  
97        2.779731e+01   2.776246e+01   9.840170e-01   9.840170e-01  
98        2.779734e+01   2.776247e+01   9.841686e-01   9.841686e-01  
99        2.779736e+01   2.776248e+01   9.843117e-01   9.843117e-01  
100       2.779737e+01   2.776249e+01   9.844462e-01   9.844462e-01  
101       2.779739e+01   2.776250e+01   9.845719e-01   9.845719e-01  
102       2.779741e+01   2.776251e+01   9.846888e-01   9.846888e-01  
103       2.779743e+01   2.776252e+01   9.847966e-01   9.847966e-01  
104       2.779744e+01   2.776253e+01   9.848955e-01   9.848955e-01  
105       2.779746e+01   2.776253e+01   9.849852e-01   9.849852e-01  
106       2.779747e+01   2.776254e+01   9.850659e-01   9.850659e-01  
107       2.779749e+01   2.776255e+01   9.851375e-01   9.851375e-01  
108       2.779750e+01   2.776256e+01   9.851999e-01   9.851999e-01  
109       2.779751e+01   2.776257e+01   9.852533e-01   9.852533e-01  
110       2.779752e+01   2.776258e+01   9.852976e-01   9.852976e-01  
111       2.779753e+01   2.776259e+01   9.853330e-01   9.853330e-01  
112       2.779754e+01   2.776259e+01   9.853595e-01   9.853595e-01  
113       2.779755e+01   2.776260e+01   9.853772e-01   9.853772e-01  
114       2.779756e+01   2.776261e+01   9.853863e-01   9.853863e-01  
115       2.779757e+01   2.776262e+01   9.853868e-01   9.853868e-01  
116       2.779758e+01   2.776263e+01   9.853789e-01   9.853789e-01  
117       2.779759e+01   2.776263e+01   9.853628e-01   9.853628e-01  
118       2.779759e+01   2.776264e+01   9.853387e-01   9.853387e-01  
119       2.779760e+01   2.776265e+01   9.853067e-01   9.853067e-01  
120       2.779760e+01   2.776266e+01   9.852670e-01   9.852670e-01  
121       2.779761e+01   2.776267e+01   9.852199e-01   9.852199e-01  
122       2.779761e+01   2.776267e+01   9.851656e-01   9.851656e-01  
123       2.779761e+01   2.776268e+01   9.851042e-01   9.851042e-01  
124       2.779762e+01   2.776269e+01   9.850361e-01   9.850361e-01  
125       2.779762e+01   2.776270e+01   9.849615e-01   9.849615e-01  
126       2.779762e+01   2.776270e+01   9.848806e-01   9.848806e-01  
127       2.779762e+01   2.776271e+01   9.847937e-01   9.847937e-01  
128       2.779762e+01   2.776272e+01   9.847011e-01   9.847011e-01  
129       2.779763e+01   2.776273e+01   9.846031e-01   9.846031e-01  
130       2.779763e+01   2.776274e+01   9.844999e-01   9.844999e-01  
131       2.779763e+01   2.776274e+01   9.843920e-01   9.843920e-01  
132       2.779763e+01   2.776275e+01   9.842797e-01   9.842797e-01  
133       2.779763e+01   2.776276e+01   9.841632e-01   9.841632e-01  
134       2.779763e+01   2.776277e+01   9.840430e-01   9.840430e-01  
135       2.779763e+01   2.776278e+01   9.839194e-01   9.839194e-01  
136       2.779763e+01   2.776279e+01   9.837927e-01   9.837927e-01  
137       2.779763e+01   2.776280e+01   9.836634e-01   9.836634e-01  
138       2.779763e+01   2.776280e+01   9.835318e-01   9.835318e-01  
139       2.779763e+01   2.776281e+01   9.833983e-01   9.833983e-01  
140       2.779763e+01   2.776282e+01   9.832632e-01   9.832632e-01  
141       2.779762e+01   2.776283e+01   9.831268e-01   9.831268e-01  
142       2.779762e+01   2.776284e+01   9.829895e-01   9.829895e-01  
143       2.779763e+01   2.776285e+01   9.828517e-01   9.828517e-01  
144       2.779763e+01   2.776286e+01   9.827136e-01   9.827136e-01  
145       2.779763e+01   2.776287e+01   9.825756e-01   9.825756e-01  
146       2.779763e+01   2.776288e+01   9.824380e-01   9.824380e-01  
147       2.779763e+01   2.776289e+01   9.823011e-01   9.823011e-01  
148       2.779763e+01   2.776291e+01   9.821650e-01   9.821650e-01  
149       2.779763e+01   2.776292e+01   9.820301e-01   9.820301e-01  
150       2.779763e+01   2.776293e+01   9.818967e-01   9.818967e-01  
151       2.779764e+01   2.776294e+01   9.817650e-01   9.817650e-01  
152       2.779764e+01   2.776295e+01   9.816351e-01   9.816351e-01  
153       2.779764e+01   2.776296e+01   9.815074e-01   9.815074e-01  
154       2.779764e+01   2.776298e+01   9.813820e-01   9.813820e-01  
155       2.779765e+01   2.776299e+01   9.812592e-01   9.812592e-01  
156       2.779765e+01   2.776300e+01   9.811393e-01   9.811393e-01  
157       2.779766e+01   2.776301e+01   9.810224e-01   9.810224e-01  
158       2.779766e+01   2.776303e+01   9.809089e-01   9.809089e-01  
159       2.779767e+01   2.776304e+01   9.807989e-01   9.807989e-01  
160       2.779768e+01   2.776306e+01   9.806927e-01   9.806927e-01  
161       2.779768e+01   2.776307e+01   9.805906e-01   9.805906e-01  
162       2.779769e+01   2.776309e+01   9.804927e-01   9.804927e-01  
163       2.779770e+01   2.776310e+01   9.803993e-01   9.803993e-01  
164       2.779771e+01   2.776312e+01   9.803106e-01   9.803106e-01  
165       2.779772e+01   2.776313e+01   9.802269e-01   9.802269e-01  
166       2.779773e+01   2.776315e+01   9.801484e-01   9.801484e-01  
167       2.779774e+01   2.776316e+01   9.800752e-01   9.800752e-01  
168       2.779775e+01   2.776318e+01   9.800075e-01   9.800075e-01  
169       2.779776e+01   2.776320e+01   9.799455e-01   9.799455e-01  
170       2.779778e+01   2.776321e+01   9.798894e-01   9.798894e-01  
171       2.779779e+01   2.776323e+01   9.798392e-01   9.798392e-01  
172       2.779780e+01   2.776325e+01   9.797952e-01   9.797952e-01  
173       2.779782e+01   2.776327e+01   9.797573e-01   9.797573e-01  
174       2.779784e+01   2.776328e+01   9.797257e-01   9.797257e-01  
175       2.779785e+01   2.776330e+01   9.797003e-01   9.797003e-01  
176       2.779787e+01   2.776332e+01   9.796811e-01   9.796811e-01  
177       2.779789e+01   2.776334e+01   9.796682e-01   9.796682e-01  
178       2.779791e+01   2.776336e+01   9.796615e-01   9.796615e-01  
179       2.779793e+01   2.776338e+01   9.796607e-01   9.796607e-01  
180       2.779795e+01   2.776340e+01   9.796660e-01   9.796660e-01  
181       2.779797e+01   2.776342e+01   9.796770e-01   9.796770e-01  
182       2.779799e+01   2.776344e+01   9.796937e-01   9.796937e-01  
183       2.779801e+01   2.776346e+01   9.797159e-01   9.797159e-01  
184       2.779804e+01   2.776348e+01   9.797433e-01   9.797433e-01  
185       2.779806e+01   2.776350e+01   9.797758e-01   9.797758e-01  
186       2.779808e+01   2.776353e+01   9.798133e-01   9.798133e-01  
187       2.779811e+01   2.776355e+01   9.798555e-01   9.798555e-01  
188       2.779813e+01   2.776357e+01   9.799023e-01   9.799023e-01  
189       2.779816e+01   2.776359e+01   9.799534e-01   9.799534e-01  
190       2.779818e+01   2.776361e+01   9.800087e-01   9.800087e-01  
191       2.779821e+01   2.776364e+01   9.800681e-01   9.800681e-01  
192       2.779824e+01   2.776366e+01   9.801313e-01   9.801313e-01  
193       2.779826e+01   2.776368e+01   9.801983e-01   9.801983e-01  
194       2.779829e+01   2.776370e+01   9.802688e-01   9.802688e-01  
195       2.779832e+01   2.776373e+01   9.803428e-01   9.803428e-01  
196       2.779835e+01   2.776375e+01   9.804200e-01   9.804200e-01  
197       2.779838e+01   2.776377e+01   9.805004e-01   9.805004e-01  
198       2.779841e+01   2.776379e+01   9.805837e-01   9.805837e-01  
199       2.779844e+01   2.776382e+01   9.806698e-01   9.806698e-01  
200       2.779847e+01   2.776384e+01   9.807585e-01   9.807585e-01  
201       2.779850e+01   2.776387e+01   9.808495e-01   9.808495e-01  
202       2.779853e+01   2.776389e+01   9.809428e-01   9.809428e-01  
203       2.779856e+01   2.776391e+01   9.810379e-01   9.810379e-01  
204       2.779859e+01   2.776394e+01   9.811348e-01   9.811348e-01  
205       2.779862e+01   2.776396e+01   9.812330e-01   9.812330e-01  
206       2.779865e+01   2.776398e+01   9.813324e-01   9.813324e-01  
207       2.779868e+01   2.776401e+01   9.814326e-01   9.814326e-01  
208       2.779871e+01   2.776403e+01   9.815333e-01   9.815333e-01  
209       2.779874e+01   2.776406e+01   9.816343e-01   9.816343e-01  
210       2.779877e+01   2.776408e+01   9.817352e-01   9.817352e-01  
211       2.779880e+01   2.776410e+01   9.818357e-01   9.818357e-01  
212       2.779883e+01   2.776413e+01   9.819355e-01   9.819355e-01  
213       2.779886e+01   2.776415e+01   9.820343e-01   9.820343e-01  
214       2.779889e+01   2.776417e+01   9.821319e-01   9.821319e-01  
215       2.779892e+01   2.776420e+01   9.822279e-01   9.822279e-01  
216       2.779895e+01   2.776422e+01   9.823221e-01   9.823221e-01  
217       2.779898e+01   2.776424e+01   9.824142e-01   9.824142e-01  
218       2.779901e+01   2.776427e+01   9.825041e-01   9.825041e-01  
219       2.779904e+01   2.776429e+01   9.825916e-01   9.825916e-01  
220       2.779907e+01   2.776431e+01   9.826766e-01   9.826766e-01  
221       2.779910e+01   2.776434e+01   9.827588e-01   9.827588e-01  
222       2.779913e+01   2.776436e+01   9.828382e-01   9.828382e-01  
223       2.779916e+01   2.776438e+01   9.829146e-01   9.829146e-01  
224       2.779918e+01   2.776440e+01   9.829879e-01   9.829879e-01  
225       2.779921e+01   2.776443e+01   9.830580e-01   9.830580e-01  
226       2.779924e+01   2.776445e+01   9.831249e-01   9.831249e-01  
227       2.779926e+01   2.776447e+01   9.831886e-01   9.831886e-01  
228       2.779929e+01   2.776449e+01   9.832489e-01   9.832489e-01  
229       2.779931e+01   2.776451e+01   9.833058e-01   9.833058e-01  
230       2.779934e+01   2.776453e+01   9.833594e-01   9.833594e-01  
231       2.779936e+01   2.776455e+01   9.834097e-01   9.834097e-01  
232       2.779939e+01   2.776457e+01   9.834565e-01   9.834565e-01  
233       2.779941e+01   2.776459e+01   9.835000e-01   9.835000e-01  
234       2.779943e+01   2.776461e+01   9.835401e-01   9.835401e-01  
235       2.779946e+01   2.776463e+01   9.835767e-01   9.835767e-01  
236       2.779948e+01   2.776465e+01   9.836100e-01   9.836100e-01  
237       2.779950e+01   2.776467e+01   9.836399e-01   9.836399e-01  
238       2.779952e+01   2.776469e+01   9.836664e-01   9.836664e-01  
239       2.779954e+01   2.776471e+01   9.836895e-01   9.836895e-01  
240       2.779956e+01   2.776473e+01   9.837093e-01   9.837093e-01  
241       2.779958e+01   2.776475e+01   9.837258e-01   9.837258e-01  
242       2.779960e+01   2.776477e+01   9.837390e-01   9.837390e-01  
243       2.779962e+01   2.776478e+01   9.837490e-01   9.837490e-01  
244       2.779964e+01   2.776480e+01   9.837557e-01   9.837557e-01  
245       2.779965e+01   2.776482e+01   9.837593e-01   9.837593e-01  
246       2.779967e+01   2.776484e+01   9.837597e-01   9.837597e-01  
247       2.779969e+01   2.776485e+01   9.837571e-01   9.837571e-01  
248       2.779970e+01   2.776487e+01   9.837514e-01   9.837514e-01  
249       2.779972e+01   2.776489e+01   9.837427e-01   9.837427e-01  
250       2.779974e+01   2.776490e+01   9.837311e-01   9.837311e-01  
251       2.779975e+01   2.776492e+01   9.837167e-01   9.837167e-01  
252       2.779977e+01   2.776494e+01   9.836996e-01   9.836996e-01  
253       2.779978e+01   2.776495e+01   9.836798e-01   9.836798e-01  
254       2.779979e+01   2.776497e+01   9.836575e-01   9.836575e-01  
255       2.779981e+01   2.776498e+01   9.836327e-01   9.836327e-01  
256       2.779982e+01   2.776500e+01   9.836056e-01   9.836056e-01  
257       2.779984e+01   2.776501e+01   9.835762e-01   9.835762e-01  
258       2.779985e+01   2.776503e+01   9.835447e-01   9.835447e-01  
259       2.779986e+01   2.776504e+01   9.835111e-01   9.835111e-01  
260       2.779987e+01   2.776506e+01   9.834755e-01   9.834755e-01  
261       2.779989e+01   2.776507e+01   9.834381e-01   9.834381e-01  
262       2.779990e+01   2.776509e+01   9.833988e-01   9.833988e-01  
263       2.779991e+01   2.776510e+01   9.833579e-01   9.833579e-01  
264       2.779992e+01   2.776512e+01   9.833153e-01   9.833153e-01  
265       2.779993e+01   2.776513e+01   9.832712e-01   9.832712e-01  
266       2.779994e+01   2.776515e+01   9.832255e-01   9.832255e-01  
267       2.779996e+01   2.776516e+01   9.831785e-01   9.831785e-01  
268       2.779997e+01   2.776518e+01   9.831300e-01   9.831300e-01  
269       2.779998e+01   2.776519e+01   9.830801e-01   9.830801e-01  
270       2.779999e+01   2.776521e+01   9.830289e-01   9.830289e-01  
271       2.780000e+01   2.776522e+01   9.829763e-01   9.829763e-01  
272       2.780001e+01   2.776524e+01   9.829223e-01   9.829223e-01  
273       2.780002e+01   2.776525e+01   9.828670e-01   9.828670e-01  
274       2.780003e+01   2.776526e+01   9.828103e-01   9.828103e-01  
275       2.780004e+01   2.776528e+01   9.827523e-01   9.827523e-01  
276       2.780005e+01   2.776529e+01   9.826929e-01   9.826929e-01  
277       2.780006e+01   2.776531e+01   9.826322e-01   9.826322e-01  
278       2.780007e+01   2.776532e+01   9.825701e-01   9.825701e-01  
279       2.780008e+01   2.776534e+01   9.825068e-01   9.825068e-01  
280       2.780009e+01   2.776535e+01   9.824423e-01   9.824423e-01  
281       2.780010e+01   2.776537e+01   9.823767e-01   9.823767e-01  
282       2.780011e+01   2.776538e+01   9.823101e-01   9.823101e-01  
283       2.780012e+01   2.776540e+01   9.822425e-01   9.822425e-01  
284       2.780013e+01   2.776541e+01   9.821741e-01   9.821741e-01  
285       2.780014e+01   2.776543e+01   9.821050e-01   9.821050e-01  
286       2.780015e+01   2.776544e+01   9.820353e-01   9.820353e-01  
287       2.780016e+01   2.776546e+01   9.819653e-01   9.819653e-01  
288       2.780017e+01   2.776547e+01   9.818951e-01   9.818951e-01  
289       2.780018e+01   2.776549e+01   9.818248e-01   9.818248e-01  
290       2.780020e+01   2.776550e+01   9.817548e-01   9.817548e-01  
291       2.780021e+01   2.776552e+01   9.816850e-01   9.816850e-01  
292       2.780022e+01   2.776553e+01   9.816159e-01   9.816159e-01  
293       2.780023e+01   2.776555e+01   9.815475e-01   9.815475e-01  
294       2.780024e+01   2.776557e+01   9.814800e-01   9.814800e-01  
295       2.780025e+01   2.776558e+01   9.814138e-01   9.814138e-01  
296       2.780026e+01   2.776560e+01   9.813491e-01   9.813491e-01  
297       2.780027e+01   2.776562e+01   9.812859e-01   9.812859e-01  
298       2.780029e+01   2.776563e+01   9.812247e-01   9.812247e-01  
299       2.780030e+01   2.776565e+01   9.811655e-01   9.811655e-01  
300       2.780031e+01   2.776567e+01   9.811087e-01   9.811087e-01  
301       2.780033e+01   2.776568e+01   9.810543e-01   9.810543e-01  
302       2.780034e+01   2.776570e+01   9.810027e-01   9.810027e-01  
303       2.780035e+01   2.776572e+01   9.809540e-01   9.809540e-01  
304       2.780037e+01   2.776574e+01   9.809085e-01   9.809085e-01  
305       2.780039e+01   2.776576e+01   9.808662e-01   9.808662e-01  
306       2.780040e+01   2.776578e+01   9.808274e-01   9.808274e-01  
307       2.780042e+01   2.776579e+01   9.807921e-01   9.807921e-01  
308       2.780044e+01   2.776581e+01   9.807606e-01   9.807606e-01  
309       2.780045e+01   2.776583e+01   9.807329e-01   9.807329e-01  
310       2.780047e+01   2.776585e+01   9.807093e-01   9.807093e-01  
311       2.780049e+01   2.776588e+01   9.806897e-01   9.806897e-01  
312       2.780051e+01   2.776590e+01   9.806744e-01   9.806744e-01  
313       2.780053e+01   2.776592e+01   9.806633e-01   9.806633e-01  
314       2.780055e+01   2.776594e+01   9.806566e-01   9.806566e-01  
315       2.780058e+01   2.776596e+01   9.806543e-01   9.806543e-01  
316       2.780060e+01   2.776598e+01   9.806564e-01   9.806564e-01  
317       2.780062e+01   2.776601e+01   9.806629e-01   9.806629e-01  
318       2.780065e+01   2.776603e+01   9.806739e-01   9.806739e-01  
319       2.780067e+01   2.776606e+01   9.806893e-01   9.806893e-01  
320       2.780070e+01   2.776608e+01   9.807090e-01   9.807090e-01  
321       2.780073e+01   2.776611e+01   9.807332e-01   9.807332e-01  
322       2.780075e+01   2.776613e+01   9.807617e-01   9.807617e-01  
323       2.780078e+01   2.776616e+01   9.807944e-01   9.807944e-01  
324       2.780081e+01   2.776619e+01   9.808313e-01   9.808313e-01  
325       2.780084e+01   2.776621e+01   9.808723e-01   9.808723e-01  
326       2.780087e+01   2.776624e+01   9.809171e-01   9.809171e-01  
327       2.780091e+01   2.776627e+01   9.809657e-01   9.809657e-01  
328       2.780094e+01   2.776630e+01   9.810178e-01   9.810178e-01  
329       2.780097e+01   2.776633e+01   9.810733e-01   9.810733e-01  
330       2.780101e+01   2.776636e+01   9.811319e-01   9.811319e-01  
331       2.780104e+01   2.776639e+01   9.811934e-01   9.811934e-01  
332       2.780108e+01   2.776642e+01   9.812577e-01   9.812577e-01  
333       2.780112e+01   2.776646e+01   9.813243e-01   9.813243e-01  
334       2.780115e+01   2.776649e+01   9.813932e-01   9.813932e-01  
335       2.780119e+01   2.776652e+01   9.814641e-01   9.814641e-01  
336       2.780123e+01   2.776656e+01   9.815366e-01   9.815366e-01  
337       2.780127e+01   2.776659e+01   9.816106e-01   9.816106e-01  
338       2.780131e+01   2.776663e+01   9.816859e-01   9.816859e-01  
339       2.780135e+01   2.776666e+01   9.817621e-01   9.817621e-01  
340       2.780139e+01   2.776670e+01   9.818390e-01   9.818390e-01  
341       2.780144e+01   2.776673e+01   9.819165e-01   9.819165e-01  
342       2.780148e+01   2.776677e+01   9.819942e-01   9.819942e-01  
343       2.780152e+01   2.776681e+01   9.820720e-01   9.820720e-01  
344       2.780157e+01   2.776685e+01   9.821497e-01   9.821497e-01  
345       2.780161e+01   2.776689e+01   9.822270e-01   9.822270e-01  
346       2.780166e+01   2.776693e+01   9.823038e-01   9.823038e-01  
347       2.780170e+01   2.776697e+01   9.823799e-01   9.823799e-01  
348       2.780175e+01   2.776701e+01   9.824551e-01   9.824551e-01  
349       2.780179e+01   2.776705e+01   9.825292e-01   9.825292e-01  
350       2.780184e+01   2.776709e+01   9.826022e-01   9.826022e-01  
351       2.780189e+01   2.776713e+01   9.826738e-01   9.826738e-01  
352       2.780194e+01   2.776718e+01   9.827440e-01   9.827440e-01  
353       2.780198e+01   2.776722e+01   9.828125e-01   9.828125e-01  
354       2.780203e+01   2.776726e+01   9.828792e-01   9.828792e-01  
355       2.780208e+01   2.776731e+01   9.829441e-01   9.829441e-01  
356       2.780213e+01   2.776735e+01   9.830069e-01   9.830069e-01  
357       2.780218e+01   2.776740e+01   9.830676e-01   9.830676e-01  
358       2.780223e+01   2.776744e+01   9.831260e-01   9.831260e-01  
359       2.780228e+01   2.776749e+01   9.831820e-01   9.831820e-01  
360       2.780233e+01   2.776753e+01   9.832353e-01   9.832353e-01  
361       2.780238e+01   2.776758e+01   9.832859e-01   9.832859e-01  
362       2.780243e+01   2.776763e+01   9.833337e-01   9.833337e-01  
363       2.780248e+01   2.776767e+01   9.833783e-01   9.833783e-01  
364       2.780253e+01   2.776772e+01   9.834197e-01   9.834197e-01  
365       2.780258e+01   2.776777e+01   9.834576e-01   9.834576e-01  
366       2.780263e+01   2.776781e+01   9.834919e-01   9.834919e-01  
367       2.780268e+01   2.776786e+01   9.835224e-01   9.835224e-01  
368       2.780272e+01   2.776791e+01   9.835489e-01   9.835489e-01  
369       2.780277e+01   2.776796e+01   9.835712e-01   9.835712e-01  
370       2.780282e+01   2.776800e+01   9.835892e-01   9.835892e-01  
371       2.780287e+01   2.776805e+01   9.836026e-01   9.836026e-01  
372       2.780292e+01   2.776810e+01   9.836112e-01   9.836112e-01  
373       2.780297e+01   2.776815e+01   9.836150e-01   9.836150e-01  
374       2.780301e+01   2.776819e+01   9.836138e-01   9.836138e-01  
375       2.780306e+01   2.776824e+01   9.836075e-01   9.836075e-01  
376       2.780310e+01   2.776829e+01   9.835959e-01   9.835959e-01  
377       2.780315e+01   2.776833e+01   9.835791e-01   9.835791e-01  
378       2.780319e+01   2.776838e+01   9.835570e-01   9.835570e-01  
379       2.780324e+01   2.776842e+01   9.835297e-01   9.835297e-01  
380       2.780328e+01   2.776847e+01   9.834971e-01   9.834971e-01  
381       2.780332e+01   2.776851e+01   9.834594e-01   9.834594e-01  
382       2.780336e+01   2.776856e+01   9.834166e-01   9.834166e-01  
383       2.780340e+01   2.776860e+01   9.833688e-01   9.833688e-01  
384       2.780344e+01   2.776865e+01   9.833163e-01   9.833163e-01  
385       2.780348e+01   2.776869e+01   9.832593e-01   9.832593e-01  
386       2.780352e+01   2.776873e+01   9.831979e-01   9.831979e-01  
387       2.780356e+01   2.776877e+01   9.831325e-01   9.831325e-01  
388       2.780359e+01   2.776881e+01   9.830634e-01   9.830634e-01  
389       2.780363e+01   2.776886e+01   9.829907e-01   9.829907e-01  
390       2.780367e+01   2.776890e+01   9.829150e-01   9.829150e-01  
391       2.780370e+01   2.776894e+01   9.828365e-01   9.828365e-01  
392       2.780373e+01   2.776898e+01   9.827556e-01   9.827556e-01  
393       2.780377e+01   2.776901e+01   9.826726e-01   9.826726e-01  
394       2.780380e+01   2.776905e+01   9.825879e-01   9.825879e-01  
395       2.780383e+01   2.776909e+01   9.825018e-01   9.825018e-01  
396       2.780386e+01   2.776913e+01   9.824147e-01   9.824147e-01  
397       2.780389e+01   2.776917e+01   9.823270e-01   9.823270e-01  
398       2.780392e+01   2.776920e+01   9.822390e-01   9.822390e-01  
399       2.780395e+01   2.776924e+01   9.821510e-01   9.821510e-01  
400       2.780398e+01   2.776927e+01   9.820634e-01   9.820634e-01  
401       2.780401e+01   2.776931e+01   9.819766e-01   9.819766e-01  
402       2.780404e+01   2.776934e+01   9.818908e-01   9.818908e-01  
403       2.780406e+01   2.776937e+01   9.818064e-01   9.818064e-01  
404       2.780409e+01   2.776941e+01   9.817238e-01   9.817238e-01  
405       2.780412e+01   2.776944e+01   9.816433e-01   9.816433e-01  
406       2.780414e+01   2.776947e+01   9.815652e-01   9.815652e-01  
407       2.780417e+01   2.776950e+01   9.814897e-01   9.814897e-01  
408       2.780419e+01   2.776953e+01   9.814173e-01   9.814173e-01  
409       2.780422e+01   2.776956e+01   9.813480e-01   9.813480e-01  
410       2.780424e+01   2.776959e+01   9.812823e-01   9.812823e-01  
411       2.780427e+01   2.776962e+01   9.812204e-01   9.812204e-01  
412       2.780429e+01   2.776965e+01   9.811625e-01   9.811625e-01  
413       2.780431e+01   2.776967e+01   9.811089e-01   9.811089e-01  
414       2.780434e+01   2.776970e+01   9.810597e-01   9.810597e-01  
415       2.780436e+01   2.776973e+01   9.810152e-01   9.810152e-01  
416       2.780438e+01   2.776975e+01   9.809755e-01   9.809755e-01  
417       2.780441e+01   2.776978e+01   9.809408e-01   9.809408e-01  
418       2.780443e+01   2.776980e+01   9.809112e-01   9.809112e-01  
419       2.780445e+01   2.776983e+01   9.808868e-01   9.808868e-01  
420       2.780448e+01   2.776985e+01   9.808677e-01   9.808677e-01  
421       2.780450e+01   2.776988e+01   9.808539e-01   9.808539e-01  
422       2.780452e+01   2.776990e+01   9.808456e-01   9.808456e-01  
423       2.780454e+01   2.776992e+01   9.808427e-01   9.808427e-01  
424       2.780457e+01   2.776994e+01   9.808452e-01   9.808452e-01  
425       2.780459e+01   2.776996e+01   9.808533e-01   9.808533e-01  
426       2.780461e+01   2.776999e+01   9.808668e-01   9.808668e-01  
427       2.780463e+01   2.777001e+01   9.808858e-01   9.808858e-01  
428       2.780465e+01   2.777003e+01   9.809103e-01   9.809103e-01  
429       2.780468e+01   2.777005e+01   9.809403e-01   9.809403e-01  
430       2.780470e+01   2.777007e+01   9.809757e-01   9.809757e-01  
431       2.780472e+01   2.777009e+01   9.810165e-01   9.810165e-01  
432       2.780474e+01   2.777011e+01   9.810627e-01   9.810627e-01  
433       2.780477e+01   2.777012e+01   9.811141e-01   9.811141e-01  
434       2.780479e+01   2.777014e+01   9.811706e-01   9.811706e-01  
435       2.780481e+01   2.777016e+01   9.812321e-01   9.812321e-01  
436       2.780483e+01   2.777018e+01   9.812984e-01   9.812984e-01  
437       2.780485e+01   2.777020e+01   9.813693e-01   9.813693e-01  
438       2.780488e+01   2.777021e+01   9.814446e-01   9.814446e-01  
439       2.780490e+01   2.777023e+01   9.815240e-01   9.815240e-01  
440       2.780492e+01   2.777024e+01   9.816070e-01   9.816070e-01  
441       2.780494e+01   2.777026e+01   9.816935e-01   9.816935e-01  
442       2.780496e+01   2.777027e+01   9.817829e-01   9.817829e-01  
443       2.780498e+01   2.777029e+01   9.818749e-01   9.818749e-01  
444       2.780500e+01   2.777030e+01   9.819690e-01   9.819690e-01  
445       2.780502e+01   2.777032e+01   9.820646e-01   9.820646e-01  
446       2.780504e+01   2.777033e+01   9.821613e-01   9.821613e-01  
447       2.780506e+01   2.777034e+01   9.822586e-01   9.822586e-01  
448       2.780508e+01   2.777035e+01   9.823560e-01   9.823560e-01  
449       2.780509e+01   2.777036e+01   9.824529e-01   9.824529e-01  
450       2.780511e+01   2.777036e+01   9.825489e-01   9.825489e-01  
451       2.780512e+01   2.777037e+01   9.826434e-01   9.826434e-01  
452       2.780513e+01   2.777037e+01   9.827360e-01   9.827360e-01  
453       2.780514e+01   2.777038e+01   9.828264e-01   9.828264e-01  
454       2.780515e+01   2.777038e+01   9.829142e-01   9.829142e-01  
455       2.780515e+01   2.777038e+01   9.829991e-01   9.829991e-01  
456       2.780515e+01   2.777038e+01   9.830808e-01   9.830808e-01  
457       2.780516e+01   2.777037e+01   9.831592e-01   9.831592e-01  
458       2.780515e+01   2.777036e+01   9.832342e-01   9.832342e-01  
459       2.780515e+01   2.777035e+01   9.833059e-01   9.833059e-01  
460       2.780514e+01   2.777034e+01   9.833742e-01   9.833742e-01  
461       2.780513e+01   2.777033e+01   9.834393e-01   9.834393e-01  
462       2.780512e+01   2.777031e+01   9.835016e-01   9.835016e-01  
463       2.780511e+01   2.777030e+01   9.835613e-01   9.835613e-01  
464       2.780509e+01   2.777028e+01   9.836189e-01   9.836189e-01  
465       2.780508e+01   2.777025e+01   9.836751e-01   9.836751e-01  
466       2.780506e+01   2.777023e+01   9.837304e-01   9.837303e-01  
467       2.780504e+01   2.777021e+01   9.837856e-01   9.837856e-01  
468       2.780502e+01   2.777019e+01   9.838417e-01   9.838417e-01  
469       2.780500e+01   2.777016e+01   9.838997e-01   9.838997e-01  
470       2.780498e+01   2.777014e+01   9.839607e-01   9.839607e-01  
471       2.780497e+01   2.777012e+01   9.840259e-01   9.840259e-01  
472       2.780496e+01   2.777010e+01   9.840967e-01   9.840967e-01  
473       2.780495e+01   2.777009e+01   9.841745e-01   9.841745e-01  
474       2.780494e+01   2.777008e+01   9.842610e-01   9.842610e-01  
475       2.780494e+01   2.777007e+01   9.843577e-01   9.843577e-01  
476       2.780495e+01   2.777008e+01   9.844664e-01   9.844664e-01  
477       2.780497e+01   2.777008e+01   9.845891e-01   9.845891e-01  
478       2.780500e+01   2.777010e+01   9.847276e-01   9.847276e-01  
479       2.780503e+01   2.777012e+01   9.848840e-01   9.848840e-01  
480       2.780507e+01   2.777015e+01   9.850602e-01   9.850602e-01  
481       2.780513e+01   2.777019e+01   9.852586e-01   9.852586e-01  
482       2.780519e+01   2.777024e+01   9.854812e-01   9.854812e-01  
483       2.780526e+01   2.777030e+01   9.857302e-01   9.857302e-01  
484       2.780535e+01   2.777036e+01   9.860079e-01   9.860079e-01  
485       2.780544e+01   2.777043e+01   9.863165e-01   9.863165e-01  
486       2.780553e+01   2.777050e+01   9.866582e-01   9.866582e-01  
487       2.780564e+01   2.777058e+01   9.870351e-01   9.870351e-01  
488       2.780575e+01   2.777066e+01   9.874495e-01   9.874495e-01  
489       2.780587e+01   2.777075e+01   9.879034e-01   9.879034e-01  
490       2.780599e+01   2.777083e+01   9.883988e-01   9.883988e-01  
491       2.780612e+01   2.777092e+01   9.889378e-01   9.889378e-01  
492       2.780625e+01   2.777101e+01   9.895221e-01   9.895221e-01  
493       2.780639e+01   2.777111e+01   9.901537e-01   9.901537e-01  
494       2.780653e+01   2.777120e+01   9.908341e-01   9.908341e-01  
495       2.780668e+01   2.777129e+01   9.915648e-01   9.915648e-01  
496       2.780683e+01   2.777139e+01   9.923474e-01   9.923474e-01  
497       2.780698e+01   2.777149e+01   9.931831e-01   9.931831e-01  
498       2.780715e+01   2.777159e+01   9.940730e-01   9.940730e-01  
499       2.780732e+01   2.777169e+01   9.950181e-01   9.950181e-01  
500       2.780750e+01   2.777180e+01   9.960192e-01   9.960192e-01  
501       2.780768e+01   2.777191e+01   9.970770e-01   9.970770e-01  
502       2.780788e+01   2.777202e+01   9.981918e-01   9.981918e-01  
503       2.780809e+01   2.777215e+01   9.993640e-01   9.993640e-01  
504       2.780831e+01   2.777228e+01   1.000594e+00   1.000594e+00  
505       2.780854e+01   2.777242e+01   1.001880e+00   1.001880e+00  
506       2.780879e+01   2.777257e+01   1.003224e+00   1.003224e+00  
507       2.780905e+01   2.777274e+01   1.004624e+00   1.004624e+00  
508       2.780933e+01   2.777291e+01   1.006081e+00   1.006081e+00  
509       2.780963e+01   2.777310e+01   1.007592e+00   1.007592e+00  
510       2.780994e+01   2.777330e+01   1.009157e+00   1.009157e+00  
511       2.781027e+01   2.777351e+01   1.010776e+00   1.010776e+00  
512       2.781062e+01   2.777373e+01   1.012447e+00   1.012447e+00  
513       2.781098e+01   2.777397e+01   1.014169e+00   1.014169e+00  
514       2.781135e+01   2.777421e+01   1.015940e+00   1.015940e+00  
515       2.781174e+01   2.777447e+01   1.017759e+00   1.017759e+00  
516       2.781214e+01   2.777473e+01   1.019625e+00   1.019624e+00  
517       2.781255e+01   2.777500e+01   1.021535e+00   1.021535e+00  
518       2.781297e+01   2.777528e+01   1.023489e+00   1.023489e+00  
519       2.781339e+01   2.777555e+01   1.025484e+00   1.025484e+00  
520       2.781381e+01   2.777583e+01   1.027520e+00   1.027520e+00  
521       2.781424e+01   2.777610e+01   1.029593e+00   1.029593e+00  
522       2.781466e+01   2.777637e+01   1.031703e+00   1.031703e+00  
523       2.781508e+01   2.777663e+01   1.033847e+00   1.033847e+00  
524       2.781549e+01   2.777688e+01   1.036024e+00   1.036024e+00  
525       2.781590e+01   2.777712e+01   1.038232e+00   1.038232e+00  
526       2.781629e+01   2.777734e+01   1.040469e+00   1.040469e+00  
527       2.781666e+01   2.777755e+01   1.042733e+00   1.042733e+00  
528       2.781702e+01   2.777774e+01   1.045022e+00   1.045022e+00  
529       2.781737e+01   2.777791e+01   1.047334e+00   1.047334e+00  
530       2.781769e+01   2.777805e+01   1.049668e+00   1.049668e+00  
531       2.781799e+01   2.777817e+01   1.052021e+00   1.052021e+00  
532       2.781826e+01   2.777827e+01   1.054393e+00   1.054393e+00  
533       2.781851e+01   2.777833e+01   1.056780e+00   1.056780e+00  
534       2.781873e+01   2.777837e+01   1.059182e+00   1.059182e+00  
535       2.781892e+01   2.777838e+01   1.061597e+00   1.061597e+00  
536       2.781909e+01   2.777837e+01   1.064023e+00   1.064023e+00  
537       2.781925e+01   2.777834e+01   1.066459e+00   1.066459e+00  
538       2.781942e+01   2.777832e+01   1.068902e+00   1.068902e+00  
539       2.781965e+01   2.777836e+01   1.071352e+00   1.071352e+00  
540       2.782020e+01   2.777872e+01   1.073816e+00   1.073816e+00  
541       2.782255e+01   2.778088e+01   1.076346e+00   1.076346e+00  
542       2.781795e+01   2.777610e+01   1.078616e+00   1.078616e+00  
543       2.782166e+01   2.777960e+01   1.081261e+00   1.081261e+00  
544       2.782379e+01   2.778153e+01   1.083905e+00   1.083905e+00  
545       2.781375e+01   2.777130e+01   1.086131e+00   1.086130e+00  
546       2.782436e+01   2.778169e+01   1.089213e+00   1.089213e+00  
547       2.781316e+01   2.777029e+01   1.091521e+00   1.091521e+00  
548       2.782478e+01   2.778168e+01   1.094758e+00   1.094757e+00  
549       2.782068e+01   2.777736e+01   1.097477e+00   1.097477e+00  
550       2.781440e+01   2.777085e+01   1.100121e+00   1.100121e+00  
551       2.781647e+01   2.777268e+01   1.103300e+00   1.103301e+00  
552       2.781491e+01   2.777087e+01   1.106303e+00   1.106303e+00  
553       2.781636e+01   2.777206e+01   1.109696e+00   1.109696e+00  
554       2.781901e+01   2.777444e+01   1.113033e+00   1.113034e+00  
555       2.782776e+01   2.778288e+01   1.117003e+00   1.117003e+00  
556       2.784099e+01   2.779582e+01   1.120980e+00   1.120981e+00  
557       2.781402e+01   2.776860e+01   1.123468e+00   1.123469e+00  
558       2.782200e+01   2.777626e+01   1.127546e+00   1.127546e+00  
559       2.782959e+01   2.778347e+01   1.132471e+00   1.132471e+00  
560       2.782474e+01   2.777828e+01   1.136545e+00   1.136546e+00  
561       2.783921e+01   2.779228e+01   1.142619e+00   1.142620e+00  
562       2.783092e+01   2.778358e+01   1.147351e+00   1.147351e+00  
563       2.783175e+01   2.778388e+01   1.153730e+00   1.153731e+00  
564       2.782858e+01   2.778020e+01   1.159789e+00   1.159790e+00  
565       2.781867e+01   2.776968e+01   1.166816e+00   1.166817e+00  
566       2.782448e+01   2.777488e+01   1.174205e+00   1.174206e+00  
567       2.781916e+01   2.776886e+01   1.182365e+00   1.182367e+00  
568       2.782722e+01   2.777622e+01   1.190731e+00   1.190732e+00  
569       2.782112e+01   2.776933e+01   1.199779e+00   1.199780e+00  
570       2.782955e+01   2.777697e+01   1.209016e+00   1.209017e+00  
571       2.782323e+01   2.776977e+01   1.218948e+00   1.218950e+00  
572       2.783207e+01   2.777774e+01   1.229082e+00   1.229084e+00  
573       2.782564e+01   2.777033e+01   1.239893e+00   1.239895e+00  
574       2.783440e+01   2.777812e+01   1.250979e+00   1.250981e+00  
575       2.782820e+01   2.777085e+01   1.262665e+00   1.262668e+00  
576       2.783666e+01   2.777822e+01   1.274775e+00   1.274778e+00  
577       2.783065e+01   2.777103e+01   1.287422e+00   1.287425e+00  
578       2.783889e+01   2.777805e+01   1.300693e+00   1.300696e+00  
579       2.783287e+01   2.777073e+01   1.314372e+00   1.314376e+00  
580       2.784125e+01   2.777782e+01   1.328196e+00   1.328200e+00  
581       2.783564e+01   2.777092e+01   1.341421e+00   1.341425e+00  
582       2.784455e+01   2.777858e+01   1.354581e+00   1.354584e+00  
583       2.783874e+01   2.777145e+01   1.367843e+00   1.367844e+00  
584       2.784707e+01   2.777833e+01   1.382691e+00   1.382691e+00  
585       2.784099e+01   2.777088e+01   1.396273e+00   1.396276e+00  
586       2.785162e+01   2.778030e+01   1.408560e+00   1.408565e+00  
587       2.784667e+01   2.777411e+01   1.420519e+00   1.420525e+00  
588       2.785561e+01   2.778139e+01   1.436831e+00   1.436835e+00  
589       2.784809e+01   2.777230e+01   1.451737e+00   1.451742e+00  
590       2.785954e+01   2.778250e+01   1.463985e+00   1.463990e+00  
591       2.785300e+01   2.777457e+01   1.476905e+00   1.476909e+00  
592       2.786161e+01   2.778127e+01   1.495036e+00   1.495039e+00  
593       2.785430e+01   2.777249e+01   1.508483e+00   1.508487e+00  
594       2.786684e+01   2.778371e+01   1.520819e+00   1.520823e+00  
595       2.785892e+01   2.777444e+01   1.532938e+00   1.532940e+00  
596       2.786998e+01   2.778421e+01   1.544924e+00   1.544928e+00  
597       2.786223e+01   2.777574e+01   1.551165e+00   1.551171e+00  
598       2.787778e+01   2.779034e+01   1.560060e+00   1.560066e+00  
599       2.788048e+01   2.779268e+01   1.563330e+00   1.563334e+00  
600       2.787198e+01   2.778402e+01   1.564588e+00   1.564591e+00  
601       2.789309e+01   2.780552e+01   1.561652e+00   1.561653e+00  
602       2.787362e+01   2.778573e+01   1.563959e+00   1.563960e+00  
603       2.787412e+01   2.778557e+01   1.569804e+00   1.569808e+00  
604       2.787348e+01   2.778543e+01   1.565412e+00   1.565414e+00  
605       2.788249e+01   2.779528e+01   1.558154e+00   1.558156e+00  
606       2.787658e+01   2.778875e+01   1.563523e+00   1.563526e+00  
607       2.788546e+01   2.779850e+01   1.556056e+00   1.556059e+00  
608       2.787032e+01   2.778335e+01   1.555688e+00   1.555693e+00  
609       2.787829e+01   2.779092e+01   1.559511e+00   1.559512e+00  
610       2.787227e+01   2.778586e+01   1.550732e+00   1.550736e+00  
611       2.788082e+01   2.779479e+01   1.547546e+00   1.547552e+00  
612       2.786716e+01   2.778017e+01   1.555719e+00   1.555724e+00  
613       2.787777e+01   2.779181e+01   1.546863e+00   1.546868e+00  
614       2.787065e+01   2.778467e+01   1.546782e+00   1.546787e+00  
615       2.787463e+01   2.778858e+01   1.547522e+00   1.547528e+00  
616       2.786728e+01   2.778102e+01   1.549220e+00   1.549224e+00  
617       2.787745e+01   2.779205e+01   1.541829e+00   1.541834e+00  
618       2.786643e+01   2.778008e+01   1.550017e+00   1.550024e+00  
619       2.787440e+01   2.778844e+01   1.546677e+00   1.546683e+00  
620       2.786831e+01   2.778230e+01   1.547064e+00   1.547071e+00  
621       2.787070e+01   2.778411e+01   1.552314e+00   1.552324e+00  
622       2.786511e+01   2.777848e+01   1.552496e+00   1.552504e+00  
623       2.787112e+01   2.778427e+01   1.554668e+00   1.554679e+00  
624       2.786609e+01   2.777849e+01   1.561163e+00   1.561173e+00  
625       2.787832e+01   2.779108e+01   1.558270e+00   1.558283e+00  
626       2.787193e+01   2.778369e+01   1.567027e+00   1.567040e+00  
627       2.788225e+01   2.779409e+01   1.566563e+00   1.566577e+00  
628       2.786724e+01   2.777791e+01   1.576487e+00   1.576504e+00  
629       2.787828e+01   2.778877e+01   1.578381e+00   1.578394e+00  
630       2.786336e+01   2.777257e+01   1.589169e+00   1.589187e+00  
631       2.788333e+01   2.779261e+01   1.589148e+00   1.589162e+00  
632       2.786870e+01   2.777640e+01   1.602509e+00   1.602529e+00  
633       2.788375e+01   2.779128e+01   1.604368e+00   1.604385e+00  
634       2.786866e+01   2.777444e+01   1.619095e+00   1.619113e+00  
635       2.787763e+01   2.778289e+01   1.623732e+00   1.623751e+00  
636       2.786088e+01   2.776430e+01   1.638951e+00   1.638968e+00  
637       2.786554e+01   2.776788e+01   1.648263e+00   1.648284e+00  
638       2.786052e+01   2.776184e+01   1.656612e+00   1.656634e+00  
639       2.788205e+01   2.778343e+01   1.656757e+00   1.656788e+00  
640       2.787250e+01   2.777315e+01   1.662574e+00   1.662610e+00  
641       2.788732e+01   2.778741e+01   1.667739e+00   1.667764e+00  
642       2.786612e+01   2.776470e+01   1.679565e+00   1.679579e+00  
643       2.788344e+01   2.778236e+01   1.677284e+00   1.677288e+00  
644       2.787202e+01   2.777060e+01   1.679804e+00   1.679835e+00  
645       2.790058e+01   2.779948e+01   1.677921e+00   1.677984e+00  
646       2.788494e+01   2.778258e+01   1.687924e+00   1.687972e+00  
647       2.790087e+01   2.779900e+01   1.684365e+00   1.684381e+00  
648       2.787831e+01   2.777555e+01   1.690998e+00   1.691027e+00  
649       2.789734e+01   2.779393e+01   1.696876e+00   1.696925e+00  
650       2.788711e+01   2.778379e+01   1.695849e+00   1.695889e+00  
651       2.790712e+01   2.780403e+01   1.694625e+00   1.694650e+00  
652       2.788396e+01   2.777982e+01   1.702502e+00   1.702538e+00  
653       2.790356e+01   2.779954e+01   1.702060e+00   1.702102e+00  
654       2.789046e+01   2.778654e+01   1.700859e+00   1.700888e+00  
655       2.790620e+01   2.780060e+01   1.714992e+00   1.715024e+00  
656       2.788794e+01   2.778279e+01   1.710802e+00   1.710838e+00  
657       2.791318e+01   2.780857e+01   1.707183e+00   1.707212e+00  
658       2.788483e+01   2.777776e+01   1.726223e+00   1.726252e+00  
659       2.791710e+01   2.781149e+01   1.715373e+00   1.715405e+00  
660       2.789217e+01   2.778593e+01   1.719722e+00   1.719752e+00  
661       2.791071e+01   2.780305e+01   1.731739e+00   1.731766e+00  
662       2.789484e+01   2.778769e+01   1.727240e+00   1.727271e+00  
663       2.792205e+01   2.781503e+01   1.727040e+00   1.727067e+00  
664       2.788841e+01   2.777902e+01   1.744961e+00   1.744986e+00  
665       2.792576e+01   2.781810e+01   1.732197e+00   1.732225e+00  
666       2.789758e+01   2.778833e+01   1.744103e+00   1.744127e+00  
667       2.792149e+01   2.781168e+01   1.749237e+00   1.749263e+00  
668       2.789971e+01   2.778981e+01   1.749339e+00   1.749362e+00  
669       2.792514e+01   2.781445e+01   1.756423e+00   1.756447e+00  
670       2.789992e+01   2.778842e+01   1.761977e+00   1.762001e+00  
671       2.792657e+01   2.781522e+01   1.761659e+00   1.761679e+00  
672       2.790522e+01   2.779317e+01   1.766484e+00   1.766507e+00  
673       2.792622e+01   2.781395e+01   1.768896e+00   1.768914e+00  
674       2.790446e+01   2.779268e+01   1.764330e+00   1.764349e+00  
675       2.792986e+01   2.781742e+01   1.770343e+00   1.770360e+00  
676       2.790426e+01   2.779263e+01   1.763129e+00   1.763146e+00  
677       2.792961e+01   2.781724e+01   1.769783e+00   1.769801e+00  
678       2.790283e+01   2.779121e+01   1.763046e+00   1.763064e+00  
679       2.792808e+01   2.781646e+01   1.763846e+00   1.763864e+00  
680       2.789902e+01   2.778760e+01   1.761330e+00   1.761348e+00  
681       2.792733e+01   2.781589e+01   1.762402e+00   1.762422e+00  
682       2.790070e+01   2.778946e+01   1.759934e+00   1.759952e+00  
683       2.793959e+01   2.782921e+01   1.754400e+00   1.754420e+00  
684       2.791596e+01   2.780586e+01   1.751420e+00   1.751433e+00  
685       2.794533e+01   2.783557e+01   1.749562e+00   1.749578e+00  
686       2.791192e+01   2.780212e+01   1.748951e+00   1.748959e+00  
687       2.793832e+01   2.782821e+01   1.752170e+00   1.752186e+00  
688       2.791110e+01   2.780193e+01   1.743846e+00   1.743857e+00  
689       2.794447e+01   2.783470e+01   1.749686e+00   1.749702e+00  
690       2.791185e+01   2.780312e+01   1.740341e+00   1.740350e+00  
691       2.795341e+01   2.784427e+01   1.744937e+00   1.744950e+00  
692       2.791460e+01   2.780619e+01   1.737973e+00   1.737984e+00  
693       2.795990e+01   2.785168e+01   1.737790e+00   1.737803e+00  
694       2.791457e+01   2.780550e+01   1.743132e+00   1.743144e+00  
695       2.797034e+01   2.786202e+01   1.738939e+00   1.738948e+00  
696       2.792127e+01   2.781216e+01   1.743718e+00   1.743733e+00  
697       2.796212e+01   2.785425e+01   1.735012e+00   1.735018e+00  
698       2.791454e+01   2.780516e+01   1.745627e+00   1.745639e+00  
699       2.797068e+01   2.786213e+01   1.740789e+00   1.740794e+00  
700       2.791647e+01   2.780715e+01   1.745208e+00   1.745219e+00  
701       2.797136e+01   2.786237e+01   1.744362e+00   1.744366e+00  
702       2.791851e+01   2.780862e+01   1.749826e+00   1.749835e+00  
703       2.797410e+01   2.786432e+01   1.750666e+00   1.750673e+00  
704       2.792129e+01   2.781053e+01   1.756816e+00   1.756823e+00  
705       2.797607e+01   2.786529e+01   1.758679e+00   1.758687e+00  
706       2.792283e+01   2.781091e+01   1.765981e+00   1.765987e+00  
707       2.797720e+01   2.786457e+01   1.773346e+00   1.773356e+00  
708       2.792976e+01   2.781699e+01   1.772894e+00   1.772900e+00  
709       2.798557e+01   2.787159e+01   1.784173e+00   1.784182e+00  
710       2.793608e+01   2.782142e+01   1.787867e+00   1.787877e+00  
711       2.800636e+01   2.789120e+01   1.794029e+00   1.794042e+00  
712       2.793713e+01   2.782123e+01   1.797516e+00   1.797528e+00  
713       2.799690e+01   2.787902e+01   1.814806e+00   1.814816e+00  
714       2.794731e+01   2.782960e+01   1.811828e+00   1.811844e+00  
715       2.800792e+01   2.788924e+01   1.821254e+00   1.821266e+00  
716       2.794698e+01   2.782742e+01   1.825986e+00   1.826002e+00  
717       2.802223e+01   2.790327e+01   1.823879e+00   1.823888e+00  
718       2.795998e+01   2.783977e+01   1.831352e+00   1.831355e+00  
719       2.802353e+01   2.790314e+01   1.834802e+00   1.834808e+00  
720       2.795704e+01   2.783505e+01   1.844699e+00   1.844712e+00  
721       2.802878e+01   2.790692e+01   1.846144e+00   1.846161e+00  
722       2.795145e+01   2.782731e+01   1.860704e+00   1.860724e+00  
723       2.804378e+01   2.792139e+01   1.850618e+00   1.850635e+00  
724       2.795639e+01   2.783141e+01   1.867129e+00   1.867140e+00  
725       2.804293e+01   2.791865e+01   1.864787e+00   1.864799e+00  
726       2.795025e+01   2.782321e+01   1.882177e+00   1.882189e+00  
727       2.804380e+01   2.791730e+01   1.881407e+00   1.881422e+00  
728       2.795746e+01   2.782953e+01   1.889031e+00   1.889049e+00  
729       2.805631e+01   2.792844e+01   1.891931e+00   1.891944e+00  
730       2.796805e+01   2.783906e+01   1.897223e+00   1.897230e+00  
731       2.805926e+01   2.792951e+01   1.905840e+00   1.905853e+00  
732       2.796985e+01   2.783924e+01   1.909053e+00   1.909071e+00  
733       2.806441e+01   2.793226e+01   1.923557e+00   1.923576e+00  
734       2.797483e+01   2.784271e+01   1.920239e+00   1.920246e+00  
735       2.807779e+01   2.794451e+01   1.932134e+00   1.932139e+00  
736       2.798147e+01   2.784814e+01   1.929160e+00   1.929168e+00  
737       2.808101e+01   2.794640e+01   1.941856e+00   1.941866e+00  
738       2.798702e+01   2.785251e+01   1.937865e+00   1.937878e+00  
739       2.808747e+01   2.795132e+01   1.953138e+00   1.953154e+00  
740       2.799518e+01   2.785935e+01   1.947697e+00   1.947717e+00  
741       2.810182e+01   2.796492e+01   1.959037e+00   1.959060e+00  
742       2.799584e+01   2.785858e+01   1.957815e+00   1.957833e+00  
743       2.811067e+01   2.797205e+01   1.971558e+00   1.971572e+00  
744       2.800222e+01   2.786401e+01   1.964859e+00   1.964876e+00  
745       2.812440e+01   2.798518e+01   1.976292e+00   1.976308e+00  
746       2.800346e+01   2.786355e+01   1.976954e+00   1.976968e+00  
747       2.812811e+01   2.798732e+01   1.987476e+00   1.987497e+00  
748       2.801270e+01   2.787262e+01   1.978393e+00   1.978420e+00  
749       2.813860e+01   2.799761e+01   1.989251e+00   1.989274e+00  
750       2.801837e+01   2.787801e+01   1.980610e+00   1.980625e+00  
751       2.815432e+01   2.801285e+01   1.993185e+00   1.993210e+00  
752       2.801506e+01   2.787514e+01   1.977421e+00   1.977451e+00  
753       2.816426e+01   2.802263e+01   1.994673e+00   1.994697e+00  
754       2.801857e+01   2.787835e+01   1.979648e+00   1.979673e+00  
755       2.816623e+01   2.802478e+01   1.993481e+00   1.993507e+00  
756       2.802359e+01   2.788420e+01   1.973981e+00   1.974006e+00  
757       2.818208e+01   2.804168e+01   1.986691e+00   1.986712e+00  
758       2.802573e+01   2.788548e+01   1.980060e+00   1.980091e+00  
759       2.819417e+01   2.805436e+01   1.982936e+00   1.982956e+00  
760       2.804347e+01   2.790386e+01   1.976204e+00   1.976225e+00  
761       2.821271e+01   2.807255e+01   1.986106e+00   1.986136e+00  
762       2.805916e+01   2.791907e+01   1.980120e+00   1.980147e+00  
763       2.822278e+01   2.808319e+01   1.982393e+00   1.982417e+00  
764       2.801466e+01   2.787415e+01   1.981543e+00   1.981574e+00  
765       2.821582e+01   2.807507e+01   1.990321e+00   1.990346e+00  
766       2.803548e+01   2.789557e+01   1.978018e+00   1.978044e+00  
767       2.822346e+01   2.808326e+01   1.986706e+00   1.986740e+00  
768       2.804550e+01   2.790544e+01   1.979443e+00   1.979477e+00  
769       2.823691e+01   2.809755e+01   1.981180e+00   1.981207e+00  
770       2.804927e+01   2.790878e+01   1.982548e+00   1.982590e+00  
771       2.822939e+01   2.808809e+01   1.994714e+00   1.994745e+00  
772       2.805083e+01   2.790982e+01   1.986272e+00   1.986312e+00  
773       2.824159e+01   2.810018e+01   1.995883e+00   1.995926e+00  
774       2.804788e+01   2.790562e+01   1.994966e+00   1.995009e+00  
775       2.824678e+01   2.810469e+01   2.000875e+00   2.000921e+00  
776       2.804430e+01   2.790113e+01   2.001230e+00   2.001281e+00  
777       2.825610e+01   2.811296e+01   2.008511e+00   2.008548e+00  
778       2.804822e+01   2.790452e+01   2.005003e+00   2.005059e+00  
779       2.827126e+01   2.812676e+01   2.018603e+00   2.018650e+00  
780       2.805529e+01   2.790992e+01   2.016815e+00   2.016867e+00  
781       2.828588e+01   2.814037e+01   2.026166e+00   2.026218e+00  
782       2.805648e+01   2.791032e+01   2.022407e+00   2.022461e+00  
783       2.829185e+01   2.814346e+01   2.046228e+00   2.046281e+00  
784       2.805858e+01   2.791040e+01   2.036381e+00   2.036437e+00  
785       2.830688e+01   2.815668e+01   2.059223e+00   2.059272e+00  
786       2.806414e+01   2.791423e+01   2.048339e+00   2.048400e+00  
787       2.832121e+01   2.816903e+01   2.073216e+00   2.073277e+00  
788       2.806151e+01   2.790845e+01   2.069593e+00   2.069654e+00  
789       2.833523e+01   2.818082e+01   2.088855e+00   2.088921e+00  
790       2.806893e+01   2.791396e+01   2.082741e+00   2.082799e+00  
791       2.833749e+01   2.818067e+01   2.105098e+00   2.105163e+00  
792       2.806650e+01   2.790835e+01   2.103830e+00   2.103898e+00  
793       2.834950e+01   2.819126e+01   2.115044e+00   2.115114e+00  
794       2.807717e+01   2.791758e+01   2.113739e+00   2.113818e+00  
795       2.836168e+01   2.820208e+01   2.124524e+00   2.124595e+00  
796       2.808370e+01   2.792217e+01   2.126774e+00   2.126848e+00  
797       2.837031e+01   2.820801e+01   2.142739e+00   2.142805e+00  
798       2.808467e+01   2.792100e+01   2.140849e+00   2.140923e+00  
799       2.837889e+01   2.821457e+01   2.156306e+00   2.156384e+00  
800       2.809705e+01   2.793187e+01   2.151086e+00   2.151167e+00  
801       2.839544e+01   2.822961e+01   2.166764e+00   2.166836e+00  
802       2.810071e+01   2.793448e+01   2.158083e+00   2.158164e+00  
803       2.840244e+01   2.823460e+01   2.180129e+00   2.180197e+00  
804       2.810914e+01   2.794174e+01   2.165903e+00   2.165968e+00  
805       2.841397e+01   2.824503e+01   2.187669e+00   2.187728e+00  
806       2.811822e+01   2.795080e+01   2.166448e+00   2.166513e+00  
807       2.842400e+01   2.825361e+01   2.197404e+00   2.197464e+00  
808       2.812516e+01   2.795736e+01   2.169153e+00   2.169210e+00  
809       2.843435e+01   2.826402e+01   2.197357e+00   2.197416e+00  
810       2.810986e+01   2.793952e+01   2.184821e+00   2.184884e+00  
811       2.843710e+01   2.826470e+01   2.210789e+00   2.210848e+00  
812       2.812139e+01   2.795258e+01   2.175457e+00   2.175506e+00  
813       2.845034e+01   2.827884e+01   2.205527e+00   2.205575e+00  
814       2.811774e+01   2.794687e+01   2.188592e+00   2.188645e+00  
815       2.846400e+01   2.829358e+01   2.199196e+00   2.199246e+00  
816       2.811176e+01   2.793981e+01   2.195160e+00   2.195222e+00  
817       2.846218e+01   2.828959e+01   2.212956e+00   2.213014e+00  
818       2.811900e+01   2.794755e+01   2.192279e+00   2.192336e+00  
819       2.846970e+01   2.829791e+01   2.208195e+00   2.208234e+00  
820       2.810806e+01   2.793478e+01   2.203491e+00   2.203547e+00  
821       2.847741e+01   2.830612e+01   2.205210e+00   2.205251e+00  
822       2.810797e+01   2.793463e+01   2.203871e+00   2.203920e+00  
823       2.846777e+01   2.829463e+01   2.216726e+00   2.216759e+00  
824       2.811719e+01   2.794600e+01   2.190534e+00   2.190576e+00  
825       2.847351e+01   2.830148e+01   2.209850e+00   2.209887e+00  
826       2.811169e+01   2.794019e+01   2.192316e+00   2.192369e+00  
827       2.848072e+01   2.830993e+01   2.202198e+00   2.202237e+00  
828       2.810683e+01   2.793547e+01   2.191283e+00   2.191321e+00  
829       2.848076e+01   2.831076e+01   2.197081e+00   2.197124e+00  
830       2.810622e+01   2.793582e+01   2.185122e+00   2.185167e+00  
831       2.847389e+01   2.830349e+01   2.199360e+00   2.199406e+00  
832       2.810388e+01   2.793436e+01   2.179346e+00   2.179374e+00  
833       2.846488e+01   2.829437e+01   2.199796e+00   2.199839e+00  
834       2.810932e+01   2.794146e+01   2.168961e+00   2.169000e+00  
835       2.846615e+01   2.829568e+01   2.199536e+00   2.199581e+00  
836       2.811419e+01   2.794663e+01   2.167195e+00   2.167227e+00  
837       2.846800e+01   2.829781e+01   2.197779e+00   2.197826e+00  
838       2.810497e+01   2.793724e+01   2.167889e+00   2.167940e+00  
839       2.847350e+01   2.830414e+01   2.192659e+00   2.192706e+00  
840       2.809801e+01   2.792946e+01   2.172972e+00   2.173013e+00  
841       2.846264e+01   2.829416e+01   2.186544e+00   2.186588e+00  
842       2.809949e+01   2.793133e+01   2.170484e+00   2.170530e+00  
843       2.846082e+01   2.829253e+01   2.185309e+00   2.185343e+00  
844       2.809946e+01   2.793139e+01   2.169888e+00   2.169923e+00  
845       2.846979e+01   2.830199e+01   2.182430e+00   2.182465e+00  
846       2.810942e+01   2.794160e+01   2.168679e+00   2.168708e+00  
847       2.847214e+01   2.830415e+01   2.183799e+00   2.183814e+00  
848       2.811318e+01   2.794413e+01   2.176746e+00   2.176771e+00  
849       2.846849e+01   2.829984e+01   2.187916e+00   2.187930e+00  
850       2.811307e+01   2.794339e+01   2.180821e+00   2.180828e+00  
851       2.846817e+01   2.829863e+01   2.193622e+00   2.193623e+00  
852       2.812363e+01   2.795362e+01   2.183340e+00   2.183343e+00  
853       2.848312e+01   2.831373e+01   2.193297e+00   2.193285e+00  
854       2.812491e+01   2.795373e+01   2.190843e+00   2.190815e+00  
855       2.847274e+01   2.830139e+01   2.205507e+00   2.205485e+00  
856       2.812774e+01   2.795543e+01   2.198177e+00   2.198132e+00  
857       2.848384e+01   2.831144e+01   2.212676e+00   2.212625e+00  
858       2.813517e+01   2.796167e+01   2.206083e+00   2.206017e+00  
859       2.846869e+01   2.829338e+01   2.230552e+00   2.230499e+00  
860       2.814391e+01   2.796930e+01   2.213450e+00   2.213359e+00  
861       2.846881e+01   2.829157e+01   2.242870e+00   2.242796e+00  
862       2.814242e+01   2.796558e+01   2.227376e+00   2.227266e+00  
863       2.846681e+01   2.828691e+01   2.259502e+00   2.259400e+00  
864       2.815916e+01   2.798062e+01   2.238726e+00   2.238594e+00  
865       2.845781e+01   2.827504e+01   2.277001e+00   2.276893e+00  
866       2.815850e+01   2.797773e+01   2.252637e+00   2.252479e+00  
867       2.846334e+01   2.827935e+01   2.284836e+00   2.284687e+00  
868       2.816075e+01   2.797724e+01   2.269631e+00   2.269447e+00  
869       2.845799e+01   2.827106e+01   2.302769e+00   2.302597e+00  
870       2.817890e+01   2.799474e+01   2.274368e+00   2.274162e+00  
871       2.846066e+01   2.827218e+01   2.312347e+00   2.312147e+00  
872       2.817662e+01   2.798948e+01   2.292600e+00   2.292344e+00  
873       2.847215e+01   2.828169e+01   2.324892e+00   2.324625e+00  
874       2.818075e+01   2.799104e+01   2.308456e+00   2.308161e+00  
875       2.846631e+01   2.827324e+01   2.340546e+00   2.340263e+00  
876       2.818728e+01   2.799601e+01   2.318153e+00   2.317835e+00  
877       2.846893e+01   2.827356e+01   2.354504e+00   2.354206e+00  
878       2.818367e+01   2.798939e+01   2.336086e+00   2.335751e+00  
879       2.848349e+01   2.828814e+01   2.354896e+00   2.354673e+00  
880       2.818947e+01   2.799471e+01   2.339182e+00   2.338991e+00  
881       2.847800e+01   2.828065e+01   2.366616e+00   2.366511e+00  
882       2.819412e+01   2.799789e+01   2.348089e+00   2.347907e+00  
883       2.847661e+01   2.827796e+01   2.374369e+00   2.374209e+00  
884       2.820334e+01   2.800730e+01   2.347355e+00   2.347205e+00  
885       2.847961e+01   2.828017e+01   2.379102e+00   2.379081e+00  
886       2.820303e+01   2.800488e+01   2.359815e+00   2.359738e+00  
887       2.847924e+01   2.827888e+01   2.384530e+00   2.384474e+00  
888       2.820648e+01   2.800782e+01   2.363066e+00   2.363035e+00  
889       2.848277e+01   2.828243e+01   2.384592e+00   2.384627e+00  
890       2.821925e+01   2.802029e+01   2.365327e+00   2.365327e+00  
891       2.849028e+01   2.829039e+01   2.382187e+00   2.382220e+00  
892       2.822703e+01   2.802788e+01   2.366742e+00   2.366797e+00  
893       2.849220e+01   2.829112e+01   2.389271e+00   2.389359e+00  
894       2.822821e+01   2.802766e+01   2.375066e+00   2.375137e+00  
895       2.849549e+01   2.829360e+01   2.394244e+00   2.394355e+00  
896       2.823007e+01   2.802893e+01   2.378577e+00   2.378685e+00  
897       2.850877e+01   2.830795e+01   2.388454e+00   2.388578e+00  
898       2.824448e+01   2.804395e+01   2.375562e+00   2.375688e+00  
899       2.850629e+01   2.830424e+01   2.395614e+00   2.395773e+00  
900       2.824987e+01   2.804901e+01   2.377760e+00   2.377900e+00  
901       2.851130e+01   2.830921e+01   2.396039e+00   2.396227e+00  
902       2.826477e+01   2.806517e+01   2.370922e+00   2.371070e+00  
903       2.852191e+01   2.832119e+01   2.388385e+00   2.388559e+00  
904       2.827063e+01   2.807105e+01   2.371057e+00   2.371233e+00  
905       2.853464e+01   2.833471e+01   2.384198e+00   2.384372e+00  
906       2.827610e+01   2.807658e+01   2.370893e+00   2.371075e+00  
907       2.853994e+01   2.834028e+01   2.382788e+00   2.382985e+00  
908       2.828324e+01   2.808409e+01   2.369080e+00   2.369248e+00  
909       2.855321e+01   2.835522e+01   2.373466e+00   2.373657e+00  
910       2.829781e+01   2.809917e+01   2.366643e+00   2.366820e+00  
911       2.855347e+01   2.835519e+01   2.375179e+00   2.375378e+00  
912       2.831234e+01   2.811489e+01   2.360203e+00   2.360387e+00  
913       2.855496e+01   2.835677e+01   2.374681e+00   2.374879e+00  
914       2.832267e+01   2.812574e+01   2.357501e+00   2.357693e+00  
915       2.855581e+01   2.835812e+01   2.371767e+00   2.371962e+00  
916       2.833056e+01   2.813366e+01   2.357621e+00   2.357839e+00  
917       2.855465e+01   2.835682e+01   2.372536e+00   2.372728e+00  
918       2.834993e+01   2.815397e+01   2.352833e+00   2.353031e+00  
919       2.857313e+01   2.837643e+01   2.366539e+00   2.366725e+00  
920       2.836080e+01   2.816433e+01   2.356369e+00   2.356526e+00  
921       2.857387e+01   2.837721e+01   2.366316e+00   2.366496e+00  
922       2.837500e+01   2.817916e+01   2.353170e+00   2.353304e+00  
923       2.857424e+01   2.837739e+01   2.367513e+00   2.367685e+00  
924       2.837974e+01   2.818338e+01   2.356461e+00   2.356588e+00  
925       2.857866e+01   2.838162e+01   2.368830e+00   2.368981e+00  
926       2.838369e+01   2.818671e+01   2.360359e+00   2.360455e+00  
927       2.856968e+01   2.837171e+01   2.374009e+00   2.374125e+00  
928       2.840004e+01   2.820328e+01   2.359758e+00   2.359851e+00  
929       2.857748e+01   2.837894e+01   2.377756e+00   2.377858e+00  
930       2.840934e+01   2.821223e+01   2.362234e+00   2.362293e+00  
931       2.858746e+01   2.838815e+01   2.382772e+00   2.382836e+00  
932       2.841037e+01   2.821126e+01   2.374176e+00   2.374224e+00  
933       2.858733e+01   2.838642e+01   2.392344e+00   2.392393e+00  
934       2.841601e+01   2.821607e+01   2.379420e+00   2.379429e+00  
935       2.858877e+01   2.838619e+01   2.402293e+00   2.402311e+00  
936       2.842755e+01   2.822659e+01   2.385914e+00   2.385926e+00  
937       2.859780e+01   2.839480e+01   2.405138e+00   2.405153e+00  
938       2.843623e+01   2.823371e+01   2.395489e+00   2.395454e+00  
939       2.859977e+01   2.839498e+01   2.415798e+00   2.415791e+00  
940       2.844624e+01   2.824249e+01   2.403197e+00   2.403151e+00  
941       2.860895e+01   2.840301e+01   2.422939e+00   2.422874e+00  
942       2.845710e+01   2.825209e+01   2.411033e+00   2.410938e+00  
943       2.861619e+01   2.840914e+01   2.429787e+00   2.429730e+00  
944       2.845858e+01   2.825237e+01   2.418141e+00   2.418045e+00  
945       2.861675e+01   2.840768e+01   2.441628e+00   2.441505e+00  
946       2.847060e+01   2.826367e+01   2.422854e+00   2.422733e+00  
947       2.862472e+01   2.841464e+01   2.447772e+00   2.447631e+00  
948       2.847957e+01   2.827081e+01   2.433950e+00   2.433763e+00  
949       2.862061e+01   2.840811e+01   2.461630e+00   2.461478e+00  
950       2.848929e+01   2.828017e+01   2.436401e+00   2.436212e+00  
951       2.861762e+01   2.840313e+01   2.473000e+00   2.472797e+00  
952       2.848801e+01   2.827646e+01   2.450472e+00   2.450247e+00  
953       2.861846e+01   2.840290e+01   2.479146e+00   2.478962e+00  
954       2.850089e+01   2.828885e+01   2.453815e+00   2.453583e+00  
955       2.861749e+01   2.840134e+01   2.482476e+00   2.482337e+00  
956       2.850292e+01   2.828927e+01   2.463187e+00   2.462965e+00  
957       2.862067e+01   2.840382e+01   2.486618e+00   2.486492e+00  
958       2.851071e+01   2.829646e+01   2.467006e+00   2.466820e+00  
959       2.861531e+01   2.839744e+01   2.492175e+00   2.492049e+00  
960       2.851314e+01   2.829796e+01   2.472348e+00   2.472184e+00  
961       2.861890e+01   2.840076e+01   2.493845e+00   2.493748e+00  
962       2.851323e+01   2.829646e+01   2.481503e+00   2.481340e+00  
963       2.862097e+01   2.840228e+01   2.497102e+00   2.497058e+00  
964       2.853030e+01   2.831481e+01   2.474841e+00   2.474720e+00  
965       2.861964e+01   2.840075e+01   2.498154e+00   2.498115e+00  
966       2.853101e+01   2.831415e+01   2.482724e+00   2.482647e+00  
967       2.862134e+01   2.840205e+01   2.500470e+00   2.500443e+00  
968       2.854168e+01   2.832477e+01   2.483454e+00   2.483400e+00  
969       2.862276e+01   2.840308e+01   2.502784e+00   2.502798e+00  
970       2.854718e+01   2.832943e+01   2.488458e+00   2.488419e+00  
971       2.862142e+01   2.840124e+01   2.505497e+00   2.505543e+00  
972       2.853641e+01   2.831650e+01   2.500205e+00   2.500217e+00  
973       2.862220e+01   2.840216e+01   2.504681e+00   2.504743e+00  
974       2.855226e+01   2.833387e+01   2.492320e+00   2.492348e+00  
975       2.862140e+01   2.840151e+01   2.503809e+00   2.503883e+00  
976       2.855626e+01   2.833749e+01   2.494598e+00   2.494658e+00  
977       2.861776e+01   2.839859e+01   2.499586e+00   2.499689e+00  
978       2.855494e+01   2.833512e+01   2.500514e+00   2.500596e+00  
979       2.860704e+01   2.838697e+01   2.504197e+00   2.504306e+00  
980       2.856718e+01   2.834899e+01   2.491780e+00   2.491898e+00  
981       2.860312e+01   2.838366e+01   2.500561e+00   2.500697e+00  
982       2.857078e+01   2.835262e+01   2.491748e+00   2.491867e+00  
983       2.860300e+01   2.838414e+01   2.497148e+00   2.497296e+00  
984       2.856771e+01   2.834911e+01   2.494139e+00   2.494288e+00  
985       2.860188e+01   2.838315e+01   2.496383e+00   2.496545e+00  
986       2.857345e+01   2.835520e+01   2.492401e+00   2.492543e+00  
987       2.859813e+01   2.837979e+01   2.493995e+00   2.494171e+00  
988       2.857612e+01   2.835777e+01   2.493081e+00   2.493241e+00  
989       2.859615e+01   2.837796e+01   2.492996e+00   2.493163e+00  
990       2.857373e+01   2.835454e+01   2.497692e+00   2.497871e+00  
991       2.859182e+01   2.837368e+01   2.492534e+00   2.492723e+00  
992       2.858248e+01   2.836362e+01   2.496204e+00   2.496380e+00  
993       2.859110e+01   2.837256e+01   2.494778e+00   2.494935e+00  
994       2.858957e+01   2.837097e+01   2.495054e+00   2.495267e+00  
995       2.859820e+01   2.838037e+01   2.491096e+00   2.491250e+00  
996       2.858918e+01   2.836958e+01   2.500725e+00   2.500923e+00  
997       2.859449e+01   2.837627e+01   2.493120e+00   2.493291e+00  
998       2.858971e+01   2.836990e+01   2.501953e+00   2.502162e+00  
999       2.859562e+01   2.837711e+01   2.494813e+00   2.494965e+00  
1000      2.858413e+01   2.836305e+01   2.508834e+00   2.509059e+00  
1001      2.858978e+01   2.837032e+01   2.499949e+00   2.500124e+00  
1002      2.859001e+01   2.836811e+01   2.513721e+00   2.513933e+00  
1003      2.859220e+01   2.837226e+01   2.502795e+00   2.502951e+00  
1004      2.859958e+01   2.837733e+01   2.516142e+00   2.516329e+00  
1005      2.858631e+01   2.836525e+01   2.508885e+00   2.509034e+00  
1006      2.861129e+01   2.838868e+01   2.518693e+00   2.518879e+00  
1007      2.858515e+01   2.836267e+01   2.516846e+00   2.516992e+00  
1008      2.861915e+01   2.839584e+01   2.523006e+00   2.523170e+00  
1009      2.858724e+01   2.836385e+01   2.522110e+00   2.522233e+00  
1010      2.862261e+01   2.839780e+01   2.531603e+00   2.531746e+00  
1011      2.858035e+01   2.835511e+01   2.532188e+00   2.532313e+00  
1012      2.863138e+01   2.840551e+01   2.537960e+00   2.538079e+00  
1013      2.858782e+01   2.836197e+01   2.535883e+00   2.535993e+00  
1014      2.864618e+01   2.841994e+01   2.540643e+00   2.540759e+00  
1015      2.858769e+01   2.835993e+01   2.546591e+00   2.546683e+00  
1016      2.865971e+01   2.843210e+01   2.548940e+00   2.549015e+00  
1017      2.858126e+01   2.835111e+01   2.559576e+00   2.559633e+00  
1018      2.866166e+01   2.843268e+01   2.556683e+00   2.556741e+00  
1019      2.858824e+01   2.835747e+01   2.563313e+00   2.563363e+00  
1020      2.867035e+01   2.844055e+01   2.561658e+00   2.561707e+00  
1021      2.858417e+01   2.835103e+01   2.576231e+00   2.576224e+00  
1022      2.867837e+01   2.844795e+01   2.565444e+00   2.565468e+00  
1023      2.857862e+01   2.834358e+01   2.586389e+00   2.586365e+00  
1024      2.868153e+01   2.844916e+01   2.576375e+00   2.576385e+00  
1025      2.857955e+01   2.834259e+01   2.596955e+00   2.596890e+00  
1026      2.869011e+01   2.845664e+01   2.582835e+00   2.582812e+00  
1027      2.857869e+01   2.834068e+01   2.602657e+00   2.602591e+00  
1028      2.869349e+01   2.845832e+01   2.592341e+00   2.592300e+00  
1029      2.857961e+01   2.834048e+01   2.608796e+00   2.608744e+00  
1030      2.869725e+01   2.846140e+01   2.596232e+00   2.596226e+00  
1031      2.858336e+01   2.834359e+01   2.612418e+00   2.612373e+00  
1032      2.871179e+01   2.847506e+01   2.601712e+00   2.601717e+00  
1033      2.857905e+01   2.833808e+01   2.618745e+00   2.618701e+00  
1034      2.871314e+01   2.847630e+01   2.602372e+00   2.602406e+00  
1035      2.858342e+01   2.834182e+01   2.622337e+00   2.622307e+00  
1036      2.871745e+01   2.847962e+01   2.607954e+00   2.607974e+00  
1037      2.858113e+01   2.833961e+01   2.621813e+00   2.621788e+00  
1038      2.872820e+01   2.849024e+01   2.609164e+00   2.609230e+00  
1039      2.858235e+01   2.834035e+01   2.624449e+00   2.624434e+00  
1040      2.873648e+01   2.849851e+01   2.609620e+00   2.609680e+00  
1041      2.858530e+01   2.834399e+01   2.620850e+00   2.620859e+00  
1042      2.873968e+01   2.850091e+01   2.614066e+00   2.614173e+00  
1043      2.857956e+01   2.833726e+01   2.625901e+00   2.625926e+00  
1044      2.875062e+01   2.851288e+01   2.608915e+00   2.609033e+00  
1045      2.856827e+01   2.832461e+01   2.632702e+00   2.632764e+00  
1046      2.875207e+01   2.851263e+01   2.618240e+00   2.618373e+00  
1047      2.857663e+01   2.833410e+01   2.627010e+00   2.627077e+00  
1048      2.875286e+01   2.851354e+01   2.617627e+00   2.617789e+00  
1049      2.857619e+01   2.833349e+01   2.627852e+00   2.627944e+00  
1050      2.875300e+01   2.851398e+01   2.616053e+00   2.616219e+00  
1051      2.857795e+01   2.833700e+01   2.618505e+00   2.618617e+00  
1052      2.875790e+01   2.851908e+01   2.615121e+00   2.615330e+00  
1053      2.858343e+01   2.834368e+01   2.612197e+00   2.612328e+00  
1054      2.876426e+01   2.852635e+01   2.610469e+00   2.610678e+00  
1055      2.857886e+01   2.833919e+01   2.611583e+00   2.611720e+00  
1056      2.875966e+01   2.852131e+01   2.612593e+00   2.612814e+00  
1057      2.857467e+01   2.833573e+01   2.607401e+00   2.607567e+00  
1058      2.877169e+01   2.853445e+01   2.607069e+00   2.607320e+00  
1059      2.857622e+01   2.833812e+01   2.602916e+00   2.603070e+00  
1060      2.877350e+01   2.853647e+01   2.606062e+00   2.606288e+00  
1061      2.857526e+01   2.833838e+01   2.596171e+00   2.596365e+00  
1062      2.877646e+01   2.853902e+01   2.608397e+00   2.608649e+00  
1063      2.857390e+01   2.833822e+01   2.589614e+00   2.589815e+00  
1064      2.878013e+01   2.854225e+01   2.610973e+00   2.611225e+00  
1065      2.857212e+01   2.833703e+01   2.586289e+00   2.586518e+00  
1066      2.878440e+01   2.854659e+01   2.610797e+00   2.611049e+00  
1067      2.857361e+01   2.833872e+01   2.585282e+00   2.585518e+00  
1068      2.879241e+01   2.855517e+01   2.608086e+00   2.608302e+00  
1069      2.857153e+01   2.833634e+01   2.586801e+00   2.587048e+00  
1070      2.879305e+01   2.855524e+01   2.611191e+00   2.611435e+00  
1071      2.857355e+01   2.833871e+01   2.584927e+00   2.585178e+00  
1072      2.879895e+01   2.856118e+01   2.611268e+00   2.611516e+00  
1073      2.856998e+01   2.833396e+01   2.591254e+00   2.591514e+00  
1074      2.880450e+01   2.856609e+01   2.615000e+00   2.615267e+00  
1075      2.857362e+01   2.833723e+01   2.593451e+00   2.593708e+00  
1076      2.880178e+01   2.856250e+01   2.619646e+00   2.619891e+00  
1077      2.858127e+01   2.834503e+01   2.592968e+00   2.593242e+00  
1078      2.880852e+01   2.856877e+01   2.622514e+00   2.622772e+00  
1079      2.858025e+01   2.834318e+01   2.597465e+00   2.597683e+00  
1080      2.881620e+01   2.857678e+01   2.621081e+00   2.621319e+00  
1081      2.857937e+01   2.834153e+01   2.601646e+00   2.601884e+00  
1082      2.882137e+01   2.858139e+01   2.624321e+00   2.624561e+00  
1083      2.857661e+01   2.833735e+01   2.609213e+00   2.609426e+00  
1084      2.882503e+01   2.858417e+01   2.629323e+00   2.629554e+00  
1085      2.857014e+01   2.832932e+01   2.617393e+00   2.617596e+00  
1086      2.882408e+01   2.858210e+01   2.635345e+00   2.635563e+00  
1087      2.857241e+01   2.833089e+01   2.621308e+00   2.621480e+00  
1088      2.882472e+01   2.858097e+01   2.644960e+00   2.645170e+00  
1089      2.857450e+01   2.833195e+01   2.626953e+00   2.627121e+00  
1090      2.882894e+01   2.858421e+01   2.650487e+00   2.650663e+00  
1091      2.857349e+01   2.832964e+01   2.633907e+00   2.634058e+00  
1092      2.883666e+01   2.859016e+01   2.660345e+00   2.660506e+00  
1093      2.857992e+01   2.833606e+01   2.634237e+00   2.634364e+00  
1094      2.883041e+01   2.858192e+01   2.670728e+00   2.670860e+00  
1095      2.857423e+01   2.832837e+01   2.644717e+00   2.644846e+00  
1096      2.883723e+01   2.858702e+01   2.680237e+00   2.680339e+00  
1097      2.857810e+01   2.833144e+01   2.649226e+00   2.649325e+00  
1098      2.884291e+01   2.859222e+01   2.683069e+00   2.683146e+00  
1099      2.858606e+01   2.833861e+01   2.653833e+00   2.653912e+00  
1100      2.884180e+01   2.858825e+01   2.698229e+00   2.698303e+00  
1101      2.858346e+01   2.833364e+01   2.666315e+00   2.666363e+00  
1102      2.885236e+01   2.859802e+01   2.702886e+00   2.702935e+00  
1103      2.858610e+01   2.833617e+01   2.667055e+00   2.667066e+00  
1104      2.885587e+01   2.860043e+01   2.708880e+00   2.708967e+00  
1105      2.859463e+01   2.834343e+01   2.674221e+00   2.674245e+00  
1106      2.885624e+01   2.859983e+01   2.714026e+00   2.714111e+00  
1107      2.859837e+01   2.834669e+01   2.676942e+00   2.676943e+00  
1108      2.885535e+01   2.859778e+01   2.720107e+00   2.720220e+00  
1109      2.860110e+01   2.834816e+01   2.683703e+00   2.683718e+00  
1110      2.886505e+01   2.860666e+01   2.724823e+00   2.724951e+00  
1111      2.860507e+01   2.835178e+01   2.685772e+00   2.685765e+00  
1112      2.886603e+01   2.860711e+01   2.727655e+00   2.727787e+00  
1113      2.861086e+01   2.835642e+01   2.692082e+00   2.692113e+00  
1114      2.886736e+01   2.860709e+01   2.734740e+00   2.734885e+00  
1115      2.861858e+01   2.836350e+01   2.695805e+00   2.695834e+00  
1116      2.887645e+01   2.861620e+01   2.735099e+00   2.735266e+00  
1117      2.862850e+01   2.837261e+01   2.700494e+00   2.700550e+00  
1118      2.887716e+01   2.861578e+01   2.741035e+00   2.741211e+00  
1119      2.862928e+01   2.837278e+01   2.703752e+00   2.703817e+00  
1120      2.888549e+01   2.862426e+01   2.740674e+00   2.740857e+00  
1121      2.863743e+01   2.838032e+01   2.707326e+00   2.707420e+00  
1122      2.889028e+01   2.862841e+01   2.744213e+00   2.744396e+00  
1123      2.864692e+01   2.839029e+01   2.705320e+00   2.705397e+00  
1124      2.890524e+01   2.864423e+01   2.740444e+00   2.740636e+00  
1125      2.865553e+01   2.839941e+01   2.703000e+00   2.703103e+00  
1126      2.890996e+01   2.864888e+01   2.741063e+00   2.741258e+00  
1127      2.866339e+01   2.840800e+01   2.699558e+00   2.699645e+00  
1128      2.891217e+01   2.865130e+01   2.740062e+00   2.740279e+00  
1129      2.867435e+01   2.841930e+01   2.698230e+00   2.698331e+00  
1130      2.892023e+01   2.865909e+01   2.741850e+00   2.742051e+00  
1131      2.868182e+01   2.842730e+01   2.695812e+00   2.695926e+00  
1132      2.893020e+01   2.866950e+01   2.739991e+00   2.740210e+00  
1133      2.868515e+01   2.843016e+01   2.698489e+00   2.698607e+00  
1134      2.893514e+01   2.867498e+01   2.737409e+00   2.737597e+00  
1135      2.869141e+01   2.843667e+01   2.697414e+00   2.697548e+00  
1136      2.894971e+01   2.869022e+01   2.734553e+00   2.734775e+00  
1137      2.869558e+01   2.844015e+01   2.701203e+00   2.701333e+00  
1138      2.896354e+01   2.870513e+01   2.729603e+00   2.729830e+00  
1139      2.870265e+01   2.844675e+01   2.704022e+00   2.704154e+00  
1140      2.896361e+01   2.870439e+01   2.733820e+00   2.734041e+00  
1141      2.871185e+01   2.845609e+01   2.703777e+00   2.703912e+00  
1142      2.897230e+01   2.871309e+01   2.734182e+00   2.734408e+00  
1143      2.872036e+01   2.846435e+01   2.705440e+00   2.705585e+00  
1144      2.897718e+01   2.871782e+01   2.735179e+00   2.735373e+00  
1145      2.873166e+01   2.847583e+01   2.705074e+00   2.705208e+00  
1146      2.897592e+01   2.871544e+01   2.740982e+00   2.741220e+00  
1147      2.873678e+01   2.848053e+01   2.707492e+00   2.707628e+00  
1148      2.899323e+01   2.873290e+01   2.741074e+00   2.741291e+00  
1149      2.873976e+01   2.848286e+01   2.711073e+00   2.711199e+00  
1150      2.899846e+01   2.873780e+01   2.743057e+00   2.743281e+00  
1151      2.875634e+01   2.849992e+01   2.709344e+00   2.709471e+00  
1152      2.900396e+01   2.874182e+01   2.751055e+00   2.751281e+00  
1153      2.876197e+01   2.850488e+01   2.713115e+00   2.713219e+00  
1154      2.900691e+01   2.874391e+01   2.755656e+00   2.755846e+00  
1155      2.877231e+01   2.851523e+01   2.713578e+00   2.713692e+00  
1156      2.901316e+01   2.874911e+01   2.761472e+00   2.761672e+00  
1157      2.878420e+01   2.852721e+01   2.713672e+00   2.713754e+00  
1158      2.901930e+01   2.875407e+01   2.767844e+00   2.768027e+00  
1159      2.879010e+01   2.853222e+01   2.718612e+00   2.718695e+00  
1160      2.902400e+01   2.875849e+01   2.769568e+00   2.769768e+00  
1161      2.880029e+01   2.854174e+01   2.722633e+00   2.722688e+00  
1162      2.903114e+01   2.876542e+01   2.770990e+00   2.771179e+00  
1163      2.880736e+01   2.854756e+01   2.729515e+00   2.729562e+00  
1164      2.903409e+01   2.876733e+01   2.776510e+00   2.776684e+00  
1165      2.881606e+01   2.855546e+01   2.734126e+00   2.734143e+00  
1166      2.903464e+01   2.876737e+01   2.779201e+00   2.779340e+00  
1167      2.882743e+01   2.856565e+01   2.740833e+00   2.740855e+00  
1168      2.903429e+01   2.876624e+01   2.783208e+00   2.783354e+00  
1169      2.883547e+01   2.857313e+01   2.744128e+00   2.744107e+00  
1170      2.902710e+01   2.875811e+01   2.787772e+00   2.787869e+00  
1171      2.884652e+01   2.858337e+01   2.748885e+00   2.748864e+00  
1172      2.902529e+01   2.875537e+01   2.792462e+00   2.792566e+00  
1173      2.885242e+01   2.858772e+01   2.757205e+00   2.757175e+00  
1174      2.902265e+01   2.875143e+01   2.799027e+00   2.799077e+00  
1175      2.886127e+01   2.859596e+01   2.760827e+00   2.760806e+00  
1176      2.902305e+01   2.875127e+01   2.801929e+00   2.801962e+00  
1177      2.886490e+01   2.859812e+01   2.768607e+00   2.768542e+00  
1178      2.901822e+01   2.874511e+01   2.808533e+00   2.808558e+00  
1179      2.886451e+01   2.859686e+01   2.773066e+00   2.773021e+00  
1180      2.900822e+01   2.873355e+01   2.816015e+00   2.816038e+00  
1181      2.886851e+01   2.860020e+01   2.776659e+00   2.776601e+00  
1182      2.901361e+01   2.873882e+01   2.816861e+00   2.816902e+00  
1183      2.886718e+01   2.859842e+01   2.778933e+00   2.778911e+00  
1184      2.900912e+01   2.873307e+01   2.823082e+00   2.823127e+00  
1185      2.886861e+01   2.859888e+01   2.783955e+00   2.783933e+00  
1186      2.900115e+01   2.872385e+01   2.829004e+00   2.829080e+00  
1187      2.887351e+01   2.860381e+01   2.784034e+00   2.784005e+00  
1188      2.899989e+01   2.872271e+01   2.828365e+00   2.828435e+00  
1189      2.887688e+01   2.860627e+01   2.788861e+00   2.788854e+00  
1190      2.900059e+01   2.872312e+01   2.829818e+00   2.829926e+00  
1191      2.887947e+01   2.860815e+01   2.792639e+00   2.792619e+00  
1192      2.898945e+01   2.871157e+01   2.831354e+00   2.831461e+00  
1193      2.888545e+01   2.861386e+01   2.794265e+00   2.794291e+00  
1194      2.898452e+01   2.870625e+01   2.833144e+00   2.833240e+00  
1195      2.888431e+01   2.861167e+01   2.799600e+00   2.799621e+00  
1196      2.898047e+01   2.870268e+01   2.830477e+00   2.830587e+00  
1197      2.888589e+01   2.861297e+01   2.801105e+00   2.801135e+00  
1198      2.896323e+01   2.868403e+01   2.836790e+00   2.836906e+00  
1199      2.889026e+01   2.861739e+01   2.801045e+00   2.801093e+00  
1200      2.896525e+01   2.868669e+01   2.833644e+00   2.833778e+00  
1201      2.888922e+01   2.861639e+01   2.800799e+00   2.800839e+00  
1202      2.895186e+01   2.867267e+01   2.836166e+00   2.836312e+00  
1203      2.889367e+01   2.862140e+01   2.798148e+00   2.798205e+00  
1204      2.893819e+01   2.865821e+01   2.839454e+00   2.839602e+00  
1205      2.889551e+01   2.862321e+01   2.798390e+00   2.798461e+00  
1206      2.893141e+01   2.865154e+01   2.838552e+00   2.838698e+00  
1207      2.889946e+01   2.862737e+01   2.797475e+00   2.797553e+00  
1208      2.892206e+01   2.864201e+01   2.838994e+00   2.839128e+00  
1209      2.890969e+01   2.863847e+01   2.793586e+00   2.793672e+00  
1210      2.891349e+01   2.863370e+01   2.837303e+00   2.837423e+00  
1211      2.891357e+01   2.864274e+01   2.791750e+00   2.791839e+00  
1212      2.890400e+01   2.862448e+01   2.835479e+00   2.835608e+00  
1213      2.891560e+01   2.864478e+01   2.791764e+00   2.791861e+00  
1214      2.890518e+01   2.862660e+01   2.830722e+00   2.830873e+00  
1215      2.891962e+01   2.864874e+01   2.792263e+00   2.792386e+00  
1216      2.889575e+01   2.861709e+01   2.830709e+00   2.830860e+00  
1217      2.892312e+01   2.865171e+01   2.795140e+00   2.795251e+00  
1218      2.888564e+01   2.860728e+01   2.828690e+00   2.828858e+00  
1219      2.892506e+01   2.865356e+01   2.795737e+00   2.795826e+00  
1220      2.887483e+01   2.859602e+01   2.830397e+00   2.830575e+00  
1221      2.893541e+01   2.866379e+01   2.796827e+00   2.796920e+00  
1222      2.886611e+01   2.858737e+01   2.829617e+00   2.829793e+00  
1223      2.894618e+01   2.867408e+01   2.799814e+00   2.799907e+00  
1224      2.885481e+01   2.857566e+01   2.831119e+00   2.831285e+00  
1225      2.894512e+01   2.867141e+01   2.807985e+00   2.808082e+00  
1226      2.885009e+01   2.857118e+01   2.829689e+00   2.829858e+00  
1227      2.895426e+01   2.867984e+01   2.812055e+00   2.812154e+00  
1228      2.884734e+01   2.856742e+01   2.834682e+00   2.834825e+00  
1229      2.895725e+01   2.868164e+01   2.818244e+00   2.818356e+00  
1230      2.883977e+01   2.855864e+01   2.840344e+00   2.840505e+00  
1231      2.895861e+01   2.868100e+01   2.828482e+00   2.828560e+00  
1232      2.883854e+01   2.855651e+01   2.844857e+00   2.845011e+00  
1233      2.896801e+01   2.868997e+01   2.831172e+00   2.831250e+00  
1234      2.883816e+01   2.855492e+01   2.850924e+00   2.851067e+00  
1235      2.896747e+01   2.868737e+01   2.841553e+00   2.841615e+00  
1236      2.883993e+01   2.855549e+01   2.856965e+00   2.857127e+00  
1237      2.896722e+01   2.868591e+01   2.847692e+00   2.847710e+00  
1238      2.883323e+01   2.854639e+01   2.868641e+00   2.868797e+00  
1239      2.896928e+01   2.868644e+01   2.855483e+00   2.855453e+00  
1240      2.883246e+01   2.854403e+01   2.876420e+00   2.876593e+00  
1241      2.897395e+01   2.868986e+01   2.861986e+00   2.861945e+00  
1242      2.883918e+01   2.854997e+01   2.880656e+00   2.880805e+00  
1243      2.896980e+01   2.868311e+01   2.874778e+00   2.874692e+00  
1244      2.882708e+01   2.853577e+01   2.890464e+00   2.890595e+00  
1245      2.897711e+01   2.868910e+01   2.881760e+00   2.881659e+00  
1246      2.882323e+01   2.853024e+01   2.898542e+00   2.898649e+00  
1247      2.897360e+01   2.868335e+01   2.892692e+00   2.892583e+00  
1248      2.881868e+01   2.852385e+01   2.907406e+00   2.907486e+00  
1249      2.897938e+01   2.868770e+01   2.900115e+00   2.900015e+00  
1250      2.881120e+01   2.851458e+01   2.915780e+00   2.915843e+00  
-------------------------------------------------------------------

