
**********************************************
Real-time propagation in 3D, OPTION = 2
MPI nodes = 8, OMP threads = 16, cores = 128
**********************************************

Interactions
Contact: Natoms = 1.50000000000e+05, as = 7.800000e+01 * a0, G = 1.401257e+04, G * par = 2.802513e+04
Three-body: K3 =  0.000000e+00, g3 = 0.000000e+00
Regular DDI: add = 1.101000e+02 * a0, GD = 4.721954e+03, GD * par = 9.443909e+03, edd = 1.411538e+00
     Dipolar cutoff Rcut = 6.520532e+00, Lcut = 2.093893e+02

QF = 1: h2 = 1.761005e+05, h4 = 0.000000e+00
        q3 = 0.000000e+00, q5 = 4.206189e+00

GRAD = 0

Trap parameters:
GAMMA = 0.000000e+00, NU = 0.000000e+00, LAMBDA = 0.000000e+00
Parameters of rotation: OMEGA = 0.000000e+00, OMEGA * par = 0.000000e+00

Space discretization: NX = 128, NY = 128, NZ = 128
                      DX = 3.271708e+00, DY = 1.018833e-01, DZ = 1.018833e-01
      Unit of length: aho = 5.552380e-07 m

Time discretization: NITER = 2500 (NSNAP = 1250)
                     DT = 5.190105e-03

Initial state: file ./imag3d-finalpsi.bin
ADD_VORTICES = 0, ADD_RANDOM_PHASE = 0


MUREL = 1.000000e-12, MUEND=1.000000e+05

-------------------------------------------------------------------
Snap      <r>            <x>            <y>            <z>
-------------------------------------------------------------------
0         2.099762e+01   2.097737e+01   6.519518e-01   6.519518e-01  
1         2.099762e+01   2.097737e+01   6.518548e-01   6.518548e-01  
2         2.099762e+01   2.097738e+01   6.517725e-01   6.517725e-01  
3         2.099763e+01   2.097740e+01   6.517050e-01   6.517050e-01  
4         2.099765e+01   2.097742e+01   6.516518e-01   6.516518e-01  
5         2.099768e+01   2.097744e+01   6.516127e-01   6.516127e-01  
6         2.099771e+01   2.097748e+01   6.515871e-01   6.515871e-01  
7         2.099774e+01   2.097751e+01   6.515748e-01   6.515748e-01  
8         2.099778e+01   2.097755e+01   6.515752e-01   6.515752e-01  
9         2.099783e+01   2.097760e+01   6.515879e-01   6.515879e-01  
10        2.099789e+01   2.097766e+01   6.516124e-01   6.516124e-01  
11        2.099795e+01   2.097771e+01   6.516482e-01   6.516482e-01  
12        2.099801e+01   2.097778e+01   6.516947e-01   6.516947e-01  
13        2.099808e+01   2.097785e+01   6.517515e-01   6.517515e-01  
14        2.099816e+01   2.097792e+01   6.518179e-01   6.518179e-01  
15        2.099825e+01   2.097800e+01   6.518935e-01   6.518935e-01  
16        2.099834e+01   2.097808e+01   6.519777e-01   6.519777e-01  
17        2.099843e+01   2.097817e+01   6.520699e-01   6.520699e-01  
18        2.099853e+01   2.097827e+01   6.521698e-01   6.521698e-01  
19        2.099864e+01   2.097837e+01   6.522770e-01   6.522770e-01  
20        2.099875e+01   2.097847e+01   6.523910e-01   6.523910e-01  
21        2.099887e+01   2.097858e+01   6.525116e-01   6.525116e-01  
22        2.099899e+01   2.097870e+01   6.526383e-01   6.526383e-01  
23        2.099912e+01   2.097882e+01   6.527708e-01   6.527708e-01  
24        2.099926e+01   2.097895e+01   6.529087e-01   6.529087e-01  
25        2.099940e+01   2.097908e+01   6.530516e-01   6.530516e-01  
26        2.099954e+01   2.097921e+01   6.531990e-01   6.531990e-01  
27        2.099969e+01   2.097935e+01   6.533503e-01   6.533503e-01  
28        2.099985e+01   2.097950e+01   6.535050e-01   6.535050e-01  
29        2.100001e+01   2.097965e+01   6.536623e-01   6.536623e-01  
30        2.100018e+01   2.097981e+01   6.538216e-01   6.538216e-01  
31        2.100035e+01   2.097997e+01   6.539820e-01   6.539820e-01  
32        2.100052e+01   2.098014e+01   6.541429e-01   6.541429e-01  
33        2.100070e+01   2.098031e+01   6.543032e-01   6.543032e-01  
34        2.100089e+01   2.098049e+01   6.544623e-01   6.544623e-01  
35        2.100108e+01   2.098067e+01   6.546192e-01   6.546192e-01  
36        2.100128e+01   2.098085e+01   6.547731e-01   6.547731e-01  
37        2.100148e+01   2.098105e+01   6.549232e-01   6.549232e-01  
38        2.100168e+01   2.098124e+01   6.550685e-01   6.550685e-01  
39        2.100189e+01   2.098144e+01   6.552084e-01   6.552084e-01  
40        2.100211e+01   2.098165e+01   6.553420e-01   6.553420e-01  
41        2.100233e+01   2.098186e+01   6.554687e-01   6.554687e-01  
42        2.100255e+01   2.098208e+01   6.555878e-01   6.555878e-01  
43        2.100278e+01   2.098230e+01   6.556986e-01   6.556986e-01  
44        2.100301e+01   2.098252e+01   6.558007e-01   6.558007e-01  
45        2.100324e+01   2.098275e+01   6.558934e-01   6.558934e-01  
46        2.100348e+01   2.098298e+01   6.559764e-01   6.559764e-01  
47        2.100373e+01   2.098322e+01   6.560493e-01   6.560493e-01  
48        2.100397e+01   2.098347e+01   6.561118e-01   6.561118e-01  
49        2.100422e+01   2.098372e+01   6.561636e-01   6.561636e-01  
50        2.100448e+01   2.098397e+01   6.562046e-01   6.562046e-01  
51        2.100474e+01   2.098423e+01   6.562345e-01   6.562345e-01  
52        2.100500e+01   2.098449e+01   6.562534e-01   6.562534e-01  
53        2.100527e+01   2.098476e+01   6.562613e-01   6.562613e-01  
54        2.100554e+01   2.098503e+01   6.562582e-01   6.562582e-01  
55        2.100582e+01   2.098531e+01   6.562443e-01   6.562443e-01  
56        2.100610e+01   2.098559e+01   6.562198e-01   6.562198e-01  
57        2.100638e+01   2.098587e+01   6.561849e-01   6.561849e-01  
58        2.100667e+01   2.098616e+01   6.561400e-01   6.561400e-01  
59        2.100696e+01   2.098646e+01   6.560853e-01   6.560853e-01  
60        2.100726e+01   2.098676e+01   6.560214e-01   6.560214e-01  
61        2.100756e+01   2.098707e+01   6.559486e-01   6.559486e-01  
62        2.100786e+01   2.098738e+01   6.558675e-01   6.558675e-01  
63        2.100817e+01   2.098769e+01   6.557786e-01   6.557786e-01  
64        2.100848e+01   2.098801e+01   6.556824e-01   6.556824e-01  
65        2.100880e+01   2.098833e+01   6.555795e-01   6.555795e-01  
66        2.100912e+01   2.098866e+01   6.554705e-01   6.554705e-01  
67        2.100945e+01   2.098900e+01   6.553560e-01   6.553560e-01  
68        2.100978e+01   2.098934e+01   6.552367e-01   6.552367e-01  
69        2.101012e+01   2.098968e+01   6.551132e-01   6.551132e-01  
70        2.101046e+01   2.099003e+01   6.549862e-01   6.549862e-01  
71        2.101080e+01   2.099038e+01   6.548563e-01   6.548563e-01  
72        2.101115e+01   2.099074e+01   6.547243e-01   6.547243e-01  
73        2.101150e+01   2.099110e+01   6.545908e-01   6.545908e-01  
74        2.101186e+01   2.099147e+01   6.544565e-01   6.544565e-01  
75        2.101223e+01   2.099184e+01   6.543220e-01   6.543220e-01  
76        2.101260e+01   2.099222e+01   6.541880e-01   6.541880e-01  
77        2.101297e+01   2.099260e+01   6.540552e-01   6.540552e-01  
78        2.101335e+01   2.099299e+01   6.539242e-01   6.539242e-01  
79        2.101374e+01   2.099338e+01   6.537956e-01   6.537956e-01  
80        2.101412e+01   2.099378e+01   6.536700e-01   6.536700e-01  
81        2.101452e+01   2.099418e+01   6.535480e-01   6.535480e-01  
82        2.101492e+01   2.099459e+01   6.534301e-01   6.534301e-01  
83        2.101532e+01   2.099500e+01   6.533168e-01   6.533168e-01  
84        2.101574e+01   2.099542e+01   6.532087e-01   6.532087e-01  
85        2.101615e+01   2.099585e+01   6.531061e-01   6.531061e-01  
86        2.101657e+01   2.099627e+01   6.530096e-01   6.530096e-01  
87        2.101700e+01   2.099671e+01   6.529194e-01   6.529194e-01  
88        2.101743e+01   2.099714e+01   6.528360e-01   6.528360e-01  
89        2.101787e+01   2.099759e+01   6.527597e-01   6.527597e-01  
90        2.101831e+01   2.099803e+01   6.526907e-01   6.526907e-01  
91        2.101876e+01   2.099849e+01   6.526293e-01   6.526293e-01  
92        2.101921e+01   2.099894e+01   6.525756e-01   6.525756e-01  
93        2.101967e+01   2.099941e+01   6.525298e-01   6.525298e-01  
94        2.102014e+01   2.099988e+01   6.524920e-01   6.524920e-01  
95        2.102061e+01   2.100035e+01   6.524622e-01   6.524622e-01  
96        2.102109e+01   2.100083e+01   6.524405e-01   6.524405e-01  
97        2.102157e+01   2.100131e+01   6.524269e-01   6.524269e-01  
98        2.102205e+01   2.100180e+01   6.524213e-01   6.524213e-01  
99        2.102255e+01   2.100229e+01   6.524237e-01   6.524237e-01  
100       2.102305e+01   2.100279e+01   6.524340e-01   6.524340e-01  
101       2.102355e+01   2.100329e+01   6.524520e-01   6.524520e-01  
102       2.102406e+01   2.100380e+01   6.524774e-01   6.524774e-01  
103       2.102457e+01   2.100431e+01   6.525102e-01   6.525102e-01  
104       2.102509e+01   2.100483e+01   6.525500e-01   6.525500e-01  
105       2.102562e+01   2.100535e+01   6.525966e-01   6.525966e-01  
106       2.102614e+01   2.100588e+01   6.526496e-01   6.526496e-01  
107       2.102668e+01   2.100641e+01   6.527085e-01   6.527085e-01  
108       2.102722e+01   2.100695e+01   6.527731e-01   6.527731e-01  
109       2.102777e+01   2.100749e+01   6.528428e-01   6.528428e-01  
110       2.102832e+01   2.100803e+01   6.529174e-01   6.529174e-01  
111       2.102887e+01   2.100858e+01   6.529964e-01   6.529964e-01  
112       2.102943e+01   2.100914e+01   6.530793e-01   6.530793e-01  
113       2.103000e+01   2.100970e+01   6.531657e-01   6.531657e-01  
114       2.103057e+01   2.101027e+01   6.532551e-01   6.532551e-01  
115       2.103114e+01   2.101084e+01   6.533470e-01   6.533470e-01  
116       2.103172e+01   2.101141e+01   6.534410e-01   6.534410e-01  
117       2.103231e+01   2.101199e+01   6.535366e-01   6.535366e-01  
118       2.103290e+01   2.101257e+01   6.536333e-01   6.536333e-01  
119       2.103349e+01   2.101316e+01   6.537307e-01   6.537307e-01  
120       2.103409e+01   2.101375e+01   6.538282e-01   6.538282e-01  
121       2.103469e+01   2.101435e+01   6.539254e-01   6.539254e-01  
122       2.103530e+01   2.101495e+01   6.540217e-01   6.540217e-01  
123       2.103591e+01   2.101556e+01   6.541167e-01   6.541167e-01  
124       2.103653e+01   2.101617e+01   6.542100e-01   6.542100e-01  
125       2.103715e+01   2.101679e+01   6.543011e-01   6.543011e-01  
126       2.103777e+01   2.101741e+01   6.543897e-01   6.543897e-01  
127       2.103840e+01   2.101803e+01   6.544754e-01   6.544754e-01  
128       2.103903e+01   2.101866e+01   6.545579e-01   6.545579e-01  
129       2.103967e+01   2.101929e+01   6.546368e-01   6.546368e-01  
130       2.104031e+01   2.101993e+01   6.547117e-01   6.547117e-01  
131       2.104096e+01   2.102057e+01   6.547822e-01   6.547822e-01  
132       2.104161e+01   2.102122e+01   6.548481e-01   6.548481e-01  
133       2.104226e+01   2.102187e+01   6.549090e-01   6.549090e-01  
134       2.104292e+01   2.102252e+01   6.549647e-01   6.549647e-01  
135       2.104358e+01   2.102318e+01   6.550149e-01   6.550149e-01  
136       2.104425e+01   2.102384e+01   6.550595e-01   6.550595e-01  
137       2.104491e+01   2.102451e+01   6.550981e-01   6.550981e-01  
138       2.104559e+01   2.102518e+01   6.551307e-01   6.551307e-01  
139       2.104626e+01   2.102586e+01   6.551570e-01   6.551570e-01  
140       2.104695e+01   2.102654e+01   6.551771e-01   6.551771e-01  
141       2.104763e+01   2.102722e+01   6.551906e-01   6.551906e-01  
142       2.104832e+01   2.102791e+01   6.551977e-01   6.551977e-01  
143       2.104901e+01   2.102861e+01   6.551982e-01   6.551982e-01  
144       2.104971e+01   2.102930e+01   6.551921e-01   6.551921e-01  
145       2.105041e+01   2.103001e+01   6.551794e-01   6.551794e-01  
146       2.105111e+01   2.103071e+01   6.551603e-01   6.551603e-01  
147       2.105182e+01   2.103142e+01   6.551346e-01   6.551346e-01  
148       2.105253e+01   2.103213e+01   6.551028e-01   6.551028e-01  
149       2.105324e+01   2.103285e+01   6.550648e-01   6.550648e-01  
150       2.105396e+01   2.103357e+01   6.550209e-01   6.550209e-01  
151       2.105469e+01   2.103430e+01   6.549715e-01   6.549715e-01  
152       2.105541e+01   2.103503e+01   6.549168e-01   6.549168e-01  
153       2.105614e+01   2.103577e+01   6.548573e-01   6.548573e-01  
154       2.105688e+01   2.103651e+01   6.547932e-01   6.547932e-01  
155       2.105762e+01   2.103725e+01   6.547251e-01   6.547251e-01  
156       2.105836e+01   2.103800e+01   6.546533e-01   6.546533e-01  
157       2.105910e+01   2.103875e+01   6.545782e-01   6.545782e-01  
158       2.105985e+01   2.103950e+01   6.545003e-01   6.545003e-01  
159       2.106061e+01   2.104026e+01   6.544198e-01   6.544198e-01  
160       2.106137e+01   2.104103e+01   6.543372e-01   6.543372e-01  
161       2.106213e+01   2.104180e+01   6.542529e-01   6.542529e-01  
162       2.106290e+01   2.104257e+01   6.541672e-01   6.541672e-01  
163       2.106367e+01   2.104335e+01   6.540805e-01   6.540805e-01  
164       2.106444e+01   2.104413e+01   6.539929e-01   6.539929e-01  
165       2.106522e+01   2.104492e+01   6.539049e-01   6.539049e-01  
166       2.106601e+01   2.104571e+01   6.538168e-01   6.538168e-01  
167       2.106680e+01   2.104650e+01   6.537287e-01   6.537287e-01  
168       2.106759e+01   2.104730e+01   6.536409e-01   6.536409e-01  
169       2.106839e+01   2.104810e+01   6.535537e-01   6.535537e-01  
170       2.106919e+01   2.104891e+01   6.534674e-01   6.534674e-01  
171       2.107000e+01   2.104972e+01   6.533820e-01   6.533820e-01  
172       2.107081e+01   2.105054e+01   6.532979e-01   6.532979e-01  
173       2.107162e+01   2.105136e+01   6.532152e-01   6.532152e-01  
174       2.107244e+01   2.105219e+01   6.531341e-01   6.531341e-01  
175       2.107327e+01   2.105302e+01   6.530550e-01   6.530550e-01  
176       2.107409e+01   2.105385e+01   6.529779e-01   6.529779e-01  
177       2.107493e+01   2.105469e+01   6.529032e-01   6.529032e-01  
178       2.107577e+01   2.105553e+01   6.528311e-01   6.528311e-01  
179       2.107661e+01   2.105638e+01   6.527617e-01   6.527617e-01  
180       2.107745e+01   2.105723e+01   6.526953e-01   6.526953e-01  
181       2.107831e+01   2.105809e+01   6.526323e-01   6.526323e-01  
182       2.107916e+01   2.105895e+01   6.525728e-01   6.525728e-01  
183       2.108002e+01   2.105982e+01   6.525171e-01   6.525171e-01  
184       2.108089e+01   2.106068e+01   6.524656e-01   6.524656e-01  
185       2.108176e+01   2.106156e+01   6.524183e-01   6.524183e-01  
186       2.108263e+01   2.106244e+01   6.523756e-01   6.523756e-01  
187       2.108351e+01   2.106332e+01   6.523378e-01   6.523378e-01  
188       2.108440e+01   2.106421e+01   6.523050e-01   6.523050e-01  
189       2.108529e+01   2.106510e+01   6.522774e-01   6.522774e-01  
190       2.108618e+01   2.106599e+01   6.522552e-01   6.522552e-01  
191       2.108708e+01   2.106689e+01   6.522385e-01   6.522385e-01  
192       2.108798e+01   2.106780e+01   6.522274e-01   6.522274e-01  
193       2.108889e+01   2.106871e+01   6.522220e-01   6.522220e-01  
194       2.108980e+01   2.106962e+01   6.522224e-01   6.522224e-01  
195       2.109072e+01   2.107054e+01   6.522285e-01   6.522285e-01  
196       2.109164e+01   2.107146e+01   6.522403e-01   6.522403e-01  
197       2.109256e+01   2.107238e+01   6.522578e-01   6.522578e-01  
198       2.109349e+01   2.107331e+01   6.522808e-01   6.522808e-01  
199       2.109442e+01   2.107424e+01   6.523092e-01   6.523092e-01  
200       2.109536e+01   2.107518e+01   6.523426e-01   6.523426e-01  
201       2.109630e+01   2.107612e+01   6.523810e-01   6.523810e-01  
202       2.109725e+01   2.107706e+01   6.524241e-01   6.524241e-01  
203       2.109820e+01   2.107801e+01   6.524718e-01   6.524718e-01  
204       2.109915e+01   2.107896e+01   6.525236e-01   6.525236e-01  
205       2.110010e+01   2.107991e+01   6.525795e-01   6.525795e-01  
206       2.110106e+01   2.108086e+01   6.526390e-01   6.526390e-01  
207       2.110202e+01   2.108182e+01   6.527020e-01   6.527020e-01  
208       2.110298e+01   2.108278e+01   6.527682e-01   6.527682e-01  
209       2.110394e+01   2.108373e+01   6.528374e-01   6.528374e-01  
210       2.110490e+01   2.108469e+01   6.529093e-01   6.529093e-01  
211       2.110586e+01   2.108565e+01   6.529840e-01   6.529840e-01  
212       2.110683e+01   2.108661e+01   6.530613e-01   6.530613e-01  
213       2.110779e+01   2.108757e+01   6.531412e-01   6.531412e-01  
214       2.110875e+01   2.108852e+01   6.532238e-01   6.532238e-01  
215       2.110970e+01   2.108947e+01   6.533092e-01   6.533092e-01  
216       2.111064e+01   2.109041e+01   6.533979e-01   6.533979e-01  
217       2.111158e+01   2.109134e+01   6.534905e-01   6.534905e-01  
218       2.111250e+01   2.109225e+01   6.535877e-01   6.535877e-01  
219       2.111339e+01   2.109315e+01   6.536907e-01   6.536907e-01  
220       2.111427e+01   2.109401e+01   6.538011e-01   6.538011e-01  
221       2.111510e+01   2.109484e+01   6.539205e-01   6.539205e-01  
222       2.111590e+01   2.109563e+01   6.540514e-01   6.540514e-01  
223       2.111665e+01   2.109637e+01   6.541966e-01   6.541966e-01  
224       2.111733e+01   2.109705e+01   6.543593e-01   6.543593e-01  
225       2.111795e+01   2.109765e+01   6.545433e-01   6.545433e-01  
226       2.111849e+01   2.109818e+01   6.547529e-01   6.547529e-01  
227       2.111893e+01   2.109860e+01   6.549928e-01   6.549928e-01  
228       2.111927e+01   2.109893e+01   6.552681e-01   6.552681e-01  
229       2.111948e+01   2.109912e+01   6.555844e-01   6.555844e-01  
230       2.111957e+01   2.109919e+01   6.559474e-01   6.559474e-01  
231       2.111952e+01   2.109912e+01   6.563630e-01   6.563630e-01  
232       2.111934e+01   2.109890e+01   6.568375e-01   6.568375e-01  
233       2.111901e+01   2.109854e+01   6.573767e-01   6.573767e-01  
234       2.111855e+01   2.109804e+01   6.579866e-01   6.579866e-01  
235       2.111797e+01   2.109741e+01   6.586727e-01   6.586727e-01  
236       2.111728e+01   2.109667e+01   6.594401e-01   6.594401e-01  
237       2.111649e+01   2.109584e+01   6.602934e-01   6.602934e-01  
238       2.111564e+01   2.109492e+01   6.612364e-01   6.612364e-01  
239       2.111472e+01   2.109393e+01   6.622725e-01   6.622725e-01  
240       2.111375e+01   2.109290e+01   6.634040e-01   6.634040e-01  
241       2.111276e+01   2.109182e+01   6.646330e-01   6.646330e-01  
242       2.111175e+01   2.109073e+01   6.659608e-01   6.659608e-01  
243       2.111074e+01   2.108963e+01   6.673879e-01   6.673879e-01  
244       2.110977e+01   2.108856e+01   6.689147e-01   6.689147e-01  
245       2.110884e+01   2.108753e+01   6.705408e-01   6.705408e-01  
246       2.110799e+01   2.108657e+01   6.722655e-01   6.722655e-01  
247       2.110725e+01   2.108571e+01   6.740879e-01   6.740879e-01  
248       2.110665e+01   2.108499e+01   6.760063e-01   6.760063e-01  
249       2.110621e+01   2.108442e+01   6.780185e-01   6.780185e-01  
250       2.110596e+01   2.108403e+01   6.801218e-01   6.801218e-01  
251       2.110590e+01   2.108384e+01   6.823128e-01   6.823128e-01  
252       2.110607e+01   2.108385e+01   6.845876e-01   6.845876e-01  
253       2.110647e+01   2.108410e+01   6.869416e-01   6.869416e-01  
254       2.110711e+01   2.108458e+01   6.893698e-01   6.893698e-01  
255       2.110800e+01   2.108531e+01   6.918663e-01   6.918663e-01  
256       2.110915e+01   2.108629e+01   6.944246e-01   6.944246e-01  
257       2.111056e+01   2.108754e+01   6.970375e-01   6.970375e-01  
258       2.111225e+01   2.108905e+01   6.996974e-01   6.996974e-01  
259       2.111420e+01   2.109083e+01   7.023962e-01   7.023962e-01  
260       2.111644e+01   2.109288e+01   7.051256e-01   7.051256e-01  
261       2.111894e+01   2.109520e+01   7.078771e-01   7.078772e-01  
262       2.112173e+01   2.109781e+01   7.106423e-01   7.106424e-01  
263       2.112479e+01   2.110069e+01   7.134124e-01   7.134124e-01  
264       2.112814e+01   2.110385e+01   7.161786e-01   7.161786e-01  
265       2.113176e+01   2.110728e+01   7.189320e-01   7.189321e-01  
266       2.113565e+01   2.111100e+01   7.216642e-01   7.216642e-01  
267       2.113982e+01   2.111498e+01   7.243669e-01   7.243669e-01  
268       2.114426e+01   2.111925e+01   7.270325e-01   7.270325e-01  
269       2.114897e+01   2.112379e+01   7.296541e-01   7.296541e-01  
270       2.115395e+01   2.112859e+01   7.322253e-01   7.322254e-01  
271       2.115919e+01   2.113366e+01   7.347405e-01   7.347405e-01  
272       2.116469e+01   2.113899e+01   7.371945e-01   7.371945e-01  
273       2.117043e+01   2.114458e+01   7.395830e-01   7.395831e-01  
274       2.117642e+01   2.115041e+01   7.419025e-01   7.419025e-01  
275       2.118265e+01   2.115649e+01   7.441502e-01   7.441503e-01  
276       2.118911e+01   2.116281e+01   7.463245e-01   7.463246e-01  
277       2.119580e+01   2.116936e+01   7.484245e-01   7.484246e-01  
278       2.120272e+01   2.117614e+01   7.504506e-01   7.504507e-01  
279       2.120985e+01   2.118314e+01   7.524038e-01   7.524039e-01  
280       2.121719e+01   2.119036e+01   7.542860e-01   7.542862e-01  
281       2.122474e+01   2.119778e+01   7.560997e-01   7.560998e-01  
282       2.123247e+01   2.120540e+01   7.578478e-01   7.578479e-01  
283       2.124037e+01   2.121319e+01   7.595342e-01   7.595344e-01  
284       2.124844e+01   2.122115e+01   7.611638e-01   7.611640e-01  
285       2.125664e+01   2.122926e+01   7.627425e-01   7.627427e-01  
286       2.126497e+01   2.123748e+01   7.642772e-01   7.642773e-01  
287       2.127339e+01   2.124581e+01   7.657752e-01   7.657754e-01  
288       2.128188e+01   2.125420e+01   7.672441e-01   7.672443e-01  
289       2.129042e+01   2.126265e+01   7.686910e-01   7.686912e-01  
290       2.129899e+01   2.127113e+01   7.701229e-01   7.701231e-01  
291       2.130757e+01   2.127961e+01   7.715466e-01   7.715468e-01  
292       2.131613e+01   2.128809e+01   7.729687e-01   7.729689e-01  
293       2.132467e+01   2.129653e+01   7.743962e-01   7.743964e-01  
294       2.133316e+01   2.130493e+01   7.758366e-01   7.758368e-01  
295       2.134161e+01   2.131328e+01   7.772983e-01   7.772985e-01  
296       2.134999e+01   2.132156e+01   7.787904e-01   7.787907e-01  
297       2.135830e+01   2.132977e+01   7.803225e-01   7.803227e-01  
298       2.136654e+01   2.133791e+01   7.819034e-01   7.819036e-01  
299       2.137471e+01   2.134597e+01   7.835415e-01   7.835417e-01  
300       2.138281e+01   2.135395e+01   7.852441e-01   7.852444e-01  
301       2.139084e+01   2.136186e+01   7.870179e-01   7.870181e-01  
302       2.139881e+01   2.136971e+01   7.888686e-01   7.888689e-01  
303       2.140672e+01   2.137748e+01   7.908021e-01   7.908024e-01  
304       2.141457e+01   2.138519e+01   7.928241e-01   7.928244e-01  
305       2.142234e+01   2.139282e+01   7.949410e-01   7.949413e-01  
306       2.143003e+01   2.140036e+01   7.971594e-01   7.971597e-01  
307       2.143759e+01   2.140775e+01   7.994858e-01   7.994861e-01  
308       2.144498e+01   2.141497e+01   8.019261e-01   8.019264e-01  
309       2.145211e+01   2.142192e+01   8.044855e-01   8.044858e-01  
310       2.145892e+01   2.142853e+01   8.071681e-01   8.071684e-01  
311       2.146527e+01   2.143468e+01   8.099766e-01   8.099770e-01  
312       2.147103e+01   2.144023e+01   8.129127e-01   8.129131e-01  
313       2.147605e+01   2.144502e+01   8.159778e-01   8.159782e-01  
314       2.148016e+01   2.144890e+01   8.191745e-01   8.191749e-01  
315       2.148324e+01   2.145172e+01   8.225069e-01   8.225073e-01  
316       2.148518e+01   2.145340e+01   8.259819e-01   8.259823e-01  
317       2.148595e+01   2.145390e+01   8.296082e-01   8.296086e-01  
318       2.148564e+01   2.145329e+01   8.333956e-01   8.333960e-01  
319       2.148446e+01   2.145180e+01   8.373542e-01   8.373547e-01  
320       2.148302e+01   2.145004e+01   8.415032e-01   8.415037e-01  
321       2.148532e+01   2.145198e+01   8.459865e-01   8.459869e-01  
322       2.152097e+01   2.148721e+01   8.519760e-01   8.519765e-01  
323       2.148133e+01   2.144725e+01   8.551953e-01   8.551958e-01  
324       2.148780e+01   2.145331e+01   8.605566e-01   8.605571e-01  
325       2.149501e+01   2.146007e+01   8.662440e-01   8.662445e-01  
326       2.150779e+01   2.147236e+01   8.725748e-01   8.725748e-01  
327       2.148222e+01   2.144633e+01   8.776557e-01   8.776550e-01  
328       2.148617e+01   2.144974e+01   8.843898e-01   8.843881e-01  
329       2.148284e+01   2.144583e+01   8.912985e-01   8.912947e-01  
330       2.146750e+01   2.142989e+01   8.981367e-01   8.981321e-01  
331       2.148493e+01   2.144661e+01   9.070453e-01   9.070401e-01  
332       2.147427e+01   2.143525e+01   9.150221e-01   9.150116e-01  
333       2.148223e+01   2.144241e+01   9.244216e-01   9.244021e-01  
334       2.149075e+01   2.145010e+01   9.342381e-01   9.342093e-01  
335       2.150492e+01   2.146337e+01   9.447782e-01   9.447319e-01  
336       2.150199e+01   2.145951e+01   9.553508e-01   9.552631e-01  
337       2.148802e+01   2.144465e+01   9.649122e-01   9.648074e-01  
338       2.152457e+01   2.148006e+01   9.783737e-01   9.782570e-01  
339       2.151467e+01   2.146913e+01   9.894444e-01   9.893261e-01  
340       2.151316e+01   2.146639e+01   1.002532e+00   1.002448e+00  
341       2.152016e+01   2.147229e+01   1.014451e+00   1.014354e+00  
342       2.151449e+01   2.146526e+01   1.028577e+00   1.028513e+00  
343       2.153083e+01   2.148016e+01   1.043869e+00   1.043835e+00  
344       2.150745e+01   2.145533e+01   1.058142e+00   1.058106e+00  
345       2.152070e+01   2.146715e+01   1.072875e+00   1.072929e+00  
346       2.152878e+01   2.147336e+01   1.091565e+00   1.091577e+00  
347       2.152276e+01   2.146572e+01   1.107178e+00   1.107286e+00  
348       2.154519e+01   2.148603e+01   1.128099e+00   1.128203e+00  
349       2.153553e+01   2.147465e+01   1.144186e+00   1.144318e+00  
350       2.155720e+01   2.149405e+01   1.165842e+00   1.166049e+00  
351       2.154477e+01   2.147958e+01   1.184143e+00   1.184316e+00  
352       2.155469e+01   2.148697e+01   1.207128e+00   1.207413e+00  
353       2.155343e+01   2.148341e+01   1.227360e+00   1.227585e+00  
354       2.156135e+01   2.148852e+01   1.251885e+00   1.252219e+00  
355       2.155278e+01   2.147755e+01   1.272084e+00   1.272365e+00  
356       2.156210e+01   2.148378e+01   1.298154e+00   1.298541e+00  
357       2.156834e+01   2.148730e+01   1.320634e+00   1.320973e+00  
358       2.155120e+01   2.146698e+01   1.345731e+00   1.346167e+00  
359       2.159230e+01   2.150483e+01   1.372738e+00   1.373129e+00  
360       2.156053e+01   2.146955e+01   1.398818e+00   1.399273e+00  
361       2.159860e+01   2.150439e+01   1.424654e+00   1.425118e+00  
362       2.157587e+01   2.147781e+01   1.452614e+00   1.453084e+00  
363       2.160475e+01   2.150350e+01   1.476968e+00   1.477518e+00  
364       2.156815e+01   2.146334e+01   1.501427e+00   1.501893e+00  
365       2.158808e+01   2.148032e+01   1.523052e+00   1.523540e+00  
366       2.158421e+01   2.147279e+01   1.548634e+00   1.548955e+00  
367       2.161002e+01   2.149620e+01   1.566104e+00   1.566433e+00  
368       2.159882e+01   2.148156e+01   1.589260e+00   1.589295e+00  
369       2.161019e+01   2.148994e+01   1.609897e+00   1.609664e+00  
370       2.160260e+01   2.147815e+01   1.637676e+00   1.636846e+00  
371       2.162409e+01   2.149737e+01   1.653069e+00   1.652805e+00  
372       2.160687e+01   2.147710e+01   1.671756e+00   1.672217e+00  
373       2.161825e+01   2.148508e+01   1.693261e+00   1.694999e+00  
374       2.160072e+01   2.146370e+01   1.717058e+00   1.718340e+00  
375       2.162299e+01   2.148397e+01   1.730621e+00   1.731367e+00  
376       2.161701e+01   2.147400e+01   1.755414e+00   1.755247e+00  
377       2.162893e+01   2.148325e+01   1.772412e+00   1.771706e+00  
378       2.162172e+01   2.147233e+01   1.794412e+00   1.793892e+00  
379       2.162594e+01   2.147431e+01   1.808137e+00   1.807265e+00  
380       2.161537e+01   2.146044e+01   1.827975e+00   1.825353e+00  
381       2.163051e+01   2.147417e+01   1.837856e+00   1.833419e+00  
382       2.161995e+01   2.146068e+01   1.854401e+00   1.850081e+00  
383       2.163799e+01   2.147768e+01   1.860479e+00   1.857573e+00  
384       2.163233e+01   2.146963e+01   1.874209e+00   1.870867e+00  
385       2.163228e+01   2.146696e+01   1.888563e+00   1.886350e+00  
386       2.162616e+01   2.145880e+01   1.900343e+00   1.897152e+00  
387       2.165298e+01   2.148511e+01   1.904357e+00   1.901315e+00  
388       2.163712e+01   2.146611e+01   1.921905e+00   1.917670e+00  
389       2.165454e+01   2.148272e+01   1.925899e+00   1.924197e+00  
390       2.163684e+01   2.146238e+01   1.940399e+00   1.937608e+00  
391       2.165564e+01   2.148035e+01   1.945940e+00   1.942799e+00  
392       2.163848e+01   2.146052e+01   1.961004e+00   1.955571e+00  
393       2.164971e+01   2.147017e+01   1.968786e+00   1.966183e+00  
394       2.164823e+01   2.146723e+01   1.975677e+00   1.975053e+00  
395       2.165483e+01   2.147202e+01   1.986243e+00   1.984577e+00  
396       2.164624e+01   2.146114e+01   1.999037e+00   1.995729e+00  
397       2.166550e+01   2.147993e+01   2.001041e+00   2.000641e+00  
398       2.164683e+01   2.145861e+01   2.014475e+00   2.013750e+00  
399       2.166585e+01   2.147782e+01   2.014044e+00   2.013894e+00  
400       2.165691e+01   2.146592e+01   2.029294e+00   2.029266e+00  
401       2.165460e+01   2.146277e+01   2.032974e+00   2.034204e+00  
402       2.165658e+01   2.146382e+01   2.038124e+00   2.039105e+00  
403       2.164869e+01   2.145481e+01   2.042601e+00   2.045654e+00  
404       2.165234e+01   2.145665e+01   2.053218e+00   2.054355e+00  
405       2.165495e+01   2.145934e+01   2.051278e+00   2.055686e+00  
406       2.166731e+01   2.147030e+01   2.060554e+00   2.062123e+00  
407       2.167564e+01   2.147921e+01   2.055471e+00   2.062084e+00  
408       2.166983e+01   2.147097e+01   2.069794e+00   2.072407e+00  
409       2.167485e+01   2.147678e+01   2.063676e+00   2.070774e+00  
410       2.167358e+01   2.147361e+01   2.074807e+00   2.079228e+00  
411       2.167619e+01   2.147510e+01   2.079618e+00   2.086291e+00  
412       2.169142e+01   2.149021e+01   2.080929e+00   2.087707e+00  
413       2.168238e+01   2.148053e+01   2.084026e+00   2.090191e+00  
414       2.168663e+01   2.148307e+01   2.092036e+00   2.100205e+00  
415       2.167510e+01   2.147171e+01   2.091187e+00   2.098244e+00  
416       2.169828e+01   2.149458e+01   2.092973e+00   2.101896e+00  
417       2.167111e+01   2.146630e+01   2.096778e+00   2.106721e+00  
418       2.168106e+01   2.147569e+01   2.100579e+00   2.109632e+00  
419       2.167101e+01   2.146515e+01   2.101325e+00   2.112960e+00  
420       2.168499e+01   2.147811e+01   2.108236e+00   2.117835e+00  
421       2.167318e+01   2.146611e+01   2.107464e+00   2.119365e+00  
422       2.167168e+01   2.146257e+01   2.118735e+00   2.128531e+00  
423       2.167142e+01   2.146297e+01   2.113713e+00   2.126824e+00  
424       2.168476e+01   2.147515e+01   2.120709e+00   2.132928e+00  
425       2.166783e+01   2.145739e+01   2.123021e+00   2.137283e+00  
426       2.168902e+01   2.147782e+01   2.128873e+00   2.141175e+00  
427       2.167374e+01   2.146282e+01   2.126436e+00   2.139289e+00  
428       2.168471e+01   2.147138e+01   2.138780e+00   2.152225e+00  
429       2.166832e+01   2.145609e+01   2.131065e+00   2.147353e+00  
430       2.167358e+01   2.145941e+01   2.141894e+00   2.156481e+00  
431       2.165725e+01   2.144248e+01   2.143734e+00   2.158989e+00  
432       2.167413e+01   2.145824e+01   2.151394e+00   2.164109e+00  
433       2.166925e+01   2.145383e+01   2.147546e+00   2.162815e+00  
434       2.166339e+01   2.144496e+01   2.162618e+00   2.176927e+00  
435       2.166300e+01   2.144529e+01   2.159048e+00   2.173444e+00  
436       2.166483e+01   2.144438e+01   2.173427e+00   2.186228e+00  
437       2.165190e+01   2.143141e+01   2.171355e+00   2.187367e+00  
438       2.166049e+01   2.143734e+01   2.185913e+00   2.199767e+00  
439       2.164990e+01   2.142707e+01   2.183709e+00   2.197788e+00  
440       2.165900e+01   2.143370e+01   2.196514e+00   2.210028e+00  
441       2.163124e+01   2.140535e+01   2.197493e+00   2.211914e+00  
442       2.166369e+01   2.143616e+01   2.208231e+00   2.220399e+00  
443       2.162944e+01   2.140202e+01   2.204733e+00   2.219316e+00  
444       2.167453e+01   2.144525e+01   2.216692e+00   2.229983e+00  
445       2.164054e+01   2.141096e+01   2.217300e+00   2.228680e+00  
446       2.168193e+01   2.145020e+01   2.228325e+00   2.242676e+00  
447       2.163961e+01   2.140770e+01   2.228036e+00   2.240305e+00  
448       2.168079e+01   2.144649e+01   2.241562e+00   2.253899e+00  
449       2.164178e+01   2.140795e+01   2.237307e+00   2.249686e+00  
450       2.166478e+01   2.142714e+01   2.256493e+00   2.269115e+00  
451       2.164066e+01   2.140390e+01   2.251903e+00   2.262748e+00  
452       2.167379e+01   2.143385e+01   2.268317e+00   2.279834e+00  
453       2.163448e+01   2.139421e+01   2.268498e+00   2.278674e+00  
454       2.166320e+01   2.141996e+01   2.284342e+00   2.293721e+00  
455       2.164625e+01   2.140410e+01   2.277826e+00   2.288329e+00  
456       2.166150e+01   2.141563e+01   2.297268e+00   2.305245e+00  
457       2.165737e+01   2.141405e+01   2.284174e+00   2.294076e+00  
458       2.167003e+01   2.142263e+01   2.304991e+00   2.312608e+00  
459       2.164959e+01   2.140388e+01   2.295572e+00   2.304122e+00  
460       2.168042e+01   2.143136e+01   2.313755e+00   2.320397e+00  
461       2.165465e+01   2.140743e+01   2.303304e+00   2.310964e+00  
462       2.168973e+01   2.143912e+01   2.320987e+00   2.328459e+00  
463       2.164985e+01   2.140060e+01   2.313491e+00   2.319064e+00  
464       2.168733e+01   2.143514e+01   2.328191e+00   2.335483e+00  
465       2.165449e+01   2.140407e+01   2.319541e+00   2.324247e+00  
466       2.168461e+01   2.143043e+01   2.338540e+00   2.343185e+00  
467       2.165317e+01   2.140124e+01   2.327128e+00   2.330495e+00  
468       2.170309e+01   2.144865e+01   2.342290e+00   2.343737e+00  
469       2.163916e+01   2.138433e+01   2.339869e+00   2.342740e+00  
470       2.170499e+01   2.144897e+01   2.350021e+00   2.350633e+00  
471       2.165171e+01   2.139616e+01   2.343790e+00   2.346836e+00  
472       2.171151e+01   2.145438e+01   2.355596e+00   2.355979e+00  
473       2.165948e+01   2.140323e+01   2.348742e+00   2.349082e+00  
474       2.170401e+01   2.144480e+01   2.364640e+00   2.364941e+00  
475       2.166867e+01   2.141133e+01   2.354081e+00   2.354717e+00  
476       2.170829e+01   2.144826e+01   2.368517e+00   2.368919e+00  
477       2.167276e+01   2.141434e+01   2.359585e+00   2.359439e+00  
478       2.171054e+01   2.144998e+01   2.371833e+00   2.370729e+00  
479       2.168012e+01   2.142115e+01   2.362301e+00   2.362596e+00  
480       2.171759e+01   2.145622e+01   2.375792e+00   2.374786e+00  
481       2.169203e+01   2.143288e+01   2.364050e+00   2.363694e+00  
482       2.173180e+01   2.147040e+01   2.376621e+00   2.375783e+00  
483       2.170073e+01   2.144086e+01   2.367814e+00   2.367390e+00  
484       2.174434e+01   2.148281e+01   2.378163e+00   2.376856e+00  
485       2.172012e+01   2.146073e+01   2.366364e+00   2.366568e+00  
486       2.173432e+01   2.147147e+01   2.383872e+00   2.382032e+00  
487       2.171956e+01   2.145973e+01   2.368384e+00   2.368583e+00  
488       2.173530e+01   2.147272e+01   2.382698e+00   2.380822e+00  
489       2.171016e+01   2.144928e+01   2.372567e+00   2.372918e+00  
490       2.173682e+01   2.147439e+01   2.381765e+00   2.380533e+00  
491       2.171636e+01   2.145582e+01   2.371646e+00   2.371369e+00  
492       2.174221e+01   2.147995e+01   2.380560e+00   2.380843e+00  
493       2.170883e+01   2.144787e+01   2.373622e+00   2.372350e+00  
494       2.174540e+01   2.148294e+01   2.381169e+00   2.382322e+00  
495       2.172014e+01   2.145942e+01   2.372485e+00   2.372566e+00  
496       2.175650e+01   2.149462e+01   2.379108e+00   2.380498e+00  
497       2.173589e+01   2.147531e+01   2.372373e+00   2.373156e+00  
498       2.175759e+01   2.149564e+01   2.379226e+00   2.381128e+00  
499       2.173002e+01   2.146846e+01   2.376175e+00   2.377575e+00  
500       2.176206e+01   2.149972e+01   2.380977e+00   2.383363e+00  
501       2.174535e+01   2.148380e+01   2.376125e+00   2.379254e+00  
502       2.175552e+01   2.149296e+01   2.380937e+00   2.384577e+00  
503       2.174102e+01   2.147867e+01   2.379187e+00   2.382862e+00  
504       2.175552e+01   2.149235e+01   2.383161e+00   2.387858e+00  
505       2.174058e+01   2.147796e+01   2.380709e+00   2.383738e+00  
506       2.175705e+01   2.149336e+01   2.385265e+00   2.390718e+00  
507       2.174098e+01   2.147780e+01   2.383523e+00   2.386015e+00  
508       2.175629e+01   2.149197e+01   2.387751e+00   2.393766e+00  
509       2.175344e+01   2.149046e+01   2.382498e+00   2.386640e+00  
510       2.177708e+01   2.151306e+01   2.388045e+00   2.393064e+00  
511       2.176436e+01   2.150021e+01   2.387821e+00   2.393056e+00  
512       2.177323e+01   2.150798e+01   2.393500e+00   2.398277e+00  
513       2.178019e+01   2.151586e+01   2.390508e+00   2.393709e+00  
514       2.176896e+01   2.150262e+01   2.397428e+00   2.403641e+00  
515       2.177674e+01   2.151132e+01   2.394730e+00   2.398927e+00  
516       2.178335e+01   2.151667e+01   2.400008e+00   2.405636e+00  
517       2.179655e+01   2.153124e+01   2.395233e+00   2.399693e+00  
518       2.177872e+01   2.151086e+01   2.405641e+00   2.410060e+00  
519       2.179463e+01   2.152826e+01   2.400086e+00   2.404072e+00  
520       2.179150e+01   2.152372e+01   2.405114e+00   2.411348e+00  
521       2.179989e+01   2.153215e+01   2.406383e+00   2.410559e+00  
522       2.178532e+01   2.151636e+01   2.410770e+00   2.415534e+00  
523       2.181386e+01   2.154605e+01   2.407553e+00   2.411632e+00  
524       2.178774e+01   2.151838e+01   2.412840e+00   2.417337e+00  
525       2.180469e+01   2.153484e+01   2.415663e+00   2.420670e+00  
526       2.178433e+01   2.151330e+01   2.420624e+00   2.424018e+00  
527       2.180997e+01   2.154004e+01   2.417349e+00   2.420308e+00  
528       2.178211e+01   2.151034e+01   2.423230e+00   2.427622e+00  
529       2.181952e+01   2.154777e+01   2.425860e+00   2.429063e+00  
530       2.179108e+01   2.151845e+01   2.427940e+00   2.431518e+00  
531       2.183697e+01   2.156546e+01   2.426527e+00   2.428171e+00  
532       2.179324e+01   2.151982e+01   2.431789e+00   2.434947e+00  
533       2.184664e+01   2.157540e+01   2.425920e+00   2.427486e+00  
534       2.180664e+01   2.153300e+01   2.434333e+00   2.435835e+00  
535       2.184107e+01   2.156828e+01   2.433029e+00   2.433504e+00  
536       2.181842e+01   2.154456e+01   2.435900e+00   2.437572e+00  
537       2.185270e+01   2.158052e+01   2.431067e+00   2.431380e+00  
538       2.182217e+01   2.154756e+01   2.440178e+00   2.440298e+00  
539       2.185703e+01   2.158400e+01   2.435231e+00   2.435270e+00  
540       2.183533e+01   2.156136e+01   2.437974e+00   2.438339e+00  
541       2.185960e+01   2.158598e+01   2.438700e+00   2.437302e+00  
542       2.184217e+01   2.156804e+01   2.439290e+00   2.439263e+00  
543       2.186582e+01   2.159175e+01   2.442096e+00   2.438567e+00  
544       2.184480e+01   2.157081e+01   2.439070e+00   2.438488e+00  
545       2.187488e+01   2.159985e+01   2.446567e+00   2.443544e+00  
546       2.186075e+01   2.158737e+01   2.438075e+00   2.435849e+00  
547       2.187974e+01   2.160431e+01   2.449081e+00   2.445134e+00  
548       2.186108e+01   2.158775e+01   2.438105e+00   2.435456e+00  
549       2.189175e+01   2.161701e+01   2.446191e+00   2.443291e+00  
550       2.185580e+01   2.158186e+01   2.440892e+00   2.437524e+00  
551       2.190142e+01   2.162639e+01   2.449148e+00   2.443942e+00  
552       2.186037e+01   2.158678e+01   2.439643e+00   2.436142e+00  
553       2.191105e+01   2.163640e+01   2.449092e+00   2.441777e+00  
554       2.185507e+01   2.158042e+01   2.444672e+00   2.439920e+00  
555       2.192112e+01   2.164796e+01   2.442161e+00   2.436615e+00  
556       2.187410e+01   2.160052e+01   2.442038e+00   2.435257e+00  
557       2.192036e+01   2.164665e+01   2.444847e+00   2.438774e+00  
558       2.188241e+01   2.160976e+01   2.438065e+00   2.431870e+00  
559       2.192124e+01   2.164743e+01   2.445358e+00   2.439223e+00  
560       2.188283e+01   2.160899e+01   2.443470e+00   2.437141e+00  
561       2.192598e+01   2.165257e+01   2.443728e+00   2.437830e+00  
562       2.189516e+01   2.162311e+01   2.436979e+00   2.429045e+00  
563       2.192716e+01   2.165264e+01   2.449202e+00   2.442329e+00  
564       2.189546e+01   2.162255e+01   2.440369e+00   2.433382e+00  
565       2.194733e+01   2.167504e+01   2.440748e+00   2.433266e+00  
566       2.190696e+01   2.163477e+01   2.437891e+00   2.430690e+00  
567       2.195691e+01   2.168377e+01   2.444465e+00   2.438107e+00  
568       2.193375e+01   2.166325e+01   2.432184e+00   2.424331e+00  
569       2.197509e+01   2.170355e+01   2.438957e+00   2.431441e+00  
570       2.194213e+01   2.167075e+01   2.435918e+00   2.429465e+00  
571       2.198592e+01   2.171511e+01   2.435939e+00   2.429114e+00  
572       2.195127e+01   2.168052e+01   2.433153e+00   2.427611e+00  
573       2.199814e+01   2.172753e+01   2.436101e+00   2.428574e+00  
574       2.195197e+01   2.168048e+01   2.436920e+00   2.430531e+00  
575       2.201003e+01   2.174020e+01   2.431964e+00   2.427098e+00  
576       2.195631e+01   2.168480e+01   2.436950e+00   2.431144e+00  
577       2.201424e+01   2.174349e+01   2.436561e+00   2.431139e+00  
578       2.195660e+01   2.168489e+01   2.438454e+00   2.431389e+00  
579       2.202452e+01   2.175449e+01   2.432677e+00   2.429757e+00  
580       2.195753e+01   2.168508e+01   2.440714e+00   2.435817e+00  
581       2.204131e+01   2.177142e+01   2.433800e+00   2.429309e+00  
582       2.196380e+01   2.169124e+01   2.441559e+00   2.436706e+00  
583       2.203783e+01   2.176669e+01   2.438539e+00   2.435337e+00  
584       2.197549e+01   2.170213e+01   2.445589e+00   2.441046e+00  
585       2.204116e+01   2.176909e+01   2.442730e+00   2.439739e+00  
586       2.198652e+01   2.171309e+01   2.446031e+00   2.442507e+00  
587       2.204385e+01   2.177061e+01   2.447743e+00   2.445524e+00  
588       2.198971e+01   2.171462e+01   2.453129e+00   2.450433e+00  
589       2.205452e+01   2.178150e+01   2.447819e+00   2.444654e+00  
590       2.198302e+01   2.170587e+01   2.461175e+00   2.459923e+00  
591       2.204977e+01   2.177503e+01   2.454945e+00   2.452236e+00  
592       2.198937e+01   2.171177e+01   2.463135e+00   2.462546e+00  
593       2.203896e+01   2.176241e+01   2.462025e+00   2.459957e+00  
594       2.200633e+01   2.172888e+01   2.463528e+00   2.462835e+00  
595       2.204749e+01   2.177111e+01   2.460911e+00   2.460610e+00  
596       2.199827e+01   2.171845e+01   2.472484e+00   2.473826e+00  
597       2.204708e+01   2.176954e+01   2.466212e+00   2.465479e+00  
598       2.200065e+01   2.171930e+01   2.479725e+00   2.480266e+00  
599       2.204010e+01   2.176105e+01   2.471348e+00   2.472923e+00  
600       2.200061e+01   2.171866e+01   2.482267e+00   2.482972e+00  
601       2.205163e+01   2.177150e+01   2.476567e+00   2.478510e+00  
602       2.201188e+01   2.172969e+01   2.483153e+00   2.485495e+00  
603       2.205393e+01   2.177231e+01   2.484161e+00   2.484219e+00  
604       2.202234e+01   2.173926e+01   2.488493e+00   2.488981e+00  
605       2.206225e+01   2.177948e+01   2.488515e+00   2.490913e+00  
606       2.202361e+01   2.174008e+01   2.489663e+00   2.491955e+00  
607       2.208150e+01   2.179956e+01   2.486690e+00   2.487582e+00  
608       2.202004e+01   2.173496e+01   2.497329e+00   2.497380e+00  
609       2.207716e+01   2.179403e+01   2.490708e+00   2.493575e+00  
610       2.202283e+01   2.173724e+01   2.499587e+00   2.499944e+00  
611       2.208165e+01   2.179790e+01   2.493522e+00   2.496561e+00  
612       2.201446e+01   2.172830e+01   2.501130e+00   2.502300e+00  
613       2.207365e+01   2.178821e+01   2.501689e+00   2.502264e+00  
614       2.202856e+01   2.174159e+01   2.504594e+00   2.507517e+00  
615       2.206435e+01   2.177773e+01   2.505420e+00   2.507744e+00  
616       2.202574e+01   2.173833e+01   2.507356e+00   2.508224e+00  
617       2.207922e+01   2.179325e+01   2.503262e+00   2.505911e+00  
618       2.201875e+01   2.172958e+01   2.514464e+00   2.515550e+00  
619       2.207038e+01   2.178283e+01   2.510043e+00   2.511946e+00  
620       2.202483e+01   2.173469e+01   2.519278e+00   2.519895e+00  
621       2.206956e+01   2.178138e+01   2.513456e+00   2.513904e+00  
622       2.202293e+01   2.173259e+01   2.519585e+00   2.521022e+00  
623       2.205995e+01   2.177037e+01   2.519071e+00   2.519233e+00  
624       2.203000e+01   2.173972e+01   2.519480e+00   2.521440e+00  
625       2.205334e+01   2.176331e+01   2.521633e+00   2.519801e+00  
626       2.203073e+01   2.174050e+01   2.518907e+00   2.521687e+00  
627       2.205006e+01   2.176022e+01   2.520558e+00   2.518841e+00  
628       2.203133e+01   2.174066e+01   2.521586e+00   2.522812e+00  
629       2.204519e+01   2.175469e+01   2.523320e+00   2.521257e+00  
630       2.203174e+01   2.174060e+01   2.524193e+00   2.524324e+00  
631       2.204823e+01   2.175866e+01   2.519714e+00   2.517169e+00  
632       2.202844e+01   2.173742e+01   2.523239e+00   2.523873e+00  
633       2.204376e+01   2.175375e+01   2.521156e+00   2.519009e+00  
634       2.204070e+01   2.175042e+01   2.520757e+00   2.521414e+00  
635       2.204186e+01   2.175078e+01   2.525434e+00   2.523719e+00  
636       2.203598e+01   2.174517e+01   2.523310e+00   2.522829e+00  
637       2.203868e+01   2.174753e+01   2.525906e+00   2.523569e+00  
638       2.204014e+01   2.174950e+01   2.523183e+00   2.522003e+00  
639       2.204092e+01   2.174988e+01   2.524945e+00   2.523815e+00  
640       2.203823e+01   2.174724e+01   2.524794e+00   2.523242e+00  
641       2.204625e+01   2.175550e+01   2.523719e+00   2.523160e+00  
642       2.203282e+01   2.174178e+01   2.524821e+00   2.522996e+00  
643       2.204874e+01   2.175790e+01   2.524599e+00   2.523311e+00  
644       2.202896e+01   2.173809e+01   2.523710e+00   2.522185e+00  
645       2.204157e+01   2.175033e+01   2.526480e+00   2.524048e+00  
646       2.202749e+01   2.173712e+01   2.521304e+00   2.520095e+00  
647       2.204126e+01   2.175010e+01   2.525894e+00   2.523871e+00  
648       2.200977e+01   2.171858e+01   2.523814e+00   2.522660e+00  
649       2.202774e+01   2.173639e+01   2.525746e+00   2.524165e+00  
650       2.201106e+01   2.171930e+01   2.526720e+00   2.524775e+00  
651       2.201155e+01   2.171925e+01   2.528902e+00   2.527263e+00  
652       2.201728e+01   2.172570e+01   2.525786e+00   2.524810e+00  
653       2.200839e+01   2.171564e+01   2.530750e+00   2.528935e+00  
654       2.201219e+01   2.171969e+01   2.529907e+00   2.528020e+00  
655       2.200569e+01   2.171286e+01   2.530250e+00   2.529761e+00  
656       2.201747e+01   2.172524e+01   2.528196e+00   2.528058e+00  
657       2.199865e+01   2.170467e+01   2.535366e+00   2.533758e+00  
658       2.201594e+01   2.172260e+01   2.532516e+00   2.533159e+00  
659       2.200149e+01   2.170736e+01   2.535950e+00   2.534789e+00  
660       2.201839e+01   2.172364e+01   2.538743e+00   2.539320e+00  
661       2.198337e+01   2.168683e+01   2.544615e+00   2.544549e+00  
662       2.202831e+01   2.173369e+01   2.538419e+00   2.539557e+00  
663       2.198895e+01   2.169166e+01   2.548207e+00   2.548047e+00  
664       2.201546e+01   2.171921e+01   2.544250e+00   2.546162e+00  
665       2.199066e+01   2.169239e+01   2.551483e+00   2.553275e+00  
666       2.201474e+01   2.171726e+01   2.549773e+00   2.551071e+00  
667       2.198852e+01   2.168836e+01   2.559086e+00   2.561444e+00  
668       2.200600e+01   2.170623e+01   2.558411e+00   2.560892e+00  
669       2.200203e+01   2.170165e+01   2.560677e+00   2.563290e+00  
670       2.201289e+01   2.171186e+01   2.564007e+00   2.566752e+00  
671       2.201240e+01   2.171087e+01   2.566438e+00   2.568485e+00  
672       2.201942e+01   2.171772e+01   2.566997e+00   2.570256e+00  
673       2.201895e+01   2.171599e+01   2.572765e+00   2.574982e+00  
674       2.201621e+01   2.171232e+01   2.575421e+00   2.579864e+00  
675       2.203013e+01   2.172571e+01   2.580141e+00   2.581264e+00  
676       2.201264e+01   2.170739e+01   2.580830e+00   2.585451e+00  
677       2.203709e+01   2.173143e+01   2.585495e+00   2.587173e+00  
678       2.202580e+01   2.172059e+01   2.582238e+00   2.585390e+00  
679       2.204537e+01   2.173887e+01   2.589089e+00   2.591645e+00  
680       2.202871e+01   2.172276e+01   2.585408e+00   2.588751e+00  
681       2.202894e+01   2.172006e+01   2.597787e+00   2.600890e+00  
682       2.202405e+01   2.171621e+01   2.593246e+00   2.596179e+00  
683       2.202473e+01   2.171539e+01   2.600367e+00   2.601738e+00  
684       2.201846e+01   2.170983e+01   2.596183e+00   2.599126e+00  
685       2.202291e+01   2.171284e+01   2.602227e+00   2.605711e+00  
686       2.201202e+01   2.170274e+01   2.598245e+00   2.601799e+00  
687       2.202284e+01   2.171189e+01   2.606214e+00   2.609027e+00  
688       2.201679e+01   2.170618e+01   2.604155e+00   2.607579e+00  
689       2.202541e+01   2.171382e+01   2.608817e+00   2.612004e+00  
690       2.202367e+01   2.171268e+01   2.606043e+00   2.609647e+00  
691       2.202305e+01   2.171154e+01   2.608382e+00   2.611508e+00  
692       2.203919e+01   2.172762e+01   2.609799e+00   2.612575e+00  
693       2.202195e+01   2.170859e+01   2.616306e+00   2.618884e+00  
694       2.202264e+01   2.170951e+01   2.615329e+00   2.618018e+00  
695       2.203054e+01   2.171747e+01   2.615637e+00   2.618131e+00  
696       2.202338e+01   2.171040e+01   2.614296e+00   2.617836e+00  
697       2.203176e+01   2.171716e+01   2.623091e+00   2.623480e+00  
698       2.201589e+01   2.170166e+01   2.619631e+00   2.622003e+00  
699       2.204677e+01   2.173184e+01   2.624624e+00   2.626502e+00  
700       2.202043e+01   2.170592e+01   2.621001e+00   2.623450e+00  
701       2.205040e+01   2.173562e+01   2.624588e+00   2.625749e+00  
702       2.203430e+01   2.172031e+01   2.620176e+00   2.621667e+00  
703       2.205091e+01   2.173475e+01   2.630141e+00   2.631596e+00  
704       2.204145e+01   2.172699e+01   2.622664e+00   2.623871e+00  
705       2.206551e+01   2.174957e+01   2.630067e+00   2.631663e+00  
706       2.203630e+01   2.172072e+01   2.627039e+00   2.628185e+00  
707       2.207432e+01   2.175806e+01   2.632293e+00   2.633136e+00  
708       2.204281e+01   2.172700e+01   2.628423e+00   2.629494e+00  
709       2.207018e+01   2.175312e+01   2.635668e+00   2.635818e+00  
710       2.204376e+01   2.172844e+01   2.626079e+00   2.627948e+00  
711       2.206672e+01   2.174896e+01   2.638552e+00   2.638336e+00  
712       2.204055e+01   2.172398e+01   2.631624e+00   2.632347e+00  
713       2.205999e+01   2.174075e+01   2.643983e+00   2.644310e+00  
714       2.204080e+01   2.172422e+01   2.632283e+00   2.631750e+00  
715       2.206785e+01   2.174835e+01   2.646542e+00   2.644889e+00  
716       2.203912e+01   2.172230e+01   2.633273e+00   2.632541e+00  
717       2.206458e+01   2.174529e+01   2.645325e+00   2.643926e+00  
718       2.204755e+01   2.173024e+01   2.635989e+00   2.634881e+00  
719       2.206192e+01   2.174104e+01   2.651820e+00   2.650110e+00  
720       2.204878e+01   2.173103e+01   2.637837e+00   2.636827e+00  
721       2.206916e+01   2.174817e+01   2.652429e+00   2.651300e+00  
722       2.203808e+01   2.171938e+01   2.642314e+00   2.638828e+00  
723       2.207493e+01   2.175327e+01   2.655559e+00   2.654402e+00  
724       2.204416e+01   2.172475e+01   2.645617e+00   2.642190e+00  
725       2.207529e+01   2.175277e+01   2.659518e+00   2.657533e+00  
726       2.205442e+01   2.173407e+01   2.649551e+00   2.647150e+00  
727       2.207772e+01   2.175427e+01   2.663543e+00   2.661356e+00  
728       2.206944e+01   2.174891e+01   2.651342e+00   2.648686e+00  
729       2.208296e+01   2.175883e+01   2.666955e+00   2.664222e+00  
730       2.207876e+01   2.175834e+01   2.651806e+00   2.648384e+00  
731       2.208751e+01   2.176244e+01   2.670596e+00   2.668716e+00  
732       2.208019e+01   2.175899e+01   2.654592e+00   2.652187e+00  
733       2.208612e+01   2.175989e+01   2.675891e+00   2.672723e+00  
734       2.207620e+01   2.175365e+01   2.661007e+00   2.656309e+00  
735       2.209698e+01   2.177028e+01   2.678731e+00   2.675041e+00  
736       2.208481e+01   2.176148e+01   2.664531e+00   2.660314e+00  
737       2.209974e+01   2.177175e+01   2.683126e+00   2.681481e+00  
738       2.209750e+01   2.177429e+01   2.664109e+00   2.661230e+00  
739       2.210546e+01   2.177677e+01   2.686094e+00   2.684917e+00  
740       2.210503e+01   2.178065e+01   2.669854e+00   2.666040e+00  
741       2.212273e+01   2.179403e+01   2.686344e+00   2.686809e+00  
742       2.211242e+01   2.178744e+01   2.672050e+00   2.669617e+00  
743       2.212499e+01   2.179467e+01   2.693781e+00   2.692731e+00  
744       2.212687e+01   2.180127e+01   2.675459e+00   2.673005e+00  
745       2.213169e+01   2.180083e+01   2.695430e+00   2.696304e+00  
746       2.213261e+01   2.180596e+01   2.680396e+00   2.677350e+00  
747       2.213268e+01   2.180066e+01   2.700323e+00   2.700900e+00  
748       2.214291e+01   2.181589e+01   2.682461e+00   2.679519e+00  
749       2.212819e+01   2.179488e+01   2.705214e+00   2.705882e+00  
750       2.214279e+01   2.181440e+01   2.687898e+00   2.685134e+00  
751       2.211938e+01   2.178435e+01   2.711443e+00   2.712446e+00  
752       2.213585e+01   2.180599e+01   2.693292e+00   2.690868e+00  
753       2.212079e+01   2.178499e+01   2.715066e+00   2.715166e+00  
754       2.214430e+01   2.181400e+01   2.695598e+00   2.693166e+00  
755       2.211146e+01   2.177479e+01   2.718067e+00   2.717934e+00  
756       2.215492e+01   2.182422e+01   2.697800e+00   2.695526e+00  
757       2.210619e+01   2.176850e+01   2.721429e+00   2.722034e+00  
758       2.215272e+01   2.182031e+01   2.704399e+00   2.702415e+00  
759       2.210339e+01   2.176501e+01   2.725509e+00   2.723272e+00  
760       2.216778e+01   2.183523e+01   2.705503e+00   2.704339e+00  
761       2.210485e+01   2.176585e+01   2.727309e+00   2.726506e+00  
762       2.216919e+01   2.183646e+01   2.707108e+00   2.704367e+00  
763       2.212957e+01   2.179119e+01   2.726023e+00   2.725878e+00  
764       2.216989e+01   2.183624e+01   2.710118e+00   2.708812e+00  
765       2.213502e+01   2.179663e+01   2.727699e+00   2.725062e+00  
766       2.216352e+01   2.182835e+01   2.716954e+00   2.713503e+00  
767       2.214017e+01   2.180137e+01   2.729062e+00   2.727588e+00  
768       2.216848e+01   2.183339e+01   2.716594e+00   2.713778e+00  
769       2.214507e+01   2.180542e+01   2.733063e+00   2.730933e+00  
770       2.217025e+01   2.183431e+01   2.720672e+00   2.716766e+00  
771       2.213759e+01   2.179659e+01   2.737999e+00   2.735895e+00  
772       2.217497e+01   2.183828e+01   2.723479e+00   2.720532e+00  
773       2.214808e+01   2.180663e+01   2.740399e+00   2.738345e+00  
774       2.217920e+01   2.184208e+01   2.725434e+00   2.722582e+00  
775       2.214111e+01   2.179902e+01   2.742845e+00   2.740133e+00  
776       2.218713e+01   2.185017e+01   2.725823e+00   2.721946e+00  
777       2.213771e+01   2.179449e+01   2.747890e+00   2.743572e+00  
778       2.219052e+01   2.185340e+01   2.726959e+00   2.722397e+00  
779       2.213437e+01   2.179098e+01   2.747622e+00   2.744805e+00  
780       2.219465e+01   2.185750e+01   2.727481e+00   2.722672e+00  
781       2.213876e+01   2.179522e+01   2.749555e+00   2.744589e+00  
782       2.219705e+01   2.185890e+01   2.731333e+00   2.727120e+00  
783       2.212716e+01   2.178243e+01   2.754071e+00   2.748053e+00  
784       2.219971e+01   2.186185e+01   2.730565e+00   2.725979e+00  
785       2.212618e+01   2.178150e+01   2.753917e+00   2.747684e+00  
786       2.220911e+01   2.187160e+01   2.729599e+00   2.725251e+00  
787       2.212222e+01   2.177737e+01   2.754833e+00   2.747714e+00  
788       2.220541e+01   2.186645e+01   2.735527e+00   2.730417e+00  
789       2.212555e+01   2.178081e+01   2.754524e+00   2.747564e+00  
790       2.220995e+01   2.187021e+01   2.739105e+00   2.733686e+00  
791       2.212482e+01   2.177931e+01   2.757647e+00   2.750386e+00  
792       2.221755e+01   2.187780e+01   2.740323e+00   2.733499e+00  
793       2.212184e+01   2.177632e+01   2.757506e+00   2.750239e+00  
794       2.223189e+01   2.189240e+01   2.740606e+00   2.732935e+00  
795       2.210500e+01   2.175829e+01   2.760366e+00   2.754618e+00  
796       2.223512e+01   2.189473e+01   2.744239e+00   2.736926e+00  
797       2.210607e+01   2.175796e+01   2.765982e+00   2.760185e+00  
798       2.222958e+01   2.188809e+01   2.748518e+00   2.740675e+00  
799       2.211522e+01   2.176703e+01   2.766886e+00   2.761102e+00  
800       2.223322e+01   2.189066e+01   2.753965e+00   2.744290e+00  
801       2.211075e+01   2.176181e+01   2.769916e+00   2.763468e+00  
802       2.223528e+01   2.189196e+01   2.756194e+00   2.748308e+00  
803       2.210452e+01   2.175431e+01   2.774253e+00   2.768209e+00  
804       2.223695e+01   2.189212e+01   2.762896e+00   2.753787e+00  
805       2.209860e+01   2.174769e+01   2.776303e+00   2.771023e+00  
806       2.223448e+01   2.188817e+01   2.768648e+00   2.759456e+00  
807       2.208085e+01   2.172861e+01   2.780538e+00   2.774888e+00  
808       2.223649e+01   2.188901e+01   2.773409e+00   2.764264e+00  
809       2.208261e+01   2.172946e+01   2.784538e+00   2.778248e+00  
810       2.222373e+01   2.187428e+01   2.779828e+00   2.771744e+00  
811       2.208188e+01   2.172741e+01   2.789363e+00   2.783662e+00  
812       2.222750e+01   2.187742e+01   2.781902e+00   2.775077e+00  
813       2.208030e+01   2.172461e+01   2.794785e+00   2.787473e+00  
814       2.223457e+01   2.188379e+01   2.784596e+00   2.778784e+00  
815       2.209000e+01   2.173360e+01   2.797280e+00   2.791755e+00  
816       2.223362e+01   2.188144e+01   2.790208e+00   2.784093e+00  
817       2.208663e+01   2.172889e+01   2.801442e+00   2.797525e+00  
818       2.224110e+01   2.188835e+01   2.792283e+00   2.787484e+00  
819       2.208200e+01   2.172311e+01   2.805976e+00   2.801358e+00  
820       2.223570e+01   2.188056e+01   2.801287e+00   2.796440e+00  
821       2.208503e+01   2.172511e+01   2.809980e+00   2.805687e+00  
822       2.223203e+01   2.187560e+01   2.805870e+00   2.801506e+00  
823       2.207330e+01   2.171165e+01   2.815939e+00   2.811620e+00  
824       2.223094e+01   2.187328e+01   2.810029e+00   2.806742e+00  
825       2.207192e+01   2.170866e+01   2.822160e+00   2.817649e+00  
826       2.222957e+01   2.187048e+01   2.815088e+00   2.812672e+00  
827       2.206271e+01   2.169793e+01   2.826869e+00   2.823380e+00  
828       2.223133e+01   2.187076e+01   2.820696e+00   2.818733e+00  
829       2.206893e+01   2.170323e+01   2.830562e+00   2.827681e+00  
830       2.222652e+01   2.186523e+01   2.823274e+00   2.821165e+00  
831       2.207652e+01   2.171099e+01   2.829947e+00   2.827892e+00  
832       2.222200e+01   2.185982e+01   2.826613e+00   2.824159e+00  
833       2.207331e+01   2.170690e+01   2.832704e+00   2.831511e+00  
834       2.222751e+01   2.186514e+01   2.827399e+00   2.825506e+00  
835       2.206905e+01   2.170225e+01   2.833673e+00   2.832951e+00  
836       2.222274e+01   2.185978e+01   2.829579e+00   2.827279e+00  
837       2.206348e+01   2.169634e+01   2.834678e+00   2.833817e+00  
838       2.221789e+01   2.185417e+01   2.831824e+00   2.830266e+00  
839       2.207282e+01   2.170639e+01   2.831776e+00   2.832491e+00  
840       2.220600e+01   2.184144e+01   2.834127e+00   2.833012e+00  
841       2.206958e+01   2.170265e+01   2.833207e+00   2.834509e+00  
842       2.220312e+01   2.183756e+01   2.836494e+00   2.837925e+00  
843       2.206137e+01   2.169393e+01   2.835382e+00   2.835176e+00  
844       2.220251e+01   2.183600e+01   2.840367e+00   2.841285e+00  
845       2.206002e+01   2.169231e+01   2.835560e+00   2.836885e+00  
846       2.220161e+01   2.183552e+01   2.838631e+00   2.839691e+00  
847       2.206930e+01   2.170125e+01   2.837658e+00   2.838535e+00  
848       2.220864e+01   2.184279e+01   2.838290e+00   2.839055e+00  
849       2.206203e+01   2.169424e+01   2.836222e+00   2.837045e+00  
850       2.221860e+01   2.185309e+01   2.836780e+00   2.839278e+00  
851       2.205182e+01   2.168399e+01   2.835518e+00   2.836755e+00  
852       2.222551e+01   2.186041e+01   2.835614e+00   2.838173e+00  
853       2.204831e+01   2.168056e+01   2.835036e+00   2.836159e+00  
854       2.223392e+01   2.186970e+01   2.832137e+00   2.835894e+00  
855       2.203355e+01   2.166495e+01   2.838256e+00   2.837567e+00  
856       2.222340e+01   2.185920e+01   2.830955e+00   2.835596e+00  
857       2.205031e+01   2.168275e+01   2.834729e+00   2.835250e+00  
858       2.222851e+01   2.186463e+01   2.829848e+00   2.834884e+00  
859       2.203719e+01   2.167001e+01   2.832790e+00   2.832612e+00  
860       2.223572e+01   2.187224e+01   2.829144e+00   2.833410e+00  
861       2.203487e+01   2.166860e+01   2.827923e+00   2.830268e+00  
862       2.223621e+01   2.187289e+01   2.828332e+00   2.833105e+00  
863       2.203699e+01   2.167177e+01   2.824442e+00   2.825966e+00  
864       2.223157e+01   2.186822e+01   2.828446e+00   2.832577e+00  
865       2.203759e+01   2.167224e+01   2.824078e+00   2.827359e+00  
866       2.223105e+01   2.186798e+01   2.826741e+00   2.832079e+00  
867       2.204346e+01   2.167819e+01   2.824184e+00   2.827418e+00  
868       2.222832e+01   2.186567e+01   2.824797e+00   2.830374e+00  
869       2.203934e+01   2.167488e+01   2.821007e+00   2.823848e+00  
870       2.224893e+01   2.188765e+01   2.820696e+00   2.826568e+00  
871       2.202940e+01   2.166489e+01   2.819399e+00   2.824536e+00  
872       2.224982e+01   2.188883e+01   2.819665e+00   2.825455e+00  
873       2.202143e+01   2.165637e+01   2.821634e+00   2.825550e+00  
874       2.225949e+01   2.189843e+01   2.820509e+00   2.826335e+00  
875       2.202572e+01   2.166031e+01   2.822672e+00   2.827680e+00  
876       2.225014e+01   2.188882e+01   2.821093e+00   2.826618e+00  
877       2.203035e+01   2.166543e+01   2.821297e+00   2.825930e+00  
878       2.224644e+01   2.188503e+01   2.822107e+00   2.825833e+00  
879       2.203966e+01   2.167488e+01   2.821042e+00   2.826270e+00  
880       2.223767e+01   2.187548e+01   2.823999e+00   2.828804e+00  
881       2.203656e+01   2.167182e+01   2.820693e+00   2.825878e+00  
882       2.224013e+01   2.187786e+01   2.824680e+00   2.829122e+00  
883       2.204478e+01   2.168026e+01   2.820431e+00   2.825634e+00  
884       2.224131e+01   2.187905e+01   2.824827e+00   2.828971e+00  
885       2.204679e+01   2.168213e+01   2.821086e+00   2.826242e+00  
886       2.224301e+01   2.188029e+01   2.827217e+00   2.830412e+00  
887       2.205932e+01   2.169520e+01   2.819556e+00   2.825183e+00  
888       2.223551e+01   2.187224e+01   2.828203e+00   2.832726e+00  
889       2.206717e+01   2.170287e+01   2.820746e+00   2.826417e+00  
890       2.223696e+01   2.187287e+01   2.831600e+00   2.835822e+00  
891       2.206545e+01   2.170098e+01   2.821285e+00   2.827065e+00  
892       2.223543e+01   2.187062e+01   2.833745e+00   2.839063e+00  
893       2.205757e+01   2.169263e+01   2.822935e+00   2.827869e+00  
894       2.223964e+01   2.187397e+01   2.837490e+00   2.842458e+00  
895       2.205017e+01   2.168421e+01   2.826653e+00   2.831055e+00  
896       2.223392e+01   2.186721e+01   2.840762e+00   2.846523e+00  
897       2.205791e+01   2.169197e+01   2.827570e+00   2.831015e+00  
898       2.223756e+01   2.187005e+01   2.844126e+00   2.849679e+00  
899       2.206043e+01   2.169388e+01   2.830198e+00   2.833423e+00  
900       2.223972e+01   2.187131e+01   2.847930e+00   2.853145e+00  
901       2.205857e+01   2.169112e+01   2.832331e+00   2.837918e+00  
902       2.224657e+01   2.187745e+01   2.851077e+00   2.856267e+00  
903       2.206339e+01   2.169602e+01   2.832390e+00   2.837880e+00  
904       2.223860e+01   2.186821e+01   2.855827e+00   2.860251e+00  
905       2.207074e+01   2.170277e+01   2.835400e+00   2.840384e+00  
906       2.223004e+01   2.185856e+01   2.859157e+00   2.864189e+00  
907       2.208029e+01   2.171191e+01   2.837606e+00   2.842615e+00  
908       2.221670e+01   2.184470e+01   2.859869e+00   2.865623e+00  
909       2.209179e+01   2.172328e+01   2.839116e+00   2.843477e+00  
910       2.220770e+01   2.183477e+01   2.862976e+00   2.868501e+00  
911       2.208967e+01   2.172094e+01   2.840100e+00   2.843972e+00  
912       2.220323e+01   2.183071e+01   2.860839e+00   2.866861e+00  
913       2.209817e+01   2.172923e+01   2.841221e+00   2.845572e+00  
914       2.218426e+01   2.181123e+01   2.861417e+00   2.867706e+00  
915       2.211302e+01   2.174479e+01   2.839820e+00   2.843450e+00  
916       2.218243e+01   2.180936e+01   2.861019e+00   2.868169e+00  
917       2.211516e+01   2.174632e+01   2.842680e+00   2.845574e+00  
918       2.217643e+01   2.180353e+01   2.859554e+00   2.867629e+00  
919       2.212784e+01   2.175947e+01   2.841906e+00   2.844362e+00  
920       2.216233e+01   2.178911e+01   2.860181e+00   2.867535e+00  
921       2.214110e+01   2.177324e+01   2.841500e+00   2.842546e+00  
922       2.215841e+01   2.178513e+01   2.859727e+00   2.867957e+00  
923       2.216107e+01   2.179384e+01   2.840271e+00   2.841563e+00  
924       2.215153e+01   2.177852e+01   2.858417e+00   2.866311e+00  
925       2.217356e+01   2.180745e+01   2.836549e+00   2.838254e+00  
926       2.214518e+01   2.177134e+01   2.861380e+00   2.868796e+00  
927       2.217438e+01   2.180873e+01   2.834731e+00   2.836641e+00  
928       2.214160e+01   2.176804e+01   2.860144e+00   2.867440e+00  
929       2.217247e+01   2.180704e+01   2.834032e+00   2.835428e+00  
930       2.212967e+01   2.175616e+01   2.859187e+00   2.866527e+00  
931       2.218533e+01   2.182047e+01   2.832676e+00   2.834056e+00  
932       2.212378e+01   2.175056e+01   2.858601e+00   2.864139e+00  
933       2.219615e+01   2.183198e+01   2.830588e+00   2.832228e+00  
934       2.211260e+01   2.173936e+01   2.857696e+00   2.863759e+00  
935       2.220421e+01   2.184100e+01   2.827475e+00   2.829039e+00  
936       2.210862e+01   2.173608e+01   2.854568e+00   2.860965e+00  
937       2.220893e+01   2.184570e+01   2.827625e+00   2.829628e+00  
938       2.210920e+01   2.173717e+01   2.853533e+00   2.858244e+00  
939       2.221051e+01   2.184769e+01   2.825618e+00   2.828609e+00  
940       2.210825e+01   2.173678e+01   2.852236e+00   2.855178e+00  
941       2.221663e+01   2.185363e+01   2.825953e+00   2.830499e+00  
942       2.210266e+01   2.173149e+01   2.850299e+00   2.854096e+00  
943       2.223066e+01   2.186803e+01   2.826395e+00   2.828989e+00  
944       2.210109e+01   2.173008e+01   2.849733e+00   2.853167e+00  
945       2.223175e+01   2.186912e+01   2.825970e+00   2.829492e+00  
946       2.210142e+01   2.173095e+01   2.847822e+00   2.851051e+00  
947       2.224695e+01   2.188487e+01   2.824826e+00   2.828321e+00  
948       2.210053e+01   2.173022e+01   2.847267e+00   2.850233e+00  
949       2.223865e+01   2.187585e+01   2.827846e+00   2.829810e+00  
950       2.210404e+01   2.173351e+01   2.848499e+00   2.851184e+00  
951       2.225107e+01   2.188842e+01   2.827473e+00   2.830632e+00  
952       2.210361e+01   2.173306e+01   2.849063e+00   2.850688e+00  
953       2.224746e+01   2.188402e+01   2.831054e+00   2.832737e+00  
954       2.210309e+01   2.173241e+01   2.848595e+00   2.852097e+00  
955       2.226666e+01   2.190418e+01   2.828316e+00   2.830507e+00  
956       2.208911e+01   2.171733e+01   2.851247e+00   2.855965e+00  
957       2.227829e+01   2.191589e+01   2.828394e+00   2.831211e+00  
958       2.208724e+01   2.171550e+01   2.851951e+00   2.854774e+00  
959       2.228088e+01   2.191763e+01   2.831886e+00   2.834673e+00  
960       2.210025e+01   2.172884e+01   2.850387e+00   2.855506e+00  
961       2.228640e+01   2.192337e+01   2.831089e+00   2.834512e+00  
962       2.209479e+01   2.172262e+01   2.853302e+00   2.857632e+00  
963       2.229081e+01   2.192718e+01   2.834204e+00   2.836619e+00  
964       2.210115e+01   2.172912e+01   2.852699e+00   2.858025e+00  
965       2.228651e+01   2.192172e+01   2.838270e+00   2.840963e+00  
966       2.209358e+01   2.172051e+01   2.855912e+00   2.861740e+00  
967       2.229360e+01   2.192844e+01   2.839821e+00   2.843160e+00  
968       2.210391e+01   2.173109e+01   2.855759e+00   2.861306e+00  
969       2.228262e+01   2.191548e+01   2.847025e+00   2.849774e+00  
970       2.210733e+01   2.173423e+01   2.856621e+00   2.863070e+00  
971       2.228772e+01   2.191962e+01   2.851609e+00   2.853227e+00  
972       2.211628e+01   2.174278e+01   2.858833e+00   2.865083e+00  
973       2.229883e+01   2.193027e+01   2.853067e+00   2.856726e+00  
974       2.211943e+01   2.174469e+01   2.863245e+00   2.870433e+00  
975       2.230241e+01   2.193275e+01   2.857433e+00   2.861325e+00  
976       2.213747e+01   2.176336e+01   2.862648e+00   2.868633e+00  
977       2.229896e+01   2.192859e+01   2.859879e+00   2.863851e+00  
978       2.214181e+01   2.176684e+01   2.866315e+00   2.872090e+00  
979       2.230442e+01   2.193338e+01   2.863012e+00   2.866564e+00  
980       2.214950e+01   2.177442e+01   2.866878e+00   2.873351e+00  
981       2.230874e+01   2.193770e+01   2.863545e+00   2.866562e+00  
982       2.215418e+01   2.177854e+01   2.869046e+00   2.876016e+00  
983       2.231901e+01   2.194786e+01   2.865019e+00   2.867296e+00  
984       2.215984e+01   2.178415e+01   2.870071e+00   2.876110e+00  
985       2.231119e+01   2.193990e+01   2.864582e+00   2.867743e+00  
986       2.216053e+01   2.178469e+01   2.870394e+00   2.877002e+00  
987       2.232041e+01   2.194876e+01   2.866414e+00   2.869880e+00  
988       2.216661e+01   2.179156e+01   2.867712e+00   2.874510e+00  
989       2.232108e+01   2.194894e+01   2.868511e+00   2.871653e+00  
990       2.217366e+01   2.179821e+01   2.869895e+00   2.876283e+00  
991       2.232015e+01   2.194773e+01   2.869431e+00   2.872743e+00  
992       2.218719e+01   2.181260e+01   2.867051e+00   2.874314e+00  
993       2.231577e+01   2.194246e+01   2.873284e+00   2.875129e+00  
994       2.219024e+01   2.181571e+01   2.867400e+00   2.873967e+00  
995       2.230488e+01   2.193103e+01   2.874775e+00   2.876300e+00  
996       2.220422e+01   2.183003e+01   2.867034e+00   2.873600e+00  
997       2.230369e+01   2.192968e+01   2.875418e+00   2.876758e+00  
998       2.221018e+01   2.183600e+01   2.867396e+00   2.873878e+00  
999       2.230648e+01   2.193242e+01   2.875608e+00   2.877335e+00  
1000      2.221700e+01   2.184262e+01   2.869405e+00   2.874323e+00  
1001      2.230592e+01   2.193219e+01   2.873826e+00   2.876477e+00  
1002      2.221956e+01   2.184538e+01   2.868664e+00   2.873805e+00  
1003      2.230314e+01   2.192971e+01   2.872536e+00   2.875131e+00  
1004      2.221586e+01   2.184198e+01   2.867155e+00   2.872626e+00  
1005      2.229764e+01   2.192401e+01   2.873277e+00   2.875264e+00  
1006      2.222732e+01   2.185412e+01   2.865356e+00   2.870662e+00  
1007      2.229271e+01   2.191936e+01   2.871174e+00   2.874508e+00  
1008      2.222787e+01   2.185514e+01   2.864091e+00   2.868493e+00  
1009      2.229757e+01   2.192475e+01   2.869876e+00   2.872386e+00  
1010      2.222863e+01   2.185606e+01   2.863242e+00   2.868168e+00  
1011      2.228420e+01   2.191164e+01   2.867959e+00   2.870653e+00  
1012      2.222503e+01   2.185244e+01   2.863394e+00   2.867754e+00  
1013      2.227958e+01   2.190722e+01   2.866668e+00   2.869803e+00  
1014      2.221931e+01   2.184627e+01   2.864419e+00   2.869363e+00  
1015      2.227113e+01   2.189885e+01   2.866487e+00   2.868249e+00  
1016      2.223076e+01   2.185801e+01   2.864821e+00   2.868205e+00  
1017      2.226124e+01   2.188872e+01   2.866373e+00   2.868970e+00  
1018      2.222800e+01   2.185486e+01   2.865756e+00   2.869880e+00  
1019      2.225545e+01   2.188405e+01   2.862241e+00   2.863769e+00  
1020      2.223599e+01   2.186293e+01   2.866093e+00   2.870047e+00  
1021      2.225507e+01   2.188409e+01   2.860328e+00   2.862391e+00  
1022      2.224692e+01   2.187438e+01   2.865058e+00   2.868465e+00  
1023      2.225567e+01   2.188455e+01   2.860742e+00   2.863155e+00  
1024      2.224163e+01   2.186861e+01   2.866218e+00   2.870289e+00  
1025      2.225438e+01   2.188274e+01   2.862956e+00   2.864693e+00  
1026      2.225572e+01   2.188254e+01   2.868290e+00   2.871271e+00  
1027      2.224024e+01   2.186804e+01   2.863863e+00   2.866185e+00  
1028      2.226567e+01   2.189244e+01   2.869358e+00   2.871903e+00  
1029      2.223204e+01   2.185919e+01   2.865274e+00   2.868776e+00  
1030      2.225757e+01   2.188390e+01   2.870648e+00   2.872975e+00  
1031      2.223108e+01   2.185775e+01   2.866597e+00   2.870934e+00  
1032      2.225347e+01   2.187916e+01   2.873766e+00   2.874146e+00  
1033      2.222933e+01   2.185541e+01   2.868886e+00   2.872863e+00  
1034      2.224297e+01   2.186809e+01   2.874648e+00   2.876253e+00  
1035      2.222188e+01   2.184722e+01   2.871345e+00   2.875131e+00  
1036      2.224630e+01   2.187149e+01   2.874456e+00   2.876302e+00  
1037      2.221791e+01   2.184198e+01   2.876718e+00   2.878849e+00  
1038      2.223828e+01   2.186225e+01   2.878433e+00   2.880584e+00  
1039      2.221345e+01   2.183598e+01   2.881698e+00   2.884981e+00  
1040      2.223420e+01   2.185736e+01   2.881764e+00   2.882817e+00  
1041      2.221137e+01   2.183338e+01   2.883493e+00   2.886854e+00  
1042      2.223405e+01   2.185642e+01   2.883748e+00   2.886860e+00  
1043      2.220222e+01   2.182239e+01   2.890467e+00   2.892578e+00  
1044      2.224207e+01   2.186397e+01   2.885598e+00   2.889605e+00  
1045      2.220549e+01   2.182502e+01   2.892132e+00   2.896134e+00  
1046      2.223677e+01   2.185813e+01   2.886811e+00   2.891752e+00  
1047      2.220102e+01   2.181880e+01   2.898838e+00   2.902083e+00  
1048      2.223495e+01   2.185561e+01   2.889637e+00   2.894030e+00  
1049      2.220474e+01   2.182218e+01   2.900137e+00   2.903865e+00  
1050      2.222151e+01   2.184053e+01   2.894264e+00   2.900064e+00  
1051      2.219590e+01   2.181207e+01   2.903842e+00   2.908536e+00  
1052      2.221499e+01   2.183275e+01   2.898418e+00   2.904500e+00  
1053      2.218166e+01   2.179669e+01   2.907672e+00   2.911356e+00  
1054      2.220775e+01   2.182449e+01   2.902149e+00   2.907433e+00  
1055      2.217285e+01   2.178679e+01   2.911149e+00   2.914852e+00  
1056      2.220062e+01   2.181615e+01   2.905779e+00   2.911965e+00  
1057      2.217133e+01   2.178477e+01   2.913351e+00   2.916202e+00  
1058      2.220586e+01   2.182134e+01   2.906508e+00   2.912282e+00  
1059      2.215673e+01   2.176906e+01   2.917007e+00   2.918869e+00  
1060      2.220174e+01   2.181627e+01   2.909556e+00   2.915820e+00  
1061      2.215732e+01   2.177012e+01   2.914582e+00   2.917845e+00  
1062      2.221024e+01   2.182483e+01   2.910431e+00   2.915632e+00  
1063      2.214127e+01   2.175337e+01   2.916608e+00   2.918918e+00  
1064      2.221330e+01   2.182733e+01   2.911849e+00   2.918838e+00  
1065      2.214832e+01   2.176103e+01   2.914956e+00   2.916931e+00  
1066      2.221103e+01   2.182482e+01   2.912949e+00   2.919159e+00  
1067      2.214237e+01   2.175463e+01   2.916400e+00   2.918060e+00  
1068      2.221420e+01   2.182819e+01   2.912136e+00   2.918902e+00  
1069      2.214110e+01   2.175281e+01   2.917903e+00   2.920454e+00  
1070      2.221159e+01   2.182598e+01   2.910371e+00   2.917382e+00  
1071      2.213608e+01   2.174782e+01   2.917302e+00   2.920195e+00  
1072      2.220872e+01   2.182252e+01   2.911851e+00   2.919955e+00  
1073      2.213623e+01   2.174799e+01   2.916808e+00   2.920561e+00  
1074      2.220612e+01   2.181999e+01   2.911399e+00   2.919520e+00  
1075      2.212912e+01   2.174010e+01   2.919053e+00   2.923166e+00  
1076      2.219578e+01   2.180934e+01   2.911529e+00   2.920311e+00  
1077      2.213572e+01   2.174684e+01   2.917811e+00   2.924263e+00  
1078      2.218036e+01   2.179395e+01   2.910240e+00   2.919281e+00  
1079      2.212960e+01   2.174082e+01   2.917316e+00   2.923171e+00  
1080      2.217219e+01   2.178553e+01   2.909843e+00   2.920483e+00  
1081      2.213062e+01   2.174251e+01   2.914522e+00   2.921210e+00  
1082      2.216359e+01   2.177720e+01   2.908579e+00   2.918579e+00  
1083      2.212099e+01   2.173279e+01   2.913363e+00   2.921684e+00  
1084      2.217012e+01   2.178430e+01   2.907785e+00   2.916019e+00  
1085      2.211464e+01   2.172680e+01   2.911270e+00   2.920295e+00  
1086      2.217248e+01   2.178680e+01   2.906803e+00   2.916280e+00  
1087      2.211147e+01   2.172414e+01   2.909004e+00   2.918361e+00  
1088      2.216060e+01   2.177468e+01   2.907001e+00   2.916280e+00  
1089      2.210364e+01   2.171647e+01   2.907050e+00   2.918079e+00  
1090      2.215732e+01   2.177121e+01   2.907206e+00   2.917082e+00  
1091      2.210433e+01   2.171785e+01   2.904885e+00   2.915196e+00  
1092      2.215566e+01   2.177015e+01   2.904086e+00   2.915474e+00  
1093      2.209852e+01   2.171274e+01   2.902152e+00   2.911901e+00  
1094      2.216620e+01   2.178109e+01   2.902871e+00   2.915122e+00  
1095      2.209579e+01   2.171047e+01   2.899441e+00   2.910725e+00  
1096      2.216513e+01   2.178059e+01   2.900098e+00   2.913433e+00  
1097      2.210308e+01   2.171888e+01   2.895267e+00   2.907516e+00  
1098      2.214876e+01   2.176380e+01   2.900555e+00   2.913998e+00  
1099      2.211627e+01   2.173230e+01   2.894775e+00   2.908091e+00  
1100      2.214827e+01   2.176311e+01   2.902244e+00   2.913745e+00  
1101      2.211469e+01   2.173066e+01   2.894658e+00   2.908435e+00  
1102      2.214489e+01   2.175949e+01   2.902552e+00   2.914818e+00  
1103      2.211274e+01   2.172846e+01   2.895276e+00   2.909410e+00  
1104      2.213520e+01   2.174952e+01   2.902645e+00   2.915493e+00  
1105      2.211136e+01   2.172680e+01   2.896706e+00   2.909853e+00  
1106      2.213839e+01   2.175267e+01   2.902489e+00   2.916435e+00  
1107      2.211413e+01   2.172907e+01   2.897850e+00   2.912802e+00  
1108      2.212253e+01   2.173597e+01   2.904290e+00   2.918695e+00  
1109      2.211026e+01   2.172449e+01   2.900848e+00   2.914681e+00  
1110      2.213295e+01   2.174651e+01   2.904923e+00   2.918636e+00  
1111      2.211022e+01   2.172405e+01   2.901872e+00   2.916599e+00  
1112      2.212790e+01   2.174097e+01   2.906391e+00   2.920071e+00  
1113      2.211489e+01   2.172833e+01   2.903423e+00   2.918656e+00  
1114      2.212154e+01   2.173354e+01   2.909700e+00   2.923899e+00  
1115      2.212284e+01   2.173620e+01   2.903952e+00   2.919678e+00  
1116      2.212524e+01   2.173677e+01   2.910925e+00   2.926652e+00  
1117      2.212394e+01   2.173726e+01   2.904789e+00   2.919339e+00  
1118      2.212760e+01   2.173855e+01   2.913002e+00   2.929248e+00  
1119      2.212569e+01   2.173904e+01   2.904451e+00   2.919608e+00  
1120      2.213853e+01   2.175026e+01   2.910511e+00   2.927351e+00  
1121      2.212734e+01   2.173986e+01   2.907616e+00   2.922984e+00  
1122      2.214030e+01   2.175212e+01   2.909766e+00   2.927695e+00  
1123      2.213298e+01   2.174493e+01   2.909474e+00   2.925998e+00  
1124      2.213178e+01   2.174233e+01   2.914226e+00   2.931556e+00  
1125      2.213862e+01   2.175081e+01   2.909094e+00   2.925413e+00  
1126      2.213057e+01   2.174056e+01   2.916246e+00   2.933539e+00  
1127      2.214045e+01   2.175193e+01   2.911510e+00   2.928570e+00  
1128      2.212246e+01   2.173179e+01   2.917320e+00   2.936268e+00  
1129      2.215093e+01   2.176221e+01   2.913525e+00   2.929367e+00  
1130      2.212190e+01   2.173125e+01   2.917394e+00   2.935989e+00  
1131      2.215432e+01   2.176503e+01   2.915521e+00   2.932066e+00  
1132      2.211880e+01   2.172821e+01   2.916784e+00   2.935743e+00  
1133      2.216342e+01   2.177381e+01   2.917460e+00   2.933747e+00  
1134      2.212424e+01   2.173372e+01   2.917131e+00   2.935605e+00  
1135      2.216324e+01   2.177316e+01   2.918547e+00   2.936086e+00  
1136      2.212191e+01   2.173106e+01   2.917365e+00   2.937512e+00  
1137      2.216182e+01   2.177168e+01   2.918103e+00   2.936812e+00  
1138      2.212995e+01   2.173942e+01   2.917318e+00   2.936233e+00  
1139      2.216333e+01   2.177288e+01   2.919545e+00   2.937879e+00  
1140      2.212769e+01   2.173653e+01   2.918615e+00   2.939318e+00  
1141      2.216552e+01   2.177482e+01   2.920559e+00   2.939049e+00  
1142      2.213271e+01   2.174140e+01   2.919965e+00   2.939763e+00  
1143      2.216801e+01   2.177694e+01   2.922242e+00   2.940361e+00  
1144      2.213258e+01   2.174101e+01   2.920529e+00   2.941062e+00  
1145      2.216937e+01   2.177786e+01   2.923583e+00   2.942577e+00  
1146      2.213936e+01   2.174828e+01   2.919068e+00   2.939782e+00  
1147      2.217323e+01   2.178197e+01   2.922931e+00   2.941795e+00  
1148      2.214616e+01   2.175569e+01   2.917262e+00   2.938008e+00  
1149      2.217758e+01   2.178581e+01   2.924569e+00   2.944574e+00  
1150      2.215637e+01   2.176625e+01   2.915628e+00   2.938397e+00  
1151      2.217977e+01   2.178873e+01   2.922251e+00   2.941706e+00  
1152      2.217082e+01   2.178193e+01   2.911859e+00   2.934980e+00  
1153      2.217829e+01   2.178757e+01   2.920518e+00   2.940871e+00  
1154      2.216658e+01   2.177785e+01   2.910866e+00   2.934182e+00  
1155      2.219662e+01   2.180727e+01   2.916408e+00   2.937221e+00  
1156      2.215857e+01   2.176975e+01   2.910995e+00   2.933673e+00  
1157      2.219914e+01   2.181015e+01   2.914257e+00   2.937083e+00  
1158      2.216526e+01   2.177675e+01   2.910279e+00   2.932880e+00  
1159      2.220213e+01   2.181353e+01   2.912608e+00   2.936192e+00  
1160      2.216670e+01   2.177849e+01   2.909617e+00   2.931559e+00  
1161      2.219727e+01   2.180849e+01   2.913399e+00   2.936039e+00  
1162      2.217711e+01   2.178971e+01   2.907094e+00   2.929434e+00  
1163      2.220021e+01   2.181137e+01   2.913449e+00   2.936886e+00  
1164      2.216850e+01   2.178072e+01   2.907673e+00   2.930484e+00  
1165      2.220589e+01   2.181767e+01   2.911707e+00   2.934797e+00  
1166      2.216109e+01   2.177349e+01   2.905646e+00   2.930262e+00  
1167      2.220747e+01   2.181985e+01   2.909108e+00   2.933073e+00  
1168      2.216361e+01   2.177645e+01   2.904101e+00   2.928830e+00  
1169      2.220943e+01   2.182234e+01   2.906042e+00   2.932441e+00  
1170      2.216874e+01   2.178196e+01   2.903165e+00   2.927644e+00  
1171      2.221850e+01   2.183182e+01   2.905064e+00   2.931556e+00  
1172      2.216018e+01   2.177293e+01   2.904016e+00   2.929090e+00  
1173      2.221238e+01   2.182556e+01   2.904534e+00   2.932304e+00  
1174      2.215925e+01   2.177249e+01   2.902099e+00   2.927251e+00  
1175      2.221972e+01   2.183325e+01   2.903467e+00   2.931720e+00  
1176      2.215589e+01   2.176843e+01   2.904659e+00   2.929463e+00  
1177      2.222180e+01   2.183517e+01   2.904044e+00   2.932600e+00  
1178      2.216243e+01   2.177532e+01   2.903052e+00   2.929351e+00  
1179      2.221840e+01   2.183137e+01   2.904645e+00   2.934578e+00  
1180      2.216679e+01   2.178012e+01   2.900998e+00   2.928686e+00  
1181      2.222369e+01   2.183726e+01   2.902263e+00   2.933153e+00  
1182      2.216985e+01   2.178323e+01   2.900605e+00   2.929066e+00  
1183      2.222345e+01   2.183660e+01   2.903106e+00   2.935415e+00  
1184      2.217996e+01   2.179356e+01   2.900710e+00   2.928709e+00  
1185      2.221803e+01   2.183123e+01   2.901913e+00   2.935512e+00  
1186      2.217826e+01   2.179211e+01   2.899554e+00   2.927691e+00  
1187      2.221410e+01   2.182708e+01   2.902431e+00   2.936110e+00  
1188      2.217974e+01   2.179359e+01   2.899014e+00   2.928486e+00  
1189      2.221494e+01   2.182826e+01   2.900533e+00   2.935610e+00  
1190      2.218047e+01   2.179410e+01   2.899433e+00   2.929798e+00  
1191      2.221299e+01   2.182569e+01   2.901803e+00   2.938643e+00  
1192      2.217171e+01   2.178479e+01   2.899904e+00   2.932302e+00  
1193      2.220984e+01   2.182219e+01   2.903371e+00   2.939326e+00  
1194      2.217412e+01   2.178737e+01   2.898576e+00   2.932625e+00  
1195      2.221805e+01   2.183061e+01   2.902869e+00   2.939251e+00  
1196      2.217461e+01   2.178767e+01   2.899221e+00   2.933414e+00  
1197      2.221329e+01   2.182529e+01   2.903694e+00   2.942046e+00  
1198      2.217298e+01   2.178555e+01   2.901541e+00   2.934606e+00  
1199      2.221010e+01   2.182125e+01   2.907024e+00   2.944644e+00  
1200      2.217963e+01   2.179244e+01   2.900243e+00   2.934959e+00  
1201      2.221098e+01   2.182189e+01   2.906870e+00   2.946640e+00  
1202      2.216783e+01   2.177957e+01   2.903289e+00   2.938345e+00  
1203      2.222028e+01   2.183091e+01   2.909077e+00   2.947788e+00  
1204      2.216899e+01   2.178135e+01   2.900554e+00   2.936611e+00  
1205      2.222033e+01   2.183071e+01   2.909119e+00   2.949644e+00  
1206      2.217051e+01   2.178224e+01   2.902672e+00   2.939354e+00  
1207      2.222618e+01   2.183710e+01   2.907283e+00   2.948178e+00  
1208      2.216874e+01   2.178047e+01   2.903227e+00   2.938604e+00  
1209      2.222369e+01   2.183442e+01   2.908024e+00   2.948588e+00  
1210      2.217731e+01   2.178937e+01   2.902447e+00   2.938096e+00  
1211      2.221793e+01   2.182895e+01   2.906878e+00   2.946740e+00  
1212      2.217700e+01   2.178871e+01   2.903595e+00   2.939465e+00  
1213      2.221290e+01   2.182336e+01   2.908580e+00   2.948509e+00  
1214      2.217875e+01   2.179032e+01   2.904850e+00   2.939519e+00  
1215      2.220484e+01   2.181515e+01   2.909121e+00   2.948066e+00  
1216      2.218339e+01   2.179543e+01   2.902109e+00   2.939338e+00  
1217      2.220244e+01   2.181303e+01   2.908305e+00   2.946507e+00  
1218      2.219089e+01   2.180237e+01   2.904637e+00   2.941985e+00  
1219      2.220293e+01   2.181349e+01   2.908825e+00   2.946295e+00  
1220      2.219291e+01   2.180504e+01   2.901478e+00   2.940602e+00  
1221      2.219836e+01   2.180897e+01   2.908021e+00   2.946120e+00  
1222      2.218202e+01   2.179403e+01   2.901519e+00   2.939960e+00  
1223      2.221819e+01   2.182983e+01   2.905048e+00   2.944004e+00  
1224      2.217766e+01   2.178974e+01   2.900843e+00   2.939554e+00  
1225      2.220739e+01   2.181839e+01   2.906766e+00   2.945584e+00  
1226      2.217623e+01   2.178870e+01   2.898794e+00   2.938468e+00  
1227      2.220484e+01   2.181599e+01   2.905179e+00   2.945757e+00  
1228      2.217802e+01   2.179094e+01   2.897662e+00   2.936513e+00  
1229      2.219475e+01   2.180596e+01   2.903774e+00   2.945342e+00  
1230      2.217228e+01   2.178502e+01   2.897564e+00   2.937177e+00  
1231      2.219748e+01   2.180935e+01   2.901083e+00   2.943490e+00  
1232      2.216477e+01   2.177726e+01   2.897689e+00   2.937877e+00  
1233      2.219867e+01   2.181081e+01   2.899601e+00   2.943140e+00  
1234      2.216238e+01   2.177468e+01   2.898445e+00   2.938285e+00  
1235      2.219308e+01   2.180554e+01   2.897779e+00   2.941762e+00  
1236      2.217083e+01   2.178349e+01   2.897224e+00   2.937957e+00  
1237      2.218425e+01   2.179706e+01   2.895720e+00   2.940110e+00  
1238      2.217265e+01   2.178561e+01   2.896414e+00   2.936720e+00  
1239      2.218388e+01   2.179741e+01   2.892672e+00   2.937688e+00  
1240      2.218102e+01   2.179442e+01   2.895278e+00   2.935698e+00  
1241      2.218175e+01   2.179598e+01   2.889492e+00   2.935358e+00  
1242      2.218699e+01   2.180121e+01   2.892200e+00   2.933364e+00  
1243      2.218611e+01   2.180068e+01   2.887858e+00   2.934978e+00  
1244      2.218860e+01   2.180299e+01   2.891939e+00   2.932613e+00  
1245      2.219286e+01   2.180786e+01   2.886850e+00   2.933717e+00  
1246      2.218991e+01   2.180408e+01   2.892208e+00   2.934131e+00  
1247      2.219830e+01   2.181364e+01   2.885323e+00   2.933287e+00  
1248      2.218978e+01   2.180386e+01   2.891830e+00   2.935193e+00  
1249      2.219641e+01   2.181125e+01   2.887319e+00   2.934882e+00  
1250      2.217835e+01   2.179254e+01   2.890142e+00   2.934522e+00  
-------------------------------------------------------------------

