
**********************************************
Real-time propagation in 3D, OPTION = 2
MPI nodes = 8, OMP threads = 16, cores = 128
**********************************************

Interactions
Contact: Natoms = 1.50000000000e+05, as = 7.800000e+01 * a0, G = 1.401257e+04, G * par = 2.802513e+04
Three-body: K3 =  0.000000e+00, g3 = 0.000000e+00
Regular DDI: add = 1.101000e+02 * a0, GD = 4.721954e+03, GD * par =  9.443909e+03, edd = 1.411538e+00
     Dipolar cutoffs Rcut = 6.520532e+00, Lcut = 2.093893e+02

QF = 1, QDEPL = 0: h2 = 1.761005e+05, h4 = 0.000000e+00
        q3 = 0.000000e+00, q5 = 4.206189e+00

GRAD = 0

Trap parameters
GAMMA = 0.000000e+00, NU = 0.000000e+00, LAMBDA = 0.000000e+00
Parameters of rotation: OMEGA = 0.000000e+00, OMEGA * par = 0.000000e+00

Space discretization: NX = 128, NY = 128, NZ = 128
                      DX = 3.271708e+00, DY = 1.018833e-01, DZ = 1.018833e-01
      Unit of length: aho = 5.552380e-07 m

Time discretization: NITER = 2500 (NSNAP = 1250)
                     DT = 5.190105e-03

Initial state: file ./imag3d-finalpsi.bin
ADD_VORTICES = 0, ADD_RANDOM_PHASE = 0


MUREL = 1.000000e-12, MUEND=1.000000e+05

-------------------------------------------------------------------
Snap      Na             QD             mu             <r>
-------------------------------------------------------------------
0         1.50228648015e+05   0.000000e+00   -2.082113e+00  2.099762e+01  
1         1.50228647600e+05   0.000000e+00   -2.083306e+00  2.099762e+01  
2         1.50228646853e+05   0.000000e+00   -2.084823e+00  2.099762e+01  
3         1.50228645715e+05   0.000000e+00   -2.086490e+00  2.099763e+01  
4         1.50228644407e+05   0.000000e+00   -2.088169e+00  2.099765e+01  
5         1.50228642597e+05   0.000000e+00   -2.089770e+00  2.099768e+01  
6         1.50228640593e+05   0.000000e+00   -2.091245e+00  2.099771e+01  
7         1.50228638108e+05   0.000000e+00   -2.092572e+00  2.099774e+01  
8         1.50228635458e+05   0.000000e+00   -2.093745e+00  2.099778e+01  
9         1.50228632421e+05   0.000000e+00   -2.094774e+00  2.099783e+01  
10        1.50228629247e+05   0.000000e+00   -2.095677e+00  2.099789e+01  
11        1.50228625781e+05   0.000000e+00   -2.096469e+00  2.099795e+01  
12        1.50228622236e+05   0.000000e+00   -2.097158e+00  2.099801e+01  
13        1.50228618336e+05   0.000000e+00   -2.097740e+00  2.099808e+01  
14        1.50228614322e+05   0.000000e+00   -2.098203e+00  2.099816e+01  
15        1.50228610148e+05   0.000000e+00   -2.098528e+00  2.099825e+01  
16        1.50228605720e+05   0.000000e+00   -2.098702e+00  2.099834e+01  
17        1.50228600937e+05   0.000000e+00   -2.098724e+00  2.099843e+01  
18        1.50228595976e+05   0.000000e+00   -2.098612e+00  2.099853e+01  
19        1.50228590615e+05   0.000000e+00   -2.098404e+00  2.099864e+01  
20        1.50228584972e+05   0.000000e+00   -2.098150e+00  2.099875e+01  
21        1.50228578928e+05   0.000000e+00   -2.097904e+00  2.099887e+01  
22        1.50228572498e+05   0.000000e+00   -2.097718e+00  2.099899e+01  
23        1.50228565621e+05   0.000000e+00   -2.097635e+00  2.099912e+01  
24        1.50228558303e+05   0.000000e+00   -2.097684e+00  2.099926e+01  
25        1.50228550467e+05   0.000000e+00   -2.097883e+00  2.099940e+01  
26        1.50228542148e+05   0.000000e+00   -2.098235e+00  2.099954e+01  
27        1.50228533244e+05   0.000000e+00   -2.098734e+00  2.099969e+01  
28        1.50228523820e+05   0.000000e+00   -2.099368e+00  2.099985e+01  
29        1.50228513756e+05   0.000000e+00   -2.100116e+00  2.100001e+01  
30        1.50228503136e+05   0.000000e+00   -2.100957e+00  2.100018e+01  
31        1.50228491837e+05   0.000000e+00   -2.101867e+00  2.100035e+01  
32        1.50228479946e+05   0.000000e+00   -2.102824e+00  2.100052e+01  
33        1.50228467335e+05   0.000000e+00   -2.103806e+00  2.100070e+01  
34        1.50228454074e+05   0.000000e+00   -2.104793e+00  2.100089e+01  
35        1.50228440046e+05   0.000000e+00   -2.105769e+00  2.100108e+01  
36        1.50228425327e+05   0.000000e+00   -2.106720e+00  2.100128e+01  
37        1.50228409819e+05   0.000000e+00   -2.107633e+00  2.100148e+01  
38        1.50228393584e+05   0.000000e+00   -2.108499e+00  2.100168e+01  
39        1.50228376526e+05   0.000000e+00   -2.109310e+00  2.100189e+01  
40        1.50228358711e+05   0.000000e+00   -2.110059e+00  2.100211e+01  
41        1.50228340055e+05   0.000000e+00   -2.110742e+00  2.100233e+01  
42        1.50228320601e+05   0.000000e+00   -2.111356e+00  2.100255e+01  
43        1.50228300260e+05   0.000000e+00   -2.111897e+00  2.100278e+01  
44        1.50228279091e+05   0.000000e+00   -2.112365e+00  2.100301e+01  
45        1.50228257047e+05   0.000000e+00   -2.112759e+00  2.100324e+01  
46        1.50228234225e+05   0.000000e+00   -2.113078e+00  2.100348e+01  
47        1.50228210570e+05   0.000000e+00   -2.113324e+00  2.100373e+01  
48        1.50228186104e+05   0.000000e+00   -2.113497e+00  2.100397e+01  
49        1.50228160731e+05   0.000000e+00   -2.113600e+00  2.100422e+01  
50        1.50228134498e+05   0.000000e+00   -2.113634e+00  2.100448e+01  
51        1.50228107338e+05   0.000000e+00   -2.113602e+00  2.100474e+01  
52        1.50228079301e+05   0.000000e+00   -2.113506e+00  2.100500e+01  
53        1.50228050330e+05   0.000000e+00   -2.113349e+00  2.100527e+01  
54        1.50228020501e+05   0.000000e+00   -2.113134e+00  2.100554e+01  
55        1.50227989765e+05   0.000000e+00   -2.112864e+00  2.100582e+01  
56        1.50227958186e+05   0.000000e+00   -2.112544e+00  2.100610e+01  
57        1.50227925726e+05   0.000000e+00   -2.112176e+00  2.100638e+01  
58        1.50227892460e+05   0.000000e+00   -2.111764e+00  2.100667e+01  
59        1.50227858331e+05   0.000000e+00   -2.111311e+00  2.100696e+01  
60        1.50227823411e+05   0.000000e+00   -2.110823e+00  2.100726e+01  
61        1.50227787650e+05   0.000000e+00   -2.110302e+00  2.100756e+01  
62        1.50227751123e+05   0.000000e+00   -2.109752e+00  2.100786e+01  
63        1.50227713766e+05   0.000000e+00   -2.109177e+00  2.100817e+01  
64        1.50227675638e+05   0.000000e+00   -2.108580e+00  2.100848e+01  
65        1.50227636685e+05   0.000000e+00   -2.107966e+00  2.100880e+01  
66        1.50227596980e+05   0.000000e+00   -2.107339e+00  2.100912e+01  
67        1.50227556462e+05   0.000000e+00   -2.106703e+00  2.100945e+01  
68        1.50227515202e+05   0.000000e+00   -2.106062e+00  2.100978e+01  
69        1.50227473131e+05   0.000000e+00   -2.105418e+00  2.101012e+01  
70        1.50227430323e+05   0.000000e+00   -2.104775e+00  2.101046e+01  
71        1.50227386716e+05   0.000000e+00   -2.104134e+00  2.101080e+01  
72        1.50227342383e+05   0.000000e+00   -2.103499e+00  2.101115e+01  
73        1.50227297255e+05   0.000000e+00   -2.102874e+00  2.101150e+01  
74        1.50227251419e+05   0.000000e+00   -2.102262e+00  2.101186e+01  
75        1.50227204791e+05   0.000000e+00   -2.101669e+00  2.101223e+01  
76        1.50227157463e+05   0.000000e+00   -2.101100e+00  2.101260e+01  
77        1.50227109367e+05   0.000000e+00   -2.100555e+00  2.101297e+01  
78        1.50227060567e+05   0.000000e+00   -2.100035e+00  2.101335e+01  
79        1.50227010997e+05   0.000000e+00   -2.099540e+00  2.101374e+01  
80        1.50226960739e+05   0.000000e+00   -2.099071e+00  2.101412e+01  
81        1.50226909707e+05   0.000000e+00   -2.098629e+00  2.101452e+01  
82        1.50226857997e+05   0.000000e+00   -2.098218e+00  2.101492e+01  
83        1.50226805516e+05   0.000000e+00   -2.097838e+00  2.101532e+01  
84        1.50226752342e+05   0.000000e+00   -2.097489e+00  2.101574e+01  
85        1.50226698393e+05   0.000000e+00   -2.097172e+00  2.101615e+01  
86        1.50226643737e+05   0.000000e+00   -2.096889e+00  2.101657e+01  
87        1.50226588301e+05   0.000000e+00   -2.096645e+00  2.101700e+01  
88        1.50226532157e+05   0.000000e+00   -2.096444e+00  2.101743e+01  
89        1.50226475215e+05   0.000000e+00   -2.096292e+00  2.101787e+01  
90        1.50226417556e+05   0.000000e+00   -2.096192e+00  2.101831e+01  
91        1.50226359081e+05   0.000000e+00   -2.096141e+00  2.101876e+01  
92        1.50226299874e+05   0.000000e+00   -2.096133e+00  2.101921e+01  
93        1.50226239827e+05   0.000000e+00   -2.096159e+00  2.101967e+01  
94        1.50226178999e+05   0.000000e+00   -2.096211e+00  2.102014e+01  
95        1.50226117295e+05   0.000000e+00   -2.096283e+00  2.102061e+01  
96        1.50226054767e+05   0.000000e+00   -2.096373e+00  2.102109e+01  
97        1.50225991329e+05   0.000000e+00   -2.096481e+00  2.102157e+01  
98        1.50225927025e+05   0.000000e+00   -2.096610e+00  2.102205e+01  
99        1.50225861770e+05   0.000000e+00   -2.096766e+00  2.102255e+01  
100       1.50225795643e+05   0.000000e+00   -2.096957e+00  2.102305e+01  
101       1.50225728548e+05   0.000000e+00   -2.097192e+00  2.102355e+01  
102       1.50225660531e+05   0.000000e+00   -2.097477e+00  2.102406e+01  
103       1.50225591418e+05   0.000000e+00   -2.097812e+00  2.102457e+01  
104       1.50225521297e+05   0.000000e+00   -2.098190e+00  2.102509e+01  
105       1.50225450158e+05   0.000000e+00   -2.098599e+00  2.102562e+01  
106       1.50225378144e+05   0.000000e+00   -2.099028e+00  2.102614e+01  
107       1.50225304995e+05   0.000000e+00   -2.099467e+00  2.102668e+01  
108       1.50225230552e+05   0.000000e+00   -2.099911e+00  2.102722e+01  
109       1.50225154682e+05   0.000000e+00   -2.100356e+00  2.102777e+01  
110       1.50225077678e+05   0.000000e+00   -2.100804e+00  2.102832e+01  
111       1.50224999595e+05   0.000000e+00   -2.101254e+00  2.102887e+01  
112       1.50224920394e+05   0.000000e+00   -2.101709e+00  2.102943e+01  
113       1.50224839816e+05   0.000000e+00   -2.102173e+00  2.103000e+01  
114       1.50224757823e+05   0.000000e+00   -2.102650e+00  2.103057e+01  
115       1.50224674298e+05   0.000000e+00   -2.103144e+00  2.103114e+01  
116       1.50224589305e+05   0.000000e+00   -2.103654e+00  2.103172e+01  
117       1.50224502854e+05   0.000000e+00   -2.104176e+00  2.103231e+01  
118       1.50224415008e+05   0.000000e+00   -2.104699e+00  2.103290e+01  
119       1.50224325708e+05   0.000000e+00   -2.105212e+00  2.103349e+01  
120       1.50224235064e+05   0.000000e+00   -2.105702e+00  2.103409e+01  
121       1.50224143047e+05   0.000000e+00   -2.106158e+00  2.103469e+01  
122       1.50224049484e+05   0.000000e+00   -2.106575e+00  2.103530e+01  
123       1.50223954025e+05   0.000000e+00   -2.106953e+00  2.103591e+01  
124       1.50223856643e+05   0.000000e+00   -2.107296e+00  2.103653e+01  
125       1.50223757381e+05   0.000000e+00   -2.107612e+00  2.103715e+01  
126       1.50223656427e+05   0.000000e+00   -2.107910e+00  2.103777e+01  
127       1.50223553768e+05   0.000000e+00   -2.108198e+00  2.103840e+01  
128       1.50223449437e+05   0.000000e+00   -2.108481e+00  2.103903e+01  
129       1.50223343308e+05   0.000000e+00   -2.108760e+00  2.103967e+01  
130       1.50223235316e+05   0.000000e+00   -2.109035e+00  2.104031e+01  
131       1.50223125304e+05   0.000000e+00   -2.109305e+00  2.104096e+01  
132       1.50223013311e+05   0.000000e+00   -2.109567e+00  2.104161e+01  
133       1.50222899271e+05   0.000000e+00   -2.109823e+00  2.104226e+01  
134       1.50222783229e+05   0.000000e+00   -2.110075e+00  2.104292e+01  
135       1.50222665153e+05   0.000000e+00   -2.110326e+00  2.104358e+01  
136       1.50222545126e+05   0.000000e+00   -2.110579e+00  2.104425e+01  
137       1.50222423021e+05   0.000000e+00   -2.110840e+00  2.104491e+01  
138       1.50222298876e+05   0.000000e+00   -2.111107e+00  2.104559e+01  
139       1.50222172663e+05   0.000000e+00   -2.111379e+00  2.104626e+01  
140       1.50222044450e+05   0.000000e+00   -2.111647e+00  2.104695e+01  
141       1.50221914129e+05   0.000000e+00   -2.111895e+00  2.104763e+01  
142       1.50221781770e+05   0.000000e+00   -2.112109e+00  2.104832e+01  
143       1.50221647387e+05   0.000000e+00   -2.112271e+00  2.104901e+01  
144       1.50221511004e+05   0.000000e+00   -2.112367e+00  2.104971e+01  
145       1.50221372532e+05   0.000000e+00   -2.112386e+00  2.105041e+01  
146       1.50221232022e+05   0.000000e+00   -2.112320e+00  2.105111e+01  
147       1.50221089402e+05   0.000000e+00   -2.112171e+00  2.105182e+01  
148       1.50220944600e+05   0.000000e+00   -2.111942e+00  2.105253e+01  
149       1.50220797651e+05   0.000000e+00   -2.111640e+00  2.105324e+01  
150       1.50220648535e+05   0.000000e+00   -2.111275e+00  2.105396e+01  
151       1.50220497219e+05   0.000000e+00   -2.110859e+00  2.105469e+01  
152       1.50220343739e+05   0.000000e+00   -2.110406e+00  2.105541e+01  
153       1.50220188206e+05   0.000000e+00   -2.109929e+00  2.105614e+01  
154       1.50220030572e+05   0.000000e+00   -2.109438e+00  2.105688e+01  
155       1.50219870966e+05   0.000000e+00   -2.108942e+00  2.105762e+01  
156       1.50219709393e+05   0.000000e+00   -2.108449e+00  2.105836e+01  
157       1.50219545951e+05   0.000000e+00   -2.107967e+00  2.105910e+01  
158       1.50219380630e+05   0.000000e+00   -2.107507e+00  2.105985e+01  
159       1.50219213531e+05   0.000000e+00   -2.107079e+00  2.106061e+01  
160       1.50219044649e+05   0.000000e+00   -2.106696e+00  2.106137e+01  
161       1.50218874033e+05   0.000000e+00   -2.106372e+00  2.106213e+01  
162       1.50218701744e+05   0.000000e+00   -2.106112e+00  2.106290e+01  
163       1.50218527849e+05   0.000000e+00   -2.105920e+00  2.106367e+01  
164       1.50218352302e+05   0.000000e+00   -2.105794e+00  2.106444e+01  
165       1.50218175302e+05   0.000000e+00   -2.105730e+00  2.106522e+01  
166       1.50217996845e+05   0.000000e+00   -2.105725e+00  2.106601e+01  
167       1.50217817046e+05   0.000000e+00   -2.105775e+00  2.106680e+01  
168       1.50217636036e+05   0.000000e+00   -2.105875e+00  2.106759e+01  
169       1.50217453912e+05   0.000000e+00   -2.106012e+00  2.106839e+01  
170       1.50217270845e+05   0.000000e+00   -2.106169e+00  2.106919e+01  
171       1.50217086907e+05   0.000000e+00   -2.106323e+00  2.107000e+01  
172       1.50216902221e+05   0.000000e+00   -2.106457e+00  2.107081e+01  
173       1.50216716958e+05   0.000000e+00   -2.106558e+00  2.107162e+01  
174       1.50216531221e+05   0.000000e+00   -2.106618e+00  2.107244e+01  
175       1.50216345162e+05   0.000000e+00   -2.106635e+00  2.107327e+01  
176       1.50216159049e+05   0.000000e+00   -2.106605e+00  2.107409e+01  
177       1.50215972981e+05   0.000000e+00   -2.106522e+00  2.107493e+01  
178       1.50215787167e+05   0.000000e+00   -2.106380e+00  2.107577e+01  
179       1.50215601806e+05   0.000000e+00   -2.106175e+00  2.107661e+01  
180       1.50215416909e+05   0.000000e+00   -2.105910e+00  2.107745e+01  
181       1.50215232835e+05   0.000000e+00   -2.105598e+00  2.107831e+01  
182       1.50215049862e+05   0.000000e+00   -2.105256e+00  2.107916e+01  
183       1.50214868201e+05   0.000000e+00   -2.104901e+00  2.108002e+01  
184       1.50214688104e+05   0.000000e+00   -2.104551e+00  2.108089e+01  
185       1.50214509906e+05   0.000000e+00   -2.104214e+00  2.108176e+01  
186       1.50214334139e+05   0.000000e+00   -2.103896e+00  2.108263e+01  
187       1.50214161470e+05   0.000000e+00   -2.103602e+00  2.108351e+01  
188       1.50213992434e+05   0.000000e+00   -2.103336e+00  2.108440e+01  
189       1.50213827646e+05   0.000000e+00   -2.103105e+00  2.108529e+01  
190       1.50213667813e+05   0.000000e+00   -2.102917e+00  2.108618e+01  
191       1.50213513824e+05   0.000000e+00   -2.102782e+00  2.108708e+01  
192       1.50213366581e+05   0.000000e+00   -2.102712e+00  2.108798e+01  
193       1.50213227271e+05   0.000000e+00   -2.102713e+00  2.108889e+01  
194       1.50213096875e+05   0.000000e+00   -2.102784e+00  2.108980e+01  
195       1.50212976507e+05   0.000000e+00   -2.102923e+00  2.109072e+01  
196       1.50212867331e+05   0.000000e+00   -2.103119e+00  2.109164e+01  
197       1.50212770715e+05   0.000000e+00   -2.103361e+00  2.109256e+01  
198       1.50212688302e+05   0.000000e+00   -2.103639e+00  2.109349e+01  
199       1.50212622048e+05   0.000000e+00   -2.103941e+00  2.109442e+01  
200       1.50212574381e+05   0.000000e+00   -2.104254e+00  2.109536e+01  
201       1.50212548063e+05   0.000000e+00   -2.104563e+00  2.109630e+01  
202       1.50212545962e+05   0.000000e+00   -2.104855e+00  2.109725e+01  
203       1.50212571361e+05   0.000000e+00   -2.105112e+00  2.109820e+01  
204       1.50212627916e+05   0.000000e+00   -2.105320e+00  2.109915e+01  
205       1.50212720230e+05   0.000000e+00   -2.105464e+00  2.110010e+01  
206       1.50212853585e+05   0.000000e+00   -2.105528e+00  2.110106e+01  
207       1.50213034331e+05   0.000000e+00   -2.105494e+00  2.110202e+01  
208       1.50213269223e+05   0.000000e+00   -2.105337e+00  2.110298e+01  
209       1.50213565827e+05   0.000000e+00   -2.105026e+00  2.110394e+01  
210       1.50213932410e+05   0.000000e+00   -2.104520e+00  2.110490e+01  
211       1.50214379231e+05   0.000000e+00   -2.103764e+00  2.110586e+01  
212       1.50214919430e+05   0.000000e+00   -2.102688e+00  2.110683e+01  
213       1.50215570773e+05   0.000000e+00   -2.101196e+00  2.110779e+01  
214       1.50216357047e+05   0.000000e+00   -2.099163e+00  2.110875e+01  
215       1.50217310010e+05   0.000000e+00   -2.096437e+00  2.110970e+01  
216       1.50218471407e+05   0.000000e+00   -2.092831e+00  2.111064e+01  
217       1.50219895236e+05   0.000000e+00   -2.088137e+00  2.111158e+01  
218       1.50221649710e+05   0.000000e+00   -2.082120e+00  2.111250e+01  
219       1.50223818502e+05   0.000000e+00   -2.074535e+00  2.111339e+01  
220       1.50226500620e+05   0.000000e+00   -2.065126e+00  2.111427e+01  
221       1.50229809628e+05   0.000000e+00   -2.053638e+00  2.111510e+01  
222       1.50233872124e+05   0.000000e+00   -2.039821e+00  2.111590e+01  
223       1.50238827648e+05   0.000000e+00   -2.023440e+00  2.111665e+01  
224       1.50244829085e+05   0.000000e+00   -2.004292e+00  2.111733e+01  
225       1.50252045468e+05   0.000000e+00   -1.982215e+00  2.111795e+01  
226       1.50260664386e+05   0.000000e+00   -1.957104e+00  2.111849e+01  
227       1.50270892499e+05   0.000000e+00   -1.928924e+00  2.111893e+01  
228       1.50282948305e+05   0.000000e+00   -1.897736e+00  2.111927e+01  
229       1.50297047642e+05   0.000000e+00   -1.863710e+00  2.111948e+01  
230       1.50313382328e+05   0.000000e+00   -1.827119e+00  2.111957e+01  
231       1.50332098906e+05   0.000000e+00   -1.788310e+00  2.111952e+01  
232       1.50353277065e+05   0.000000e+00   -1.747671e+00  2.111934e+01  
233       1.50376918694e+05   0.000000e+00   -1.705608e+00  2.111901e+01  
234       1.50402946622e+05   0.000000e+00   -1.662533e+00  2.111855e+01  
235       1.50431217882e+05   0.000000e+00   -1.618848e+00  2.111797e+01  
236       1.50461538552e+05   0.000000e+00   -1.574923e+00  2.111728e+01  
237       1.50493684573e+05   0.000000e+00   -1.531088e+00  2.111649e+01  
238       1.50527421839e+05   0.000000e+00   -1.487615e+00  2.111564e+01  
239       1.50562520398e+05   0.000000e+00   -1.444719e+00  2.111472e+01  
240       1.50598749869e+05   0.000000e+00   -1.402557e+00  2.111375e+01  
241       1.50635865035e+05   0.000000e+00   -1.361258e+00  2.111276e+01  
242       1.50673593989e+05   0.000000e+00   -1.320962e+00  2.111175e+01  
243       1.50711630256e+05   0.000000e+00   -1.281838e+00  2.111074e+01  
244       1.50749623020e+05   0.000000e+00   -1.244064e+00  2.110977e+01  
245       1.50787170019e+05   0.000000e+00   -1.207788e+00  2.110884e+01  
246       1.50823822193e+05   0.000000e+00   -1.173103e+00  2.110799e+01  
247       1.50859109869e+05   0.000000e+00   -1.140073e+00  2.110725e+01  
248       1.50892580000e+05   0.000000e+00   -1.108781e+00  2.110665e+01  
249       1.50923828522e+05   0.000000e+00   -1.079365e+00  2.110621e+01  
250       1.50952515917e+05   0.000000e+00   -1.052019e+00  2.110596e+01  
251       1.50978367706e+05   0.000000e+00   -1.026951e+00  2.110590e+01  
252       1.51001164306e+05   0.000000e+00   -1.004333e+00  2.110607e+01  
253       1.51020730121e+05   0.000000e+00   -9.842659e-01  2.110647e+01  
254       1.51036926649e+05   0.000000e+00   -9.667776e-01  2.110711e+01  
255       1.51049653475e+05   0.000000e+00   -9.518579e-01  2.110800e+01  
256       1.51058856541e+05   0.000000e+00   -9.394946e-01  2.110915e+01  
257       1.51064533581e+05   0.000000e+00   -9.296826e-01  2.111056e+01  
258       1.51066724983e+05   0.000000e+00   -9.223982e-01  2.111225e+01  
259       1.51065497129e+05   0.000000e+00   -9.175591e-01  2.111420e+01  
260       1.51060931661e+05   0.000000e+00   -9.150117e-01  2.111644e+01  
261       1.51053128433e+05   0.000000e+00   -9.145620e-01  2.111894e+01  
262       1.51042219015e+05   0.000000e+00   -9.160230e-01  2.112173e+01  
263       1.51028371096e+05   0.000000e+00   -9.192369e-01  2.112479e+01  
264       1.51011779192e+05   0.000000e+00   -9.240562e-01  2.112814e+01  
265       1.50992648902e+05   0.000000e+00   -9.303042e-01  2.113176e+01  
266       1.50971183370e+05   0.000000e+00   -9.377508e-01  2.113565e+01  
267       1.50947578498e+05   0.000000e+00   -9.461216e-01  2.113982e+01  
268       1.50922025840e+05   0.000000e+00   -9.551328e-01  2.114426e+01  
269       1.50894715834e+05   0.000000e+00   -9.645292e-01  2.114897e+01  
270       1.50865839317e+05   0.000000e+00   -9.741014e-01  2.115395e+01  
271       1.50835583531e+05   0.000000e+00   -9.836752e-01  2.115919e+01  
272       1.50804125206e+05   0.000000e+00   -9.930854e-01  2.116469e+01  
273       1.50771625591e+05   0.000000e+00   -1.002153e+00  2.117043e+01  
274       1.50738231127e+05   0.000000e+00   -1.010675e+00  2.117642e+01  
275       1.50704079212e+05   0.000000e+00   -1.018432e+00  2.118265e+01  
276       1.50669306453e+05   0.000000e+00   -1.025191e+00  2.118911e+01  
277       1.50634052224e+05   0.000000e+00   -1.030707e+00  2.119580e+01  
278       1.50598459043e+05   0.000000e+00   -1.034719e+00  2.120272e+01  
279       1.50562669504e+05   0.000000e+00   -1.036953e+00  2.120985e+01  
280       1.50526825360e+05   0.000000e+00   -1.037125e+00  2.121719e+01  
281       1.50491067496e+05   0.000000e+00   -1.034966e+00  2.122474e+01  
282       1.50455539801e+05   0.000000e+00   -1.030239e+00  2.123247e+01  
283       1.50420393964e+05   0.000000e+00   -1.022759e+00  2.124037e+01  
284       1.50385796131e+05   0.000000e+00   -1.012400e+00  2.124844e+01  
285       1.50351928368e+05   0.000000e+00   -9.991024e-01  2.125664e+01  
286       1.50318987419e+05   0.000000e+00   -9.828603e-01  2.126497e+01  
287       1.50287174541e+05   0.000000e+00   -9.637222e-01  2.127339e+01  
288       1.50256683552e+05   0.000000e+00   -9.417846e-01  2.128188e+01  
289       1.50227686407e+05   0.000000e+00   -9.171881e-01  2.129042e+01  
290       1.50200324814e+05   0.000000e+00   -8.901136e-01  2.129899e+01  
291       1.50174700441e+05   0.000000e+00   -8.607747e-01  2.130757e+01  
292       1.50150870828e+05   0.000000e+00   -8.294071e-01  2.131613e+01  
293       1.50128845162e+05   0.000000e+00   -7.962571e-01  2.132467e+01  
294       1.50108589622e+05   0.000000e+00   -7.615663e-01  2.133316e+01  
295       1.50090029279e+05   0.000000e+00   -7.255530e-01  2.134161e+01  
296       1.50073052456e+05   0.000000e+00   -6.883888e-01  2.134999e+01  
297       1.50057505640e+05   0.000000e+00   -6.501723e-01  2.135830e+01  
298       1.50043193929e+05   0.000000e+00   -6.109057e-01  2.136654e+01  
299       1.50029878436e+05   0.000000e+00   -5.704766e-01  2.137471e+01  
300       1.50017285418e+05   0.000000e+00   -5.286473e-01  2.138281e+01  
301       1.50005115516e+05   0.000000e+00   -4.850521e-01  2.139084e+01  
302       1.49993069447e+05   0.000000e+00   -4.392041e-01  2.139881e+01  
303       1.49980877634e+05   0.000000e+00   -3.905149e-01  2.140672e+01  
304       1.49968347909e+05   0.000000e+00   -3.383276e-01  2.141457e+01  
305       1.49955407981e+05   0.000000e+00   -2.819626e-01  2.142234e+01  
306       1.49942156775e+05   0.000000e+00   -2.207758e-01  2.143003e+01  
307       1.49928904234e+05   0.000000e+00   -1.542329e-01  2.143759e+01  
308       1.49916220904e+05   0.000000e+00   -8.200588e-02  2.144498e+01  
309       1.49904976327e+05   0.000000e+00   -4.096570e-03  2.145211e+01  
310       1.49896385006e+05   0.000000e+00   7.900571e-02   2.145892e+01  
311       1.49892026120e+05   0.000000e+00   1.661514e-01   2.146527e+01  
312       1.49893837517e+05   0.000000e+00   2.553959e-01   2.147103e+01  
313       1.49904032809e+05   0.000000e+00   3.440020e-01   2.147605e+01  
314       1.49924926595e+05   0.000000e+00   4.287121e-01   2.148016e+01  
315       1.49958626237e+05   0.000000e+00   5.064045e-01   2.148324e+01  
316       1.50006635842e+05   0.000000e+00   5.751379e-01   2.148518e+01  
317       1.50069436794e+05   0.000000e+00   6.354259e-01   2.148595e+01  
318       1.50146120964e+05   0.000000e+00   6.917128e-01   2.148564e+01  
319       1.50233745083e+05   0.000000e+00   7.551915e-01   2.148446e+01  
320       1.50323498410e+05   0.000000e+00   8.538662e-01   2.148302e+01  
321       1.50358792078e+05   0.000000e+00   1.111711e+00   2.148532e+01  
322       1.49918070763e+05   0.000000e+00   5.623730e+00   2.152097e+01  
323       1.50546580729e+05   0.000000e+00   3.334375e+00   2.148133e+01  
324       1.50500256095e+05   0.000000e+00   4.610566e+00   2.148780e+01  
325       1.50470274209e+05   0.000000e+00   5.164295e+00   2.149501e+01  
326       1.50332727813e+05   0.000000e+00   5.427184e+00   2.150779e+01  
327       1.50754562728e+05   0.000000e+00   4.343461e+00   2.148222e+01  
328       1.50766462194e+05   0.000000e+00   3.946374e+00   2.148617e+01  
329       1.50884369868e+05   0.000000e+00   6.660835e+00   2.148284e+01  
330       1.51154396630e+05   0.000000e+00   5.286812e+00   2.146750e+01  
331       1.50937023722e+05   0.000000e+00   4.833703e+00   2.148493e+01  
332       1.51143302157e+05   0.000000e+00   5.307703e+00   2.147427e+01  
333       1.51061704722e+05   0.000000e+00   4.530310e+00   2.148223e+01  
334       1.50996155959e+05   0.000000e+00   5.347070e+00   2.149075e+01  
335       1.50822268369e+05   0.000000e+00   5.787703e+00   2.150492e+01  
336       1.50852579773e+05   0.000000e+00   5.789463e+00   2.150199e+01  
337       1.51240989945e+05   0.000000e+00   5.966183e+00   2.148802e+01  
338       1.50692585082e+05   0.000000e+00   7.614190e+00   2.152457e+01  
339       1.50859322994e+05   0.000000e+00   8.649737e+00   2.151467e+01  
340       1.50795683573e+05   0.000000e+00   8.072827e+00   2.151316e+01  
341       1.51025950189e+05   0.000000e+00   9.083172e+00   2.152016e+01  
342       1.51062703538e+05   0.000000e+00   1.078588e+01   2.151449e+01  
343       1.50635796155e+05   0.000000e+00   1.132474e+01   2.153083e+01  
344       1.51097803737e+05   0.000000e+00   1.094810e+01   2.150745e+01  
345       1.51198568997e+05   0.000000e+00   9.291079e+00   2.152070e+01  
346       1.50886374460e+05   0.000000e+00   9.262728e+00   2.152878e+01  
347       1.51095331478e+05   0.000000e+00   9.218781e+00   2.152276e+01  
348       1.50652969495e+05   0.000000e+00   1.024516e+01   2.154519e+01  
349       1.51077650495e+05   0.000000e+00   9.674671e+00   2.153553e+01  
350       1.50872548003e+05   0.000000e+00   9.728055e+00   2.155720e+01  
351       1.51040670625e+05   0.000000e+00   9.606473e+00   2.154477e+01  
352       1.50897333203e+05   0.000000e+00   1.027954e+01   2.155469e+01  
353       1.50871445741e+05   0.000000e+00   1.040775e+01   2.155343e+01  
354       1.50740719540e+05   0.000000e+00   1.123033e+01   2.156135e+01  
355       1.50960856810e+05   0.000000e+00   1.115329e+01   2.155278e+01  
356       1.50840680192e+05   0.000000e+00   1.065827e+01   2.156210e+01  
357       1.50716137504e+05   0.000000e+00   1.152348e+01   2.156834e+01  
358       1.51222417586e+05   0.000000e+00   1.119422e+01   2.155120e+01  
359       1.50422939107e+05   0.000000e+00   1.191807e+01   2.159230e+01  
360       1.50982923775e+05   0.000000e+00   1.207363e+01   2.156053e+01  
361       1.50462357251e+05   0.000000e+00   1.228073e+01   2.159860e+01  
362       1.50759839897e+05   0.000000e+00   1.299802e+01   2.157587e+01  
363       1.50323636254e+05   0.000000e+00   1.283911e+01   2.160475e+01  
364       1.50921928373e+05   0.000000e+00   1.259092e+01   2.156815e+01  
365       1.50704833302e+05   0.000000e+00   1.269961e+01   2.158808e+01  
366       1.50533406903e+05   0.000000e+00   1.439675e+01   2.158421e+01  
367       1.50194744291e+05   0.000000e+00   1.635131e+01   2.161002e+01  
368       1.50342357030e+05   0.000000e+00   1.517564e+01   2.159882e+01  
369       1.50283350202e+05   0.000000e+00   1.308936e+01   2.161019e+01  
370       1.50217741692e+05   0.000000e+00   1.516635e+01   2.160260e+01  
371       1.49887741017e+05   0.000000e+00   1.635650e+01   2.162409e+01  
372       1.50418040541e+05   0.000000e+00   1.553320e+01   2.160687e+01  
373       1.50091525030e+05   0.000000e+00   1.434116e+01   2.161825e+01  
374       1.50266273160e+05   0.000000e+00   1.475377e+01   2.160072e+01  
375       1.50151599011e+05   0.000000e+00   1.515875e+01   2.162299e+01  
376       1.49875337985e+05   0.000000e+00   1.471645e+01   2.161701e+01  
377       1.49980877933e+05   0.000000e+00   1.505486e+01   2.162893e+01  
378       1.49768862179e+05   0.000000e+00   1.516385e+01   2.162172e+01  
379       1.50008400018e+05   0.000000e+00   1.541422e+01   2.162594e+01  
380       1.49932944520e+05   0.000000e+00   1.526587e+01   2.161537e+01  
381       1.49863100661e+05   0.000000e+00   1.576973e+01   2.163051e+01  
382       1.49989662588e+05   0.000000e+00   1.613078e+01   2.161995e+01  
383       1.50150712113e+05   0.000000e+00   1.610568e+01   2.163799e+01  
384       1.50073423941e+05   0.000000e+00   1.635566e+01   2.163233e+01  
385       1.49618085731e+05   0.000000e+00   1.869843e+01   2.163228e+01  
386       1.49596875506e+05   0.000000e+00   1.814604e+01   2.162616e+01  
387       1.49423396239e+05   0.000000e+00   1.665996e+01   2.165298e+01  
388       1.49550778741e+05   0.000000e+00   1.749215e+01   2.163712e+01  
389       1.49642075011e+05   0.000000e+00   1.659100e+01   2.165454e+01  
390       1.49589144737e+05   0.000000e+00   1.674410e+01   2.163684e+01  
391       1.49597294229e+05   0.000000e+00   1.663222e+01   2.165564e+01  
392       1.49452062495e+05   0.000000e+00   1.664514e+01   2.163848e+01  
393       1.49694534390e+05   0.000000e+00   1.658532e+01   2.164971e+01  
394       1.49201304435e+05   0.000000e+00   1.668671e+01   2.164823e+01  
395       1.49607921323e+05   0.000000e+00   1.663147e+01   2.165483e+01  
396       1.49225865602e+05   0.000000e+00   1.670295e+01   2.164624e+01  
397       1.49425999542e+05   0.000000e+00   1.669168e+01   2.166550e+01  
398       1.49151467166e+05   0.000000e+00   1.676697e+01   2.164683e+01  
399       1.49320752663e+05   0.000000e+00   1.667732e+01   2.166585e+01  
400       1.49005178052e+05   0.000000e+00   1.679828e+01   2.165691e+01  
401       1.49569379878e+05   0.000000e+00   1.666810e+01   2.165460e+01  
402       1.48957757076e+05   0.000000e+00   1.675513e+01   2.165658e+01  
403       1.49572796946e+05   0.000000e+00   1.668938e+01   2.164869e+01  
404       1.49098003805e+05   0.000000e+00   1.673749e+01   2.165234e+01  
405       1.49468940270e+05   0.000000e+00   1.672540e+01   2.165495e+01  
406       1.48892098527e+05   0.000000e+00   1.684122e+01   2.166731e+01  
407       1.49187980741e+05   0.000000e+00   1.675059e+01   2.167564e+01  
408       1.48943407851e+05   0.000000e+00   1.681834e+01   2.166983e+01  
409       1.49196455817e+05   0.000000e+00   1.671828e+01   2.167485e+01  
410       1.48898172208e+05   0.000000e+00   1.672836e+01   2.167358e+01  
411       1.49377070645e+05   0.000000e+00   1.661677e+01   2.167619e+01  
412       1.48644297235e+05   0.000000e+00   1.674949e+01   2.169142e+01  
413       1.49251028833e+05   0.000000e+00   1.665490e+01   2.168238e+01  
414       1.48889299692e+05   0.000000e+00   1.672761e+01   2.168663e+01  
415       1.49393355390e+05   0.000000e+00   1.657164e+01   2.167510e+01  
416       1.48774516799e+05   0.000000e+00   1.670538e+01   2.169828e+01  
417       1.49581796019e+05   0.000000e+00   1.652737e+01   2.167111e+01  
418       1.49116762684e+05   0.000000e+00   1.660292e+01   2.168106e+01  
419       1.49610031598e+05   0.000000e+00   1.649293e+01   2.167101e+01  
420       1.49076425172e+05   0.000000e+00   1.658243e+01   2.168499e+01  
421       1.49618242493e+05   0.000000e+00   1.648701e+01   2.167318e+01  
422       1.49377765790e+05   0.000000e+00   1.650811e+01   2.167168e+01  
423       1.49725338258e+05   0.000000e+00   1.643940e+01   2.167142e+01  
424       1.49208002684e+05   0.000000e+00   1.653495e+01   2.168476e+01  
425       1.49884746547e+05   0.000000e+00   1.643719e+01   2.166783e+01  
426       1.49093350887e+05   0.000000e+00   1.657363e+01   2.168902e+01  
427       1.49640411663e+05   0.000000e+00   1.651474e+01   2.167374e+01  
428       1.49315794923e+05   0.000000e+00   1.659401e+01   2.168471e+01  
429       1.49869263098e+05   0.000000e+00   1.645358e+01   2.166832e+01  
430       1.49413377732e+05   0.000000e+00   1.652842e+01   2.167358e+01  
431       1.50127103972e+05   0.000000e+00   1.644678e+01   2.165725e+01  
432       1.49356276533e+05   0.000000e+00   1.656059e+01   2.167413e+01  
433       1.49854031404e+05   0.000000e+00   1.658155e+01   2.166925e+01  
434       1.49645489129e+05   0.000000e+00   1.657172e+01   2.166339e+01  
435       1.50219383688e+05   0.000000e+00   1.642868e+01   2.166300e+01  
436       1.49571260417e+05   0.000000e+00   1.662455e+01   2.166483e+01  
437       1.50299686927e+05   0.000000e+00   1.642996e+01   2.165190e+01  
438       1.49657446333e+05   0.000000e+00   1.655345e+01   2.166049e+01  
439       1.50355219459e+05   0.000000e+00   1.651178e+01   2.164990e+01  
440       1.49710231622e+05   0.000000e+00   1.656620e+01   2.165900e+01  
441       1.50758110663e+05   0.000000e+00   1.640336e+01   2.163124e+01  
442       1.49636178076e+05   0.000000e+00   1.664856e+01   2.166369e+01  
443       1.50710057955e+05   0.000000e+00   1.653283e+01   2.162944e+01  
444       1.49468709201e+05   0.000000e+00   1.679551e+01   2.167453e+01  
445       1.50689110722e+05   0.000000e+00   1.663715e+01   2.164054e+01  
446       1.49468380387e+05   0.000000e+00   1.681992e+01   2.168193e+01  
447       1.50604307895e+05   0.000000e+00   1.666428e+01   2.163961e+01  
448       1.49466874969e+05   0.000000e+00   1.690959e+01   2.168079e+01  
449       1.50688169774e+05   0.000000e+00   1.680537e+01   2.164178e+01  
450       1.49902709650e+05   0.000000e+00   1.682394e+01   2.166478e+01  
451       1.50887416411e+05   0.000000e+00   1.673969e+01   2.164066e+01  
452       1.49844212542e+05   0.000000e+00   1.684702e+01   2.167379e+01  
453       1.51256006408e+05   0.000000e+00   1.674152e+01   2.163448e+01  
454       1.49969883650e+05   0.000000e+00   1.723186e+01   2.166320e+01  
455       1.51095294601e+05   0.000000e+00   1.687344e+01   2.164625e+01  
456       1.50106945510e+05   0.000000e+00   1.717561e+01   2.166150e+01  
457       1.50856366333e+05   0.000000e+00   1.702401e+01   2.165737e+01  
458       1.50093796826e+05   0.000000e+00   1.719181e+01   2.167003e+01  
459       1.51252837705e+05   0.000000e+00   1.690804e+01   2.164959e+01  
460       1.50216579157e+05   0.000000e+00   1.716376e+01   2.168042e+01  
461       1.51181806773e+05   0.000000e+00   1.704163e+01   2.165465e+01  
462       1.50232739986e+05   0.000000e+00   1.719084e+01   2.168973e+01  
463       1.51338589045e+05   0.000000e+00   1.707812e+01   2.164985e+01  
464       1.50171671400e+05   0.000000e+00   1.728050e+01   2.168733e+01  
465       1.51294563475e+05   0.000000e+00   1.708831e+01   2.165449e+01  
466       1.50433564020e+05   0.000000e+00   1.725492e+01   2.168461e+01  
467       1.51396415142e+05   0.000000e+00   1.711419e+01   2.165317e+01  
468       1.50046295759e+05   0.000000e+00   1.728595e+01   2.170309e+01  
469       1.51839900945e+05   0.000000e+00   1.705644e+01   2.163916e+01  
470       1.50054253601e+05   0.000000e+00   1.727523e+01   2.170499e+01  
471       1.51483634243e+05   0.000000e+00   1.715914e+01   2.165171e+01  
472       1.49972347333e+05   0.000000e+00   1.740358e+01   2.171151e+01  
473       1.51483880574e+05   0.000000e+00   1.717213e+01   2.165948e+01  
474       1.50306836761e+05   0.000000e+00   1.729524e+01   2.170401e+01  
475       1.51381109451e+05   0.000000e+00   1.715442e+01   2.166867e+01  
476       1.50202577603e+05   0.000000e+00   1.735933e+01   2.170829e+01  
477       1.51456521545e+05   0.000000e+00   1.720245e+01   2.167276e+01  
478       1.50091049515e+05   0.000000e+00   1.742096e+01   2.171054e+01  
479       1.51418041077e+05   0.000000e+00   1.723255e+01   2.168012e+01  
480       1.50202576378e+05   0.000000e+00   1.745557e+01   2.171759e+01  
481       1.51263351290e+05   0.000000e+00   1.728052e+01   2.169203e+01  
482       1.49865952320e+05   0.000000e+00   1.754364e+01   2.173180e+01  
483       1.51243579393e+05   0.000000e+00   1.731893e+01   2.170073e+01  
484       1.49788902060e+05   0.000000e+00   1.755423e+01   2.174434e+01  
485       1.50901699415e+05   0.000000e+00   1.741241e+01   2.172012e+01  
486       1.50024505065e+05   0.000000e+00   1.752058e+01   2.173432e+01  
487       1.51024305454e+05   0.000000e+00   1.733166e+01   2.171956e+01  
488       1.49852722705e+05   0.000000e+00   1.759090e+01   2.173530e+01  
489       1.51269967116e+05   0.000000e+00   1.732605e+01   2.171016e+01  
490       1.49889477183e+05   0.000000e+00   1.754608e+01   2.173682e+01  
491       1.51127499464e+05   0.000000e+00   1.741120e+01   2.171636e+01  
492       1.49777242796e+05   0.000000e+00   1.755225e+01   2.174221e+01  
493       1.51189504876e+05   0.000000e+00   1.729247e+01   2.170883e+01  
494       1.49738727251e+05   0.000000e+00   1.759430e+01   2.174540e+01  
495       1.50915441914e+05   0.000000e+00   1.742638e+01   2.172014e+01  
496       1.49527758381e+05   0.000000e+00   1.765570e+01   2.175650e+01  
497       1.50603264084e+05   0.000000e+00   1.757737e+01   2.173589e+01  
498       1.49545969867e+05   0.000000e+00   1.772025e+01   2.175759e+01  
499       1.50685681532e+05   0.000000e+00   1.753853e+01   2.173002e+01  
500       1.49501397520e+05   0.000000e+00   1.768849e+01   2.176206e+01  
501       1.50465455201e+05   0.000000e+00   1.756391e+01   2.174535e+01  
502       1.49571218437e+05   0.000000e+00   1.769525e+01   2.175552e+01  
503       1.50469892373e+05   0.000000e+00   1.752504e+01   2.174102e+01  
504       1.49634062660e+05   0.000000e+00   1.766102e+01   2.175552e+01  
505       1.50439555517e+05   0.000000e+00   1.755197e+01   2.174058e+01  
506       1.49710443387e+05   0.000000e+00   1.759937e+01   2.175705e+01  
507       1.50429563693e+05   0.000000e+00   1.752956e+01   2.174098e+01  
508       1.49798281224e+05   0.000000e+00   1.758698e+01   2.175629e+01  
509       1.50208454707e+05   0.000000e+00   1.758017e+01   2.175344e+01  
510       1.49320872735e+05   0.000000e+00   1.778325e+01   2.177708e+01  
511       1.50136346017e+05   0.000000e+00   1.760703e+01   2.176436e+01  
512       1.49439478664e+05   0.000000e+00   1.773062e+01   2.177323e+01  
513       1.49847792756e+05   0.000000e+00   1.762711e+01   2.178019e+01  
514       1.49640206117e+05   0.000000e+00   1.770613e+01   2.176896e+01  
515       1.49881618608e+05   0.000000e+00   1.762011e+01   2.177674e+01  
516       1.49342394497e+05   0.000000e+00   1.783785e+01   2.178335e+01  
517       1.49513061587e+05   0.000000e+00   1.778800e+01   2.179655e+01  
518       1.49536561338e+05   0.000000e+00   1.778737e+01   2.177872e+01  
519       1.49737556553e+05   0.000000e+00   1.775903e+01   2.179463e+01  
520       1.49299930275e+05   0.000000e+00   1.781516e+01   2.179150e+01  
521       1.49673291530e+05   0.000000e+00   1.775207e+01   2.179989e+01  
522       1.49447197406e+05   0.000000e+00   1.781985e+01   2.178532e+01  
523       1.49399770900e+05   0.000000e+00   1.778581e+01   2.181386e+01  
524       1.49533759939e+05   0.000000e+00   1.781936e+01   2.178774e+01  
525       1.49703887467e+05   0.000000e+00   1.777598e+01   2.180469e+01  
526       1.49597295310e+05   0.000000e+00   1.777312e+01   2.178433e+01  
527       1.49557252019e+05   0.000000e+00   1.782884e+01   2.180997e+01  
528       1.49620204059e+05   0.000000e+00   1.779366e+01   2.178211e+01  
529       1.49672649645e+05   0.000000e+00   1.779581e+01   2.181952e+01  
530       1.49452905248e+05   0.000000e+00   1.782296e+01   2.179108e+01  
531       1.49326921284e+05   0.000000e+00   1.784035e+01   2.183697e+01  
532       1.49392167967e+05   0.000000e+00   1.792783e+01   2.179324e+01  
533       1.49087478094e+05   0.000000e+00   1.797455e+01   2.184664e+01  
534       1.49173283091e+05   0.000000e+00   1.800262e+01   2.180664e+01  
535       1.49470529979e+05   0.000000e+00   1.782874e+01   2.184107e+01  
536       1.49209826939e+05   0.000000e+00   1.790049e+01   2.181842e+01  
537       1.49245302227e+05   0.000000e+00   1.788393e+01   2.185270e+01  
538       1.49322387817e+05   0.000000e+00   1.791729e+01   2.182217e+01  
539       1.49261313658e+05   0.000000e+00   1.792095e+01   2.185703e+01  
540       1.48998001720e+05   0.000000e+00   1.801007e+01   2.183533e+01  
541       1.49218364789e+05   0.000000e+00   1.796933e+01   2.185960e+01  
542       1.48914157474e+05   0.000000e+00   1.795010e+01   2.184217e+01  
543       1.49339427012e+05   0.000000e+00   1.796417e+01   2.186582e+01  
544       1.48927700234e+05   0.000000e+00   1.793058e+01   2.184480e+01  
545       1.49478174630e+05   0.000000e+00   1.790822e+01   2.187488e+01  
546       1.48671571038e+05   0.000000e+00   1.800342e+01   2.186075e+01  
547       1.49456853980e+05   0.000000e+00   1.798964e+01   2.187974e+01  
548       1.48656716337e+05   0.000000e+00   1.797366e+01   2.186108e+01  
549       1.49316590954e+05   0.000000e+00   1.801391e+01   2.189175e+01  
550       1.48952572260e+05   0.000000e+00   1.798901e+01   2.185580e+01  
551       1.49318568078e+05   0.000000e+00   1.798478e+01   2.190142e+01  
552       1.49039325865e+05   0.000000e+00   1.797914e+01   2.186037e+01  
553       1.49317716124e+05   0.000000e+00   1.792318e+01   2.191105e+01  
554       1.49187932157e+05   0.000000e+00   1.796683e+01   2.185507e+01  
555       1.49093811032e+05   0.000000e+00   1.808002e+01   2.192112e+01  
556       1.49026772941e+05   0.000000e+00   1.807279e+01   2.187410e+01  
557       1.49310935486e+05   0.000000e+00   1.806668e+01   2.192036e+01  
558       1.48955770953e+05   0.000000e+00   1.810120e+01   2.188241e+01  
559       1.49446564085e+05   0.000000e+00   1.800699e+01   2.192124e+01  
560       1.49205049415e+05   0.000000e+00   1.803093e+01   2.188283e+01  
561       1.49385843586e+05   0.000000e+00   1.802503e+01   2.192598e+01  
562       1.49062757360e+05   0.000000e+00   1.808123e+01   2.189516e+01  
563       1.49666838728e+05   0.000000e+00   1.797377e+01   2.192716e+01  
564       1.49315522285e+05   0.000000e+00   1.801059e+01   2.189546e+01  
565       1.49298756907e+05   0.000000e+00   1.813159e+01   2.194733e+01  
566       1.49266156423e+05   0.000000e+00   1.811746e+01   2.190696e+01  
567       1.49420057821e+05   0.000000e+00   1.817657e+01   2.195691e+01  
568       1.48943007373e+05   0.000000e+00   1.822286e+01   2.193375e+01  
569       1.49203439166e+05   0.000000e+00   1.824961e+01   2.197509e+01  
570       1.49109389977e+05   0.000000e+00   1.824950e+01   2.194213e+01  
571       1.49096837726e+05   0.000000e+00   1.829588e+01   2.198592e+01  
572       1.49064861079e+05   0.000000e+00   1.824450e+01   2.195127e+01  
573       1.49031740724e+05   0.000000e+00   1.835959e+01   2.199814e+01  
574       1.49319058410e+05   0.000000e+00   1.826465e+01   2.195197e+01  
575       1.48980760722e+05   0.000000e+00   1.833410e+01   2.201003e+01  
576       1.49328291574e+05   0.000000e+00   1.827842e+01   2.195631e+01  
577       1.49184279540e+05   0.000000e+00   1.829394e+01   2.201424e+01  
578       1.49386811631e+05   0.000000e+00   1.825347e+01   2.195660e+01  
579       1.49114713004e+05   0.000000e+00   1.833540e+01   2.202452e+01  
580       1.49494025704e+05   0.000000e+00   1.830737e+01   2.195753e+01  
581       1.48982755839e+05   0.000000e+00   1.840915e+01   2.204131e+01  
582       1.49421766800e+05   0.000000e+00   1.844690e+01   2.196380e+01  
583       1.49158847512e+05   0.000000e+00   1.846949e+01   2.203783e+01  
584       1.49507255277e+05   0.000000e+00   1.845035e+01   2.197549e+01  
585       1.49250572301e+05   0.000000e+00   1.852522e+01   2.204116e+01  
586       1.49348977649e+05   0.000000e+00   1.852333e+01   2.198652e+01  
587       1.49425874169e+05   0.000000e+00   1.854510e+01   2.204385e+01  
588       1.49442856397e+05   0.000000e+00   1.860254e+01   2.198971e+01  
589       1.49271363491e+05   0.000000e+00   1.860032e+01   2.205452e+01  
590       1.49862001037e+05   0.000000e+00   1.852061e+01   2.198302e+01  
591       1.49489408407e+05   0.000000e+00   1.852851e+01   2.204977e+01  
592       1.49818528184e+05   0.000000e+00   1.854316e+01   2.198937e+01  
593       1.49815431325e+05   0.000000e+00   1.854268e+01   2.203896e+01  
594       1.49630635168e+05   0.000000e+00   1.858073e+01   2.200633e+01  
595       1.49717929813e+05   0.000000e+00   1.865438e+01   2.204749e+01  
596       1.49940414571e+05   0.000000e+00   1.854167e+01   2.199827e+01  
597       1.49865501791e+05   0.000000e+00   1.855162e+01   2.204708e+01  
598       1.49965015776e+05   0.000000e+00   1.854480e+01   2.200065e+01  
599       1.50050184788e+05   0.000000e+00   1.848992e+01   2.204010e+01  
600       1.49882662526e+05   0.000000e+00   1.858791e+01   2.200061e+01  
601       1.49896077741e+05   0.000000e+00   1.858942e+01   2.205163e+01  
602       1.49819294202e+05   0.000000e+00   1.863084e+01   2.201188e+01  
603       1.49947811990e+05   0.000000e+00   1.854152e+01   2.205393e+01  
604       1.49693211988e+05   0.000000e+00   1.870194e+01   2.202234e+01  
605       1.49895440223e+05   0.000000e+00   1.857310e+01   2.206225e+01  
606       1.49608270635e+05   0.000000e+00   1.871635e+01   2.202361e+01  
607       1.49545191875e+05   0.000000e+00   1.870559e+01   2.208150e+01  
608       1.49804333543e+05   0.000000e+00   1.870660e+01   2.202004e+01  
609       1.49736917241e+05   0.000000e+00   1.863450e+01   2.207716e+01  
610       1.49758905480e+05   0.000000e+00   1.872881e+01   2.202283e+01  
611       1.49685321972e+05   0.000000e+00   1.866421e+01   2.208165e+01  
612       1.49993226690e+05   0.000000e+00   1.866138e+01   2.201446e+01  
613       1.49881375956e+05   0.000000e+00   1.862824e+01   2.207365e+01  
614       1.49898242438e+05   0.000000e+00   1.867893e+01   2.202856e+01  
615       1.50010717650e+05   0.000000e+00   1.864783e+01   2.206435e+01  
616       1.49933038695e+05   0.000000e+00   1.868072e+01   2.202574e+01  
617       1.49559314463e+05   0.000000e+00   1.876302e+01   2.207922e+01  
618       1.50177244395e+05   0.000000e+00   1.865032e+01   2.201875e+01  
619       1.49881972247e+05   0.000000e+00   1.869696e+01   2.207038e+01  
620       1.50138004214e+05   0.000000e+00   1.860858e+01   2.202483e+01  
621       1.50029300650e+05   0.000000e+00   1.863073e+01   2.206956e+01  
622       1.50237264041e+05   0.000000e+00   1.861585e+01   2.202293e+01  
623       1.50213401582e+05   0.000000e+00   1.867236e+01   2.205995e+01  
624       1.50090701953e+05   0.000000e+00   1.863546e+01   2.203000e+01  
625       1.50225174053e+05   0.000000e+00   1.868212e+01   2.205334e+01  
626       1.50018780166e+05   0.000000e+00   1.870207e+01   2.203073e+01  
627       1.50154536625e+05   0.000000e+00   1.867005e+01   2.205006e+01  
628       1.50077858465e+05   0.000000e+00   1.872789e+01   2.203133e+01  
629       1.50268897903e+05   0.000000e+00   1.866372e+01   2.204519e+01  
630       1.50068911588e+05   0.000000e+00   1.872406e+01   2.203174e+01  
631       1.49937464580e+05   0.000000e+00   1.878700e+01   2.204823e+01  
632       1.50009176102e+05   0.000000e+00   1.877729e+01   2.202844e+01  
633       1.49944758591e+05   0.000000e+00   1.881463e+01   2.204376e+01  
634       1.49696623340e+05   0.000000e+00   1.885635e+01   2.204070e+01  
635       1.50016234085e+05   0.000000e+00   1.878435e+01   2.204186e+01  
636       1.49798404741e+05   0.000000e+00   1.874810e+01   2.203598e+01  
637       1.49945194876e+05   0.000000e+00   1.878355e+01   2.203868e+01  
638       1.49608176023e+05   0.000000e+00   1.879942e+01   2.204014e+01  
639       1.49793053949e+05   0.000000e+00   1.886440e+01   2.204092e+01  
640       1.49607944719e+05   0.000000e+00   1.886269e+01   2.203823e+01  
641       1.49533084037e+05   0.000000e+00   1.891638e+01   2.204625e+01  
642       1.49694716348e+05   0.000000e+00   1.880998e+01   2.203282e+01  
643       1.49483483240e+05   0.000000e+00   1.894106e+01   2.204874e+01  
644       1.49541830391e+05   0.000000e+00   1.888412e+01   2.202896e+01  
645       1.49504446181e+05   0.000000e+00   1.894968e+01   2.204157e+01  
646       1.49476682138e+05   0.000000e+00   1.889936e+01   2.202749e+01  
647       1.49373247670e+05   0.000000e+00   1.898550e+01   2.204126e+01  
648       1.49753842823e+05   0.000000e+00   1.889823e+01   2.200977e+01  
649       1.49364405708e+05   0.000000e+00   1.897145e+01   2.202774e+01  
650       1.49771038167e+05   0.000000e+00   1.892603e+01   2.201106e+01  
651       1.49509198009e+05   0.000000e+00   1.901922e+01   2.201155e+01  
652       1.49508612516e+05   0.000000e+00   1.895760e+01   2.201728e+01  
653       1.49519937007e+05   0.000000e+00   1.904661e+01   2.200839e+01  
654       1.49606727493e+05   0.000000e+00   1.897419e+01   2.201219e+01  
655       1.49332687777e+05   0.000000e+00   1.910159e+01   2.200569e+01  
656       1.49274378737e+05   0.000000e+00   1.917309e+01   2.201747e+01  
657       1.49450489186e+05   0.000000e+00   1.911885e+01   2.199865e+01  
658       1.49268940069e+05   0.000000e+00   1.916097e+01   2.201594e+01  
659       1.49207419777e+05   0.000000e+00   1.923543e+01   2.200149e+01  
660       1.49256547647e+05   0.000000e+00   1.914548e+01   2.201839e+01  
661       1.49485780527e+05   0.000000e+00   1.914612e+01   2.198337e+01  
662       1.48950346989e+05   0.000000e+00   1.919591e+01   2.202831e+01  
663       1.49280038297e+05   0.000000e+00   1.924470e+01   2.198895e+01  
664       1.49233856532e+05   0.000000e+00   1.916040e+01   2.201546e+01  
665       1.49114620491e+05   0.000000e+00   1.923686e+01   2.199066e+01  
666       1.49148236328e+05   0.000000e+00   1.921514e+01   2.201474e+01  
667       1.49118069752e+05   0.000000e+00   1.929106e+01   2.198852e+01  
668       1.49319273026e+05   0.000000e+00   1.925945e+01   2.200600e+01  
669       1.48737704735e+05   0.000000e+00   1.938432e+01   2.200203e+01  
670       1.49246364375e+05   0.000000e+00   1.933540e+01   2.201289e+01  
671       1.48535431489e+05   0.000000e+00   1.950439e+01   2.201240e+01  
672       1.49050992576e+05   0.000000e+00   1.944028e+01   2.201942e+01  
673       1.48417721258e+05   0.000000e+00   1.954442e+01   2.201895e+01  
674       1.49210601742e+05   0.000000e+00   1.940705e+01   2.201621e+01  
675       1.48285681079e+05   0.000000e+00   1.956575e+01   2.203013e+01  
676       1.49228521277e+05   0.000000e+00   1.946774e+01   2.201264e+01  
677       1.48190729982e+05   0.000000e+00   1.968711e+01   2.203709e+01  
678       1.49029553975e+05   0.000000e+00   1.963993e+01   2.202580e+01  
679       1.48091547674e+05   0.000000e+00   1.972593e+01   2.204537e+01  
680       1.49035160271e+05   0.000000e+00   1.969302e+01   2.202871e+01  
681       1.48465201670e+05   0.000000e+00   1.967463e+01   2.202894e+01  
682       1.49270373897e+05   0.000000e+00   1.960845e+01   2.202405e+01  
683       1.48428667549e+05   0.000000e+00   1.970172e+01   2.202473e+01  
684       1.49396838587e+05   0.000000e+00   1.964396e+01   2.201846e+01  
685       1.48519868654e+05   0.000000e+00   1.972979e+01   2.202291e+01  
686       1.49483562876e+05   0.000000e+00   1.967851e+01   2.201202e+01  
687       1.48584732040e+05   0.000000e+00   1.977769e+01   2.202284e+01  
688       1.49594505075e+05   0.000000e+00   1.969999e+01   2.201679e+01  
689       1.48468432391e+05   0.000000e+00   2.007527e+01   2.202541e+01  
690       1.49452240813e+05   0.000000e+00   1.995507e+01   2.202367e+01  
691       1.48530975728e+05   0.000000e+00   2.011672e+01   2.202305e+01  
692       1.49280501307e+05   0.000000e+00   2.030559e+01   2.203919e+01  
693       1.48624038861e+05   0.000000e+00   2.035960e+01   2.202195e+01  
694       1.49670110191e+05   0.000000e+00   2.008051e+01   2.202264e+01  
695       1.48512236618e+05   0.000000e+00   2.015093e+01   2.203054e+01  
696       1.49638127804e+05   0.000000e+00   1.998458e+01   2.202338e+01  
697       1.48718027303e+05   0.000000e+00   2.005199e+01   2.203176e+01  
698       1.49887323447e+05   0.000000e+00   1.988021e+01   2.201589e+01  
699       1.48607605873e+05   0.000000e+00   2.010274e+01   2.204677e+01  
700       1.49675298896e+05   0.000000e+00   1.999167e+01   2.202043e+01  
701       1.48540604976e+05   0.000000e+00   2.014474e+01   2.205040e+01  
702       1.49377402769e+05   0.000000e+00   2.008746e+01   2.203430e+01  
703       1.48828696286e+05   0.000000e+00   2.013138e+01   2.205091e+01  
704       1.49370279902e+05   0.000000e+00   2.009429e+01   2.204145e+01  
705       1.48645269757e+05   0.000000e+00   2.018000e+01   2.206551e+01  
706       1.49714272534e+05   0.000000e+00   2.004504e+01   2.203630e+01  
707       1.48470297320e+05   0.000000e+00   2.025760e+01   2.207432e+01  
708       1.49698403871e+05   0.000000e+00   2.011991e+01   2.204281e+01  
709       1.48655177071e+05   0.000000e+00   2.025544e+01   2.207018e+01  
710       1.49574820431e+05   0.000000e+00   2.007307e+01   2.204376e+01  
711       1.48764560972e+05   0.000000e+00   2.024513e+01   2.206672e+01  
712       1.49852946029e+05   0.000000e+00   2.004019e+01   2.204055e+01  
713       1.49033902561e+05   0.000000e+00   2.015900e+01   2.205999e+01  
714       1.49961096262e+05   0.000000e+00   2.000891e+01   2.204080e+01  
715       1.48955145277e+05   0.000000e+00   2.016743e+01   2.206785e+01  
716       1.49997016331e+05   0.000000e+00   2.007674e+01   2.203912e+01  
717       1.48939973591e+05   0.000000e+00   2.024346e+01   2.206458e+01  
718       1.50067581644e+05   0.000000e+00   2.005007e+01   2.204755e+01  
719       1.49188683263e+05   0.000000e+00   2.017700e+01   2.206192e+01  
720       1.50198107047e+05   0.000000e+00   2.003507e+01   2.204878e+01  
721       1.49143616199e+05   0.000000e+00   2.014725e+01   2.206916e+01  
722       1.50554816400e+05   0.000000e+00   2.002069e+01   2.203808e+01  
723       1.49162298079e+05   0.000000e+00   2.018826e+01   2.207493e+01  
724       1.50597299254e+05   0.000000e+00   2.007206e+01   2.204416e+01  
725       1.49228919801e+05   0.000000e+00   2.017809e+01   2.207529e+01  
726       1.50753076110e+05   0.000000e+00   2.005380e+01   2.205442e+01  
727       1.49224120703e+05   0.000000e+00   2.016800e+01   2.207772e+01  
728       1.50683099289e+05   0.000000e+00   2.006062e+01   2.206944e+01  
729       1.49163300304e+05   0.000000e+00   2.024105e+01   2.208296e+01  
730       1.50677678958e+05   0.000000e+00   2.011193e+01   2.207876e+01  
731       1.49137704429e+05   0.000000e+00   2.025760e+01   2.208751e+01  
732       1.50801189954e+05   0.000000e+00   2.006972e+01   2.208019e+01  
733       1.49286230684e+05   0.000000e+00   2.023579e+01   2.208612e+01  
734       1.50997585131e+05   0.000000e+00   2.004710e+01   2.207620e+01  
735       1.49162457899e+05   0.000000e+00   2.027123e+01   2.209698e+01  
736       1.51076293612e+05   0.000000e+00   2.001078e+01   2.208481e+01  
737       1.49356569675e+05   0.000000e+00   2.021470e+01   2.209974e+01  
738       1.50964736265e+05   0.000000e+00   2.006771e+01   2.209750e+01  
739       1.49321517289e+05   0.000000e+00   2.023015e+01   2.210546e+01  
740       1.51048229989e+05   0.000000e+00   2.005544e+01   2.210503e+01  
741       1.49050437895e+05   0.000000e+00   2.037715e+01   2.212273e+01  
742       1.51104856864e+05   0.000000e+00   2.009177e+01   2.211242e+01  
743       1.49206092814e+05   0.000000e+00   2.030028e+01   2.212499e+01  
744       1.51071352581e+05   0.000000e+00   2.016669e+01   2.212687e+01  
745       1.49138153954e+05   0.000000e+00   2.035710e+01   2.213169e+01  
746       1.51184904121e+05   0.000000e+00   2.012911e+01   2.213261e+01  
747       1.49186063372e+05   0.000000e+00   2.038966e+01   2.213268e+01  
748       1.51298853379e+05   0.000000e+00   2.010728e+01   2.214291e+01  
749       1.49342908209e+05   0.000000e+00   2.035343e+01   2.212819e+01  
750       1.51419069094e+05   0.000000e+00   2.005002e+01   2.214279e+01  
751       1.49636101471e+05   0.000000e+00   2.024017e+01   2.211938e+01  
752       1.51679360091e+05   0.000000e+00   1.996073e+01   2.213585e+01  
753       1.49676735938e+05   0.000000e+00   2.025519e+01   2.212079e+01  
754       1.51663200217e+05   0.000000e+00   1.999227e+01   2.214430e+01  
755       1.49884256303e+05   0.000000e+00   2.023202e+01   2.211146e+01  
756       1.51523191944e+05   0.000000e+00   2.003830e+01   2.215492e+01  
757       1.49996250413e+05   0.000000e+00   2.025910e+01   2.210619e+01  
758       1.51799892009e+05   0.000000e+00   1.995975e+01   2.215272e+01  
759       1.49925703372e+05   0.000000e+00   2.023623e+01   2.210339e+01  
760       1.51567086206e+05   0.000000e+00   2.009695e+01   2.216778e+01  
761       1.49896037557e+05   0.000000e+00   2.033392e+01   2.210485e+01  
762       1.51505322022e+05   0.000000e+00   2.015477e+01   2.216919e+01  
763       1.49322126632e+05   0.000000e+00   2.055032e+01   2.212957e+01  
764       1.51672072884e+05   0.000000e+00   2.021252e+01   2.216989e+01  
765       1.49170971883e+05   0.000000e+00   2.056104e+01   2.213502e+01  
766       1.51755549290e+05   0.000000e+00   2.020115e+01   2.216352e+01  
767       1.49144004309e+05   0.000000e+00   2.060350e+01   2.214017e+01  
768       1.51690011222e+05   0.000000e+00   2.022989e+01   2.216848e+01  
769       1.48991742596e+05   0.000000e+00   2.067449e+01   2.214507e+01  
770       1.51705082255e+05   0.000000e+00   2.024355e+01   2.217025e+01  
771       1.49203440096e+05   0.000000e+00   2.064111e+01   2.213759e+01  
772       1.51761623065e+05   0.000000e+00   2.030581e+01   2.217497e+01  
773       1.48903357435e+05   0.000000e+00   2.075333e+01   2.214808e+01  
774       1.51742459689e+05   0.000000e+00   2.041663e+01   2.217920e+01  
775       1.49002915464e+05   0.000000e+00   2.083582e+01   2.214111e+01  
776       1.51573028891e+05   0.000000e+00   2.048673e+01   2.218713e+01  
777       1.49216354002e+05   0.000000e+00   2.084923e+01   2.213771e+01  
778       1.51534788529e+05   0.000000e+00   2.051308e+01   2.219052e+01  
779       1.49273449076e+05   0.000000e+00   2.092304e+01   2.213437e+01  
780       1.51506218584e+05   0.000000e+00   2.060986e+01   2.219465e+01  
781       1.49262517126e+05   0.000000e+00   2.098915e+01   2.213876e+01  
782       1.51798957320e+05   0.000000e+00   2.055774e+01   2.219705e+01  
783       1.49407681906e+05   0.000000e+00   2.094518e+01   2.212716e+01  
784       1.51805836167e+05   0.000000e+00   2.057889e+01   2.219971e+01  
785       1.49237313696e+05   0.000000e+00   2.108648e+01   2.212618e+01  
786       1.51651274180e+05   0.000000e+00   2.070325e+01   2.220911e+01  
787       1.49236565670e+05   0.000000e+00   2.112352e+01   2.212222e+01  
788       1.51858275346e+05   0.000000e+00   2.067363e+01   2.220541e+01  
789       1.49161335857e+05   0.000000e+00   2.112803e+01   2.212555e+01  
790       1.51640225845e+05   0.000000e+00   2.086596e+01   2.220995e+01  
791       1.49088647247e+05   0.000000e+00   2.138154e+01   2.212482e+01  
792       1.51701352207e+05   0.000000e+00   2.108752e+01   2.221755e+01  
793       1.48773557977e+05   0.000000e+00   2.153668e+01   2.212184e+01  
794       1.51617415360e+05   0.000000e+00   2.106553e+01   2.223189e+01  
795       1.48906347357e+05   0.000000e+00   2.142609e+01   2.210500e+01  
796       1.51459752928e+05   0.000000e+00   2.110834e+01   2.223512e+01  
797       1.49041803389e+05   0.000000e+00   2.141386e+01   2.210607e+01  
798       1.51544662069e+05   0.000000e+00   2.105516e+01   2.222958e+01  
799       1.48700818357e+05   0.000000e+00   2.148971e+01   2.211522e+01  
800       1.51400473014e+05   0.000000e+00   2.111300e+01   2.223322e+01  
801       1.48624040688e+05   0.000000e+00   2.154317e+01   2.211075e+01  
802       1.51291989604e+05   0.000000e+00   2.123644e+01   2.223528e+01  
803       1.48682556335e+05   0.000000e+00   2.152593e+01   2.210452e+01  
804       1.51297843563e+05   0.000000e+00   2.115590e+01   2.223695e+01  
805       1.48555707407e+05   0.000000e+00   2.156083e+01   2.209860e+01  
806       1.51315297792e+05   0.000000e+00   2.114482e+01   2.223448e+01  
807       1.48747189819e+05   0.000000e+00   2.153114e+01   2.208085e+01  
808       1.51111305853e+05   0.000000e+00   2.122087e+01   2.223649e+01  
809       1.48681439145e+05   0.000000e+00   2.156905e+01   2.208261e+01  
810       1.51309347243e+05   0.000000e+00   2.114632e+01   2.222373e+01  
811       1.48644448893e+05   0.000000e+00   2.152274e+01   2.208188e+01  
812       1.51184186109e+05   0.000000e+00   2.115151e+01   2.222750e+01  
813       1.48723675069e+05   0.000000e+00   2.156520e+01   2.208030e+01  
814       1.50878824437e+05   0.000000e+00   2.122913e+01   2.223457e+01  
815       1.48570950542e+05   0.000000e+00   2.165062e+01   2.209000e+01  
816       1.50959979642e+05   0.000000e+00   2.124727e+01   2.223362e+01  
817       1.48592744434e+05   0.000000e+00   2.163655e+01   2.208663e+01  
818       1.50772453520e+05   0.000000e+00   2.133049e+01   2.224110e+01  
819       1.48787026838e+05   0.000000e+00   2.158368e+01   2.208200e+01  
820       1.50844612742e+05   0.000000e+00   2.128375e+01   2.223570e+01  
821       1.48759757755e+05   0.000000e+00   2.161720e+01   2.208503e+01  
822       1.50969116222e+05   0.000000e+00   2.125074e+01   2.223203e+01  
823       1.48947641215e+05   0.000000e+00   2.157111e+01   2.207330e+01  
824       1.50921511387e+05   0.000000e+00   2.130803e+01   2.223094e+01  
825       1.48982107075e+05   0.000000e+00   2.154336e+01   2.207192e+01  
826       1.50945855867e+05   0.000000e+00   2.123745e+01   2.222957e+01  
827       1.49187193403e+05   0.000000e+00   2.154207e+01   2.206271e+01  
828       1.50841951506e+05   0.000000e+00   2.125305e+01   2.223133e+01  
829       1.49125190718e+05   0.000000e+00   2.156988e+01   2.206893e+01  
830       1.50873608845e+05   0.000000e+00   2.130006e+01   2.222652e+01  
831       1.48943326369e+05   0.000000e+00   2.166985e+01   2.207652e+01  
832       1.50832223082e+05   0.000000e+00   2.134279e+01   2.222200e+01  
833       1.49076389017e+05   0.000000e+00   2.165683e+01   2.207331e+01  
834       1.50670024231e+05   0.000000e+00   2.140962e+01   2.222751e+01  
835       1.49005927682e+05   0.000000e+00   2.171892e+01   2.206905e+01  
836       1.50692321827e+05   0.000000e+00   2.138168e+01   2.222274e+01  
837       1.49074036664e+05   0.000000e+00   2.164945e+01   2.206348e+01  
838       1.50845432350e+05   0.000000e+00   2.140954e+01   2.221789e+01  
839       1.48718301484e+05   0.000000e+00   2.169990e+01   2.207282e+01  
840       1.51020459757e+05   0.000000e+00   2.136223e+01   2.220600e+01  
841       1.48828816815e+05   0.000000e+00   2.168737e+01   2.206958e+01  
842       1.51014999929e+05   0.000000e+00   2.135788e+01   2.220312e+01  
843       1.48944038852e+05   0.000000e+00   2.161517e+01   2.206137e+01  
844       1.51016067354e+05   0.000000e+00   2.129960e+01   2.220251e+01  
845       1.48885098257e+05   0.000000e+00   2.163177e+01   2.206002e+01  
846       1.50859669196e+05   0.000000e+00   2.136642e+01   2.220161e+01  
847       1.48824055214e+05   0.000000e+00   2.167255e+01   2.206930e+01  
848       1.50662627059e+05   0.000000e+00   2.144445e+01   2.220864e+01  
849       1.48919123684e+05   0.000000e+00   2.163640e+01   2.206203e+01  
850       1.50578518580e+05   0.000000e+00   2.146943e+01   2.221860e+01  
851       1.48908230811e+05   0.000000e+00   2.171868e+01   2.205182e+01  
852       1.50525418052e+05   0.000000e+00   2.147447e+01   2.222551e+01  
853       1.48961585910e+05   0.000000e+00   2.171969e+01   2.204831e+01  
854       1.50238060036e+05   0.000000e+00   2.158065e+01   2.223392e+01  
855       1.49472435006e+05   0.000000e+00   2.157801e+01   2.203355e+01  
856       1.50406366671e+05   0.000000e+00   2.148929e+01   2.222340e+01  
857       1.49173616621e+05   0.000000e+00   2.173375e+01   2.205031e+01  
858       1.50428921326e+05   0.000000e+00   2.153873e+01   2.222851e+01  
859       1.49359146561e+05   0.000000e+00   2.169652e+01   2.203719e+01  
860       1.50246143776e+05   0.000000e+00   2.157230e+01   2.223572e+01  
861       1.49533746546e+05   0.000000e+00   2.169111e+01   2.203487e+01  
862       1.50215408237e+05   0.000000e+00   2.160734e+01   2.223621e+01  
863       1.49443298631e+05   0.000000e+00   2.176718e+01   2.203699e+01  
864       1.50249703323e+05   0.000000e+00   2.164633e+01   2.223157e+01  
865       1.49751880189e+05   0.000000e+00   2.175993e+01   2.203759e+01  
866       1.50235129737e+05   0.000000e+00   2.163291e+01   2.223105e+01  
867       1.49856799105e+05   0.000000e+00   2.171790e+01   2.204346e+01  
868       1.50386849551e+05   0.000000e+00   2.165771e+01   2.222832e+01  
869       1.49891806372e+05   0.000000e+00   2.180254e+01   2.203934e+01  
870       1.49925587676e+05   0.000000e+00   2.186455e+01   2.224893e+01  
871       1.50260521658e+05   0.000000e+00   2.175154e+01   2.202940e+01  
872       1.50069689886e+05   0.000000e+00   2.174012e+01   2.224982e+01  
873       1.50425398377e+05   0.000000e+00   2.173329e+01   2.202143e+01  
874       1.49914062309e+05   0.000000e+00   2.177831e+01   2.225949e+01  
875       1.50411322523e+05   0.000000e+00   2.174192e+01   2.202572e+01  
876       1.49897133074e+05   0.000000e+00   2.184881e+01   2.225014e+01  
877       1.50510657135e+05   0.000000e+00   2.174117e+01   2.203035e+01  
878       1.49856846218e+05   0.000000e+00   2.181580e+01   2.224644e+01  
879       1.50393647249e+05   0.000000e+00   2.179107e+01   2.203966e+01  
880       1.49818410294e+05   0.000000e+00   2.180279e+01   2.223767e+01  
881       1.50680866417e+05   0.000000e+00   2.172742e+01   2.203656e+01  
882       1.49871661614e+05   0.000000e+00   2.180688e+01   2.224013e+01  
883       1.50605980360e+05   0.000000e+00   2.175533e+01   2.204478e+01  
884       1.49567621308e+05   0.000000e+00   2.193750e+01   2.224131e+01  
885       1.50653597921e+05   0.000000e+00   2.180736e+01   2.204679e+01  
886       1.49532100473e+05   0.000000e+00   2.197018e+01   2.224301e+01  
887       1.50637088854e+05   0.000000e+00   2.182146e+01   2.205932e+01  
888       1.49507216409e+05   0.000000e+00   2.196044e+01   2.223551e+01  
889       1.50708480284e+05   0.000000e+00   2.175528e+01   2.206717e+01  
890       1.49342427224e+05   0.000000e+00   2.202718e+01   2.223696e+01  
891       1.50858283409e+05   0.000000e+00   2.179047e+01   2.206545e+01  
892       1.49261913742e+05   0.000000e+00   2.205246e+01   2.223543e+01  
893       1.51176365475e+05   0.000000e+00   2.175506e+01   2.205757e+01  
894       1.49056742058e+05   0.000000e+00   2.207446e+01   2.223964e+01  
895       1.51472779042e+05   0.000000e+00   2.169110e+01   2.205017e+01  
896       1.49176506116e+05   0.000000e+00   2.205449e+01   2.223392e+01  
897       1.51312105694e+05   0.000000e+00   2.175588e+01   2.205791e+01  
898       1.49105450924e+05   0.000000e+00   2.208808e+01   2.223756e+01  
899       1.51315680595e+05   0.000000e+00   2.177753e+01   2.206043e+01  
900       1.48946736346e+05   0.000000e+00   2.211685e+01   2.223972e+01  
901       1.51529398986e+05   0.000000e+00   2.171421e+01   2.205857e+01  
902       1.48789736902e+05   0.000000e+00   2.214249e+01   2.224657e+01  
903       1.51328009093e+05   0.000000e+00   2.184404e+01   2.206339e+01  
904       1.48939985160e+05   0.000000e+00   2.211714e+01   2.223860e+01  
905       1.51332879266e+05   0.000000e+00   2.177294e+01   2.207074e+01  
906       1.48835577075e+05   0.000000e+00   2.216774e+01   2.223004e+01  
907       1.51454387612e+05   0.000000e+00   2.176679e+01   2.208029e+01  
908       1.48828497167e+05   0.000000e+00   2.215223e+01   2.221670e+01  
909       1.51358789225e+05   0.000000e+00   2.184725e+01   2.209179e+01  
910       1.48825490030e+05   0.000000e+00   2.219079e+01   2.220770e+01  
911       1.51611030361e+05   0.000000e+00   2.174854e+01   2.208967e+01  
912       1.48569209367e+05   0.000000e+00   2.224164e+01   2.220323e+01  
913       1.51731297113e+05   0.000000e+00   2.172811e+01   2.209817e+01  
914       1.48559670704e+05   0.000000e+00   2.225721e+01   2.218426e+01  
915       1.51511128335e+05   0.000000e+00   2.175604e+01   2.211302e+01  
916       1.48524020488e+05   0.000000e+00   2.226206e+01   2.218243e+01  
917       1.51560141495e+05   0.000000e+00   2.172000e+01   2.211516e+01  
918       1.48458618842e+05   0.000000e+00   2.228345e+01   2.217643e+01  
919       1.51347502124e+05   0.000000e+00   2.175681e+01   2.212784e+01  
920       1.48576251176e+05   0.000000e+00   2.225298e+01   2.216233e+01  
921       1.51237627512e+05   0.000000e+00   2.183255e+01   2.214110e+01  
922       1.48433148019e+05   0.000000e+00   2.227350e+01   2.215841e+01  
923       1.51154498926e+05   0.000000e+00   2.186164e+01   2.216107e+01  
924       1.48313074774e+05   0.000000e+00   2.234427e+01   2.215153e+01  
925       1.50973902814e+05   0.000000e+00   2.193288e+01   2.217356e+01  
926       1.48606660441e+05   0.000000e+00   2.226024e+01   2.214518e+01  
927       1.51000909841e+05   0.000000e+00   2.191607e+01   2.217438e+01  
928       1.48603361289e+05   0.000000e+00   2.228139e+01   2.214160e+01  
929       1.51047829388e+05   0.000000e+00   2.187023e+01   2.217247e+01  
930       1.48766816860e+05   0.000000e+00   2.220990e+01   2.212967e+01  
931       1.50993546238e+05   0.000000e+00   2.198195e+01   2.218533e+01  
932       1.48668864646e+05   0.000000e+00   2.230628e+01   2.212378e+01  
933       1.50882434194e+05   0.000000e+00   2.197674e+01   2.219615e+01  
934       1.48787925168e+05   0.000000e+00   2.230253e+01   2.211260e+01  
935       1.50797968666e+05   0.000000e+00   2.200107e+01   2.220421e+01  
936       1.48631305248e+05   0.000000e+00   2.237461e+01   2.210862e+01  
937       1.50714142195e+05   0.000000e+00   2.204484e+01   2.220893e+01  
938       1.48634044522e+05   0.000000e+00   2.232776e+01   2.210920e+01  
939       1.50689695697e+05   0.000000e+00   2.209310e+01   2.221051e+01  
940       1.48634603634e+05   0.000000e+00   2.238266e+01   2.210825e+01  
941       1.50694580066e+05   0.000000e+00   2.206234e+01   2.221663e+01  
942       1.48730237754e+05   0.000000e+00   2.238654e+01   2.210266e+01  
943       1.50518855106e+05   0.000000e+00   2.213907e+01   2.223066e+01  
944       1.48708502798e+05   0.000000e+00   2.239585e+01   2.210109e+01  
945       1.50692196350e+05   0.000000e+00   2.207535e+01   2.223175e+01  
946       1.48540078558e+05   0.000000e+00   2.243785e+01   2.210142e+01  
947       1.50387492912e+05   0.000000e+00   2.221070e+01   2.224695e+01  
948       1.48428842615e+05   0.000000e+00   2.250848e+01   2.210053e+01  
949       1.50577720888e+05   0.000000e+00   2.216298e+01   2.223865e+01  
950       1.48457402434e+05   0.000000e+00   2.247340e+01   2.210404e+01  
951       1.50565844043e+05   0.000000e+00   2.217566e+01   2.225107e+01  
952       1.48440690469e+05   0.000000e+00   2.246203e+01   2.210361e+01  
953       1.50696328496e+05   0.000000e+00   2.213594e+01   2.224746e+01  
954       1.48419485760e+05   0.000000e+00   2.248074e+01   2.210309e+01  
955       1.50432747467e+05   0.000000e+00   2.224188e+01   2.226666e+01  
956       1.48704028021e+05   0.000000e+00   2.240149e+01   2.208911e+01  
957       1.50313986541e+05   0.000000e+00   2.219551e+01   2.227829e+01  
958       1.48660618910e+05   0.000000e+00   2.244890e+01   2.208724e+01  
959       1.50431786935e+05   0.000000e+00   2.218237e+01   2.228088e+01  
960       1.48480884952e+05   0.000000e+00   2.246197e+01   2.210025e+01  
961       1.50286150457e+05   0.000000e+00   2.225901e+01   2.228640e+01  
962       1.48649922383e+05   0.000000e+00   2.248222e+01   2.209479e+01  
963       1.50053422790e+05   0.000000e+00   2.231598e+01   2.229081e+01  
964       1.48505207084e+05   0.000000e+00   2.254274e+01   2.210115e+01  
965       1.50378439356e+05   0.000000e+00   2.216268e+01   2.228651e+01  
966       1.48824586686e+05   0.000000e+00   2.244592e+01   2.209358e+01  
967       1.50076865660e+05   0.000000e+00   2.226997e+01   2.229360e+01  
968       1.48733276359e+05   0.000000e+00   2.246600e+01   2.210391e+01  
969       1.50113720765e+05   0.000000e+00   2.225498e+01   2.228262e+01  
970       1.48750493556e+05   0.000000e+00   2.248791e+01   2.210733e+01  
971       1.50147396341e+05   0.000000e+00   2.223602e+01   2.228772e+01  
972       1.48768776791e+05   0.000000e+00   2.247552e+01   2.211628e+01  
973       1.49868298513e+05   0.000000e+00   2.229665e+01   2.229883e+01  
974       1.48857816054e+05   0.000000e+00   2.245590e+01   2.211943e+01  
975       1.49907611646e+05   0.000000e+00   2.230496e+01   2.230241e+01  
976       1.48651522568e+05   0.000000e+00   2.251917e+01   2.213747e+01  
977       1.49838538750e+05   0.000000e+00   2.233955e+01   2.229896e+01  
978       1.48728825538e+05   0.000000e+00   2.248757e+01   2.214181e+01  
979       1.49848340558e+05   0.000000e+00   2.233046e+01   2.230442e+01  
980       1.48675466769e+05   0.000000e+00   2.253380e+01   2.214950e+01  
981       1.49774331954e+05   0.000000e+00   2.235206e+01   2.230874e+01  
982       1.48797080479e+05   0.000000e+00   2.251010e+01   2.215418e+01  
983       1.49543889534e+05   0.000000e+00   2.240749e+01   2.231901e+01  
984       1.48930590577e+05   0.000000e+00   2.249884e+01   2.215984e+01  
985       1.49645316882e+05   0.000000e+00   2.238303e+01   2.231119e+01  
986       1.49078486611e+05   0.000000e+00   2.245309e+01   2.216053e+01  
987       1.49536395168e+05   0.000000e+00   2.244731e+01   2.232041e+01  
988       1.48953329057e+05   0.000000e+00   2.249759e+01   2.216661e+01  
989       1.49564919948e+05   0.000000e+00   2.244120e+01   2.232108e+01  
990       1.49019720603e+05   0.000000e+00   2.240307e+01   2.217366e+01  
991       1.49477480370e+05   0.000000e+00   2.245376e+01   2.232015e+01  
992       1.48934811079e+05   0.000000e+00   2.251996e+01   2.218719e+01  
993       1.49437570388e+05   0.000000e+00   2.247215e+01   2.231577e+01  
994       1.49108082385e+05   0.000000e+00   2.247927e+01   2.219024e+01  
995       1.49538709851e+05   0.000000e+00   2.243344e+01   2.230488e+01  
996       1.49161701376e+05   0.000000e+00   2.247797e+01   2.220422e+01  
997       1.49387533640e+05   0.000000e+00   2.253412e+01   2.230369e+01  
998       1.49255324368e+05   0.000000e+00   2.245692e+01   2.221018e+01  
999       1.49292249751e+05   0.000000e+00   2.251873e+01   2.230648e+01  
1000      1.49279702616e+05   0.000000e+00   2.249862e+01   2.221700e+01  
1001      1.49219226638e+05   0.000000e+00   2.253414e+01   2.230592e+01  
1002      1.49326987108e+05   0.000000e+00   2.248509e+01   2.221956e+01  
1003      1.49132438873e+05   0.000000e+00   2.257736e+01   2.230314e+01  
1004      1.49396693124e+05   0.000000e+00   2.245220e+01   2.221586e+01  
1005      1.49257184578e+05   0.000000e+00   2.251730e+01   2.229764e+01  
1006      1.49240411347e+05   0.000000e+00   2.251808e+01   2.222732e+01  
1007      1.49184025635e+05   0.000000e+00   2.256020e+01   2.229271e+01  
1008      1.49231632561e+05   0.000000e+00   2.256277e+01   2.222787e+01  
1009      1.49019112182e+05   0.000000e+00   2.259662e+01   2.229757e+01  
1010      1.49178872111e+05   0.000000e+00   2.261904e+01   2.222863e+01  
1011      1.49278308567e+05   0.000000e+00   2.251584e+01   2.228420e+01  
1012      1.49218353317e+05   0.000000e+00   2.253185e+01   2.222503e+01  
1013      1.49159815099e+05   0.000000e+00   2.253621e+01   2.227958e+01  
1014      1.49420087550e+05   0.000000e+00   2.250734e+01   2.221931e+01  
1015      1.49115839860e+05   0.000000e+00   2.259562e+01   2.227113e+01  
1016      1.49309762745e+05   0.000000e+00   2.256282e+01   2.223076e+01  
1017      1.49282642661e+05   0.000000e+00   2.256112e+01   2.226124e+01  
1018      1.49391189483e+05   0.000000e+00   2.251042e+01   2.222800e+01  
1019      1.49173488622e+05   0.000000e+00   2.263766e+01   2.225545e+01  
1020      1.49548777914e+05   0.000000e+00   2.250984e+01   2.223599e+01  
1021      1.49025070810e+05   0.000000e+00   2.271260e+01   2.225507e+01  
1022      1.49402356900e+05   0.000000e+00   2.262103e+01   2.224692e+01  
1023      1.49032379913e+05   0.000000e+00   2.270737e+01   2.225567e+01  
1024      1.49728463624e+05   0.000000e+00   2.250452e+01   2.224163e+01  
1025      1.48966045249e+05   0.000000e+00   2.275788e+01   2.225438e+01  
1026      1.49711847947e+05   0.000000e+00   2.252058e+01   2.225572e+01  
1027      1.49237751651e+05   0.000000e+00   2.264509e+01   2.224024e+01  
1028      1.49717650235e+05   0.000000e+00   2.253469e+01   2.226567e+01  
1029      1.49378324904e+05   0.000000e+00   2.263262e+01   2.223204e+01  
1030      1.49825993787e+05   0.000000e+00   2.249624e+01   2.225757e+01  
1031      1.49426273669e+05   0.000000e+00   2.259449e+01   2.223108e+01  
1032      1.49740015979e+05   0.000000e+00   2.257439e+01   2.225347e+01  
1033      1.49538999403e+05   0.000000e+00   2.263192e+01   2.222933e+01  
1034      1.49930194098e+05   0.000000e+00   2.249495e+01   2.224297e+01  
1035      1.49811003675e+05   0.000000e+00   2.256189e+01   2.222188e+01  
1036      1.49786647977e+05   0.000000e+00   2.254927e+01   2.224630e+01  
1037      1.49792727633e+05   0.000000e+00   2.258761e+01   2.221791e+01  
1038      1.49706132784e+05   0.000000e+00   2.259002e+01   2.223828e+01  
1039      1.49920788643e+05   0.000000e+00   2.254133e+01   2.221345e+01  
1040      1.49642614282e+05   0.000000e+00   2.258214e+01   2.223420e+01  
1041      1.49890284736e+05   0.000000e+00   2.254579e+01   2.221137e+01  
1042      1.49672051093e+05   0.000000e+00   2.253895e+01   2.223405e+01  
1043      1.49891809408e+05   0.000000e+00   2.254051e+01   2.220222e+01  
1044      1.49427037080e+05   0.000000e+00   2.262371e+01   2.224207e+01  
1045      1.49808312835e+05   0.000000e+00   2.257537e+01   2.220549e+01  
1046      1.49263990078e+05   0.000000e+00   2.267420e+01   2.223677e+01  
1047      1.49746009275e+05   0.000000e+00   2.261232e+01   2.220102e+01  
1048      1.49180180176e+05   0.000000e+00   2.266497e+01   2.223495e+01  
1049      1.49641976437e+05   0.000000e+00   2.263210e+01   2.220474e+01  
1050      1.49462162009e+05   0.000000e+00   2.256966e+01   2.222151e+01  
1051      1.49612394539e+05   0.000000e+00   2.256227e+01   2.219590e+01  
1052      1.49354057461e+05   0.000000e+00   2.261276e+01   2.221499e+01  
1053      1.49675784767e+05   0.000000e+00   2.254436e+01   2.218166e+01  
1054      1.49338817100e+05   0.000000e+00   2.257738e+01   2.220775e+01  
1055      1.49796985806e+05   0.000000e+00   2.251821e+01   2.217285e+01  
1056      1.49430385822e+05   0.000000e+00   2.257030e+01   2.220062e+01  
1057      1.49657384740e+05   0.000000e+00   2.250142e+01   2.217133e+01  
1058      1.49244011313e+05   0.000000e+00   2.261356e+01   2.220586e+01  
1059      1.49739879837e+05   0.000000e+00   2.253275e+01   2.215673e+01  
1060      1.49386589442e+05   0.000000e+00   2.262642e+01   2.220174e+01  
1061      1.49498265688e+05   0.000000e+00   2.261456e+01   2.215732e+01  
1062      1.49172803074e+05   0.000000e+00   2.268069e+01   2.221024e+01  
1063      1.49681105359e+05   0.000000e+00   2.259547e+01   2.214127e+01  
1064      1.49001311522e+05   0.000000e+00   2.273064e+01   2.221330e+01  
1065      1.49480207710e+05   0.000000e+00   2.266628e+01   2.214832e+01  
1066      1.48948120103e+05   0.000000e+00   2.271382e+01   2.221103e+01  
1067      1.49481166175e+05   0.000000e+00   2.262836e+01   2.214237e+01  
1068      1.48669400026e+05   0.000000e+00   2.275053e+01   2.221420e+01  
1069      1.49666324407e+05   0.000000e+00   2.257931e+01   2.214110e+01  
1070      1.48514965753e+05   0.000000e+00   2.275807e+01   2.221159e+01  
1071      1.49558480295e+05   0.000000e+00   2.262606e+01   2.213608e+01  
1072      1.48547560850e+05   0.000000e+00   2.273934e+01   2.220872e+01  
1073      1.49540837346e+05   0.000000e+00   2.261795e+01   2.213623e+01  
1074      1.48422895954e+05   0.000000e+00   2.279234e+01   2.220612e+01  
1075      1.49762706740e+05   0.000000e+00   2.250931e+01   2.212912e+01  
1076      1.48489277663e+05   0.000000e+00   2.273911e+01   2.219578e+01  
1077      1.49565726276e+05   0.000000e+00   2.260166e+01   2.213572e+01  
1078      1.48587357053e+05   0.000000e+00   2.274895e+01   2.218036e+01  
1079      1.49686377710e+05   0.000000e+00   2.256777e+01   2.212960e+01  
1080      1.48615963844e+05   0.000000e+00   2.274871e+01   2.217219e+01  
1081      1.49645493087e+05   0.000000e+00   2.260278e+01   2.213062e+01  
1082      1.48558270885e+05   0.000000e+00   2.278378e+01   2.216359e+01  
1083      1.49775766529e+05   0.000000e+00   2.256968e+01   2.212099e+01  
1084      1.48339125904e+05   0.000000e+00   2.282255e+01   2.217012e+01  
1085      1.49724953007e+05   0.000000e+00   2.261547e+01   2.211464e+01  
1086      1.48232599244e+05   0.000000e+00   2.285570e+01   2.217248e+01  
1087      1.49627709751e+05   0.000000e+00   2.261866e+01   2.211147e+01  
1088      1.48281945985e+05   0.000000e+00   2.279931e+01   2.216060e+01  
1089      1.49557005732e+05   0.000000e+00   2.255337e+01   2.210364e+01  
1090      1.48268268761e+05   0.000000e+00   2.278038e+01   2.215732e+01  
1091      1.49388277177e+05   0.000000e+00   2.260600e+01   2.210433e+01  
1092      1.48123207474e+05   0.000000e+00   2.281840e+01   2.215566e+01  
1093      1.49224296946e+05   0.000000e+00   2.268481e+01   2.209852e+01  
1094      1.47990483212e+05   0.000000e+00   2.289423e+01   2.216620e+01  
1095      1.49154388984e+05   0.000000e+00   2.269790e+01   2.209579e+01  
1096      1.47934299095e+05   0.000000e+00   2.290912e+01   2.216513e+01  
1097      1.48901796023e+05   0.000000e+00   2.275717e+01   2.210308e+01  
1098      1.48033013423e+05   0.000000e+00   2.290879e+01   2.214876e+01  
1099      1.48637239155e+05   0.000000e+00   2.285521e+01   2.211627e+01  
1100      1.47988087654e+05   0.000000e+00   2.295488e+01   2.214827e+01  
1101      1.48595236982e+05   0.000000e+00   2.285303e+01   2.211469e+01  
1102      1.48052972731e+05   0.000000e+00   2.290811e+01   2.214489e+01  
1103      1.48630211598e+05   0.000000e+00   2.278119e+01   2.211274e+01  
1104      1.48054870169e+05   0.000000e+00   2.294180e+01   2.213520e+01  
1105      1.48633110988e+05   0.000000e+00   2.282244e+01   2.211136e+01  
1106      1.47917554148e+05   0.000000e+00   2.297506e+01   2.213839e+01  
1107      1.48493099914e+05   0.000000e+00   2.288558e+01   2.211413e+01  
1108      1.48170101089e+05   0.000000e+00   2.290681e+01   2.212253e+01  
1109      1.48540009977e+05   0.000000e+00   2.285736e+01   2.211026e+01  
1110      1.48013126912e+05   0.000000e+00   2.299599e+01   2.213295e+01  
1111      1.48611288575e+05   0.000000e+00   2.286557e+01   2.211022e+01  
1112      1.48133364406e+05   0.000000e+00   2.292285e+01   2.212790e+01  
1113      1.48552867926e+05   0.000000e+00   2.283970e+01   2.211489e+01  
1114      1.48272448655e+05   0.000000e+00   2.285809e+01   2.212154e+01  
1115      1.48331181318e+05   0.000000e+00   2.290399e+01   2.212284e+01  
1116      1.48118870620e+05   0.000000e+00   2.292887e+01   2.212524e+01  
1117      1.48252725687e+05   0.000000e+00   2.290969e+01   2.212394e+01  
1118      1.48313311973e+05   0.000000e+00   2.289707e+01   2.212760e+01  
1119      1.48167384523e+05   0.000000e+00   2.293503e+01   2.212569e+01  
1120      1.48093854925e+05   0.000000e+00   2.296138e+01   2.213853e+01  
1121      1.48256219593e+05   0.000000e+00   2.295326e+01   2.212734e+01  
1122      1.47861410034e+05   0.000000e+00   2.304261e+01   2.214030e+01  
1123      1.48065696078e+05   0.000000e+00   2.303655e+01   2.213298e+01  
1124      1.48075815042e+05   0.000000e+00   2.297123e+01   2.213178e+01  
1125      1.48108443410e+05   0.000000e+00   2.292272e+01   2.213862e+01  
1126      1.47983285956e+05   0.000000e+00   2.300898e+01   2.213057e+01  
1127      1.48211552555e+05   0.000000e+00   2.286716e+01   2.214045e+01  
1128      1.48065988836e+05   0.000000e+00   2.296857e+01   2.212246e+01  
1129      1.48039875230e+05   0.000000e+00   2.295604e+01   2.215093e+01  
1130      1.47995248267e+05   0.000000e+00   2.301773e+01   2.212190e+01  
1131      1.48004397898e+05   0.000000e+00   2.295166e+01   2.215432e+01  
1132      1.47989034611e+05   0.000000e+00   2.306416e+01   2.211880e+01  
1133      1.48059013453e+05   0.000000e+00   2.296064e+01   2.216342e+01  
1134      1.47855819586e+05   0.000000e+00   2.308878e+01   2.212424e+01  
1135      1.48171588040e+05   0.000000e+00   2.291711e+01   2.216324e+01  
1136      1.47880442229e+05   0.000000e+00   2.308316e+01   2.212191e+01  
1137      1.48071856701e+05   0.000000e+00   2.299753e+01   2.216182e+01  
1138      1.47839354690e+05   0.000000e+00   2.313302e+01   2.212995e+01  
1139      1.48128280357e+05   0.000000e+00   2.300466e+01   2.216333e+01  
1140      1.48110535947e+05   0.000000e+00   2.301904e+01   2.212769e+01  
1141      1.48104497380e+05   0.000000e+00   2.298054e+01   2.216552e+01  
1142      1.48104367220e+05   0.000000e+00   2.300528e+01   2.213271e+01  
1143      1.48142697800e+05   0.000000e+00   2.296939e+01   2.216801e+01  
1144      1.48231885149e+05   0.000000e+00   2.294972e+01   2.213258e+01  
1145      1.48183358432e+05   0.000000e+00   2.294736e+01   2.216937e+01  
1146      1.48247969427e+05   0.000000e+00   2.293077e+01   2.213936e+01  
1147      1.48143739551e+05   0.000000e+00   2.294543e+01   2.217323e+01  
1148      1.48189610416e+05   0.000000e+00   2.298646e+01   2.214616e+01  
1149      1.48146324785e+05   0.000000e+00   2.298873e+01   2.217758e+01  
1150      1.48088610166e+05   0.000000e+00   2.300580e+01   2.215637e+01  
1151      1.48013429826e+05   0.000000e+00   2.299434e+01   2.217977e+01  
1152      1.47957547687e+05   0.000000e+00   2.307101e+01   2.217082e+01  
1153      1.48051999331e+05   0.000000e+00   2.298423e+01   2.217829e+01  
1154      1.48116497907e+05   0.000000e+00   2.305207e+01   2.216658e+01  
1155      1.47754526511e+05   0.000000e+00   2.307551e+01   2.219662e+01  
1156      1.48241753703e+05   0.000000e+00   2.304529e+01   2.215857e+01  
1157      1.47827175196e+05   0.000000e+00   2.305806e+01   2.219914e+01  
1158      1.48237030888e+05   0.000000e+00   2.302790e+01   2.216526e+01  
1159      1.47813328687e+05   0.000000e+00   2.308173e+01   2.220213e+01  
1160      1.48300655186e+05   0.000000e+00   2.300773e+01   2.216670e+01  
1161      1.47930051880e+05   0.000000e+00   2.304342e+01   2.219727e+01  
1162      1.48074931034e+05   0.000000e+00   2.309650e+01   2.217711e+01  
1163      1.48079212849e+05   0.000000e+00   2.301553e+01   2.220021e+01  
1164      1.48170850384e+05   0.000000e+00   2.300399e+01   2.216850e+01  
1165      1.48022338186e+05   0.000000e+00   2.300409e+01   2.220589e+01  
1166      1.48330689780e+05   0.000000e+00   2.297726e+01   2.216109e+01  
1167      1.47971624094e+05   0.000000e+00   2.302055e+01   2.220747e+01  
1168      1.48221375365e+05   0.000000e+00   2.303374e+01   2.216361e+01  
1169      1.48023419692e+05   0.000000e+00   2.302257e+01   2.220943e+01  
1170      1.48176598027e+05   0.000000e+00   2.306712e+01   2.216874e+01  
1171      1.47793666767e+05   0.000000e+00   2.313040e+01   2.221850e+01  
1172      1.48379645487e+05   0.000000e+00   2.299526e+01   2.216018e+01  
1173      1.48015877622e+05   0.000000e+00   2.299772e+01   2.221238e+01  
1174      1.48439737972e+05   0.000000e+00   2.297679e+01   2.215925e+01  
1175      1.47753640917e+05   0.000000e+00   2.309974e+01   2.221972e+01  
1176      1.48639745859e+05   0.000000e+00   2.295342e+01   2.215589e+01  
1177      1.47737983630e+05   0.000000e+00   2.308531e+01   2.222180e+01  
1178      1.48584236816e+05   0.000000e+00   2.295565e+01   2.216243e+01  
1179      1.47973514559e+05   0.000000e+00   2.301205e+01   2.221840e+01  
1180      1.48560991275e+05   0.000000e+00   2.295408e+01   2.216679e+01  
1181      1.47820173068e+05   0.000000e+00   2.308232e+01   2.222369e+01  
1182      1.48540097418e+05   0.000000e+00   2.298053e+01   2.216985e+01  
1183      1.47763741080e+05   0.000000e+00   2.309393e+01   2.222345e+01  
1184      1.48552628361e+05   0.000000e+00   2.301201e+01   2.217996e+01  
1185      1.47874355924e+05   0.000000e+00   2.307872e+01   2.221803e+01  
1186      1.48653311837e+05   0.000000e+00   2.297620e+01   2.217826e+01  
1187      1.48027864253e+05   0.000000e+00   2.306523e+01   2.221410e+01  
1188      1.48763332478e+05   0.000000e+00   2.294651e+01   2.217974e+01  
1189      1.48045871070e+05   0.000000e+00   2.310574e+01   2.221494e+01  
1190      1.48783389170e+05   0.000000e+00   2.294601e+01   2.218047e+01  
1191      1.48148911221e+05   0.000000e+00   2.306891e+01   2.221299e+01  
1192      1.48948364446e+05   0.000000e+00   2.289833e+01   2.217171e+01  
1193      1.48270678718e+05   0.000000e+00   2.303639e+01   2.220984e+01  
1194      1.48932729514e+05   0.000000e+00   2.295123e+01   2.217412e+01  
1195      1.48185370778e+05   0.000000e+00   2.308431e+01   2.221805e+01  
1196      1.49001735229e+05   0.000000e+00   2.291978e+01   2.217461e+01  
1197      1.48322154613e+05   0.000000e+00   2.302007e+01   2.221329e+01  
1198      1.48988197587e+05   0.000000e+00   2.292508e+01   2.217298e+01  
1199      1.48378097331e+05   0.000000e+00   2.304184e+01   2.221010e+01  
1200      1.48739577484e+05   0.000000e+00   2.299577e+01   2.217963e+01  
1201      1.48486516413e+05   0.000000e+00   2.300496e+01   2.221098e+01  
1202      1.48980262747e+05   0.000000e+00   2.291370e+01   2.216783e+01  
1203      1.48485087267e+05   0.000000e+00   2.296185e+01   2.222028e+01  
1204      1.49019622674e+05   0.000000e+00   2.291334e+01   2.216899e+01  
1205      1.48365667952e+05   0.000000e+00   2.302174e+01   2.222033e+01  
1206      1.49013999341e+05   0.000000e+00   2.293251e+01   2.217051e+01  
1207      1.48276779085e+05   0.000000e+00   2.306185e+01   2.222618e+01  
1208      1.49091218885e+05   0.000000e+00   2.294412e+01   2.216874e+01  
1209      1.48353748391e+05   0.000000e+00   2.306992e+01   2.222369e+01  
1210      1.49080823786e+05   0.000000e+00   2.288910e+01   2.217731e+01  
1211      1.48454159926e+05   0.000000e+00   2.305865e+01   2.221793e+01  
1212      1.49173370388e+05   0.000000e+00   2.288229e+01   2.217700e+01  
1213      1.48495855951e+05   0.000000e+00   2.300871e+01   2.221290e+01  
1214      1.49202049692e+05   0.000000e+00   2.285563e+01   2.217875e+01  
1215      1.48636310138e+05   0.000000e+00   2.298885e+01   2.220484e+01  
1216      1.49134301642e+05   0.000000e+00   2.290012e+01   2.218339e+01  
1217      1.48587395496e+05   0.000000e+00   2.303566e+01   2.220244e+01  
1218      1.49238767222e+05   0.000000e+00   2.284823e+01   2.219089e+01  
1219      1.48641436774e+05   0.000000e+00   2.300647e+01   2.220293e+01  
1220      1.48983642555e+05   0.000000e+00   2.295008e+01   2.219291e+01  
1221      1.48776170415e+05   0.000000e+00   2.298236e+01   2.219836e+01  
1222      1.49113697697e+05   0.000000e+00   2.294570e+01   2.218202e+01  
1223      1.48525692999e+05   0.000000e+00   2.311719e+01   2.221819e+01  
1224      1.49167016765e+05   0.000000e+00   2.296321e+01   2.217766e+01  
1225      1.48854442634e+05   0.000000e+00   2.299053e+01   2.220739e+01  
1226      1.49067160250e+05   0.000000e+00   2.298722e+01   2.217623e+01  
1227      1.48851467295e+05   0.000000e+00   2.302364e+01   2.220484e+01  
1228      1.49100655739e+05   0.000000e+00   2.298072e+01   2.217802e+01  
1229      1.49040315250e+05   0.000000e+00   2.296880e+01   2.219475e+01  
1230      1.49144947901e+05   0.000000e+00   2.299539e+01   2.217228e+01  
1231      1.49054246372e+05   0.000000e+00   2.297489e+01   2.219748e+01  
1232      1.49280923895e+05   0.000000e+00   2.297733e+01   2.216477e+01  
1233      1.48918997806e+05   0.000000e+00   2.302409e+01   2.219867e+01  
1234      1.49428987597e+05   0.000000e+00   2.296648e+01   2.216238e+01  
1235      1.48864429522e+05   0.000000e+00   2.302721e+01   2.219308e+01  
1236      1.49312934834e+05   0.000000e+00   2.298488e+01   2.217083e+01  
1237      1.49032881350e+05   0.000000e+00   2.299852e+01   2.218425e+01  
1238      1.49225179652e+05   0.000000e+00   2.300720e+01   2.217265e+01  
1239      1.48993945986e+05   0.000000e+00   2.308778e+01   2.218388e+01  
1240      1.49113690777e+05   0.000000e+00   2.306654e+01   2.218102e+01  
1241      1.48987296718e+05   0.000000e+00   2.307281e+01   2.218175e+01  
1242      1.49020624160e+05   0.000000e+00   2.311858e+01   2.218699e+01  
1243      1.49025786936e+05   0.000000e+00   2.308639e+01   2.218611e+01  
1244      1.48931330130e+05   0.000000e+00   2.315866e+01   2.218860e+01  
1245      1.48947549678e+05   0.000000e+00   2.309832e+01   2.219286e+01  
1246      1.48919230750e+05   0.000000e+00   2.317003e+01   2.218991e+01  
1247      1.48917166743e+05   0.000000e+00   2.312563e+01   2.219830e+01  
1248      1.48950164694e+05   0.000000e+00   2.315575e+01   2.218978e+01  
1249      1.48911512710e+05   0.000000e+00   2.308087e+01   2.219641e+01  
1250      1.49026757071e+05   0.000000e+00   2.313924e+01   2.217835e+01  
-------------------------------------------------------------------

Initialization/allocation wall-clock time: 2.778 seconds
Calculation (iterations) wall-clock time : 252.351 seconds

