-------------------------------------------------------------------------------------------------------------------------------------------------------------
Snap      mu             Kin            Pot            Contact        DDI            Dmu(Contact)   Dmu(DDI)       Dmu(grad)      Rot            Lx  
-------------------------------------------------------------------------------------------------------------------------------------------------------------
0         -1.081108e+00  8.371553e-01   0.000000e+00   5.349926e+01   -8.132045e+01  2.590293e+01   0.000000e+00   0.000000e+00   -0.000000e+00  0.000000e+00  
1         -4.496182e+00  9.976362e-01   0.000000e+00   4.564220e+01   -6.951132e+01  1.837530e+01   0.000000e+00   0.000000e+00   -0.000000e+00  0.000000e+00  
2         -4.484289e+00  9.965800e-01   0.000000e+00   4.577565e+01   -6.969892e+01  1.844240e+01   0.000000e+00   0.000000e+00   -0.000000e+00  0.000000e+00  
3         -4.479564e+00  9.945787e-01   0.000000e+00   4.579855e+01   -6.972720e+01  1.845450e+01   0.000000e+00   0.000000e+00   -0.000000e+00  0.000000e+00  
4         -4.477254e+00  9.935954e-01   0.000000e+00   4.580806e+01   -6.973859e+01  1.845968e+01   0.000000e+00   0.000000e+00   -0.000000e+00  0.000000e+00  
5         -4.476083e+00  9.931076e-01   0.000000e+00   4.581278e+01   -6.974424e+01  1.846228e+01   0.000000e+00   0.000000e+00   -0.000000e+00  0.000000e+00  
6         -4.475478e+00  9.928591e-01   0.000000e+00   4.581521e+01   -6.974716e+01  1.846362e+01   0.000000e+00   0.000000e+00   -0.000000e+00  0.000000e+00  
7         -4.475163e+00  9.927304e-01   0.000000e+00   4.581648e+01   -6.974869e+01  1.846432e+01   0.000000e+00   0.000000e+00   -0.000000e+00  0.000000e+00  
8         -4.474998e+00  9.926632e-01   0.000000e+00   4.581714e+01   -6.974949e+01  1.846469e+01   0.000000e+00   0.000000e+00   -0.000000e+00  0.000000e+00  
9         -4.474911e+00  9.926279e-01   0.000000e+00   4.581749e+01   -6.974991e+01  1.846488e+01   0.000000e+00   0.000000e+00   -0.000000e+00  0.000000e+00  
10        -4.474865e+00  9.926093e-01   0.000000e+00   4.581768e+01   -6.975014e+01  1.846498e+01   0.000000e+00   0.000000e+00   -0.000000e+00  0.000000e+00  
11        -4.474841e+00  9.925995e-01   0.000000e+00   4.581778e+01   -6.975026e+01  1.846504e+01   0.000000e+00   0.000000e+00   -0.000000e+00  0.000000e+00  
12        -4.474828e+00  9.925944e-01   0.000000e+00   4.581783e+01   -6.975032e+01  1.846507e+01   0.000000e+00   0.000000e+00   -0.000000e+00  0.000000e+00  
13        -4.474821e+00  9.925916e-01   0.000000e+00   4.581786e+01   -6.975035e+01  1.846508e+01   0.000000e+00   0.000000e+00   -0.000000e+00  0.000000e+00  
14        -4.474818e+00  9.925902e-01   0.000000e+00   4.581787e+01   -6.975037e+01  1.846509e+01   0.000000e+00   0.000000e+00   -0.000000e+00  0.000000e+00  
-------------------------------------------------------------------------------------------------------------------------------------------------------------

