
**********************************************
Real-time propagation in 3D, OPTION = 2
MPI nodes = 8, OMP threads = 16, cores = 128
**********************************************

Interactions
Contact: Natoms = 1.50000000000e+05, as = 7.300000e+01 * a0, G = 1.311432e+04, G * par = 2.622865e+04
Three-body: K3 =  0.000000e+00, g3 = 0.000000e+00
Regular DDI: add = 1.101000e+02 * a0, GD = 4.721954e+03, GD * par = 9.443909e+03, edd = 1.508219e+00
     Dipolar cutoff Rcut = 5.466522e+00, Lcut = 1.842791e+02

QF = 1: h2 = 1.654601e+05, h4 = 0.000000e+00
        q3 = 0.000000e+00, q5 = 4.663916e+00

GRAD = 0

Trap parameters:
GAMMA = 0.000000e+00, NU = 0.000000e+00, LAMBDA = 0.000000e+00
Parameters of rotation: OMEGA = 0.000000e+00, OMEGA * par = 0.000000e+00

Space discretization: NX = 128, NY = 128, NZ = 128
                      DX = 2.879361e+00, DY = 8.541441e-02, DZ = 8.541441e-02
      Unit of length: aho = 5.552380e-07 m

Time discretization: NITER = 2500 (NSNAP = 1250)
                     DT = 3.647810e-03

Initial state: file ./imag3d-finalpsi.bin
ADD_VORTICES = 0, ADD_RANDOM_PHASE = 0


MUREL = 1.000000e-12, MUEND=1.000000e+05

-------------------------------------------------------------------
Snap      <r>            <x>            <y>            <z>
-------------------------------------------------------------------
0         1.845268e+01   1.843647e+01   5.467234e-01   5.467234e-01  
1         1.845267e+01   1.843647e+01   5.466377e-01   5.466377e-01  
2         1.845268e+01   1.843648e+01   5.465651e-01   5.465651e-01  
3         1.845269e+01   1.843650e+01   5.465052e-01   5.465052e-01  
4         1.845270e+01   1.843651e+01   5.464577e-01   5.464577e-01  
5         1.845272e+01   1.843654e+01   5.464224e-01   5.464224e-01  
6         1.845275e+01   1.843656e+01   5.463987e-01   5.463987e-01  
7         1.845278e+01   1.843660e+01   5.463863e-01   5.463863e-01  
8         1.845282e+01   1.843663e+01   5.463849e-01   5.463849e-01  
9         1.845286e+01   1.843668e+01   5.463939e-01   5.463939e-01  
10        1.845291e+01   1.843672e+01   5.464131e-01   5.464131e-01  
11        1.845296e+01   1.843677e+01   5.464418e-01   5.464418e-01  
12        1.845302e+01   1.843683e+01   5.464797e-01   5.464797e-01  
13        1.845308e+01   1.843689e+01   5.465262e-01   5.465262e-01  
14        1.845315e+01   1.843695e+01   5.465808e-01   5.465808e-01  
15        1.845322e+01   1.843702e+01   5.466428e-01   5.466428e-01  
16        1.845330e+01   1.843710e+01   5.467118e-01   5.467118e-01  
17        1.845338e+01   1.843717e+01   5.467871e-01   5.467871e-01  
18        1.845347e+01   1.843726e+01   5.468684e-01   5.468684e-01  
19        1.845356e+01   1.843734e+01   5.469551e-01   5.469551e-01  
20        1.845366e+01   1.843744e+01   5.470471e-01   5.470471e-01  
21        1.845376e+01   1.843753e+01   5.471440e-01   5.471440e-01  
22        1.845387e+01   1.843763e+01   5.472456e-01   5.472456e-01  
23        1.845398e+01   1.843774e+01   5.473515e-01   5.473515e-01  
24        1.845410e+01   1.843785e+01   5.474615e-01   5.474615e-01  
25        1.845422e+01   1.843796e+01   5.475752e-01   5.475752e-01  
26        1.845435e+01   1.843808e+01   5.476921e-01   5.476921e-01  
27        1.845448e+01   1.843821e+01   5.478118e-01   5.478118e-01  
28        1.845461e+01   1.843834e+01   5.479337e-01   5.479337e-01  
29        1.845475e+01   1.843847e+01   5.480571e-01   5.480571e-01  
30        1.845489e+01   1.843860e+01   5.481811e-01   5.481811e-01  
31        1.845504e+01   1.843875e+01   5.483050e-01   5.483050e-01  
32        1.845520e+01   1.843889e+01   5.484280e-01   5.484280e-01  
33        1.845535e+01   1.843904e+01   5.485490e-01   5.485490e-01  
34        1.845552e+01   1.843920e+01   5.486673e-01   5.486673e-01  
35        1.845568e+01   1.843936e+01   5.487818e-01   5.487818e-01  
36        1.845585e+01   1.843952e+01   5.488917e-01   5.488917e-01  
37        1.845602e+01   1.843969e+01   5.489961e-01   5.489961e-01  
38        1.845620e+01   1.843986e+01   5.490942e-01   5.490942e-01  
39        1.845638e+01   1.844003e+01   5.491853e-01   5.491853e-01  
40        1.845657e+01   1.844021e+01   5.492686e-01   5.492686e-01  
41        1.845676e+01   1.844040e+01   5.493435e-01   5.493435e-01  
42        1.845695e+01   1.844059e+01   5.494094e-01   5.494094e-01  
43        1.845714e+01   1.844078e+01   5.494659e-01   5.494659e-01  
44        1.845734e+01   1.844098e+01   5.495126e-01   5.495126e-01  
45        1.845755e+01   1.844118e+01   5.495491e-01   5.495491e-01  
46        1.845775e+01   1.844138e+01   5.495754e-01   5.495754e-01  
47        1.845796e+01   1.844159e+01   5.495911e-01   5.495911e-01  
48        1.845818e+01   1.844180e+01   5.495964e-01   5.495964e-01  
49        1.845839e+01   1.844202e+01   5.495912e-01   5.495912e-01  
50        1.845861e+01   1.844224e+01   5.495756e-01   5.495756e-01  
51        1.845884e+01   1.844247e+01   5.495499e-01   5.495499e-01  
52        1.845907e+01   1.844270e+01   5.495143e-01   5.495143e-01  
53        1.845930e+01   1.844293e+01   5.494692e-01   5.494692e-01  
54        1.845953e+01   1.844317e+01   5.494149e-01   5.494149e-01  
55        1.845977e+01   1.844342e+01   5.493520e-01   5.493520e-01  
56        1.846001e+01   1.844366e+01   5.492810e-01   5.492810e-01  
57        1.846026e+01   1.844391e+01   5.492025e-01   5.492025e-01  
58        1.846051e+01   1.844417e+01   5.491172e-01   5.491172e-01  
59        1.846077e+01   1.844443e+01   5.490257e-01   5.490257e-01  
60        1.846102e+01   1.844469e+01   5.489289e-01   5.489289e-01  
61        1.846129e+01   1.844496e+01   5.488275e-01   5.488275e-01  
62        1.846155e+01   1.844524e+01   5.487222e-01   5.487222e-01  
63        1.846182e+01   1.844551e+01   5.486139e-01   5.486139e-01  
64        1.846210e+01   1.844580e+01   5.485034e-01   5.485034e-01  
65        1.846238e+01   1.844608e+01   5.483914e-01   5.483914e-01  
66        1.846266e+01   1.844637e+01   5.482789e-01   5.482789e-01  
67        1.846295e+01   1.844667e+01   5.481665e-01   5.481665e-01  
68        1.846324e+01   1.844697e+01   5.480551e-01   5.480551e-01  
69        1.846354e+01   1.844727e+01   5.479455e-01   5.479455e-01  
70        1.846384e+01   1.844758e+01   5.478384e-01   5.478384e-01  
71        1.846415e+01   1.844789e+01   5.477344e-01   5.477344e-01  
72        1.846446e+01   1.844821e+01   5.476344e-01   5.476344e-01  
73        1.846477e+01   1.844853e+01   5.475389e-01   5.475389e-01  
74        1.846509e+01   1.844886e+01   5.474485e-01   5.474485e-01  
75        1.846542e+01   1.844919e+01   5.473638e-01   5.473638e-01  
76        1.846575e+01   1.844952e+01   5.472853e-01   5.472853e-01  
77        1.846608e+01   1.844986e+01   5.472136e-01   5.472136e-01  
78        1.846642e+01   1.845020e+01   5.471489e-01   5.471489e-01  
79        1.846677e+01   1.845055e+01   5.470916e-01   5.470916e-01  
80        1.846712e+01   1.845091e+01   5.470421e-01   5.470421e-01  
81        1.846747e+01   1.845126e+01   5.470007e-01   5.470007e-01  
82        1.846783e+01   1.845163e+01   5.469675e-01   5.469675e-01  
83        1.846820e+01   1.845199e+01   5.469426e-01   5.469426e-01  
84        1.846857e+01   1.845236e+01   5.469261e-01   5.469261e-01  
85        1.846894e+01   1.845274e+01   5.469181e-01   5.469181e-01  
86        1.846932e+01   1.845312e+01   5.469185e-01   5.469185e-01  
87        1.846971e+01   1.845350e+01   5.469273e-01   5.469273e-01  
88        1.847010e+01   1.845389e+01   5.469442e-01   5.469442e-01  
89        1.847049e+01   1.845429e+01   5.469690e-01   5.469690e-01  
90        1.847089e+01   1.845469e+01   5.470015e-01   5.470015e-01  
91        1.847130e+01   1.845509e+01   5.470414e-01   5.470414e-01  
92        1.847170e+01   1.845549e+01   5.470884e-01   5.470884e-01  
93        1.847212e+01   1.845591e+01   5.471419e-01   5.471419e-01  
94        1.847254e+01   1.845632e+01   5.472016e-01   5.472016e-01  
95        1.847296e+01   1.845674e+01   5.472671e-01   5.472671e-01  
96        1.847339e+01   1.845716e+01   5.473378e-01   5.473378e-01  
97        1.847382e+01   1.845759e+01   5.474132e-01   5.474132e-01  
98        1.847426e+01   1.845802e+01   5.474928e-01   5.474928e-01  
99        1.847470e+01   1.845846e+01   5.475761e-01   5.475761e-01  
100       1.847514e+01   1.845890e+01   5.476623e-01   5.476623e-01  
101       1.847559e+01   1.845935e+01   5.477509e-01   5.477509e-01  
102       1.847605e+01   1.845980e+01   5.478412e-01   5.478412e-01  
103       1.847651e+01   1.846025e+01   5.479325e-01   5.479325e-01  
104       1.847697e+01   1.846071e+01   5.480242e-01   5.480242e-01  
105       1.847743e+01   1.846117e+01   5.481156e-01   5.481156e-01  
106       1.847790e+01   1.846163e+01   5.482061e-01   5.482061e-01  
107       1.847838e+01   1.846210e+01   5.482950e-01   5.482950e-01  
108       1.847886e+01   1.846258e+01   5.483818e-01   5.483818e-01  
109       1.847934e+01   1.846305e+01   5.484658e-01   5.484658e-01  
110       1.847982e+01   1.846353e+01   5.485467e-01   5.485467e-01  
111       1.848031e+01   1.846402e+01   5.486239e-01   5.486239e-01  
112       1.848081e+01   1.846451e+01   5.486970e-01   5.486970e-01  
113       1.848130e+01   1.846500e+01   5.487654e-01   5.487654e-01  
114       1.848180e+01   1.846550e+01   5.488286e-01   5.488286e-01  
115       1.848231e+01   1.846600e+01   5.488863e-01   5.488863e-01  
116       1.848281e+01   1.846650e+01   5.489382e-01   5.489382e-01  
117       1.848332e+01   1.846701e+01   5.489839e-01   5.489839e-01  
118       1.848384e+01   1.846752e+01   5.490231e-01   5.490231e-01  
119       1.848436e+01   1.846804e+01   5.490556e-01   5.490556e-01  
120       1.848488e+01   1.846856e+01   5.490811e-01   5.490811e-01  
121       1.848540e+01   1.846908e+01   5.490996e-01   5.490996e-01  
122       1.848593e+01   1.846961e+01   5.491107e-01   5.491107e-01  
123       1.848646e+01   1.847014e+01   5.491145e-01   5.491145e-01  
124       1.848699e+01   1.847068e+01   5.491108e-01   5.491108e-01  
125       1.848753e+01   1.847122e+01   5.490998e-01   5.490998e-01  
126       1.848807e+01   1.847176e+01   5.490816e-01   5.490816e-01  
127       1.848862e+01   1.847231e+01   5.490563e-01   5.490563e-01  
128       1.848917e+01   1.847286e+01   5.490241e-01   5.490241e-01  
129       1.848972e+01   1.847341e+01   5.489851e-01   5.489851e-01  
130       1.849028e+01   1.847397e+01   5.489395e-01   5.489395e-01  
131       1.849084e+01   1.847454e+01   5.488875e-01   5.488875e-01  
132       1.849140e+01   1.847511e+01   5.488294e-01   5.488294e-01  
133       1.849197e+01   1.847568e+01   5.487655e-01   5.487655e-01  
134       1.849254e+01   1.847625e+01   5.486963e-01   5.486963e-01  
135       1.849312e+01   1.847684e+01   5.486222e-01   5.486222e-01  
136       1.849370e+01   1.847742e+01   5.485437e-01   5.485437e-01  
137       1.849429e+01   1.847802e+01   5.484613e-01   5.484613e-01  
138       1.849488e+01   1.847861e+01   5.483754e-01   5.483754e-01  
139       1.849548e+01   1.847921e+01   5.482867e-01   5.482867e-01  
140       1.849608e+01   1.847982e+01   5.481957e-01   5.481957e-01  
141       1.849669e+01   1.848044e+01   5.481031e-01   5.481031e-01  
142       1.849730e+01   1.848106e+01   5.480096e-01   5.480096e-01  
143       1.849793e+01   1.848169e+01   5.479157e-01   5.479157e-01  
144       1.849856e+01   1.848233e+01   5.478223e-01   5.478223e-01  
145       1.849920e+01   1.848297e+01   5.477301e-01   5.477301e-01  
146       1.849985e+01   1.848363e+01   5.476399e-01   5.476399e-01  
147       1.850051e+01   1.848430e+01   5.475526e-01   5.475526e-01  
148       1.850118e+01   1.848498e+01   5.474691e-01   5.474691e-01  
149       1.850187e+01   1.848567e+01   5.473905e-01   5.473905e-01  
150       1.850258e+01   1.848638e+01   5.473179e-01   5.473179e-01  
151       1.850331e+01   1.848712e+01   5.472531e-01   5.472531e-01  
152       1.850407e+01   1.848789e+01   5.471977e-01   5.471977e-01  
153       1.850487e+01   1.848869e+01   5.471542e-01   5.471542e-01  
154       1.850572e+01   1.848954e+01   5.471254e-01   5.471254e-01  
155       1.850663e+01   1.849044e+01   5.471149e-01   5.471149e-01  
156       1.850761e+01   1.849143e+01   5.471271e-01   5.471271e-01  
157       1.850869e+01   1.849251e+01   5.471673e-01   5.471673e-01  
158       1.850988e+01   1.849370e+01   5.472419e-01   5.472419e-01  
159       1.851120e+01   1.849501e+01   5.473580e-01   5.473580e-01  
160       1.851266e+01   1.849646e+01   5.475236e-01   5.475236e-01  
161       1.851426e+01   1.849805e+01   5.477477e-01   5.477477e-01  
162       1.851601e+01   1.849978e+01   5.480402e-01   5.480402e-01  
163       1.851789e+01   1.850165e+01   5.484114e-01   5.484114e-01  
164       1.851991e+01   1.850364e+01   5.488727e-01   5.488727e-01  
165       1.852206e+01   1.850575e+01   5.494358e-01   5.494358e-01  
166       1.852432e+01   1.850798e+01   5.501123e-01   5.501123e-01  
167       1.852670e+01   1.851031e+01   5.509139e-01   5.509139e-01  
168       1.852916e+01   1.851272e+01   5.518513e-01   5.518513e-01  
169       1.853170e+01   1.851519e+01   5.529347e-01   5.529347e-01  
170       1.853428e+01   1.851771e+01   5.541731e-01   5.541731e-01  
171       1.853690e+01   1.852024e+01   5.555747e-01   5.555747e-01  
172       1.853954e+01   1.852279e+01   5.571466e-01   5.571466e-01  
173       1.854219e+01   1.852533e+01   5.588942e-01   5.588942e-01  
174       1.854483e+01   1.852786e+01   5.608212e-01   5.608212e-01  
175       1.854747e+01   1.853038e+01   5.629297e-01   5.629297e-01  
176       1.855014e+01   1.853291e+01   5.652205e-01   5.652205e-01  
177       1.855290e+01   1.853552e+01   5.676941e-01   5.676941e-01  
178       1.855605e+01   1.853851e+01   5.703556e-01   5.703556e-01  
179       1.856133e+01   1.854362e+01   5.732520e-01   5.732520e-01  
180       1.856678e+01   1.854889e+01   5.763229e-01   5.763229e-01  
181       1.855898e+01   1.854089e+01   5.791470e-01   5.791470e-01  
182       1.857334e+01   1.855503e+01   5.829043e-01   5.829043e-01  
183       1.855927e+01   1.854076e+01   5.859847e-01   5.859847e-01  
184       1.857293e+01   1.855416e+01   5.902509e-01   5.902509e-01  
185       1.856399e+01   1.854498e+01   5.939235e-01   5.939235e-01  
186       1.858042e+01   1.856111e+01   5.988204e-01   5.988204e-01  
187       1.856398e+01   1.854440e+01   6.026642e-01   6.026642e-01  
188       1.858125e+01   1.856133e+01   6.082053e-01   6.082053e-01  
189       1.856414e+01   1.854393e+01   6.123953e-01   6.123953e-01  
190       1.857696e+01   1.855635e+01   6.186231e-01   6.186230e-01  
191       1.856952e+01   1.854857e+01   6.235445e-01   6.235445e-01  
192       1.858529e+01   1.856388e+01   6.305850e-01   6.305849e-01  
193       1.856832e+01   1.854656e+01   6.355794e-01   6.355793e-01  
194       1.858694e+01   1.856466e+01   6.432847e-01   6.432846e-01  
195       1.857040e+01   1.854772e+01   6.487647e-01   6.487647e-01  
196       1.859049e+01   1.856726e+01   6.569878e-01   6.569878e-01  
197       1.857232e+01   1.854865e+01   6.628234e-01   6.628234e-01  
198       1.859345e+01   1.856917e+01   6.715602e-01   6.715601e-01  
199       1.857346e+01   1.854872e+01   6.775967e-01   6.775966e-01  
200       1.859646e+01   1.857108e+01   6.868577e-01   6.868577e-01  
201       1.857487e+01   1.854900e+01   6.929831e-01   6.929830e-01  
202       1.860008e+01   1.857351e+01   7.027428e-01   7.027427e-01  
203       1.857648e+01   1.854942e+01   7.088372e-01   7.088371e-01  
204       1.860423e+01   1.857642e+01   7.190860e-01   7.190859e-01  
205       1.857836e+01   1.855004e+01   7.250606e-01   7.250605e-01  
206       1.860864e+01   1.857953e+01   7.357697e-01   7.357696e-01  
207       1.858055e+01   1.855093e+01   7.415638e-01   7.415638e-01  
208       1.861321e+01   1.858275e+01   7.526783e-01   7.526782e-01  
209       1.858302e+01   1.855205e+01   7.582651e-01   7.582651e-01  
210       1.861780e+01   1.858595e+01   7.697369e-01   7.697368e-01  
211       1.858567e+01   1.855332e+01   7.751184e-01   7.751183e-01  
212       1.862227e+01   1.858898e+01   7.869163e-01   7.869163e-01  
213       1.858838e+01   1.855460e+01   7.921100e-01   7.921100e-01  
214       1.862635e+01   1.859159e+01   8.042557e-01   8.042556e-01  
215       1.859088e+01   1.855561e+01   8.093568e-01   8.093567e-01  
216       1.862957e+01   1.859327e+01   8.220012e-01   8.220011e-01  
217       1.859259e+01   1.855574e+01   8.273202e-01   8.273202e-01  
218       1.863095e+01   1.859298e+01   8.406597e-01   8.406596e-01  
219       1.859316e+01   1.855468e+01   8.453533e-01   8.453533e-01  
220       1.863186e+01   1.859243e+01   8.566370e-01   8.566371e-01  
221       1.859473e+01   1.855507e+01   8.582886e-01   8.582888e-01  
222       1.863191e+01   1.859137e+01   8.685862e-01   8.685864e-01  
223       1.859231e+01   1.855136e+01   8.720848e-01   8.720849e-01  
224       1.862897e+01   1.858719e+01   8.817373e-01   8.817372e-01  
225       1.859423e+01   1.855270e+01   8.782298e-01   8.782297e-01  
226       1.863661e+01   1.859483e+01   8.819208e-01   8.819209e-01  
227       1.859857e+01   1.855638e+01   8.853466e-01   8.853468e-01  
228       1.863366e+01   1.859047e+01   8.966503e-01   8.966505e-01  
229       1.861068e+01   1.856790e+01   8.918312e-01   8.918313e-01  
230       1.862860e+01   1.858573e+01   8.930499e-01   8.930501e-01  
231       1.860253e+01   1.855941e+01   8.951685e-01   8.951686e-01  
232       1.864301e+01   1.859961e+01   8.989686e-01   8.989687e-01  
233       1.858898e+01   1.854583e+01   8.951271e-01   8.951272e-01  
234       1.864538e+01   1.860135e+01   9.054749e-01   9.054750e-01  
235       1.858915e+01   1.854554e+01   8.999369e-01   8.999371e-01  
236       1.864599e+01   1.860203e+01   9.048215e-01   9.048218e-01  
237       1.859579e+01   1.855143e+01   9.077603e-01   9.077605e-01  
238       1.864389e+01   1.859948e+01   9.093043e-01   9.093046e-01  
239       1.860200e+01   1.855758e+01   9.085096e-01   9.085098e-01  
240       1.863920e+01   1.859369e+01   9.205206e-01   9.205208e-01  
241       1.861454e+01   1.856950e+01   9.150931e-01   9.150935e-01  
242       1.864773e+01   1.860206e+01   9.222998e-01   9.223000e-01  
243       1.861213e+01   1.856572e+01   9.287992e-01   9.287994e-01  
244       1.864342e+01   1.859696e+01   9.301402e-01   9.301405e-01  
245       1.861659e+01   1.856951e+01   9.356584e-01   9.356587e-01  
246       1.864645e+01   1.859837e+01   9.462590e-01   9.462593e-01  
247       1.862575e+01   1.857767e+01   9.457157e-01   9.457160e-01  
248       1.865843e+01   1.860896e+01   9.600905e-01   9.600908e-01  
249       1.863240e+01   1.858266e+01   9.620320e-01   9.620323e-01  
250       1.866256e+01   1.861176e+01   9.729789e-01   9.729791e-01  
251       1.864183e+01   1.859015e+01   9.808305e-01   9.808308e-01  
252       1.868887e+01   1.863630e+01   9.905078e-01   9.905081e-01  
253       1.864938e+01   1.859567e+01   1.000114e+00   1.000114e+00  
254       1.869807e+01   1.864331e+01   1.011134e+00   1.011134e+00  
255       1.867746e+01   1.862152e+01   1.021441e+00   1.021441e+00  
256       1.865467e+01   1.859742e+01   1.032622e+00   1.032622e+00  
257       1.864338e+01   1.858518e+01   1.040817e+00   1.040818e+00  
258       1.867615e+01   1.861592e+01   1.059746e+00   1.059746e+00  
259       1.865823e+01   1.859707e+01   1.067385e+00   1.067385e+00  
260       1.867192e+01   1.860853e+01   1.087035e+00   1.087035e+00  
261       1.864701e+01   1.858243e+01   1.096485e+00   1.096486e+00  
262       1.868342e+01   1.861669e+01   1.115596e+00   1.115597e+00  
263       1.864532e+01   1.857711e+01   1.126785e+00   1.126785e+00  
264       1.868415e+01   1.861410e+01   1.142907e+00   1.142907e+00  
265       1.865342e+01   1.858139e+01   1.158043e+00   1.158043e+00  
266       1.870189e+01   1.862780e+01   1.175954e+00   1.175954e+00  
267       1.863806e+01   1.856168e+01   1.191917e+00   1.191916e+00  
268       1.868632e+01   1.860766e+01   1.211098e+00   1.211098e+00  
269       1.863990e+01   1.855899e+01   1.226686e+00   1.226685e+00  
270       1.871364e+01   1.863088e+01   1.243101e+00   1.243100e+00  
271       1.865375e+01   1.856906e+01   1.255473e+00   1.255471e+00  
272       1.868185e+01   1.859434e+01   1.277108e+00   1.277106e+00  
273       1.866032e+01   1.857161e+01   1.285117e+00   1.285114e+00  
274       1.867538e+01   1.858350e+01   1.308270e+00   1.308269e+00  
275       1.866306e+01   1.856983e+01   1.317393e+00   1.317388e+00  
276       1.867388e+01   1.857749e+01   1.339903e+00   1.339891e+00  
277       1.868976e+01   1.859216e+01   1.348865e+00   1.348821e+00  
278       1.867614e+01   1.857488e+01   1.373380e+00   1.373319e+00  
279       1.869412e+01   1.859128e+01   1.384695e+00   1.384564e+00  
280       1.868138e+01   1.857470e+01   1.409806e+00   1.409648e+00  
281       1.870734e+01   1.859948e+01   1.418619e+00   1.418352e+00  
282       1.869818e+01   1.858699e+01   1.439864e+00   1.439571e+00  
283       1.871171e+01   1.859866e+01   1.452435e+00   1.451996e+00  
284       1.870557e+01   1.858954e+01   1.471145e+00   1.470675e+00  
285       1.871445e+01   1.859643e+01   1.484121e+00   1.483478e+00  
286       1.870438e+01   1.858329e+01   1.502824e+00   1.502136e+00  
287       1.873780e+01   1.861405e+01   1.520716e+00   1.519831e+00  
288       1.871886e+01   1.859171e+01   1.540614e+00   1.539666e+00  
289       1.873783e+01   1.860783e+01   1.558644e+00   1.557467e+00  
290       1.872230e+01   1.858981e+01   1.572799e+00   1.571562e+00  
291       1.875233e+01   1.861667e+01   1.592841e+00   1.591328e+00  
292       1.872504e+01   1.858538e+01   1.614901e+00   1.613311e+00  
293       1.877077e+01   1.862917e+01   1.628203e+00   1.626285e+00  
294       1.874879e+01   1.860317e+01   1.650126e+00   1.648158e+00  
295       1.877214e+01   1.862393e+01   1.665856e+00   1.663542e+00  
296       1.876136e+01   1.860960e+01   1.685155e+00   1.682787e+00  
297       1.876702e+01   1.861295e+01   1.698242e+00   1.695610e+00  
298       1.877808e+01   1.862032e+01   1.718896e+00   1.716209e+00  
299       1.881362e+01   1.865409e+01   1.730247e+00   1.727279e+00  
300       1.875943e+01   1.859609e+01   1.748224e+00   1.745130e+00  
301       1.881928e+01   1.865407e+01   1.761175e+00   1.757722e+00  
302       1.878185e+01   1.861259e+01   1.780653e+00   1.777175e+00  
303       1.882591e+01   1.865432e+01   1.795154e+00   1.791298e+00  
304       1.879355e+01   1.861842e+01   1.811902e+00   1.808076e+00  
305       1.884684e+01   1.866947e+01   1.826153e+00   1.821941e+00  
306       1.879216e+01   1.861018e+01   1.846995e+00   1.842596e+00  
307       1.886361e+01   1.867979e+01   1.859821e+00   1.855272e+00  
308       1.879489e+01   1.860582e+01   1.882767e+00   1.877861e+00  
309       1.888372e+01   1.869365e+01   1.892350e+00   1.887185e+00  
310       1.881470e+01   1.861972e+01   1.913039e+00   1.907633e+00  
311       1.889733e+01   1.870109e+01   1.923702e+00   1.917700e+00  
312       1.881588e+01   1.861463e+01   1.943736e+00   1.937757e+00  
313       1.890785e+01   1.870515e+01   1.955475e+00   1.949396e+00  
314       1.883334e+01   1.862665e+01   1.970199e+00   1.964889e+00  
315       1.891489e+01   1.870758e+01   1.977280e+00   1.972289e+00  
316       1.884730e+01   1.863681e+01   1.988407e+00   1.983989e+00  
317       1.893850e+01   1.872599e+01   2.002502e+00   1.998475e+00  
318       1.886449e+01   1.864904e+01   2.012152e+00   2.008318e+00  
319       1.892078e+01   1.870290e+01   2.026162e+00   2.022895e+00  
320       1.885210e+01   1.863311e+01   2.027961e+00   2.023908e+00  
321       1.892278e+01   1.870059e+01   2.046056e+00   2.042779e+00  
322       1.886823e+01   1.864491e+01   2.048000e+00   2.045236e+00  
323       1.893997e+01   1.871290e+01   2.068573e+00   2.066622e+00  
324       1.886578e+01   1.863910e+01   2.062904e+00   2.060598e+00  
325       1.895403e+01   1.872299e+01   2.086918e+00   2.085604e+00  
326       1.887651e+01   1.864484e+01   2.085057e+00   2.084452e+00  
327       1.896149e+01   1.872675e+01   2.104116e+00   2.102238e+00  
328       1.888764e+01   1.865263e+01   2.100756e+00   2.099786e+00  
329       1.897067e+01   1.873121e+01   2.124768e+00   2.124518e+00  
330       1.889034e+01   1.865150e+01   2.117613e+00   2.117133e+00  
331       1.898138e+01   1.873844e+01   2.140574e+00   2.140479e+00  
332       1.888374e+01   1.864079e+01   2.134824e+00   2.135190e+00  
333       1.898994e+01   1.874364e+01   2.155280e+00   2.155996e+00  
334       1.889028e+01   1.864326e+01   2.153006e+00   2.153142e+00  
335       1.899541e+01   1.874529e+01   2.171689e+00   2.173379e+00  
336       1.888752e+01   1.863759e+01   2.165000e+00   2.165923e+00  
337       1.901013e+01   1.875708e+01   2.185079e+00   2.186906e+00  
338       1.890416e+01   1.865100e+01   2.179646e+00   2.180929e+00  
339       1.902041e+01   1.876440e+01   2.198680e+00   2.199784e+00  
340       1.892399e+01   1.866946e+01   2.186636e+00   2.187969e+00  
341       1.901883e+01   1.876051e+01   2.208199e+00   2.209764e+00  
342       1.892835e+01   1.867186e+01   2.195091e+00   2.196739e+00  
343       1.901130e+01   1.875074e+01   2.217405e+00   2.218654e+00  
344       1.893473e+01   1.867650e+01   2.202851e+00   2.204467e+00  
345       1.903432e+01   1.877286e+01   2.222523e+00   2.223825e+00  
346       1.893084e+01   1.867061e+01   2.211121e+00   2.212706e+00  
347       1.901699e+01   1.875249e+01   2.234349e+00   2.235559e+00  
348       1.895101e+01   1.868996e+01   2.215928e+00   2.217171e+00  
349       1.904249e+01   1.877695e+01   2.240265e+00   2.241394e+00  
350       1.893765e+01   1.867380e+01   2.227012e+00   2.228094e+00  
351       1.904681e+01   1.877980e+01   2.246932e+00   2.247522e+00  
352       1.893166e+01   1.866557e+01   2.236295e+00   2.236816e+00  
353       1.903225e+01   1.876242e+01   2.257652e+00   2.258551e+00  
354       1.893243e+01   1.866461e+01   2.243805e+00   2.243791e+00  
355       1.906243e+01   1.879243e+01   2.260294e+00   2.260951e+00  
356       1.893243e+01   1.866314e+01   2.249983e+00   2.249873e+00  
357       1.906438e+01   1.879354e+01   2.263933e+00   2.264481e+00  
358       1.893183e+01   1.866149e+01   2.254377e+00   2.254038e+00  
359       1.906251e+01   1.879095e+01   2.267050e+00   2.267145e+00  
360       1.894350e+01   1.867365e+01   2.253389e+00   2.252374e+00  
361       1.904508e+01   1.877231e+01   2.271502e+00   2.270573e+00  
362       1.894165e+01   1.867109e+01   2.256340e+00   2.255089e+00  
363       1.905367e+01   1.878084e+01   2.272738e+00   2.270937e+00  
364       1.893988e+01   1.866832e+01   2.260379e+00   2.259129e+00  
365       1.905728e+01   1.878416e+01   2.274281e+00   2.272215e+00  
366       1.893524e+01   1.866227e+01   2.265780e+00   2.264790e+00  
367       1.905547e+01   1.878198e+01   2.275672e+00   2.273692e+00  
368       1.893917e+01   1.866573e+01   2.268031e+00   2.266895e+00  
369       1.904126e+01   1.876618e+01   2.281727e+00   2.278976e+00  
370       1.895044e+01   1.867655e+01   2.270827e+00   2.269161e+00  
371       1.904742e+01   1.877146e+01   2.285488e+00   2.283226e+00  
372       1.896005e+01   1.868622e+01   2.271339e+00   2.269287e+00  
373       1.904298e+01   1.876618e+01   2.288719e+00   2.286348e+00  
374       1.895940e+01   1.868480e+01   2.274777e+00   2.272110e+00  
375       1.904188e+01   1.876464e+01   2.290544e+00   2.287992e+00  
376       1.895614e+01   1.868086e+01   2.277892e+00   2.274182e+00  
377       1.905374e+01   1.877527e+01   2.296329e+00   2.293657e+00  
378       1.897025e+01   1.869432e+01   2.281536e+00   2.277545e+00  
379       1.906142e+01   1.878224e+01   2.299947e+00   2.296844e+00  
380       1.898334e+01   1.870610e+01   2.287721e+00   2.283727e+00  
381       1.906075e+01   1.877985e+01   2.307355e+00   2.303330e+00  
382       1.899025e+01   1.871175e+01   2.293237e+00   2.289359e+00  
383       1.905476e+01   1.877239e+01   2.313521e+00   2.308426e+00  
384       1.899576e+01   1.871602e+01   2.298635e+00   2.294776e+00  
385       1.905366e+01   1.877046e+01   2.316860e+00   2.311666e+00  
386       1.899558e+01   1.871427e+01   2.305338e+00   2.300739e+00  
387       1.903280e+01   1.874816e+01   2.321708e+00   2.315895e+00  
388       1.900257e+01   1.872051e+01   2.308898e+00   2.304172e+00  
389       1.904722e+01   1.876153e+01   2.326743e+00   2.321149e+00  
390       1.899648e+01   1.871375e+01   2.311445e+00   2.306293e+00  
391       1.903692e+01   1.875071e+01   2.328052e+00   2.322752e+00  
392       1.899282e+01   1.870875e+01   2.316572e+00   2.311562e+00  
393       1.904336e+01   1.875677e+01   2.329712e+00   2.325025e+00  
394       1.900469e+01   1.872038e+01   2.318232e+00   2.313267e+00  
395       1.902989e+01   1.874190e+01   2.334556e+00   2.329730e+00  
396       1.899619e+01   1.871048e+01   2.323278e+00   2.318513e+00  
397       1.904463e+01   1.875653e+01   2.335604e+00   2.331450e+00  
398       1.899519e+01   1.870830e+01   2.327630e+00   2.323502e+00  
399       1.902995e+01   1.874078e+01   2.338709e+00   2.335095e+00  
400       1.901414e+01   1.872614e+01   2.333235e+00   2.329172e+00  
401       1.903801e+01   1.874890e+01   2.338842e+00   2.335459e+00  
402       1.899781e+01   1.870767e+01   2.340522e+00   2.337097e+00  
403       1.904873e+01   1.875879e+01   2.342874e+00   2.339386e+00  
404       1.900558e+01   1.871490e+01   2.343007e+00   2.339863e+00  
405       1.902852e+01   1.873658e+01   2.349360e+00   2.346377e+00  
406       1.901095e+01   1.871989e+01   2.344534e+00   2.342097e+00  
407       1.903260e+01   1.873893e+01   2.356233e+00   2.353831e+00  
408       1.901231e+01   1.872007e+01   2.349071e+00   2.347086e+00  
409       1.903405e+01   1.873927e+01   2.360414e+00   2.358649e+00  
410       1.900785e+01   1.871415e+01   2.354703e+00   2.352528e+00  
411       1.903042e+01   1.873394e+01   2.366724e+00   2.365357e+00  
412       1.902543e+01   1.873139e+01   2.356900e+00   2.355212e+00  
413       1.902582e+01   1.872839e+01   2.370003e+00   2.369054e+00  
414       1.902834e+01   1.873379e+01   2.358904e+00   2.357674e+00  
415       1.903015e+01   1.873188e+01   2.373738e+00   2.372477e+00  
416       1.903333e+01   1.873816e+01   2.361469e+00   2.360538e+00  
417       1.902526e+01   1.872717e+01   2.372052e+00   2.372090e+00  
418       1.903459e+01   1.873910e+01   2.362464e+00   2.362270e+00  
419       1.900473e+01   1.870588e+01   2.373656e+00   2.373903e+00  
420       1.903490e+01   1.873931e+01   2.362522e+00   2.363131e+00  
421       1.900656e+01   1.870884e+01   2.369247e+00   2.369676e+00  
422       1.902674e+01   1.873050e+01   2.364732e+00   2.365002e+00  
423       1.902266e+01   1.872525e+01   2.369713e+00   2.368747e+00  
424       1.903277e+01   1.873681e+01   2.364018e+00   2.364249e+00  
425       1.902605e+01   1.872923e+01   2.367409e+00   2.366799e+00  
426       1.902559e+01   1.873009e+01   2.361619e+00   2.362099e+00  
427       1.902553e+01   1.872868e+01   2.367420e+00   2.367010e+00  
428       1.902978e+01   1.873445e+01   2.360848e+00   2.362033e+00  
429       1.902161e+01   1.872474e+01   2.367481e+00   2.366580e+00  
430       1.902129e+01   1.872629e+01   2.359181e+00   2.360041e+00  
431       1.902884e+01   1.873301e+01   2.364115e+00   2.362606e+00  
432       1.900646e+01   1.871093e+01   2.360278e+00   2.361316e+00  
433       1.904198e+01   1.874830e+01   2.356213e+00   2.355171e+00  
434       1.900847e+01   1.871418e+01   2.355911e+00   2.356069e+00  
435       1.903760e+01   1.874458e+01   2.353333e+00   2.352133e+00  
436       1.900258e+01   1.870899e+01   2.352996e+00   2.352656e+00  
437       1.902798e+01   1.873569e+01   2.349815e+00   2.348623e+00  
438       1.900781e+01   1.871523e+01   2.349886e+00   2.348432e+00  
439       1.902543e+01   1.873402e+01   2.346428e+00   2.344798e+00  
440       1.901162e+01   1.871992e+01   2.346922e+00   2.344790e+00  
441       1.902114e+01   1.873082e+01   2.341917e+00   2.340024e+00  
442       1.900841e+01   1.871686e+01   2.346403e+00   2.343728e+00  
443       1.901910e+01   1.872894e+01   2.341628e+00   2.338787e+00  
444       1.899312e+01   1.870191e+01   2.344173e+00   2.341403e+00  
445       1.901706e+01   1.872824e+01   2.336214e+00   2.333154e+00  
446       1.898097e+01   1.868991e+01   2.342999e+00   2.339891e+00  
447       1.901068e+01   1.872188e+01   2.335662e+00   2.332710e+00  
448       1.897403e+01   1.868247e+01   2.344760e+00   2.341188e+00  
449       1.902610e+01   1.873868e+01   2.331500e+00   2.327756e+00  
450       1.896216e+01   1.867095e+01   2.342897e+00   2.338831e+00  
451       1.900582e+01   1.871786e+01   2.332604e+00   2.328481e+00  
452       1.896322e+01   1.867213e+01   2.342665e+00   2.338173e+00  
453       1.900725e+01   1.871861e+01   2.335321e+00   2.331474e+00  
454       1.896060e+01   1.866908e+01   2.344581e+00   2.339367e+00  
455       1.900767e+01   1.871917e+01   2.335218e+00   2.330470e+00  
456       1.896076e+01   1.866835e+01   2.348549e+00   2.342572e+00  
457       1.899904e+01   1.870960e+01   2.338545e+00   2.333605e+00  
458       1.894775e+01   1.865432e+01   2.352042e+00   2.345537e+00  
459       1.897860e+01   1.868842e+01   2.340281e+00   2.335256e+00  
460       1.893389e+01   1.863896e+01   2.356986e+00   2.350722e+00  
461       1.897846e+01   1.868778e+01   2.342073e+00   2.337461e+00  
462       1.893529e+01   1.863979e+01   2.359171e+00   2.353181e+00  
463       1.896470e+01   1.867253e+01   2.347467e+00   2.342263e+00  
464       1.893404e+01   1.863805e+01   2.361111e+00   2.355023e+00  
465       1.896190e+01   1.866932e+01   2.349077e+00   2.343519e+00  
466       1.892912e+01   1.863284e+01   2.361640e+00   2.356163e+00  
467       1.896971e+01   1.867673e+01   2.351358e+00   2.345405e+00  
468       1.893181e+01   1.863488e+01   2.363699e+00   2.359560e+00  
469       1.898121e+01   1.868787e+01   2.353267e+00   2.347779e+00  
470       1.892854e+01   1.863117e+01   2.365040e+00   2.361262e+00  
471       1.897214e+01   1.867855e+01   2.353224e+00   2.348629e+00  
472       1.892363e+01   1.862529e+01   2.368864e+00   2.364508e+00  
473       1.897241e+01   1.867781e+01   2.356962e+00   2.352953e+00  
474       1.892339e+01   1.862456e+01   2.370694e+00   2.366506e+00  
475       1.897010e+01   1.867439e+01   2.360825e+00   2.357602e+00  
476       1.891405e+01   1.861461e+01   2.372206e+00   2.368601e+00  
477       1.896162e+01   1.866471e+01   2.365095e+00   2.361801e+00  
478       1.891601e+01   1.861488e+01   2.378735e+00   2.375513e+00  
479       1.896178e+01   1.866367e+01   2.369561e+00   2.366749e+00  
480       1.890670e+01   1.860450e+01   2.382430e+00   2.379101e+00  
481       1.895655e+01   1.865650e+01   2.376632e+00   2.374365e+00  
482       1.891024e+01   1.860642e+01   2.388726e+00   2.385835e+00  
483       1.895513e+01   1.865414e+01   2.380186e+00   2.377975e+00  
484       1.892301e+01   1.861802e+01   2.393859e+00   2.391425e+00  
485       1.895153e+01   1.864870e+01   2.386974e+00   2.385164e+00  
486       1.892812e+01   1.862199e+01   2.398247e+00   2.396540e+00  
487       1.896121e+01   1.865721e+01   2.392154e+00   2.390271e+00  
488       1.893039e+01   1.862297e+01   2.403309e+00   2.401826e+00  
489       1.896028e+01   1.865546e+01   2.395476e+00   2.393254e+00  
490       1.893024e+01   1.862143e+01   2.408578e+00   2.407345e+00  
491       1.896746e+01   1.866184e+01   2.398529e+00   2.397353e+00  
492       1.893275e+01   1.862269e+01   2.413522e+00   2.412298e+00  
493       1.896213e+01   1.865488e+01   2.404074e+00   2.403845e+00  
494       1.893634e+01   1.862556e+01   2.416590e+00   2.415299e+00  
495       1.895640e+01   1.864823e+01   2.407107e+00   2.407220e+00  
496       1.893015e+01   1.861779e+01   2.422176e+00   2.421119e+00  
497       1.896414e+01   1.865551e+01   2.409157e+00   2.409673e+00  
498       1.893282e+01   1.862111e+01   2.419542e+00   2.419023e+00  
499       1.897162e+01   1.866172e+01   2.414530e+00   2.415096e+00  
500       1.892727e+01   1.861462e+01   2.422782e+00   2.422363e+00  
501       1.899658e+01   1.868758e+01   2.412800e+00   2.413088e+00  
502       1.893523e+01   1.862203e+01   2.425222e+00   2.425142e+00  
503       1.898228e+01   1.867207e+01   2.416386e+00   2.416981e+00  
504       1.894219e+01   1.862911e+01   2.425058e+00   2.425211e+00  
505       1.898501e+01   1.867353e+01   2.421815e+00   2.421731e+00  
506       1.895164e+01   1.863822e+01   2.426824e+00   2.427266e+00  
507       1.900219e+01   1.869134e+01   2.420120e+00   2.420730e+00  
508       1.895393e+01   1.863974e+01   2.430432e+00   2.429982e+00  
509       1.900713e+01   1.869621e+01   2.421069e+00   2.420979e+00  
510       1.896421e+01   1.864949e+01   2.433143e+00   2.432634e+00  
511       1.901095e+01   1.869939e+01   2.423678e+00   2.423852e+00  
512       1.896623e+01   1.865161e+01   2.433122e+00   2.432111e+00  
513       1.902357e+01   1.871161e+01   2.426328e+00   2.425904e+00  
514       1.897292e+01   1.865817e+01   2.434075e+00   2.433052e+00  
515       1.901752e+01   1.870476e+01   2.428880e+00   2.428676e+00  
516       1.897918e+01   1.866397e+01   2.436484e+00   2.434961e+00  
517       1.902872e+01   1.871617e+01   2.429473e+00   2.427945e+00  
518       1.899297e+01   1.867807e+01   2.435834e+00   2.435018e+00  
519       1.903051e+01   1.871704e+01   2.432768e+00   2.431948e+00  
520       1.898835e+01   1.867232e+01   2.440521e+00   2.438366e+00  
521       1.903474e+01   1.872085e+01   2.434923e+00   2.433600e+00  
522       1.898610e+01   1.867002e+01   2.440303e+00   2.438634e+00  
523       1.904164e+01   1.872812e+01   2.434019e+00   2.432480e+00  
524       1.898784e+01   1.867090e+01   2.444252e+00   2.441553e+00  
525       1.905943e+01   1.874615e+01   2.434326e+00   2.432645e+00  
526       1.899117e+01   1.867219e+01   2.452192e+00   2.449595e+00  
527       1.907365e+01   1.876014e+01   2.436274e+00   2.434313e+00  
528       1.900164e+01   1.868259e+01   2.453294e+00   2.450395e+00  
529       1.907317e+01   1.875875e+01   2.439835e+00   2.437641e+00  
530       1.901577e+01   1.869635e+01   2.456092e+00   2.452298e+00  
531       1.907442e+01   1.875853e+01   2.445637e+00   2.443315e+00  
532       1.903475e+01   1.871424e+01   2.461112e+00   2.458010e+00  
533       1.908736e+01   1.877038e+01   2.450871e+00   2.448182e+00  
534       1.904695e+01   1.872622e+01   2.463037e+00   2.459312e+00  
535       1.908530e+01   1.876738e+01   2.454286e+00   2.451649e+00  
536       1.905543e+01   1.873348e+01   2.468574e+00   2.464206e+00  
537       1.909007e+01   1.877005e+01   2.462566e+00   2.460037e+00  
538       1.906925e+01   1.874633e+01   2.472312e+00   2.469607e+00  
539       1.910603e+01   1.878532e+01   2.466397e+00   2.463575e+00  
540       1.908433e+01   1.876169e+01   2.472983e+00   2.468801e+00  
541       1.909983e+01   1.877808e+01   2.469828e+00   2.467183e+00  
542       1.909457e+01   1.877087e+01   2.477658e+00   2.473504e+00  
543       1.910582e+01   1.878365e+01   2.471557e+00   2.469487e+00  
544       1.910229e+01   1.877813e+01   2.479466e+00   2.476206e+00  
545       1.911573e+01   1.879328e+01   2.473315e+00   2.471192e+00  
546       1.911466e+01   1.879018e+01   2.481533e+00   2.478143e+00  
547       1.913466e+01   1.881186e+01   2.475167e+00   2.474350e+00  
548       1.910370e+01   1.877839e+01   2.483677e+00   2.480888e+00  
549       1.912881e+01   1.880455e+01   2.480522e+00   2.479418e+00  
550       1.912086e+01   1.879511e+01   2.486258e+00   2.483866e+00  
551       1.912980e+01   1.880446e+01   2.484370e+00   2.483811e+00  
552       1.913430e+01   1.880805e+01   2.488703e+00   2.486988e+00  
553       1.913829e+01   1.881155e+01   2.489842e+00   2.490109e+00  
554       1.914152e+01   1.881434e+01   2.492584e+00   2.491003e+00  
555       1.914016e+01   1.881237e+01   2.493527e+00   2.494527e+00  
556       1.914783e+01   1.881990e+01   2.495601e+00   2.494508e+00  
557       1.914552e+01   1.881650e+01   2.498178e+00   2.499862e+00  
558       1.915400e+01   1.882498e+01   2.499599e+00   2.499564e+00  
559       1.915427e+01   1.882439e+01   2.501806e+00   2.503868e+00  
560       1.914460e+01   1.881464e+01   2.502530e+00   2.502469e+00  
561       1.914916e+01   1.881761e+01   2.507366e+00   2.510120e+00  
562       1.916149e+01   1.883065e+01   2.506902e+00   2.506933e+00  
563       1.915885e+01   1.882646e+01   2.511269e+00   2.513882e+00  
564       1.916194e+01   1.883031e+01   2.509537e+00   2.510334e+00  
565       1.916681e+01   1.883308e+01   2.516737e+00   2.519525e+00  
566       1.916242e+01   1.882984e+01   2.512832e+00   2.514234e+00  
567       1.917148e+01   1.883749e+01   2.518014e+00   2.520781e+00  
568       1.917476e+01   1.884162e+01   2.515411e+00   2.517413e+00  
569       1.917073e+01   1.883528e+01   2.523409e+00   2.526142e+00  
570       1.918287e+01   1.884967e+01   2.516119e+00   2.518214e+00  
571       1.916842e+01   1.883245e+01   2.524896e+00   2.528195e+00  
572       1.918937e+01   1.885608e+01   2.516524e+00   2.519417e+00  
573       1.916995e+01   1.883314e+01   2.528086e+00   2.531502e+00  
574       1.918866e+01   1.885565e+01   2.515447e+00   2.518316e+00  
575       1.916723e+01   1.883028e+01   2.528384e+00   2.531920e+00  
576       1.919640e+01   1.886244e+01   2.519286e+00   2.522569e+00  
577       1.917495e+01   1.883859e+01   2.526417e+00   2.530466e+00  
578       1.919324e+01   1.885871e+01   2.521332e+00   2.524311e+00  
579       1.916868e+01   1.883156e+01   2.528857e+00   2.532860e+00  
580       1.919654e+01   1.886165e+01   2.523434e+00   2.525370e+00  
581       1.917112e+01   1.883429e+01   2.528095e+00   2.531839e+00  
582       1.920327e+01   1.886833e+01   2.523989e+00   2.526156e+00  
583       1.916758e+01   1.883002e+01   2.530914e+00   2.534008e+00  
584       1.921387e+01   1.887979e+01   2.521278e+00   2.523786e+00  
585       1.917240e+01   1.883489e+01   2.530835e+00   2.534272e+00  
586       1.921505e+01   1.888110e+01   2.520976e+00   2.523241e+00  
587       1.917203e+01   1.883453e+01   2.531178e+00   2.533898e+00  
588       1.921374e+01   1.887958e+01   2.521630e+00   2.523983e+00  
589       1.916010e+01   1.882183e+01   2.533311e+00   2.535791e+00  
590       1.921246e+01   1.887816e+01   2.522482e+00   2.523993e+00  
591       1.917966e+01   1.884177e+01   2.533153e+00   2.535824e+00  
592       1.920869e+01   1.887434e+01   2.522680e+00   2.523728e+00  
593       1.916827e+01   1.882939e+01   2.536208e+00   2.538536e+00  
594       1.921815e+01   1.888377e+01   2.523841e+00   2.523987e+00  
595       1.917384e+01   1.883496e+01   2.536639e+00   2.538893e+00  
596       1.922988e+01   1.889594e+01   2.523631e+00   2.522543e+00  
597       1.916250e+01   1.882306e+01   2.537469e+00   2.540654e+00  
598       1.923998e+01   1.890641e+01   2.523439e+00   2.521211e+00  
599       1.916615e+01   1.882694e+01   2.537442e+00   2.539459e+00  
600       1.923886e+01   1.890520e+01   2.523654e+00   2.521555e+00  
601       1.916708e+01   1.882835e+01   2.536010e+00   2.537485e+00  
602       1.925524e+01   1.892179e+01   2.524179e+00   2.521631e+00  
603       1.917536e+01   1.883650e+01   2.537346e+00   2.538218e+00  
604       1.924541e+01   1.891107e+01   2.526655e+00   2.524537e+00  
605       1.916901e+01   1.882943e+01   2.540131e+00   2.539921e+00  
606       1.924079e+01   1.890595e+01   2.528490e+00   2.525874e+00  
607       1.916343e+01   1.882388e+01   2.540268e+00   2.538870e+00  
608       1.925857e+01   1.892449e+01   2.526774e+00   2.524174e+00  
609       1.914984e+01   1.880821e+01   2.546861e+00   2.545795e+00  
610       1.925879e+01   1.892445e+01   2.528220e+00   2.524750e+00  
611       1.915666e+01   1.881493e+01   2.547979e+00   2.546325e+00  
612       1.925817e+01   1.892374e+01   2.528639e+00   2.524876e+00  
613       1.914844e+01   1.880731e+01   2.545612e+00   2.543203e+00  
614       1.925210e+01   1.891726e+01   2.530229e+00   2.525619e+00  
615       1.914381e+01   1.880208e+01   2.547853e+00   2.544781e+00  
616       1.924055e+01   1.890454e+01   2.533622e+00   2.529419e+00  
617       1.915201e+01   1.881098e+01   2.545694e+00   2.542885e+00  
618       1.923502e+01   1.889864e+01   2.535015e+00   2.530064e+00  
619       1.914618e+01   1.880572e+01   2.543159e+00   2.540404e+00  
620       1.922479e+01   1.888726e+01   2.538620e+00   2.533601e+00  
621       1.913958e+01   1.879901e+01   2.543180e+00   2.540296e+00  
622       1.922433e+01   1.888626e+01   2.539932e+00   2.536250e+00  
623       1.914814e+01   1.880822e+01   2.540983e+00   2.538809e+00  
624       1.920701e+01   1.886860e+01   2.540018e+00   2.536423e+00  
625       1.914757e+01   1.880778e+01   2.540655e+00   2.538154e+00  
626       1.920102e+01   1.886214e+01   2.540951e+00   2.538174e+00  
627       1.913937e+01   1.879895e+01   2.542220e+00   2.540072e+00  
628       1.920484e+01   1.886579e+01   2.541868e+00   2.539061e+00  
629       1.914467e+01   1.880388e+01   2.543991e+00   2.541746e+00  
630       1.920670e+01   1.886718e+01   2.543365e+00   2.541296e+00  
631       1.913537e+01   1.879391e+01   2.545912e+00   2.543564e+00  
632       1.920125e+01   1.886077e+01   2.546353e+00   2.544734e+00  
633       1.912922e+01   1.878729e+01   2.546999e+00   2.545122e+00  
634       1.919644e+01   1.885465e+01   2.550707e+00   2.549438e+00  
635       1.913516e+01   1.879318e+01   2.547885e+00   2.545402e+00  
636       1.920265e+01   1.886059e+01   2.551730e+00   2.551156e+00  
637       1.913569e+01   1.879284e+01   2.551004e+00   2.548709e+00  
638       1.919169e+01   1.884894e+01   2.553671e+00   2.552835e+00  
639       1.913895e+01   1.879607e+01   2.551368e+00   2.549023e+00  
640       1.919941e+01   1.885614e+01   2.556187e+00   2.555210e+00  
641       1.914683e+01   1.880442e+01   2.550226e+00   2.547782e+00  
642       1.919043e+01   1.884650e+01   2.557907e+00   2.557131e+00  
643       1.915416e+01   1.881173e+01   2.550495e+00   2.548716e+00  
644       1.919477e+01   1.885114e+01   2.557265e+00   2.556229e+00  
645       1.915325e+01   1.881047e+01   2.551579e+00   2.550018e+00  
646       1.918756e+01   1.884385e+01   2.556645e+00   2.556471e+00  
647       1.915715e+01   1.881392e+01   2.553611e+00   2.551858e+00  
648       1.918910e+01   1.884533e+01   2.557077e+00   2.556670e+00  
649       1.914779e+01   1.880375e+01   2.555938e+00   2.554251e+00  
650       1.917845e+01   1.883472e+01   2.556177e+00   2.555776e+00  
651       1.914601e+01   1.880178e+01   2.556660e+00   2.554668e+00  
652       1.917966e+01   1.883624e+01   2.555090e+00   2.554798e+00  
653       1.914013e+01   1.879568e+01   2.557382e+00   2.554771e+00  
654       1.917487e+01   1.883174e+01   2.553871e+00   2.553267e+00  
655       1.913400e+01   1.878928e+01   2.557600e+00   2.555694e+00  
656       1.917135e+01   1.882868e+01   2.551807e+00   2.551418e+00  
657       1.914404e+01   1.880019e+01   2.554914e+00   2.553319e+00  
658       1.916395e+01   1.882124e+01   2.552048e+00   2.550478e+00  
659       1.914943e+01   1.880620e+01   2.553029e+00   2.551422e+00  
660       1.916872e+01   1.882723e+01   2.548315e+00   2.545871e+00  
661       1.915745e+01   1.881480e+01   2.551357e+00   2.549856e+00  
662       1.917597e+01   1.883504e+01   2.546750e+00   2.544188e+00  
663       1.916140e+01   1.881922e+01   2.549888e+00   2.548353e+00  
664       1.916791e+01   1.882745e+01   2.544559e+00   2.541877e+00  
665       1.916254e+01   1.882043e+01   2.550390e+00   2.547563e+00  
666       1.918174e+01   1.884179e+01   2.543977e+00   2.540473e+00  
667       1.916970e+01   1.882820e+01   2.548555e+00   2.545802e+00  
668       1.917306e+01   1.883321e+01   2.542874e+00   2.539787e+00  
669       1.918644e+01   1.884558e+01   2.547782e+00   2.544032e+00  
670       1.917011e+01   1.883049e+01   2.542076e+00   2.538453e+00  
671       1.919452e+01   1.885371e+01   2.548276e+00   2.544298e+00  
672       1.916879e+01   1.882932e+01   2.541621e+00   2.537577e+00  
673       1.918734e+01   1.884579e+01   2.550679e+00   2.546448e+00  
674       1.917518e+01   1.883649e+01   2.539373e+00   2.534892e+00  
675       1.919976e+01   1.885902e+01   2.548836e+00   2.543944e+00  
676       1.918000e+01   1.884174e+01   2.538798e+00   2.532974e+00  
677       1.920455e+01   1.886410e+01   2.548542e+00   2.542660e+00  
678       1.918308e+01   1.884544e+01   2.536782e+00   2.530741e+00  
679       1.920776e+01   1.886754e+01   2.548132e+00   2.541856e+00  
680       1.918208e+01   1.884446e+01   2.536747e+00   2.530467e+00  
681       1.922642e+01   1.888632e+01   2.549348e+00   2.542239e+00  
682       1.915812e+01   1.881996e+01   2.537485e+00   2.530567e+00  
683       1.922142e+01   1.888211e+01   2.546531e+00   2.538528e+00  
684       1.916882e+01   1.883097e+01   2.537024e+00   2.530212e+00  
685       1.922624e+01   1.888761e+01   2.543968e+00   2.536672e+00  
686       1.917540e+01   1.883733e+01   2.538609e+00   2.531092e+00  
687       1.922080e+01   1.888128e+01   2.547005e+00   2.539515e+00  
688       1.918953e+01   1.885165e+01   2.538781e+00   2.531433e+00  
689       1.921909e+01   1.887958e+01   2.547055e+00   2.539149e+00  
690       1.917578e+01   1.883722e+01   2.540599e+00   2.532835e+00  
691       1.921820e+01   1.887867e+01   2.547155e+00   2.539133e+00  
692       1.919002e+01   1.885140e+01   2.541791e+00   2.533923e+00  
693       1.921675e+01   1.887716e+01   2.547573e+00   2.538958e+00  
694       1.918167e+01   1.884206e+01   2.544569e+00   2.537440e+00  
695       1.921456e+01   1.887490e+01   2.547276e+00   2.539484e+00  
696       1.918560e+01   1.884597e+01   2.544674e+00   2.537936e+00  
697       1.921044e+01   1.887062e+01   2.547821e+00   2.539523e+00  
698       1.917204e+01   1.883174e+01   2.546621e+00   2.539178e+00  
699       1.921001e+01   1.886964e+01   2.549603e+00   2.541764e+00  
700       1.917780e+01   1.883687e+01   2.548950e+00   2.542317e+00  
701       1.921484e+01   1.887447e+01   2.549581e+00   2.542448e+00  
702       1.917761e+01   1.883628e+01   2.550775e+00   2.543320e+00  
703       1.920803e+01   1.886704e+01   2.551238e+00   2.544459e+00  
704       1.917063e+01   1.882857e+01   2.553243e+00   2.545380e+00  
705       1.921012e+01   1.886801e+01   2.555422e+00   2.548869e+00  
706       1.917121e+01   1.882867e+01   2.555620e+00   2.546626e+00  
707       1.920973e+01   1.886749e+01   2.555460e+00   2.549706e+00  
708       1.917471e+01   1.883204e+01   2.556382e+00   2.547283e+00  
709       1.921148e+01   1.886926e+01   2.555527e+00   2.549705e+00  
710       1.917249e+01   1.882932e+01   2.557809e+00   2.549292e+00  
711       1.921457e+01   1.887191e+01   2.557155e+00   2.551757e+00  
712       1.918676e+01   1.884312e+01   2.560226e+00   2.552187e+00  
713       1.921293e+01   1.886918e+01   2.561357e+00   2.555440e+00  
714       1.918253e+01   1.883868e+01   2.560120e+00   2.553355e+00  
715       1.922261e+01   1.887861e+01   2.563077e+00   2.556849e+00  
716       1.916943e+01   1.882499e+01   2.561091e+00   2.554911e+00  
717       1.922298e+01   1.887852e+01   2.564789e+00   2.558581e+00  
718       1.917162e+01   1.882715e+01   2.561366e+00   2.555171e+00  
719       1.922294e+01   1.887811e+01   2.566004e+00   2.560083e+00  
720       1.917300e+01   1.882823e+01   2.562693e+00   2.556168e+00  
721       1.921773e+01   1.887235e+01   2.567686e+00   2.561697e+00  
722       1.916192e+01   1.881628e+01   2.564923e+00   2.558856e+00  
723       1.920738e+01   1.886156e+01   2.568694e+00   2.562616e+00  
724       1.916988e+01   1.882460e+01   2.564342e+00   2.557875e+00  
725       1.919722e+01   1.885119e+01   2.569003e+00   2.562409e+00  
726       1.917486e+01   1.882932e+01   2.565738e+00   2.559103e+00  
727       1.918910e+01   1.884258e+01   2.570333e+00   2.563617e+00  
728       1.917238e+01   1.882704e+01   2.564698e+00   2.558367e+00  
729       1.918714e+01   1.884085e+01   2.569664e+00   2.562294e+00  
730       1.918549e+01   1.884110e+01   2.562548e+00   2.555251e+00  
731       1.917250e+01   1.882554e+01   2.570733e+00   2.564229e+00  
732       1.919451e+01   1.885041e+01   2.562378e+00   2.554483e+00  
733       1.918086e+01   1.883433e+01   2.570038e+00   2.562915e+00  
734       1.918063e+01   1.883601e+01   2.562876e+00   2.555969e+00  
735       1.918153e+01   1.883579e+01   2.567553e+00   2.559666e+00  
736       1.918123e+01   1.883679e+01   2.562622e+00   2.554969e+00  
737       1.918988e+01   1.884545e+01   2.563453e+00   2.555231e+00  
738       1.917747e+01   1.883255e+01   2.564031e+00   2.556537e+00  
739       1.918437e+01   1.884005e+01   2.563429e+00   2.553762e+00  
740       1.917007e+01   1.882505e+01   2.563944e+00   2.556434e+00  
741       1.918931e+01   1.884506e+01   2.563349e+00   2.553993e+00  
742       1.916587e+01   1.882120e+01   2.562810e+00   2.554391e+00  
743       1.918187e+01   1.883731e+01   2.564554e+00   2.554004e+00  
744       1.916611e+01   1.882120e+01   2.564068e+00   2.554926e+00  
745       1.918059e+01   1.883628e+01   2.563757e+00   2.552791e+00  
746       1.916373e+01   1.881822e+01   2.566865e+00   2.556292e+00  
747       1.917143e+01   1.882683e+01   2.564093e+00   2.553364e+00  
748       1.915572e+01   1.881018e+01   2.566619e+00   2.555636e+00  
749       1.916501e+01   1.881986e+01   2.566502e+00   2.554134e+00  
750       1.915104e+01   1.880518e+01   2.567750e+00   2.556137e+00  
751       1.915893e+01   1.881349e+01   2.567438e+00   2.554451e+00  
752       1.915554e+01   1.881016e+01   2.566637e+00   2.554362e+00  
753       1.914703e+01   1.880120e+01   2.568346e+00   2.554894e+00  
754       1.915786e+01   1.881193e+01   2.569018e+00   2.556418e+00  
755       1.915447e+01   1.880842e+01   2.569970e+00   2.555822e+00  
756       1.915513e+01   1.880812e+01   2.573112e+00   2.559800e+00  
757       1.915290e+01   1.880637e+01   2.571910e+00   2.557177e+00  
758       1.914450e+01   1.879673e+01   2.575725e+00   2.561271e+00  
759       1.916311e+01   1.881654e+01   2.573015e+00   2.557809e+00  
760       1.914018e+01   1.879190e+01   2.577478e+00   2.562685e+00  
761       1.916681e+01   1.882042e+01   2.572878e+00   2.557056e+00  
762       1.913259e+01   1.878385e+01   2.578976e+00   2.563562e+00  
763       1.917029e+01   1.882416e+01   2.572145e+00   2.556413e+00  
764       1.913800e+01   1.878922e+01   2.579519e+00   2.564021e+00  
765       1.916482e+01   1.881784e+01   2.575148e+00   2.558874e+00  
766       1.913580e+01   1.878693e+01   2.579971e+00   2.563957e+00  
767       1.915719e+01   1.881009e+01   2.575586e+00   2.558259e+00  
768       1.913543e+01   1.878681e+01   2.578623e+00   2.563401e+00  
769       1.916238e+01   1.881475e+01   2.577941e+00   2.560541e+00  
770       1.914977e+01   1.880159e+01   2.578460e+00   2.562351e+00  
771       1.915706e+01   1.880844e+01   2.581387e+00   2.563582e+00  
772       1.914513e+01   1.879692e+01   2.578224e+00   2.562146e+00  
773       1.916569e+01   1.881678e+01   2.583006e+00   2.565233e+00  
774       1.913785e+01   1.878888e+01   2.580541e+00   2.564405e+00  
775       1.916674e+01   1.881819e+01   2.581736e+00   2.564025e+00  
776       1.912920e+01   1.877932e+01   2.583193e+00   2.567214e+00  
777       1.917015e+01   1.882159e+01   2.581835e+00   2.564489e+00  
778       1.914009e+01   1.878995e+01   2.584542e+00   2.569271e+00  
779       1.916064e+01   1.881157e+01   2.583139e+00   2.565613e+00  
780       1.912748e+01   1.877624e+01   2.587863e+00   2.572229e+00  
781       1.916455e+01   1.881488e+01   2.585849e+00   2.567793e+00  
782       1.913334e+01   1.878165e+01   2.589578e+00   2.574614e+00  
783       1.915409e+01   1.880346e+01   2.588686e+00   2.570555e+00  
784       1.913675e+01   1.878493e+01   2.589760e+00   2.575815e+00  
785       1.917428e+01   1.882337e+01   2.590884e+00   2.573132e+00  
786       1.914015e+01   1.878822e+01   2.590400e+00   2.576444e+00  
787       1.917396e+01   1.882242e+01   2.592917e+00   2.575603e+00  
788       1.914042e+01   1.878767e+01   2.593560e+00   2.579267e+00  
789       1.918022e+01   1.882784e+01   2.595995e+00   2.579574e+00  
790       1.914265e+01   1.878960e+01   2.594801e+00   2.580495e+00  
791       1.919568e+01   1.884349e+01   2.596095e+00   2.580157e+00  
792       1.913460e+01   1.878094e+01   2.597041e+00   2.581606e+00  
793       1.919863e+01   1.884656e+01   2.595384e+00   2.580383e+00  
794       1.912993e+01   1.877634e+01   2.597007e+00   2.580460e+00  
795       1.919700e+01   1.884508e+01   2.594795e+00   2.579709e+00  
796       1.912885e+01   1.877519e+01   2.597049e+00   2.580805e+00  
797       1.920026e+01   1.884869e+01   2.593594e+00   2.578835e+00  
798       1.912477e+01   1.877078e+01   2.597446e+00   2.582210e+00  
799       1.919650e+01   1.884513e+01   2.593007e+00   2.577419e+00  
800       1.912417e+01   1.877005e+01   2.597621e+00   2.582905e+00  
801       1.920057e+01   1.884958e+01   2.592122e+00   2.576075e+00  
802       1.912517e+01   1.877100e+01   2.598040e+00   2.582986e+00  
803       1.920284e+01   1.885217e+01   2.591105e+00   2.575015e+00  
804       1.912237e+01   1.876834e+01   2.597318e+00   2.582324e+00  
805       1.920580e+01   1.885493e+01   2.592022e+00   2.575992e+00  
806       1.912150e+01   1.876787e+01   2.595860e+00   2.580765e+00  
807       1.919756e+01   1.884664e+01   2.591483e+00   2.575834e+00  
808       1.912372e+01   1.877067e+01   2.593606e+00   2.579132e+00  
809       1.920102e+01   1.885116e+01   2.587179e+00   2.572791e+00  
810       1.912368e+01   1.877063e+01   2.593703e+00   2.578982e+00  
811       1.919022e+01   1.884010e+01   2.587874e+00   2.572573e+00  
812       1.912101e+01   1.876802e+01   2.593139e+00   2.578784e+00  
813       1.919265e+01   1.884320e+01   2.585888e+00   2.570037e+00  
814       1.911509e+01   1.876242e+01   2.591776e+00   2.577006e+00  
815       1.919450e+01   1.884543e+01   2.584755e+00   2.568630e+00  
816       1.911411e+01   1.876100e+01   2.593084e+00   2.578766e+00  
817       1.918951e+01   1.884034e+01   2.585235e+00   2.568113e+00  
818       1.912262e+01   1.876995e+01   2.592002e+00   2.577804e+00  
819       1.918762e+01   1.883836e+01   2.586031e+00   2.567692e+00  
820       1.912969e+01   1.877762e+01   2.589826e+00   2.576556e+00  
821       1.918808e+01   1.883898e+01   2.585877e+00   2.566837e+00  
822       1.913714e+01   1.878567e+01   2.588359e+00   2.574677e+00  
823       1.918400e+01   1.883484e+01   2.585829e+00   2.566712e+00  
824       1.914340e+01   1.879217e+01   2.588339e+00   2.573836e+00  
825       1.918137e+01   1.883178e+01   2.587543e+00   2.567813e+00  
826       1.914609e+01   1.879563e+01   2.585974e+00   2.570949e+00  
827       1.918903e+01   1.883956e+01   2.587682e+00   2.567887e+00  
828       1.914148e+01   1.879107e+01   2.585581e+00   2.570367e+00  
829       1.918370e+01   1.883391e+01   2.588737e+00   2.568368e+00  
830       1.916046e+01   1.881049e+01   2.585801e+00   2.569545e+00  
831       1.918814e+01   1.883852e+01   2.588905e+00   2.567542e+00  
832       1.915022e+01   1.880005e+01   2.585771e+00   2.569591e+00  
833       1.918926e+01   1.883972e+01   2.588914e+00   2.567137e+00  
834       1.915530e+01   1.880493e+01   2.587186e+00   2.570338e+00  
835       1.918764e+01   1.883855e+01   2.587350e+00   2.565171e+00  
836       1.915643e+01   1.880630e+01   2.586978e+00   2.568939e+00  
837       1.919105e+01   1.884212e+01   2.587046e+00   2.564768e+00  
838       1.915335e+01   1.880351e+01   2.585926e+00   2.567493e+00  
839       1.920481e+01   1.885606e+01   2.587220e+00   2.565169e+00  
840       1.915283e+01   1.880253e+01   2.587887e+00   2.568768e+00  
841       1.918936e+01   1.884085e+01   2.584945e+00   2.563590e+00  
842       1.915224e+01   1.880176e+01   2.588549e+00   2.569314e+00  
843       1.918237e+01   1.883428e+01   2.583148e+00   2.561354e+00  
844       1.915299e+01   1.880257e+01   2.588112e+00   2.569451e+00  
845       1.918000e+01   1.883189e+01   2.583205e+00   2.561153e+00  
846       1.916352e+01   1.881370e+01   2.586646e+00   2.567954e+00  
847       1.916130e+01   1.881215e+01   2.585992e+00   2.563401e+00  
848       1.917570e+01   1.882645e+01   2.585193e+00   2.566872e+00  
849       1.916634e+01   1.881720e+01   2.586057e+00   2.563956e+00  
850       1.917068e+01   1.882157e+01   2.585301e+00   2.565093e+00  
851       1.916262e+01   1.881362e+01   2.585450e+00   2.563042e+00  
852       1.916536e+01   1.881632e+01   2.585195e+00   2.563961e+00  
853       1.916998e+01   1.882058e+01   2.586954e+00   2.565438e+00  
854       1.916956e+01   1.882036e+01   2.586246e+00   2.564679e+00  
855       1.917305e+01   1.882355e+01   2.587354e+00   2.566248e+00  
856       1.917106e+01   1.882163e+01   2.587298e+00   2.565496e+00  
857       1.917640e+01   1.882670e+01   2.588436e+00   2.567076e+00  
858       1.917219e+01   1.882241e+01   2.588596e+00   2.566875e+00  
859       1.918034e+01   1.883046e+01   2.589464e+00   2.567832e+00  
860       1.917316e+01   1.882293e+01   2.590207e+00   2.568667e+00  
861       1.918030e+01   1.883064e+01   2.588793e+00   2.566946e+00  
862       1.918228e+01   1.883174e+01   2.591788e+00   2.570630e+00  
863       1.917372e+01   1.882375e+01   2.589176e+00   2.567908e+00  
864       1.919110e+01   1.884074e+01   2.592266e+00   2.570014e+00  
865       1.916671e+01   1.881613e+01   2.591215e+00   2.569324e+00  
866       1.919370e+01   1.884312e+01   2.593615e+00   2.570617e+00  
867       1.916241e+01   1.881161e+01   2.592159e+00   2.569477e+00  
868       1.919795e+01   1.884772e+01   2.592607e+00   2.569695e+00  
869       1.915599e+01   1.880497e+01   2.593083e+00   2.569219e+00  
870       1.919839e+01   1.884837e+01   2.592104e+00   2.568662e+00  
871       1.916783e+01   1.881653e+01   2.594847e+00   2.571123e+00  
872       1.918839e+01   1.883864e+01   2.590763e+00   2.566711e+00  
873       1.915934e+01   1.880760e+01   2.595963e+00   2.572003e+00  
874       1.918894e+01   1.883882e+01   2.592473e+00   2.567802e+00  
875       1.917088e+01   1.881917e+01   2.596383e+00   2.572989e+00  
876       1.918747e+01   1.883749e+01   2.591918e+00   2.567086e+00  
877       1.916208e+01   1.881001e+01   2.596664e+00   2.574097e+00  
878       1.918448e+01   1.883453e+01   2.591858e+00   2.566541e+00  
879       1.916877e+01   1.881744e+01   2.595122e+00   2.571266e+00  
880       1.918168e+01   1.883185e+01   2.591983e+00   2.565173e+00  
881       1.915713e+01   1.880543e+01   2.595764e+00   2.571675e+00  
882       1.918994e+01   1.884031e+01   2.592057e+00   2.564724e+00  
883       1.915327e+01   1.880147e+01   2.595975e+00   2.571690e+00  
884       1.918780e+01   1.883800e+01   2.592790e+00   2.564887e+00  
885       1.915169e+01   1.880050e+01   2.594261e+00   2.568689e+00  
886       1.919019e+01   1.884037e+01   2.593058e+00   2.565136e+00  
887       1.914648e+01   1.879517e+01   2.594513e+00   2.568631e+00  
888       1.919492e+01   1.884534e+01   2.592530e+00   2.564595e+00  
889       1.914579e+01   1.879447e+01   2.595005e+00   2.568153e+00  
890       1.918449e+01   1.883493e+01   2.592264e+00   2.563279e+00  
891       1.915883e+01   1.880821e+01   2.594140e+00   2.565628e+00  
892       1.917386e+01   1.882419e+01   2.592004e+00   2.562851e+00  
893       1.915938e+01   1.880886e+01   2.593953e+00   2.565162e+00  
894       1.917460e+01   1.882511e+01   2.591324e+00   2.562332e+00  
895       1.915665e+01   1.880606e+01   2.594226e+00   2.565009e+00  
896       1.917002e+01   1.882040e+01   2.592113e+00   2.561862e+00  
897       1.914973e+01   1.879908e+01   2.593956e+00   2.564720e+00  
898       1.917511e+01   1.882625e+01   2.590561e+00   2.558502e+00  
899       1.914295e+01   1.879202e+01   2.594701e+00   2.565160e+00  
900       1.917298e+01   1.882392e+01   2.591461e+00   2.558778e+00  
901       1.913694e+01   1.878576e+01   2.595350e+00   2.565471e+00  
902       1.917064e+01   1.882146e+01   2.592359e+00   2.558496e+00  
903       1.913978e+01   1.878868e+01   2.595936e+00   2.564758e+00  
904       1.916798e+01   1.881910e+01   2.591034e+00   2.557298e+00  
905       1.913736e+01   1.878621e+01   2.595702e+00   2.564973e+00  
906       1.916421e+01   1.881540e+01   2.590864e+00   2.556337e+00  
907       1.914065e+01   1.878944e+01   2.596617e+00   2.564933e+00  
908       1.915682e+01   1.880737e+01   2.593297e+00   2.557582e+00  
909       1.914768e+01   1.879663e+01   2.596957e+00   2.564415e+00  
910       1.915467e+01   1.880545e+01   2.592736e+00   2.556198e+00  
911       1.914883e+01   1.879810e+01   2.596211e+00   2.562974e+00  
912       1.915294e+01   1.880333e+01   2.593749e+00   2.557816e+00  
913       1.915943e+01   1.880894e+01   2.597202e+00   2.561681e+00  
914       1.914703e+01   1.879642e+01   2.597353e+00   2.560700e+00  
915       1.916839e+01   1.881839e+01   2.596467e+00   2.560045e+00  
916       1.914495e+01   1.879462e+01   2.595728e+00   2.559998e+00  
917       1.916319e+01   1.881306e+01   2.596748e+00   2.559989e+00  
918       1.912626e+01   1.877473e+01   2.599442e+00   2.562461e+00  
919       1.916601e+01   1.881607e+01   2.596349e+00   2.559405e+00  
920       1.912946e+01   1.877873e+01   2.596931e+00   2.559553e+00  
921       1.916674e+01   1.881672e+01   2.597227e+00   2.559191e+00  
922       1.913282e+01   1.878222e+01   2.597253e+00   2.558797e+00  
923       1.917679e+01   1.882661e+01   2.598672e+00   2.560298e+00  
924       1.914490e+01   1.879454e+01   2.597209e+00   2.558761e+00  
925       1.917895e+01   1.882891e+01   2.598473e+00   2.559731e+00  
926       1.913863e+01   1.878790e+01   2.598203e+00   2.559547e+00  
927       1.918122e+01   1.883090e+01   2.599776e+00   2.560838e+00  
928       1.914334e+01   1.879250e+01   2.599244e+00   2.559899e+00  
929       1.918471e+01   1.883415e+01   2.600889e+00   2.561911e+00  
930       1.913627e+01   1.878497e+01   2.600165e+00   2.561443e+00  
931       1.919231e+01   1.884152e+01   2.602472e+00   2.563023e+00  
932       1.913200e+01   1.878033e+01   2.601419e+00   2.562269e+00  
933       1.919956e+01   1.884868e+01   2.602895e+00   2.564210e+00  
934       1.913289e+01   1.878142e+01   2.600670e+00   2.561681e+00  
935       1.919997e+01   1.884855e+01   2.605622e+00   2.565480e+00  
936       1.912552e+01   1.877385e+01   2.600727e+00   2.562094e+00  
937       1.920721e+01   1.885562e+01   2.607178e+00   2.566214e+00  
938       1.913350e+01   1.878140e+01   2.602949e+00   2.564121e+00  
939       1.920942e+01   1.885773e+01   2.607986e+00   2.566355e+00  
940       1.915004e+01   1.879807e+01   2.603313e+00   2.565099e+00  
941       1.920632e+01   1.885426e+01   2.609153e+00   2.567493e+00  
942       1.915282e+01   1.880025e+01   2.606144e+00   2.566935e+00  
943       1.921537e+01   1.886375e+01   2.607847e+00   2.566807e+00  
944       1.915620e+01   1.880392e+01   2.605642e+00   2.565837e+00  
945       1.921077e+01   1.885885e+01   2.608906e+00   2.567364e+00  
946       1.916603e+01   1.881357e+01   2.606813e+00   2.567290e+00  
947       1.921410e+01   1.886217e+01   2.609219e+00   2.567557e+00  
948       1.915541e+01   1.880281e+01   2.606551e+00   2.567099e+00  
949       1.921823e+01   1.886651e+01   2.608501e+00   2.567242e+00  
950       1.915114e+01   1.879850e+01   2.605945e+00   2.567397e+00  
951       1.921627e+01   1.886470e+01   2.608510e+00   2.565938e+00  
952       1.914955e+01   1.879709e+01   2.605140e+00   2.566725e+00  
953       1.921964e+01   1.886825e+01   2.607635e+00   2.565868e+00  
954       1.914910e+01   1.879642e+01   2.606772e+00   2.566619e+00  
955       1.922095e+01   1.886974e+01   2.607125e+00   2.565281e+00  
956       1.914992e+01   1.879730e+01   2.606917e+00   2.566070e+00  
957       1.922293e+01   1.887170e+01   2.607765e+00   2.565062e+00  
958       1.915024e+01   1.879754e+01   2.607220e+00   2.566441e+00  
959       1.922524e+01   1.887435e+01   2.606531e+00   2.564170e+00  
960       1.915797e+01   1.880563e+01   2.606294e+00   2.565796e+00  
961       1.923060e+01   1.888017e+01   2.604629e+00   2.563386e+00  
962       1.915928e+01   1.880743e+01   2.604870e+00   2.563782e+00  
963       1.921637e+01   1.886562e+01   2.604959e+00   2.563429e+00  
964       1.917373e+01   1.882217e+01   2.604525e+00   2.564027e+00  
965       1.921838e+01   1.886804e+01   2.603719e+00   2.562042e+00  
966       1.916511e+01   1.881331e+01   2.604812e+00   2.564281e+00  
967       1.921228e+01   1.886156e+01   2.604619e+00   2.563023e+00  
968       1.917121e+01   1.881963e+01   2.604838e+00   2.563544e+00  
969       1.921498e+01   1.886431e+01   2.605083e+00   2.562591e+00  
970       1.916178e+01   1.880981e+01   2.605953e+00   2.563933e+00  
971       1.921257e+01   1.886168e+01   2.605655e+00   2.563260e+00  
972       1.917428e+01   1.882197e+01   2.608602e+00   2.565490e+00  
973       1.921559e+01   1.886510e+01   2.604987e+00   2.561429e+00  
974       1.917231e+01   1.881935e+01   2.610796e+00   2.567779e+00  
975       1.921207e+01   1.886173e+01   2.604790e+00   2.560048e+00  
976       1.918823e+01   1.883556e+01   2.611014e+00   2.567609e+00  
977       1.920572e+01   1.885528e+01   2.604442e+00   2.560283e+00  
978       1.919346e+01   1.884051e+01   2.612122e+00   2.569224e+00  
979       1.920709e+01   1.885612e+01   2.606525e+00   2.562202e+00  
980       1.920550e+01   1.885304e+01   2.611633e+00   2.567717e+00  
981       1.920891e+01   1.885823e+01   2.605319e+00   2.561587e+00  
982       1.920347e+01   1.885045e+01   2.613466e+00   2.569696e+00  
983       1.921794e+01   1.886693e+01   2.607459e+00   2.563085e+00  
984       1.920061e+01   1.884746e+01   2.614046e+00   2.569692e+00  
985       1.922049e+01   1.886921e+01   2.608855e+00   2.563937e+00  
986       1.919799e+01   1.884407e+01   2.617221e+00   2.571757e+00  
987       1.921700e+01   1.886557e+01   2.609493e+00   2.563925e+00  
988       1.920702e+01   1.885350e+01   2.617046e+00   2.570306e+00  
989       1.922189e+01   1.887013e+01   2.610844e+00   2.565720e+00  
990       1.920670e+01   1.885309e+01   2.617462e+00   2.570463e+00  
991       1.921507e+01   1.886303e+01   2.611966e+00   2.565681e+00  
992       1.921817e+01   1.886447e+01   2.618963e+00   2.571132e+00  
993       1.921274e+01   1.886019e+01   2.613929e+00   2.567150e+00  
994       1.921357e+01   1.886028e+01   2.617142e+00   2.569388e+00  
995       1.922024e+01   1.886780e+01   2.614560e+00   2.566631e+00  
996       1.921916e+01   1.886574e+01   2.618230e+00   2.569941e+00  
997       1.921628e+01   1.886301e+01   2.617516e+00   2.569217e+00  
998       1.922463e+01   1.887161e+01   2.617270e+00   2.568796e+00  
999       1.922207e+01   1.886837e+01   2.620219e+00   2.570441e+00  
1000      1.922841e+01   1.887512e+01   2.618153e+00   2.570398e+00  
1001      1.921587e+01   1.886236e+01   2.618826e+00   2.569585e+00  
1002      1.922344e+01   1.886956e+01   2.619585e+00   2.572629e+00  
1003      1.921015e+01   1.885558e+01   2.621944e+00   2.573454e+00  
1004      1.922581e+01   1.887192e+01   2.619842e+00   2.572701e+00  
1005      1.921349e+01   1.885839e+01   2.624113e+00   2.575477e+00  
1006      1.922622e+01   1.887174e+01   2.621816e+00   2.575083e+00  
1007      1.922385e+01   1.886888e+01   2.624831e+00   2.575282e+00  
1008      1.922423e+01   1.886866e+01   2.625684e+00   2.578829e+00  
1009      1.922850e+01   1.887317e+01   2.626147e+00   2.577161e+00  
1010      1.922970e+01   1.887394e+01   2.626748e+00   2.579885e+00  
1011      1.922163e+01   1.886559e+01   2.628428e+00   2.579086e+00  
1012      1.922660e+01   1.886978e+01   2.629982e+00   2.583935e+00  
1013      1.922951e+01   1.887368e+01   2.628803e+00   2.578275e+00  
1014      1.923672e+01   1.888027e+01   2.629715e+00   2.582905e+00  
1015      1.921643e+01   1.885965e+01   2.631007e+00   2.581176e+00  
1016      1.924384e+01   1.888699e+01   2.632627e+00   2.583890e+00  
1017      1.922442e+01   1.886757e+01   2.631274e+00   2.582484e+00  
1018      1.924759e+01   1.889125e+01   2.631159e+00   2.582115e+00  
1019      1.921495e+01   1.885783e+01   2.632104e+00   2.582344e+00  
1020      1.925130e+01   1.889527e+01   2.630557e+00   2.580960e+00  
1021      1.921164e+01   1.885405e+01   2.633550e+00   2.583879e+00  
1022      1.925779e+01   1.890231e+01   2.628589e+00   2.579857e+00  
1023      1.921360e+01   1.885605e+01   2.633997e+00   2.583378e+00  
1024      1.925624e+01   1.890034e+01   2.629220e+00   2.582078e+00  
1025      1.921052e+01   1.885297e+01   2.633408e+00   2.583556e+00  
1026      1.924251e+01   1.888608e+01   2.631031e+00   2.582261e+00  
1027      1.921278e+01   1.885548e+01   2.633120e+00   2.582399e+00  
1028      1.924928e+01   1.889359e+01   2.629309e+00   2.579489e+00  
1029      1.921693e+01   1.886009e+01   2.631953e+00   2.580749e+00  
1030      1.925321e+01   1.889752e+01   2.629812e+00   2.579559e+00  
1031      1.921827e+01   1.886127e+01   2.633092e+00   2.580906e+00  
1032      1.925675e+01   1.890107e+01   2.630105e+00   2.579568e+00  
1033      1.922744e+01   1.887117e+01   2.631129e+00   2.578867e+00  
1034      1.925752e+01   1.890222e+01   2.628097e+00   2.578989e+00  
1035      1.923644e+01   1.888086e+01   2.629380e+00   2.576823e+00  
1036      1.925425e+01   1.889924e+01   2.626942e+00   2.577567e+00  
1037      1.924184e+01   1.888652e+01   2.628369e+00   2.576672e+00  
1038      1.925377e+01   1.889933e+01   2.624508e+00   2.575824e+00  
1039      1.923807e+01   1.888280e+01   2.627531e+00   2.576663e+00  
1040      1.925180e+01   1.889804e+01   2.622158e+00   2.572982e+00  
1041      1.923882e+01   1.888354e+01   2.627865e+00   2.576457e+00  
1042      1.924939e+01   1.889542e+01   2.623100e+00   2.573223e+00  
1043      1.923552e+01   1.888070e+01   2.625874e+00   2.574724e+00  
1044      1.925927e+01   1.890592e+01   2.621532e+00   2.571607e+00  
1045      1.923690e+01   1.888230e+01   2.625500e+00   2.573668e+00  
1046      1.925175e+01   1.889810e+01   2.622997e+00   2.571300e+00  
1047      1.924759e+01   1.889318e+01   2.625472e+00   2.573815e+00  
1048      1.924982e+01   1.889610e+01   2.623113e+00   2.571451e+00  
1049      1.925551e+01   1.890174e+01   2.624057e+00   2.571660e+00  
1050      1.925364e+01   1.890012e+01   2.622099e+00   2.571506e+00  
1051      1.926314e+01   1.890980e+01   2.623187e+00   2.570453e+00  
1052      1.924768e+01   1.889367e+01   2.623624e+00   2.572764e+00  
1053      1.926592e+01   1.891269e+01   2.623072e+00   2.570102e+00  
1054      1.925729e+01   1.890405e+01   2.621712e+00   2.570387e+00  
1055      1.925364e+01   1.890004e+01   2.623765e+00   2.570359e+00  
1056      1.926107e+01   1.890778e+01   2.622762e+00   2.570184e+00  
1057      1.924747e+01   1.889354e+01   2.624462e+00   2.571263e+00  
1058      1.926537e+01   1.891199e+01   2.623850e+00   2.570328e+00  
1059      1.924425e+01   1.889001e+01   2.624995e+00   2.572510e+00  
1060      1.924942e+01   1.889485e+01   2.627003e+00   2.573657e+00  
1061      1.925107e+01   1.889674e+01   2.626230e+00   2.572909e+00  
1062      1.925992e+01   1.890506e+01   2.628820e+00   2.575408e+00  
1063      1.924512e+01   1.889023e+01   2.627673e+00   2.574729e+00  
1064      1.924728e+01   1.889196e+01   2.630107e+00   2.575736e+00  
1065      1.925951e+01   1.890506e+01   2.627417e+00   2.573778e+00  
1066      1.925446e+01   1.889921e+01   2.630517e+00   2.575757e+00  
1067      1.925096e+01   1.889608e+01   2.628598e+00   2.574509e+00  
1068      1.925294e+01   1.889739e+01   2.631340e+00   2.576912e+00  
1069      1.925263e+01   1.889800e+01   2.628132e+00   2.573438e+00  
1070      1.925766e+01   1.890246e+01   2.630862e+00   2.575454e+00  
1071      1.924655e+01   1.889133e+01   2.629311e+00   2.575667e+00  
1072      1.925998e+01   1.890469e+01   2.631009e+00   2.576335e+00  
1073      1.925391e+01   1.889863e+01   2.630480e+00   2.575952e+00  
1074      1.926437e+01   1.890884e+01   2.631297e+00   2.578376e+00  
1075      1.925151e+01   1.889567e+01   2.632963e+00   2.577207e+00  
1076      1.926649e+01   1.891068e+01   2.632980e+00   2.579026e+00  
1077      1.925439e+01   1.889832e+01   2.634600e+00   2.577555e+00  
1078      1.926511e+01   1.890887e+01   2.634178e+00   2.580712e+00  
1079      1.925443e+01   1.889815e+01   2.635171e+00   2.578580e+00  
1080      1.926474e+01   1.890765e+01   2.637528e+00   2.583512e+00  
1081      1.926127e+01   1.890502e+01   2.635713e+00   2.578664e+00  
1082      1.926937e+01   1.891200e+01   2.638840e+00   2.584826e+00  
1083      1.927354e+01   1.891726e+01   2.636732e+00   2.579595e+00  
1084      1.926437e+01   1.890648e+01   2.641141e+00   2.585605e+00  
1085      1.927344e+01   1.891699e+01   2.637338e+00   2.580189e+00  
1086      1.926078e+01   1.890253e+01   2.642583e+00   2.586329e+00  
1087      1.927027e+01   1.891340e+01   2.637948e+00   2.582214e+00  
1088      1.926155e+01   1.890288e+01   2.644302e+00   2.587693e+00  
1089      1.927471e+01   1.891727e+01   2.640353e+00   2.584564e+00  
1090      1.926671e+01   1.890800e+01   2.644976e+00   2.588002e+00  
1091      1.926969e+01   1.891203e+01   2.640044e+00   2.585778e+00  
1092      1.926996e+01   1.891208e+01   2.641324e+00   2.586147e+00  
1093      1.927284e+01   1.891448e+01   2.643317e+00   2.587985e+00  
1094      1.926294e+01   1.890470e+01   2.641805e+00   2.587271e+00  
1095      1.926743e+01   1.890962e+01   2.641312e+00   2.585294e+00  
1096      1.926726e+01   1.890901e+01   2.642112e+00   2.587640e+00  
1097      1.925930e+01   1.890077e+01   2.643258e+00   2.587387e+00  
1098      1.926748e+01   1.890973e+01   2.640729e+00   2.585427e+00  
1099      1.926721e+01   1.890902e+01   2.642434e+00   2.586846e+00  
1100      1.926304e+01   1.890493e+01   2.642357e+00   2.585805e+00  
1101      1.927141e+01   1.891350e+01   2.641189e+00   2.586736e+00  
1102      1.926417e+01   1.890613e+01   2.641745e+00   2.586058e+00  
1103      1.928317e+01   1.892603e+01   2.639038e+00   2.584825e+00  
1104      1.926038e+01   1.890253e+01   2.640897e+00   2.585015e+00  
1105      1.928352e+01   1.892666e+01   2.638427e+00   2.583480e+00  
1106      1.925970e+01   1.890147e+01   2.642619e+00   2.585884e+00  
1107      1.929187e+01   1.893579e+01   2.636314e+00   2.581040e+00  
1108      1.926210e+01   1.890432e+01   2.641368e+00   2.584270e+00  
1109      1.927515e+01   1.891872e+01   2.636585e+00   2.581087e+00  
1110      1.926297e+01   1.890551e+01   2.640788e+00   2.582577e+00  
1111      1.927743e+01   1.892161e+01   2.634916e+00   2.578590e+00  
1112      1.925961e+01   1.890275e+01   2.638936e+00   2.579708e+00  
1113      1.927452e+01   1.891929e+01   2.632574e+00   2.576209e+00  
1114      1.927306e+01   1.891655e+01   2.638931e+00   2.578945e+00  
1115      1.926907e+01   1.891401e+01   2.631919e+00   2.574977e+00  
1116      1.927103e+01   1.891501e+01   2.637225e+00   2.576870e+00  
1117      1.927673e+01   1.892238e+01   2.630470e+00   2.572233e+00  
1118      1.927473e+01   1.891937e+01   2.635150e+00   2.574595e+00  
1119      1.927089e+01   1.891654e+01   2.630128e+00   2.571796e+00  
1120      1.928208e+01   1.892718e+01   2.633987e+00   2.573412e+00  
1121      1.926646e+01   1.891202e+01   2.630083e+00   2.571853e+00  
1122      1.928456e+01   1.892980e+01   2.633674e+00   2.573100e+00  
1123      1.926611e+01   1.891208e+01   2.629022e+00   2.569893e+00  
1124      1.928596e+01   1.893131e+01   2.634079e+00   2.571997e+00  
1125      1.926672e+01   1.891279e+01   2.628838e+00   2.569443e+00  
1126      1.928597e+01   1.893159e+01   2.633002e+00   2.571158e+00  
1127      1.927362e+01   1.892020e+01   2.627392e+00   2.568109e+00  
1128      1.927875e+01   1.892440e+01   2.632993e+00   2.569946e+00  
1129      1.927785e+01   1.892511e+01   2.624885e+00   2.566226e+00  
1130      1.927387e+01   1.891952e+01   2.632677e+00   2.569567e+00  
1131      1.927433e+01   1.892137e+01   2.626048e+00   2.566276e+00  
1132      1.927459e+01   1.892030e+01   2.633035e+00   2.568914e+00  
1133      1.927177e+01   1.891884e+01   2.625283e+00   2.566407e+00  
1134      1.928154e+01   1.892770e+01   2.632526e+00   2.567051e+00  
1135      1.927111e+01   1.891827e+01   2.625109e+00   2.565864e+00  
1136      1.928455e+01   1.893077e+01   2.632453e+00   2.567091e+00  
1137      1.926028e+01   1.890690e+01   2.627203e+00   2.566223e+00  
1138      1.929478e+01   1.894178e+01   2.629502e+00   2.565791e+00  
1139      1.926127e+01   1.890848e+01   2.625727e+00   2.563506e+00  
1140      1.929275e+01   1.894015e+01   2.627499e+00   2.564646e+00  
1141      1.926885e+01   1.891646e+01   2.624902e+00   2.562388e+00  
1142      1.929145e+01   1.893862e+01   2.627467e+00   2.566171e+00  
1143      1.926973e+01   1.891775e+01   2.623764e+00   2.560672e+00  
1144      1.929470e+01   1.894243e+01   2.625442e+00   2.564531e+00  
1145      1.926541e+01   1.891311e+01   2.624188e+00   2.561996e+00  
1146      1.929804e+01   1.894604e+01   2.624493e+00   2.563970e+00  
1147      1.926820e+01   1.891611e+01   2.623317e+00   2.561745e+00  
1148      1.930843e+01   1.895666e+01   2.625165e+00   2.563025e+00  
1149      1.926626e+01   1.891423e+01   2.622572e+00   2.561802e+00  
1150      1.930796e+01   1.895620e+01   2.625213e+00   2.562816e+00  
1151      1.927703e+01   1.892533e+01   2.622278e+00   2.561145e+00  
1152      1.930697e+01   1.895511e+01   2.624794e+00   2.563810e+00  
1153      1.926758e+01   1.891550e+01   2.623025e+00   2.561859e+00  
1154      1.930299e+01   1.895142e+01   2.623244e+00   2.562754e+00  
1155      1.927422e+01   1.892199e+01   2.624344e+00   2.562599e+00  
1156      1.930511e+01   1.895361e+01   2.622337e+00   2.563439e+00  
1157      1.927258e+01   1.892014e+01   2.624833e+00   2.563422e+00  
1158      1.930751e+01   1.895540e+01   2.624385e+00   2.566139e+00  
1159      1.928597e+01   1.893371e+01   2.624673e+00   2.564066e+00  
1160      1.930977e+01   1.895787e+01   2.623416e+00   2.565888e+00  
1161      1.927982e+01   1.892673e+01   2.627426e+00   2.566554e+00  
1162      1.930446e+01   1.895219e+01   2.623725e+00   2.567592e+00  
1163      1.929352e+01   1.894098e+01   2.626055e+00   2.565782e+00  
1164      1.929502e+01   1.894207e+01   2.625123e+00   2.569926e+00  
1165      1.929352e+01   1.894054e+01   2.627536e+00   2.567512e+00  
1166      1.930911e+01   1.895634e+01   2.625512e+00   2.570132e+00  
1167      1.930636e+01   1.895391e+01   2.625933e+00   2.566928e+00  
1168      1.930580e+01   1.895285e+01   2.625692e+00   2.570853e+00  
1169      1.931316e+01   1.896051e+01   2.627154e+00   2.568181e+00  
1170      1.930598e+01   1.895307e+01   2.625663e+00   2.570566e+00  
1171      1.931504e+01   1.896239e+01   2.626663e+00   2.568893e+00  
1172      1.930991e+01   1.895665e+01   2.627372e+00   2.571946e+00  
1173      1.931084e+01   1.895747e+01   2.628472e+00   2.571764e+00  
1174      1.931836e+01   1.896518e+01   2.626937e+00   2.572992e+00  
1175      1.931576e+01   1.896273e+01   2.627126e+00   2.571364e+00  
1176      1.931946e+01   1.896638e+01   2.627148e+00   2.572153e+00  
1177      1.931808e+01   1.896461e+01   2.628822e+00   2.573112e+00  
1178      1.932636e+01   1.897415e+01   2.623527e+00   2.570425e+00  
1179      1.932076e+01   1.896757e+01   2.627872e+00   2.572395e+00  
1180      1.932726e+01   1.897543e+01   2.622061e+00   2.569265e+00  
1181      1.932343e+01   1.897016e+01   2.628264e+00   2.573001e+00  
1182      1.932798e+01   1.897651e+01   2.620252e+00   2.568463e+00  
1183      1.933039e+01   1.897700e+01   2.629786e+00   2.573288e+00  
1184      1.932885e+01   1.897721e+01   2.620618e+00   2.569527e+00  
1185      1.932237e+01   1.896910e+01   2.628804e+00   2.572313e+00  
1186      1.933678e+01   1.898545e+01   2.620225e+00   2.568711e+00  
1187      1.932460e+01   1.897164e+01   2.627800e+00   2.571315e+00  
1188      1.933836e+01   1.898771e+01   2.618419e+00   2.565699e+00  
1189      1.932649e+01   1.897399e+01   2.626335e+00   2.569686e+00  
1190      1.935201e+01   1.900153e+01   2.619033e+00   2.565764e+00  
1191      1.932833e+01   1.897592e+01   2.626152e+00   2.569410e+00  
1192      1.935281e+01   1.900223e+01   2.619025e+00   2.566553e+00  
1193      1.933705e+01   1.898516e+01   2.625448e+00   2.567548e+00  
1194      1.934328e+01   1.899278e+01   2.618628e+00   2.565063e+00  
1195      1.933345e+01   1.898184e+01   2.625325e+00   2.565116e+00  
1196      1.935215e+01   1.900182e+01   2.619497e+00   2.564138e+00  
1197      1.934294e+01   1.899227e+01   2.622459e+00   2.562372e+00  
1198      1.934560e+01   1.899505e+01   2.620392e+00   2.563973e+00  
1199      1.933973e+01   1.898912e+01   2.622194e+00   2.561727e+00  
1200      1.934631e+01   1.899549e+01   2.621911e+00   2.564543e+00  
1201      1.934266e+01   1.899186e+01   2.623142e+00   2.562585e+00  
1202      1.933914e+01   1.898835e+01   2.621422e+00   2.563762e+00  
1203      1.934791e+01   1.899708e+01   2.623454e+00   2.563154e+00  
1204      1.934208e+01   1.899130e+01   2.621323e+00   2.564230e+00  
1205      1.935197e+01   1.900098e+01   2.624851e+00   2.563492e+00  
1206      1.934338e+01   1.899267e+01   2.621014e+00   2.564173e+00  
1207      1.935772e+01   1.900643e+01   2.626787e+00   2.564598e+00  
1208      1.934741e+01   1.899661e+01   2.621579e+00   2.564834e+00  
1209      1.935794e+01   1.900643e+01   2.628114e+00   2.564891e+00  
1210      1.934614e+01   1.899479e+01   2.623914e+00   2.566362e+00  
1211      1.936827e+01   1.901672e+01   2.629104e+00   2.565524e+00  
1212      1.935825e+01   1.900735e+01   2.623250e+00   2.565382e+00  
1213      1.935732e+01   1.900562e+01   2.629070e+00   2.565216e+00  
1214      1.935937e+01   1.900836e+01   2.623906e+00   2.565707e+00  
1215      1.936076e+01   1.900876e+01   2.629762e+00   2.567209e+00  
1216      1.934861e+01   1.899746e+01   2.623798e+00   2.565369e+00  
1217      1.936212e+01   1.901046e+01   2.628963e+00   2.565662e+00  
1218      1.935513e+01   1.900398e+01   2.624196e+00   2.565786e+00  
1219      1.936040e+01   1.900891e+01   2.627718e+00   2.565448e+00  
1220      1.935138e+01   1.899999e+01   2.624819e+00   2.566496e+00  
1221      1.936698e+01   1.901571e+01   2.626789e+00   2.565657e+00  
1222      1.934411e+01   1.899221e+01   2.625794e+00   2.568205e+00  
1223      1.936675e+01   1.901537e+01   2.627012e+00   2.566271e+00  
1224      1.935490e+01   1.900356e+01   2.623991e+00   2.567378e+00  
1225      1.935987e+01   1.900824e+01   2.627714e+00   2.566457e+00  
1226      1.935741e+01   1.900561e+01   2.625823e+00   2.569298e+00  
1227      1.936025e+01   1.900855e+01   2.626642e+00   2.568126e+00  
1228      1.936128e+01   1.900920e+01   2.627037e+00   2.570610e+00  
1229      1.935392e+01   1.900199e+01   2.626917e+00   2.568637e+00  
1230      1.936083e+01   1.900853e+01   2.626978e+00   2.572240e+00  
1231      1.934851e+01   1.899547e+01   2.630309e+00   2.572608e+00  
1232      1.936435e+01   1.901164e+01   2.628144e+00   2.574554e+00  
1233      1.935180e+01   1.899862e+01   2.630816e+00   2.573564e+00  
1234      1.935929e+01   1.900593e+01   2.630563e+00   2.576266e+00  
1235      1.935879e+01   1.900504e+01   2.633236e+00   2.576329e+00  
1236      1.935893e+01   1.900486e+01   2.632786e+00   2.579072e+00  
1237      1.935431e+01   1.899999e+01   2.634850e+00   2.578218e+00  
1238      1.935420e+01   1.899964e+01   2.634065e+00   2.580757e+00  
1239      1.935058e+01   1.899554e+01   2.636521e+00   2.581350e+00  
1240      1.935964e+01   1.900525e+01   2.634035e+00   2.580281e+00  
1241      1.934921e+01   1.899379e+01   2.637328e+00   2.583144e+00  
1242      1.935767e+01   1.900267e+01   2.635848e+00   2.582678e+00  
1243      1.934886e+01   1.899315e+01   2.638387e+00   2.584081e+00  
1244      1.935504e+01   1.899976e+01   2.635871e+00   2.584334e+00  
1245      1.935861e+01   1.900316e+01   2.637820e+00   2.584149e+00  
1246      1.933950e+01   1.898336e+01   2.637629e+00   2.586773e+00  
1247      1.934646e+01   1.899057e+01   2.638163e+00   2.585305e+00  
1248      1.934334e+01   1.898699e+01   2.637724e+00   2.588715e+00  
1249      1.934810e+01   1.899226e+01   2.637267e+00   2.586098e+00  
1250      1.933549e+01   1.897883e+01   2.638231e+00   2.589430e+00  
-------------------------------------------------------------------

