-------------------------------------------------------------------------------------------------------------------------------------------------------------
Snap      mu             Kin            Pot            Contact        DDI            Dmu(Contact)   Dmu(DDI)       Dmu(grad)      Rot            Lx  
-------------------------------------------------------------------------------------------------------------------------------------------------------------
0         -1.113777e+00  8.933709e-01   0.000000e+00   5.765938e+01   -8.888457e+01  2.921804e+01   0.000000e+00   0.000000e+00   -0.000000e+00  0.000000e+00  
1         -5.024662e+00  1.076699e+00   0.000000e+00   4.912567e+01   -7.587301e+01  2.064598e+01   0.000000e+00   0.000000e+00   -0.000000e+00  0.000000e+00  
2         -5.012152e+00  1.075269e+00   0.000000e+00   4.925363e+01   -7.605434e+01  2.071328e+01   0.000000e+00   0.000000e+00   -0.000000e+00  0.000000e+00  
3         -5.007163e+00  1.073169e+00   0.000000e+00   4.927572e+01   -7.608163e+01  2.072558e+01   0.000000e+00   0.000000e+00   -0.000000e+00  0.000000e+00  
4         -5.004643e+00  1.072122e+00   0.000000e+00   4.928557e+01   -7.609356e+01  2.073122e+01   0.000000e+00   0.000000e+00   -0.000000e+00  0.000000e+00  
5         -5.003309e+00  1.071582e+00   0.000000e+00   4.929076e+01   -7.609985e+01  2.073420e+01   0.000000e+00   0.000000e+00   -0.000000e+00  0.000000e+00  
6         -5.002585e+00  1.071293e+00   0.000000e+00   4.929358e+01   -7.610330e+01  2.073584e+01   0.000000e+00   0.000000e+00   -0.000000e+00  0.000000e+00  
7         -5.002185e+00  1.071136e+00   0.000000e+00   4.929515e+01   -7.610522e+01  2.073675e+01   0.000000e+00   0.000000e+00   -0.000000e+00  0.000000e+00  
8         -5.001963e+00  1.071048e+00   0.000000e+00   4.929602e+01   -7.610629e+01  2.073725e+01   0.000000e+00   0.000000e+00   -0.000000e+00  0.000000e+00  
9         -5.001838e+00  1.071000e+00   0.000000e+00   4.929651e+01   -7.610689e+01  2.073754e+01   0.000000e+00   0.000000e+00   -0.000000e+00  0.000000e+00  
10        -5.001768e+00  1.070972e+00   0.000000e+00   4.929679e+01   -7.610722e+01  2.073770e+01   0.000000e+00   0.000000e+00   -0.000000e+00  0.000000e+00  
11        -5.001729e+00  1.070957e+00   0.000000e+00   4.929694e+01   -7.610741e+01  2.073779e+01   0.000000e+00   0.000000e+00   -0.000000e+00  0.000000e+00  
12        -5.001707e+00  1.070948e+00   0.000000e+00   4.929703e+01   -7.610752e+01  2.073784e+01   0.000000e+00   0.000000e+00   -0.000000e+00  0.000000e+00  
13        -5.001694e+00  1.070944e+00   0.000000e+00   4.929708e+01   -7.610758e+01  2.073786e+01   0.000000e+00   0.000000e+00   -0.000000e+00  0.000000e+00  
14        -5.001687e+00  1.070941e+00   0.000000e+00   4.929711e+01   -7.610761e+01  2.073788e+01   0.000000e+00   0.000000e+00   -0.000000e+00  0.000000e+00  
15        -5.001683e+00  1.070939e+00   0.000000e+00   4.929712e+01   -7.610763e+01  2.073789e+01   0.000000e+00   0.000000e+00   -0.000000e+00  0.000000e+00  
-------------------------------------------------------------------------------------------------------------------------------------------------------------

