
**********************************************
Real-time propagation in 3D, OPTION = 2
MPI nodes = 8, OMP threads = 16, cores = 128
**********************************************

Interactions
Contact: Natoms = 1.50000000000e+05, as = 7.200000e+01 * a0, G = 1.293468e+04, G * par = 2.586935e+04
Three-body: K3 =  0.000000e+00, g3 = 0.000000e+00
Regular DDI: add = 1.101000e+02 * a0, GD = 4.721954e+03, GD * par =  9.443909e+03, edd = 1.529167e+00
     Dipolar cutoffs Rcut = 5.292377e+00, Lcut = 1.798985e+02

QF = 1, QDEPL = 0: h2 = 1.633919e+05, h4 = 0.000000e+00
        q3 = 0.000000e+00, q5 = 4.767205e+00

GRAD = 0

Trap parameters
GAMMA = 0.000000e+00, NU = 0.000000e+00, LAMBDA = 0.000000e+00
Parameters of rotation: OMEGA = 0.000000e+00, OMEGA * par = 0.000000e+00

Space discretization: NX = 128, NY = 128, NZ = 128
                      DX = 2.810914e+00, DY = 8.269339e-02, DZ = 8.269339e-02
      Unit of length: aho = 5.552380e-07 m

Time discretization: NITER = 2500 (NSNAP = 1250)
                     DT = 3.419098e-03

Initial state: file ./imag3d-finalpsi.bin
ADD_VORTICES = 0, ADD_RANDOM_PHASE = 0


MUREL = 1.000000e-12, MUEND=1.000000e+05

-------------------------------------------------------------------
Snap      Na             QD             mu             <r>
-------------------------------------------------------------------
0         1.50089235804e+05   0.000000e+00   -5.040979e+00  1.800694e+01  
1         1.50089235561e+05   0.000000e+00   -5.043788e+00  1.800693e+01  
2         1.50089234777e+05   0.000000e+00   -5.046611e+00  1.800692e+01  
3         1.50089234189e+05   0.000000e+00   -5.048859e+00  1.800691e+01  
4         1.50089232616e+05   0.000000e+00   -5.050177e+00  1.800690e+01  
5         1.50089230986e+05   0.000000e+00   -5.050428e+00  1.800689e+01  
6         1.50089228157e+05   0.000000e+00   -5.049620e+00  1.800688e+01  
7         1.50089225093e+05   0.000000e+00   -5.047842e+00  1.800686e+01  
8         1.50089220957e+05   0.000000e+00   -5.045201e+00  1.800685e+01  
9         1.50089216749e+05   0.000000e+00   -5.041832e+00  1.800683e+01  
10        1.50089211581e+05   0.000000e+00   -5.037895e+00  1.800681e+01  
11        1.50089206710e+05   0.000000e+00   -5.033532e+00  1.800680e+01  
12        1.50089201339e+05   0.000000e+00   -5.028849e+00  1.800678e+01  
13        1.50089195652e+05   0.000000e+00   -5.023925e+00  1.800676e+01  
14        1.50089189826e+05   0.000000e+00   -5.018811e+00  1.800674e+01  
15        1.50089184844e+05   0.000000e+00   -5.013517e+00  1.800672e+01  
16        1.50089178391e+05   0.000000e+00   -5.008022e+00  1.800670e+01  
17        1.50089171858e+05   0.000000e+00   -5.002317e+00  1.800668e+01  
18        1.50089165374e+05   0.000000e+00   -4.996455e+00  1.800666e+01  
19        1.50089158431e+05   0.000000e+00   -4.990563e+00  1.800665e+01  
20        1.50089151091e+05   0.000000e+00   -4.984830e+00  1.800663e+01  
21        1.50089143585e+05   0.000000e+00   -4.979471e+00  1.800662e+01  
22        1.50089135261e+05   0.000000e+00   -4.974695e+00  1.800660e+01  
23        1.50089126748e+05   0.000000e+00   -4.970669e+00  1.800659e+01  
24        1.50089117480e+05   0.000000e+00   -4.967507e+00  1.800658e+01  
25        1.50089107707e+05   0.000000e+00   -4.965265e+00  1.800657e+01  
26        1.50089097415e+05   0.000000e+00   -4.963943e+00  1.800656e+01  
27        1.50089086359e+05   0.000000e+00   -4.963498e+00  1.800656e+01  
28        1.50089074979e+05   0.000000e+00   -4.963858e+00  1.800655e+01  
29        1.50089062697e+05   0.000000e+00   -4.964932e+00  1.800655e+01  
30        1.50089050244e+05   0.000000e+00   -4.966621e+00  1.800655e+01  
31        1.50089036857e+05   0.000000e+00   -4.968825e+00  1.800656e+01  
32        1.50089023378e+05   0.000000e+00   -4.971452e+00  1.800656e+01  
33        1.50089008929e+05   0.000000e+00   -4.974414e+00  1.800657e+01  
34        1.50088994348e+05   0.000000e+00   -4.977638e+00  1.800657e+01  
35        1.50088978809e+05   0.000000e+00   -4.981058e+00  1.800658e+01  
36        1.50088963181e+05   0.000000e+00   -4.984621e+00  1.800659e+01  
37        1.50088946698e+05   0.000000e+00   -4.988280e+00  1.800660e+01  
38        1.50088930109e+05   0.000000e+00   -4.991996e+00  1.800662e+01  
39        1.50088912705e+05   0.000000e+00   -4.995733e+00  1.800663e+01  
40        1.50088895230e+05   0.000000e+00   -4.999463e+00  1.800665e+01  
41        1.50088877049e+05   0.000000e+00   -5.003158e+00  1.800666e+01  
42        1.50088858799e+05   0.000000e+00   -5.006795e+00  1.800668e+01  
43        1.50088839896e+05   0.000000e+00   -5.010354e+00  1.800670e+01  
44        1.50088820863e+05   0.000000e+00   -5.013815e+00  1.800671e+01  
45        1.50088801169e+05   0.000000e+00   -5.017161e+00  1.800673e+01  
46        1.50088781420e+05   0.000000e+00   -5.020377e+00  1.800675e+01  
47        1.50088761304e+05   0.000000e+00   -5.023450e+00  1.800677e+01  
48        1.50088741307e+05   0.000000e+00   -5.026367e+00  1.800678e+01  
49        1.50088720998e+05   0.000000e+00   -5.029118e+00  1.800680e+01  
50        1.50088700725e+05   0.000000e+00   -5.031691e+00  1.800682e+01  
51        1.50088680149e+05   0.000000e+00   -5.034079e+00  1.800683e+01  
52        1.50088659620e+05   0.000000e+00   -5.036273e+00  1.800685e+01  
53        1.50088638808e+05   0.000000e+00   -5.038266e+00  1.800686e+01  
54        1.50088618077e+05   0.000000e+00   -5.040051e+00  1.800687e+01  
55        1.50088597194e+05   0.000000e+00   -5.041626e+00  1.800689e+01  
56        1.50088576451e+05   0.000000e+00   -5.042985e+00  1.800690e+01  
57        1.50088555652e+05   0.000000e+00   -5.044127e+00  1.800691e+01  
58        1.50088535087e+05   0.000000e+00   -5.045050e+00  1.800692e+01  
59        1.50088514545e+05   0.000000e+00   -5.045755e+00  1.800693e+01  
60        1.50088494308e+05   0.000000e+00   -5.046241e+00  1.800693e+01  
61        1.50088474289e+05   0.000000e+00   -5.046510e+00  1.800694e+01  
62        1.50088454631e+05   0.000000e+00   -5.046565e+00  1.800694e+01  
63        1.50088435136e+05   0.000000e+00   -5.046412e+00  1.800695e+01  
64        1.50088416015e+05   0.000000e+00   -5.046058e+00  1.800695e+01  
65        1.50088397249e+05   0.000000e+00   -5.045508e+00  1.800695e+01  
66        1.50088378920e+05   0.000000e+00   -5.044767e+00  1.800695e+01  
67        1.50088360970e+05   0.000000e+00   -5.043839e+00  1.800695e+01  
68        1.50088343426e+05   0.000000e+00   -5.042732e+00  1.800694e+01  
69        1.50088326283e+05   0.000000e+00   -5.041457e+00  1.800694e+01  
70        1.50088309581e+05   0.000000e+00   -5.040029e+00  1.800694e+01  
71        1.50088293339e+05   0.000000e+00   -5.038463e+00  1.800693e+01  
72        1.50088277507e+05   0.000000e+00   -5.036772e+00  1.800692e+01  
73        1.50088262241e+05   0.000000e+00   -5.034968e+00  1.800691e+01  
74        1.50088247349e+05   0.000000e+00   -5.033059e+00  1.800691e+01  
75        1.50088233036e+05   0.000000e+00   -5.031049e+00  1.800690e+01  
76        1.50088219160e+05   0.000000e+00   -5.028943e+00  1.800689e+01  
77        1.50088205807e+05   0.000000e+00   -5.026752e+00  1.800688e+01  
78        1.50088192858e+05   0.000000e+00   -5.024499e+00  1.800687e+01  
79        1.50088180506e+05   0.000000e+00   -5.022213e+00  1.800686e+01  
80        1.50088168459e+05   0.000000e+00   -5.019921e+00  1.800684e+01  
81        1.50088157101e+05   0.000000e+00   -5.017640e+00  1.800683e+01  
82        1.50088145981e+05   0.000000e+00   -5.015372e+00  1.800682e+01  
83        1.50088135453e+05   0.000000e+00   -5.013123e+00  1.800681e+01  
84        1.50088125206e+05   0.000000e+00   -5.010905e+00  1.800680e+01  
85        1.50088115519e+05   0.000000e+00   -5.008738e+00  1.800679e+01  
86        1.50088106116e+05   0.000000e+00   -5.006637e+00  1.800678e+01  
87        1.50088097220e+05   0.000000e+00   -5.004613e+00  1.800677e+01  
88        1.50088088518e+05   0.000000e+00   -5.002675e+00  1.800676e+01  
89        1.50088080350e+05   0.000000e+00   -5.000825e+00  1.800675e+01  
90        1.50088072175e+05   0.000000e+00   -4.999059e+00  1.800674e+01  
91        1.50088064474e+05   0.000000e+00   -4.997379e+00  1.800674e+01  
92        1.50088056631e+05   0.000000e+00   -4.995803e+00  1.800673e+01  
93        1.50088049078e+05   0.000000e+00   -4.994365e+00  1.800672e+01  
94        1.50088041407e+05   0.000000e+00   -4.993104e+00  1.800672e+01  
95        1.50088033925e+05   0.000000e+00   -4.992049e+00  1.800672e+01  
96        1.50088026285e+05   0.000000e+00   -4.991215e+00  1.800671e+01  
97        1.50088018610e+05   0.000000e+00   -4.990606e+00  1.800671e+01  
98        1.50088010720e+05   0.000000e+00   -4.990217e+00  1.800671e+01  
99        1.50088002699e+05   0.000000e+00   -4.990030e+00  1.800671e+01  
100       1.50087994302e+05   0.000000e+00   -4.990009e+00  1.800671e+01  
101       1.50087985545e+05   0.000000e+00   -4.990114e+00  1.800672e+01  
102       1.50087975921e+05   0.000000e+00   -4.990312e+00  1.800672e+01  
103       1.50087965521e+05   0.000000e+00   -4.990591e+00  1.800673e+01  
104       1.50087953885e+05   0.000000e+00   -4.990963e+00  1.800674e+01  
105       1.50087941392e+05   0.000000e+00   -4.991458e+00  1.800674e+01  
106       1.50087927142e+05   0.000000e+00   -4.992114e+00  1.800675e+01  
107       1.50087911155e+05   0.000000e+00   -4.992966e+00  1.800676e+01  
108       1.50087892518e+05   0.000000e+00   -4.994027e+00  1.800677e+01  
109       1.50087871877e+05   0.000000e+00   -4.995294e+00  1.800679e+01  
110       1.50087848847e+05   0.000000e+00   -4.996746e+00  1.800680e+01  
111       1.50087823316e+05   0.000000e+00   -4.998357e+00  1.800681e+01  
112       1.50087794181e+05   0.000000e+00   -5.000097e+00  1.800683e+01  
113       1.50087760798e+05   0.000000e+00   -5.001934e+00  1.800685e+01  
114       1.50087721889e+05   0.000000e+00   -5.003834e+00  1.800686e+01  
115       1.50087676413e+05   0.000000e+00   -5.005761e+00  1.800688e+01  
116       1.50087622945e+05   0.000000e+00   -5.007683e+00  1.800690e+01  
117       1.50087560274e+05   0.000000e+00   -5.009577e+00  1.800692e+01  
118       1.50087486473e+05   0.000000e+00   -5.011440e+00  1.800694e+01  
119       1.50087399756e+05   0.000000e+00   -5.013282e+00  1.800696e+01  
120       1.50087297901e+05   0.000000e+00   -5.015118e+00  1.800698e+01  
121       1.50087178664e+05   0.000000e+00   -5.016956e+00  1.800701e+01  
122       1.50087038481e+05   0.000000e+00   -5.018778e+00  1.800703e+01  
123       1.50086873356e+05   0.000000e+00   -5.020544e+00  1.800706e+01  
124       1.50086678013e+05   0.000000e+00   -5.022184e+00  1.800709e+01  
125       1.50086446623e+05   0.000000e+00   -5.023608e+00  1.800712e+01  
126       1.50086171354e+05   0.000000e+00   -5.024704e+00  1.800715e+01  
127       1.50085841866e+05   0.000000e+00   -5.025344e+00  1.800718e+01  
128       1.50085444739e+05   0.000000e+00   -5.025379e+00  1.800722e+01  
129       1.50084962687e+05   0.000000e+00   -5.024621e+00  1.800726e+01  
130       1.50084374165e+05   0.000000e+00   -5.022827e+00  1.800731e+01  
131       1.50083651286e+05   0.000000e+00   -5.019668e+00  1.800737e+01  
132       1.50082758247e+05   0.000000e+00   -5.014700e+00  1.800744e+01  
133       1.50081645659e+05   0.000000e+00   -5.007324e+00  1.800752e+01  
134       1.50080244044e+05   0.000000e+00   -4.996750e+00  1.800762e+01  
135       1.50078453122e+05   0.000000e+00   -4.981973e+00  1.800774e+01  
136       1.50076131306e+05   0.000000e+00   -4.961773e+00  1.800789e+01  
137       1.50073085448e+05   0.000000e+00   -4.934752e+00  1.800809e+01  
138       1.50069066547e+05   0.000000e+00   -4.899407e+00  1.800835e+01  
139       1.50063776705e+05   0.000000e+00   -4.854225e+00  1.800868e+01  
140       1.50056894194e+05   0.000000e+00   -4.797760e+00  1.800911e+01  
141       1.50048115639e+05   0.000000e+00   -4.728698e+00  1.800966e+01  
142       1.50037211200e+05   0.000000e+00   -4.645919e+00  1.801034e+01  
143       1.50024083348e+05   0.000000e+00   -4.548532e+00  1.801116e+01  
144       1.50008802630e+05   0.000000e+00   -4.435919e+00  1.801212e+01  
145       1.49991603008e+05   0.000000e+00   -4.307875e+00  1.801321e+01  
146       1.49972840186e+05   0.000000e+00   -4.164813e+00  1.801441e+01  
147       1.49952929176e+05   0.000000e+00   -4.007858e+00  1.801571e+01  
148       1.49932288140e+05   0.000000e+00   -3.838790e+00  1.801709e+01  
149       1.49911330905e+05   0.000000e+00   -3.659912e+00  1.801853e+01  
150       1.49890504790e+05   0.000000e+00   -3.473918e+00  1.802002e+01  
151       1.49870290782e+05   0.000000e+00   -3.283700e+00  1.802153e+01  
152       1.49851198212e+05   0.000000e+00   -3.092120e+00  1.802306e+01  
153       1.49833661216e+05   0.000000e+00   -2.901824e+00  1.802456e+01  
154       1.49818039362e+05   0.000000e+00   -2.715195e+00  1.802603e+01  
155       1.49804538062e+05   0.000000e+00   -2.534531e+00  1.802745e+01  
156       1.49793268752e+05   0.000000e+00   -2.362105e+00  1.802880e+01  
157       1.49784330942e+05   0.000000e+00   -2.200037e+00  1.803009e+01  
158       1.49777878198e+05   0.000000e+00   -2.050215e+00  1.803130e+01  
159       1.49774087852e+05   0.000000e+00   -1.914430e+00  1.803242e+01  
160       1.49772939030e+05   0.000000e+00   -1.794617e+00  1.803343e+01  
161       1.49774251395e+05   0.000000e+00   -1.692574e+00  1.803435e+01  
162       1.49777625221e+05   0.000000e+00   -1.609525e+00  1.803517e+01  
163       1.49782526933e+05   0.000000e+00   -1.545645e+00  1.803593e+01  
164       1.49788492570e+05   0.000000e+00   -1.499844e+00  1.803663e+01  
165       1.49795158588e+05   0.000000e+00   -1.469874e+00  1.803727e+01  
166       1.49801863879e+05   0.000000e+00   -1.452497e+00  1.803787e+01  
167       1.49806680128e+05   0.000000e+00   -1.442534e+00  1.803850e+01  
168       1.49799263240e+05   0.000000e+00   -1.417852e+00  1.803953e+01  
169       1.49683094569e+05   0.000000e+00   -1.771667e-01  1.804451e+01  
170       1.49806963126e+05   0.000000e+00   -1.392579e+00  1.804058e+01  
171       1.49885523108e+05   0.000000e+00   -1.480958e+00  1.803823e+01  
172       1.49832058168e+05   0.000000e+00   -1.523816e+00  1.804067e+01  
173       1.49877194330e+05   0.000000e+00   -1.537336e+00  1.803940e+01  
174       1.49863654391e+05   0.000000e+00   -1.567544e+00  1.804017e+01  
175       1.49869418732e+05   0.000000e+00   -1.562243e+00  1.804014e+01  
176       1.49885639986e+05   0.000000e+00   -1.623765e+00  1.803956e+01  
177       1.49867273326e+05   0.000000e+00   -1.611193e+00  1.804014e+01  
178       1.49904519723e+05   0.000000e+00   -1.669384e+00  1.803846e+01  
179       1.49859828012e+05   0.000000e+00   -1.645100e+00  1.803967e+01  
180       1.49917609811e+05   0.000000e+00   -1.691225e+00  1.803687e+01  
181       1.49861472729e+05   0.000000e+00   -1.661168e+00  1.803813e+01  
182       1.49927646743e+05   0.000000e+00   -1.694077e+00  1.803463e+01  
183       1.49872213588e+05   0.000000e+00   -1.662871e+00  1.803546e+01  
184       1.49937723837e+05   0.000000e+00   -1.683283e+00  1.803160e+01  
185       1.49890657222e+05   0.000000e+00   -1.652459e+00  1.803170e+01  
186       1.49948065328e+05   0.000000e+00   -1.660441e+00  1.802775e+01  
187       1.49911868267e+05   0.000000e+00   -1.627763e+00  1.802700e+01  
188       1.49958203318e+05   0.000000e+00   -1.623961e+00  1.802306e+01  
189       1.49930541626e+05   0.000000e+00   -1.585262e+00  1.802157e+01  
190       1.49966124744e+05   0.000000e+00   -1.570637e+00  1.801766e+01  
191       1.49940689721e+05   0.000000e+00   -1.521950e+00  1.801570e+01  
192       1.49968287400e+05   0.000000e+00   -1.497368e+00  1.801177e+01  
193       1.49937629709e+05   0.000000e+00   -1.434802e+00  1.800967e+01  
194       1.49960574364e+05   0.000000e+00   -1.399379e+00  1.800565e+01  
195       1.49918427541e+05   0.000000e+00   -1.319275e+00  1.800372e+01  
196       1.49939642835e+05   0.000000e+00   -1.270479e+00  1.799957e+01  
197       1.49881982226e+05   0.000000e+00   -1.169380e+00  1.799802e+01  
198       1.49903465273e+05   0.000000e+00   -1.103356e+00  1.799372e+01  
199       1.49828955462e+05   0.000000e+00   -9.780455e-01  1.799267e+01  
200       1.49851596344e+05   0.000000e+00   -8.902277e-01  1.798826e+01  
201       1.49761927924e+05   0.000000e+00   -7.381068e-01  1.798774e+01  
202       1.49786270106e+05   0.000000e+00   -6.246497e-01  1.798327e+01  
203       1.49685755251e+05   0.000000e+00   -4.445198e-01  1.798317e+01  
204       1.49713321268e+05   0.000000e+00   -3.038161e-01  1.797860e+01  
205       1.49607669216e+05   0.000000e+00   -9.717731e-02  1.797877e+01  
206       1.49641537687e+05   0.000000e+00   6.861949e-02   1.797402e+01  
207       1.49535540214e+05   0.000000e+00   2.977586e-01   1.797433e+01  
208       1.49575665535e+05   0.000000e+00   4.902433e-01   1.796941e+01  
209       1.49463028950e+05   0.000000e+00   7.513546e-01   1.797013e+01  
210       1.49504439198e+05   0.000000e+00   9.837109e-01   1.796524e+01  
211       1.49389727205e+05   0.000000e+00   1.276266e+00   1.796634e+01  
212       1.49443134548e+05   0.000000e+00   1.527060e+00   1.796130e+01  
213       1.49314998312e+05   0.000000e+00   1.831173e+00   1.796330e+01  
214       1.49350776804e+05   0.000000e+00   2.104163e+00   1.795916e+01  
215       1.49209677569e+05   0.000000e+00   2.436491e+00   1.796213e+01  
216       1.49259758159e+05   0.000000e+00   2.740601e+00   1.795816e+01  
217       1.49038778127e+05   0.000000e+00   3.880003e+00   1.796651e+01  
218       1.49201678837e+05   0.000000e+00   3.568490e+00   1.795513e+01  
219       1.48896941607e+05   0.000000e+00   4.128492e+00   1.796895e+01  
220       1.48726124974e+05   0.000000e+00   5.170895e+00   1.797883e+01  
221       1.48390504403e+05   0.000000e+00   9.948965e+00   1.799381e+01  
222       1.48385441549e+05   0.000000e+00   8.100598e+00   1.799377e+01  
223       1.48951054766e+05   0.000000e+00   6.453294e+00   1.796113e+01  
224       1.48771068746e+05   0.000000e+00   7.514901e+00   1.797363e+01  
225       1.48698788372e+05   0.000000e+00   8.202640e+00   1.797280e+01  
226       1.48484743849e+05   0.000000e+00   8.581856e+00   1.798443e+01  
227       1.48833413933e+05   0.000000e+00   9.931339e+00   1.796691e+01  
228       1.48266647576e+05   0.000000e+00   1.284696e+01   1.799277e+01  
229       1.48417865470e+05   0.000000e+00   1.157842e+01   1.799071e+01  
230       1.48263314351e+05   0.000000e+00   1.502254e+01   1.800627e+01  
231       1.48237749354e+05   0.000000e+00   1.261881e+01   1.800810e+01  
232       1.49168576425e+05   0.000000e+00   1.403078e+01   1.797698e+01  
233       1.48183183311e+05   0.000000e+00   1.575684e+01   1.802304e+01  
234       1.48754393266e+05   0.000000e+00   1.323844e+01   1.800256e+01  
235       1.48829054195e+05   0.000000e+00   1.564604e+01   1.800958e+01  
236       1.49003324922e+05   0.000000e+00   1.655851e+01   1.800034e+01  
237       1.48731831396e+05   0.000000e+00   1.567751e+01   1.801984e+01  
238       1.48783676446e+05   0.000000e+00   1.524669e+01   1.802836e+01  
239       1.48601389755e+05   0.000000e+00   1.537303e+01   1.803359e+01  
240       1.48723053755e+05   0.000000e+00   1.874980e+01   1.803267e+01  
241       1.48496711898e+05   0.000000e+00   1.818025e+01   1.804127e+01  
242       1.48867320763e+05   0.000000e+00   1.589810e+01   1.803360e+01  
243       1.49031077346e+05   0.000000e+00   1.598504e+01   1.805770e+01  
244       1.48780976753e+05   0.000000e+00   1.575255e+01   1.804639e+01  
245       1.49034722943e+05   0.000000e+00   1.570888e+01   1.805933e+01  
246       1.48843181982e+05   0.000000e+00   1.607523e+01   1.805799e+01  
247       1.49043532255e+05   0.000000e+00   1.587867e+01   1.807144e+01  
248       1.48942588748e+05   0.000000e+00   1.600313e+01   1.806726e+01  
249       1.48962412878e+05   0.000000e+00   1.613432e+01   1.808058e+01  
250       1.48913925647e+05   0.000000e+00   1.680199e+01   1.807693e+01  
251       1.48976168967e+05   0.000000e+00   1.661603e+01   1.809483e+01  
252       1.48918190143e+05   0.000000e+00   1.668629e+01   1.808623e+01  
253       1.49037612978e+05   0.000000e+00   1.696189e+01   1.810996e+01  
254       1.48780746929e+05   0.000000e+00   1.762609e+01   1.809933e+01  
255       1.49091373788e+05   0.000000e+00   1.797481e+01   1.811542e+01  
256       1.48818280895e+05   0.000000e+00   1.759963e+01   1.811605e+01  
257       1.49289008220e+05   0.000000e+00   1.785266e+01   1.812824e+01  
258       1.48566476161e+05   0.000000e+00   1.940970e+01   1.813475e+01  
259       1.49548691264e+05   0.000000e+00   1.876830e+01   1.813871e+01  
260       1.48543851131e+05   0.000000e+00   1.946614e+01   1.814467e+01  
261       1.49419363312e+05   0.000000e+00   1.973574e+01   1.814903e+01  
262       1.48562752485e+05   0.000000e+00   1.994512e+01   1.815474e+01  
263       1.49320484598e+05   0.000000e+00   2.191333e+01   1.815721e+01  
264       1.48821806612e+05   0.000000e+00   2.168437e+01   1.815248e+01  
265       1.49491034111e+05   0.000000e+00   2.367742e+01   1.815933e+01  
266       1.48780222207e+05   0.000000e+00   2.357399e+01   1.815151e+01  
267       1.49443943243e+05   0.000000e+00   2.209984e+01   1.817763e+01  
268       1.48774878957e+05   0.000000e+00   2.235706e+01   1.816219e+01  
269       1.49611803949e+05   0.000000e+00   2.237222e+01   1.819407e+01  
270       1.49031776438e+05   0.000000e+00   2.206663e+01   1.817582e+01  
271       1.49799653547e+05   0.000000e+00   2.201784e+01   1.819594e+01  
272       1.49009460908e+05   0.000000e+00   2.210468e+01   1.818415e+01  
273       1.49830913237e+05   0.000000e+00   2.232537e+01   1.819787e+01  
274       1.49102689689e+05   0.000000e+00   2.258237e+01   1.818998e+01  
275       1.49819123640e+05   0.000000e+00   2.313285e+01   1.820618e+01  
276       1.49111266849e+05   0.000000e+00   2.362058e+01   1.819577e+01  
277       1.50125771851e+05   0.000000e+00   2.303737e+01   1.819914e+01  
278       1.49421370300e+05   0.000000e+00   2.338089e+01   1.819875e+01  
279       1.50232077760e+05   0.000000e+00   3.030854e+01   1.820477e+01  
280       1.49452046499e+05   0.000000e+00   2.417880e+01   1.820094e+01  
281       1.50189611064e+05   0.000000e+00   2.540891e+01   1.820504e+01  
282       1.49465394521e+05   0.000000e+00   2.456127e+01   1.821872e+01  
283       1.50105271312e+05   0.000000e+00   2.527505e+01   1.821928e+01  
284       1.49619917831e+05   0.000000e+00   2.704590e+01   1.822164e+01  
285       1.50042848158e+05   0.000000e+00   2.840223e+01   1.822158e+01  
286       1.49761831657e+05   0.000000e+00   2.585648e+01   1.822586e+01  
287       1.49869559506e+05   0.000000e+00   2.676865e+01   1.822904e+01  
288       1.49621024144e+05   0.000000e+00   2.594157e+01   1.824118e+01  
289       1.49938254739e+05   0.000000e+00   2.556153e+01   1.822800e+01  
290       1.49807440300e+05   0.000000e+00   2.549583e+01   1.824170e+01  
291       1.49908116760e+05   0.000000e+00   2.551564e+01   1.822913e+01  
292       1.49805009207e+05   0.000000e+00   2.549323e+01   1.824701e+01  
293       1.49994058613e+05   0.000000e+00   2.554666e+01   1.823344e+01  
294       1.49713917834e+05   0.000000e+00   2.564948e+01   1.825200e+01  
295       1.49807296929e+05   0.000000e+00   2.577472e+01   1.823334e+01  
296       1.49811256601e+05   0.000000e+00   2.569842e+01   1.826056e+01  
297       1.49799861171e+05   0.000000e+00   2.577417e+01   1.824041e+01  
298       1.49808357387e+05   0.000000e+00   2.578510e+01   1.826053e+01  
299       1.49775285617e+05   0.000000e+00   2.589842e+01   1.825168e+01  
300       1.49685905785e+05   0.000000e+00   2.590847e+01   1.826314e+01  
301       1.49952450866e+05   0.000000e+00   2.593087e+01   1.824920e+01  
302       1.49757373302e+05   0.000000e+00   2.588745e+01   1.826821e+01  
303       1.50034759821e+05   0.000000e+00   2.594541e+01   1.823744e+01  
304       1.49850824499e+05   0.000000e+00   2.600696e+01   1.827160e+01  
305       1.50108820252e+05   0.000000e+00   2.602461e+01   1.823472e+01  
306       1.49934088020e+05   0.000000e+00   2.604590e+01   1.827100e+01  
307       1.49987741218e+05   0.000000e+00   2.612608e+01   1.824755e+01  
308       1.49874684335e+05   0.000000e+00   2.614011e+01   1.826505e+01  
309       1.50100859650e+05   0.000000e+00   2.622770e+01   1.825306e+01  
310       1.50105010328e+05   0.000000e+00   2.612534e+01   1.825931e+01  
311       1.50151110683e+05   0.000000e+00   2.622559e+01   1.824824e+01  
312       1.50037579560e+05   0.000000e+00   2.626516e+01   1.826350e+01  
313       1.50054132200e+05   0.000000e+00   2.630867e+01   1.825459e+01  
314       1.49988055175e+05   0.000000e+00   2.628410e+01   1.827063e+01  
315       1.50050979002e+05   0.000000e+00   2.627765e+01   1.825963e+01  
316       1.49959833069e+05   0.000000e+00   2.630295e+01   1.827917e+01  
317       1.50094192605e+05   0.000000e+00   2.646154e+01   1.826544e+01  
318       1.49771055350e+05   0.000000e+00   2.805050e+01   1.827423e+01  
319       1.49904473065e+05   0.000000e+00   2.658863e+01   1.826934e+01  
320       1.49951515803e+05   0.000000e+00   2.657305e+01   1.826401e+01  
321       1.49956580259e+05   0.000000e+00   2.669662e+01   1.826561e+01  
322       1.50303336287e+05   0.000000e+00   2.869275e+01   1.826835e+01  
323       1.49914087691e+05   0.000000e+00   2.674241e+01   1.827457e+01  
324       1.50051415190e+05   0.000000e+00   2.667135e+01   1.827526e+01  
325       1.49884449589e+05   0.000000e+00   2.713989e+01   1.826750e+01  
326       1.50017922421e+05   0.000000e+00   2.701893e+01   1.826393e+01  
327       1.49813342287e+05   0.000000e+00   2.716284e+01   1.827870e+01  
328       1.50000219221e+05   0.000000e+00   2.710907e+01   1.827535e+01  
329       1.49968780004e+05   0.000000e+00   2.714820e+01   1.826528e+01  
330       1.50080155963e+05   0.000000e+00   2.714362e+01   1.827030e+01  
331       1.49939838507e+05   0.000000e+00   2.726235e+01   1.827412e+01  
332       1.49952158302e+05   0.000000e+00   2.724198e+01   1.827228e+01  
333       1.50134977841e+05   0.000000e+00   2.727133e+01   1.826521e+01  
334       1.49784754782e+05   0.000000e+00   2.736213e+01   1.827321e+01  
335       1.50052954512e+05   0.000000e+00   2.729876e+01   1.826741e+01  
336       1.50049403386e+05   0.000000e+00   2.727384e+01   1.826830e+01  
337       1.50308950759e+05   0.000000e+00   2.722429e+01   1.826493e+01  
338       1.50094213390e+05   0.000000e+00   2.729854e+01   1.826833e+01  
339       1.50270432069e+05   0.000000e+00   2.728436e+01   1.826111e+01  
340       1.50184837459e+05   0.000000e+00   2.731506e+01   1.826589e+01  
341       1.50311175147e+05   0.000000e+00   2.728064e+01   1.826394e+01  
342       1.50185557453e+05   0.000000e+00   2.732440e+01   1.828058e+01  
343       1.50270934619e+05   0.000000e+00   2.734724e+01   1.826413e+01  
344       1.50157535008e+05   0.000000e+00   2.738490e+01   1.827641e+01  
345       1.50159521187e+05   0.000000e+00   2.742081e+01   1.827483e+01  
346       1.50274840858e+05   0.000000e+00   2.734089e+01   1.827014e+01  
347       1.50070043881e+05   0.000000e+00   2.748716e+01   1.827954e+01  
348       1.50089497299e+05   0.000000e+00   2.749482e+01   1.828271e+01  
349       1.50404267530e+05   0.000000e+00   2.746832e+01   1.827427e+01  
350       1.50071920344e+05   0.000000e+00   2.764717e+01   1.828488e+01  
351       1.50494910136e+05   0.000000e+00   3.030250e+01   1.826675e+01  
352       1.49931924478e+05   0.000000e+00   3.059904e+01   1.828215e+01  
353       1.50360052955e+05   0.000000e+00   3.124411e+01   1.827726e+01  
354       1.50479525796e+05   0.000000e+00   3.502238e+01   1.827530e+01  
355       1.50287232650e+05   0.000000e+00   2.849198e+01   1.828859e+01  
356       1.50277337708e+05   0.000000e+00   2.802338e+01   1.828544e+01  
357       1.50241627420e+05   0.000000e+00   2.793709e+01   1.829699e+01  
358       1.50426967963e+05   0.000000e+00   2.790927e+01   1.828330e+01  
359       1.50159534419e+05   0.000000e+00   2.800435e+01   1.830136e+01  
360       1.50452629451e+05   0.000000e+00   2.795497e+01   1.828742e+01  
361       1.50219259623e+05   0.000000e+00   2.794569e+01   1.830032e+01  
362       1.50655340680e+05   0.000000e+00   2.786970e+01   1.828099e+01  
363       1.49880093059e+05   0.000000e+00   2.799216e+01   1.830600e+01  
364       1.50686701942e+05   0.000000e+00   2.795018e+01   1.828387e+01  
365       1.49880662607e+05   0.000000e+00   2.802945e+01   1.831689e+01  
366       1.50530278281e+05   0.000000e+00   2.799202e+01   1.828291e+01  
367       1.49837741491e+05   0.000000e+00   2.812091e+01   1.832990e+01  
368       1.50465615653e+05   0.000000e+00   2.810073e+01   1.829566e+01  
369       1.49904422807e+05   0.000000e+00   2.815940e+01   1.832729e+01  
370       1.50549773776e+05   0.000000e+00   2.810909e+01   1.829867e+01  
371       1.49980343117e+05   0.000000e+00   2.819529e+01   1.832922e+01  
372       1.50635073337e+05   0.000000e+00   2.817609e+01   1.830430e+01  
373       1.49943277649e+05   0.000000e+00   2.825481e+01   1.833914e+01  
374       1.50977330846e+05   0.000000e+00   2.803203e+01   1.829753e+01  
375       1.50231147370e+05   0.000000e+00   2.822608e+01   1.833820e+01  
376       1.50819798788e+05   0.000000e+00   2.813184e+01   1.830951e+01  
377       1.50318641009e+05   0.000000e+00   2.824973e+01   1.835167e+01  
378       1.50705207400e+05   0.000000e+00   2.825639e+01   1.831686e+01  
379       1.50142731522e+05   0.000000e+00   2.837575e+01   1.835996e+01  
380       1.50770978063e+05   0.000000e+00   2.830949e+01   1.832901e+01  
381       1.50064148693e+05   0.000000e+00   2.844679e+01   1.836283e+01  
382       1.50877341632e+05   0.000000e+00   2.832042e+01   1.833507e+01  
383       1.50225921778e+05   0.000000e+00   2.846153e+01   1.836786e+01  
384       1.50878835619e+05   0.000000e+00   2.842796e+01   1.832598e+01  
385       1.50256880647e+05   0.000000e+00   2.877662e+01   1.837630e+01  
386       1.51137135350e+05   0.000000e+00   3.050522e+01   1.831894e+01  
387       1.50288115978e+05   0.000000e+00   2.979356e+01   1.837803e+01  
388       1.51253045738e+05   0.000000e+00   3.014172e+01   1.832052e+01  
389       1.50396772674e+05   0.000000e+00   2.908190e+01   1.837708e+01  
390       1.51105570362e+05   0.000000e+00   2.886252e+01   1.833000e+01  
391       1.50537010825e+05   0.000000e+00   2.912158e+01   1.837826e+01  
392       1.50820076586e+05   0.000000e+00   2.904962e+01   1.833768e+01  
393       1.50630511864e+05   0.000000e+00   2.915253e+01   1.837673e+01  
394       1.50884211171e+05   0.000000e+00   2.903145e+01   1.833985e+01  
395       1.50701331239e+05   0.000000e+00   2.914037e+01   1.837283e+01  
396       1.50881580619e+05   0.000000e+00   2.916681e+01   1.833396e+01  
397       1.50382656323e+05   0.000000e+00   2.939839e+01   1.838059e+01  
398       1.50828586979e+05   0.000000e+00   2.926098e+01   1.833619e+01  
399       1.50475037816e+05   0.000000e+00   2.941982e+01   1.838148e+01  
400       1.50885688014e+05   0.000000e+00   2.927635e+01   1.833403e+01  
401       1.50408482290e+05   0.000000e+00   2.962361e+01   1.838493e+01  
402       1.50881023168e+05   0.000000e+00   2.949736e+01   1.832719e+01  
403       1.50230678360e+05   0.000000e+00   2.987869e+01   1.838817e+01  
404       1.50934842692e+05   0.000000e+00   2.962872e+01   1.831556e+01  
405       1.50097124021e+05   0.000000e+00   3.026570e+01   1.838498e+01  
406       1.50977414694e+05   0.000000e+00   3.013290e+01   1.832883e+01  
407       1.50276690902e+05   0.000000e+00   3.071495e+01   1.838689e+01  
408       1.50988399599e+05   0.000000e+00   3.037343e+01   1.832323e+01  
409       1.50310280703e+05   0.000000e+00   3.016866e+01   1.838512e+01  
410       1.50711150695e+05   0.000000e+00   3.021587e+01   1.832212e+01  
411       1.50016971631e+05   0.000000e+00   3.040790e+01   1.839624e+01  
412       1.50719448324e+05   0.000000e+00   3.028931e+01   1.832316e+01  
413       1.50018843684e+05   0.000000e+00   3.049859e+01   1.840523e+01  
414       1.50559516000e+05   0.000000e+00   3.048555e+01   1.832196e+01  
415       1.50001216411e+05   0.000000e+00   3.059468e+01   1.840543e+01  
416       1.50583137036e+05   0.000000e+00   3.055027e+01   1.832364e+01  
417       1.49996569917e+05   0.000000e+00   3.074432e+01   1.840670e+01  
418       1.50497510867e+05   0.000000e+00   3.062530e+01   1.832267e+01  
419       1.49884901470e+05   0.000000e+00   3.088129e+01   1.840249e+01  
420       1.50654634069e+05   0.000000e+00   3.064823e+01   1.831920e+01  
421       1.49760407476e+05   0.000000e+00   3.093852e+01   1.840952e+01  
422       1.50719496320e+05   0.000000e+00   3.068274e+01   1.831718e+01  
423       1.49705331346e+05   0.000000e+00   3.104266e+01   1.840096e+01  
424       1.50545494566e+05   0.000000e+00   3.087667e+01   1.831376e+01  
425       1.49733143666e+05   0.000000e+00   3.125374e+01   1.840203e+01  
426       1.50562206354e+05   0.000000e+00   3.145984e+01   1.831550e+01  
427       1.49804734338e+05   0.000000e+00   3.259047e+01   1.839228e+01  
428       1.50559315091e+05   0.000000e+00   3.183679e+01   1.831520e+01  
429       1.50064499685e+05   0.000000e+00   3.157650e+01   1.838482e+01  
430       1.50741428179e+05   0.000000e+00   3.134435e+01   1.830850e+01  
431       1.49990307292e+05   0.000000e+00   3.156246e+01   1.838916e+01  
432       1.50910612464e+05   0.000000e+00   3.139643e+01   1.830627e+01  
433       1.50097177653e+05   0.000000e+00   3.164278e+01   1.838190e+01  
434       1.50847231252e+05   0.000000e+00   3.153179e+01   1.830038e+01  
435       1.50158911059e+05   0.000000e+00   3.170186e+01   1.837370e+01  
436       1.50641020583e+05   0.000000e+00   3.170930e+01   1.829631e+01  
437       1.50030394186e+05   0.000000e+00   3.185914e+01   1.836446e+01  
438       1.50626110940e+05   0.000000e+00   3.180658e+01   1.830177e+01  
439       1.50040566655e+05   0.000000e+00   3.203853e+01   1.835880e+01  
440       1.50605143982e+05   0.000000e+00   3.273537e+01   1.830211e+01  
441       1.49849382610e+05   0.000000e+00   3.254122e+01   1.835991e+01  
442       1.50021843528e+05   0.000000e+00   3.256586e+01   1.830649e+01  
443       1.49977237972e+05   0.000000e+00   3.250357e+01   1.836600e+01  
444       1.50042378530e+05   0.000000e+00   3.293075e+01   1.830438e+01  
445       1.49933303253e+05   0.000000e+00   3.285819e+01   1.835801e+01  
446       1.50010122358e+05   0.000000e+00   3.295467e+01   1.830445e+01  
447       1.50127540970e+05   0.000000e+00   3.270665e+01   1.834152e+01  
448       1.50043201948e+05   0.000000e+00   3.281010e+01   1.830422e+01  
449       1.50015757038e+05   0.000000e+00   3.277796e+01   1.834012e+01  
450       1.50116734327e+05   0.000000e+00   3.281909e+01   1.829516e+01  
451       1.49927639434e+05   0.000000e+00   3.277760e+01   1.834225e+01  
452       1.50197516644e+05   0.000000e+00   3.280357e+01   1.829384e+01  
453       1.49954060443e+05   0.000000e+00   3.273813e+01   1.833841e+01  
454       1.50219857704e+05   0.000000e+00   3.281092e+01   1.828938e+01  
455       1.49969970500e+05   0.000000e+00   3.270616e+01   1.832975e+01  
456       1.50232988839e+05   0.000000e+00   3.278806e+01   1.828497e+01  
457       1.49758568029e+05   0.000000e+00   3.281757e+01   1.833368e+01  
458       1.50062679672e+05   0.000000e+00   3.285190e+01   1.829355e+01  
459       1.49903612810e+05   0.000000e+00   3.264488e+01   1.832258e+01  
460       1.50133395370e+05   0.000000e+00   3.273970e+01   1.828723e+01  
461       1.49750276187e+05   0.000000e+00   3.270488e+01   1.832594e+01  
462       1.50073675381e+05   0.000000e+00   3.274903e+01   1.828545e+01  
463       1.49580350421e+05   0.000000e+00   3.282359e+01   1.832331e+01  
464       1.50109114947e+05   0.000000e+00   3.269363e+01   1.828553e+01  
465       1.49690765522e+05   0.000000e+00   3.276425e+01   1.831752e+01  
466       1.49759228890e+05   0.000000e+00   3.274620e+01   1.829306e+01  
467       1.49765275916e+05   0.000000e+00   3.276814e+01   1.830994e+01  
468       1.49661436553e+05   0.000000e+00   3.276674e+01   1.828982e+01  
469       1.49708258850e+05   0.000000e+00   3.282994e+01   1.830034e+01  
470       1.49410896732e+05   0.000000e+00   3.289719e+01   1.829930e+01  
471       1.49599847744e+05   0.000000e+00   3.293845e+01   1.830274e+01  
472       1.49185959727e+05   0.000000e+00   3.299891e+01   1.830198e+01  
473       1.49519156574e+05   0.000000e+00   3.302602e+01   1.830230e+01  
474       1.49030121298e+05   0.000000e+00   3.314364e+01   1.830996e+01  
475       1.49590525362e+05   0.000000e+00   3.312417e+01   1.829849e+01  
476       1.48678350276e+05   0.000000e+00   3.332749e+01   1.831687e+01  
477       1.49506994862e+05   0.000000e+00   3.327520e+01   1.830446e+01  
478       1.48724083346e+05   0.000000e+00   3.338606e+01   1.830713e+01  
479       1.49407001822e+05   0.000000e+00   3.343601e+01   1.829915e+01  
480       1.48510151362e+05   0.000000e+00   3.361439e+01   1.830839e+01  
481       1.49343072885e+05   0.000000e+00   3.360076e+01   1.829930e+01  
482       1.48128108245e+05   0.000000e+00   3.389404e+01   1.831545e+01  
483       1.49318556236e+05   0.000000e+00   3.372989e+01   1.830805e+01  
484       1.48245377162e+05   0.000000e+00   3.385830e+01   1.831860e+01  
485       1.49394738928e+05   0.000000e+00   3.380695e+01   1.830774e+01  
486       1.48144949038e+05   0.000000e+00   3.404096e+01   1.831817e+01  
487       1.49429793071e+05   0.000000e+00   3.395248e+01   1.830453e+01  
488       1.48075182445e+05   0.000000e+00   3.422857e+01   1.831641e+01  
489       1.49277582321e+05   0.000000e+00   3.413518e+01   1.830958e+01  
490       1.48294291255e+05   0.000000e+00   3.438807e+01   1.831371e+01  
491       1.49121138176e+05   0.000000e+00   3.446250e+01   1.831852e+01  
492       1.48356264749e+05   0.000000e+00   3.452609e+01   1.831670e+01  
493       1.49275277436e+05   0.000000e+00   3.446580e+01   1.831115e+01  
494       1.48320617488e+05   0.000000e+00   3.461018e+01   1.831192e+01  
495       1.49061046573e+05   0.000000e+00   3.467758e+01   1.831855e+01  
496       1.48486727194e+05   0.000000e+00   3.471585e+01   1.832126e+01  
497       1.49081957420e+05   0.000000e+00   3.461176e+01   1.832028e+01  
498       1.48739033007e+05   0.000000e+00   3.465188e+01   1.832278e+01  
499       1.49071022181e+05   0.000000e+00   3.469576e+01   1.832396e+01  
500       1.48644662012e+05   0.000000e+00   3.481052e+01   1.832947e+01  
501       1.49193938313e+05   0.000000e+00   3.471664e+01   1.832920e+01  
502       1.48685600670e+05   0.000000e+00   3.489198e+01   1.833409e+01  
503       1.49211574862e+05   0.000000e+00   3.476348e+01   1.832718e+01  
504       1.48711655018e+05   0.000000e+00   3.492726e+01   1.834617e+01  
505       1.49350822680e+05   0.000000e+00   3.471410e+01   1.832177e+01  
506       1.48765054167e+05   0.000000e+00   3.497647e+01   1.835101e+01  
507       1.49292392122e+05   0.000000e+00   3.489403e+01   1.833026e+01  
508       1.48666906403e+05   0.000000e+00   3.510111e+01   1.834419e+01  
509       1.49407088315e+05   0.000000e+00   3.496121e+01   1.833643e+01  
510       1.48587341628e+05   0.000000e+00   3.516928e+01   1.835172e+01  
511       1.49375340578e+05   0.000000e+00   3.504258e+01   1.834033e+01  
512       1.48521825161e+05   0.000000e+00   3.521962e+01   1.835531e+01  
513       1.49526787745e+05   0.000000e+00   3.502027e+01   1.833361e+01  
514       1.48550526807e+05   0.000000e+00   3.517645e+01   1.836514e+01  
515       1.49793699152e+05   0.000000e+00   3.494160e+01   1.833353e+01  
516       1.48542902715e+05   0.000000e+00   3.520452e+01   1.837415e+01  
517       1.49870555872e+05   0.000000e+00   3.494963e+01   1.832952e+01  
518       1.48563609558e+05   0.000000e+00   3.525531e+01   1.837624e+01  
519       1.49974358255e+05   0.000000e+00   3.492843e+01   1.833165e+01  
520       1.48670524379e+05   0.000000e+00   3.526284e+01   1.837418e+01  
521       1.50001628279e+05   0.000000e+00   3.491729e+01   1.832781e+01  
522       1.48746737791e+05   0.000000e+00   3.521569e+01   1.838424e+01  
523       1.50338719507e+05   0.000000e+00   3.483111e+01   1.831923e+01  
524       1.48684415639e+05   0.000000e+00   3.532985e+01   1.838592e+01  
525       1.50511688853e+05   0.000000e+00   3.480152e+01   1.831383e+01  
526       1.48518521958e+05   0.000000e+00   3.550644e+01   1.840000e+01  
527       1.50440045268e+05   0.000000e+00   3.493703e+01   1.831838e+01  
528       1.48577389535e+05   0.000000e+00   3.549661e+01   1.840476e+01  
529       1.50440422934e+05   0.000000e+00   3.489022e+01   1.832778e+01  
530       1.48696735956e+05   0.000000e+00   3.559604e+01   1.840071e+01  
531       1.50315976159e+05   0.000000e+00   3.506410e+01   1.833375e+01  
532       1.48687619286e+05   0.000000e+00   3.566576e+01   1.840694e+01  
533       1.50652783193e+05   0.000000e+00   3.501693e+01   1.833112e+01  
534       1.48651030676e+05   0.000000e+00   3.572216e+01   1.840910e+01  
535       1.50608133147e+05   0.000000e+00   3.517487e+01   1.833763e+01  
536       1.48776850113e+05   0.000000e+00   3.573909e+01   1.841360e+01  
537       1.50750938087e+05   0.000000e+00   3.519910e+01   1.833518e+01  
538       1.48885969864e+05   0.000000e+00   3.573803e+01   1.841893e+01  
539       1.50613416590e+05   0.000000e+00   3.535592e+01   1.834167e+01  
540       1.48821741695e+05   0.000000e+00   3.587862e+01   1.842448e+01  
541       1.50572985242e+05   0.000000e+00   3.546786e+01   1.834714e+01  
542       1.48999440051e+05   0.000000e+00   3.580366e+01   1.842428e+01  
543       1.50588879986e+05   0.000000e+00   3.551093e+01   1.835007e+01  
544       1.49051887487e+05   0.000000e+00   3.583142e+01   1.842771e+01  
545       1.50721931384e+05   0.000000e+00   3.554882e+01   1.834569e+01  
546       1.49080436830e+05   0.000000e+00   3.587490e+01   1.842670e+01  
547       1.50642892720e+05   0.000000e+00   3.563436e+01   1.834922e+01  
548       1.49208020367e+05   0.000000e+00   3.595486e+01   1.842329e+01  
549       1.50678334723e+05   0.000000e+00   3.562826e+01   1.834335e+01  
550       1.49176962933e+05   0.000000e+00   3.606883e+01   1.842682e+01  
551       1.50699479046e+05   0.000000e+00   3.571139e+01   1.834305e+01  
552       1.49054522532e+05   0.000000e+00   3.620932e+01   1.842962e+01  
553       1.50791911973e+05   0.000000e+00   3.575239e+01   1.833931e+01  
554       1.49192005502e+05   0.000000e+00   3.625238e+01   1.842399e+01  
555       1.50629400872e+05   0.000000e+00   3.584522e+01   1.835187e+01  
556       1.49556609731e+05   0.000000e+00   3.610151e+01   1.841238e+01  
557       1.50575878503e+05   0.000000e+00   3.591268e+01   1.835093e+01  
558       1.49641314387e+05   0.000000e+00   3.614740e+01   1.840836e+01  
559       1.50635185326e+05   0.000000e+00   3.595900e+01   1.835671e+01  
560       1.49474469414e+05   0.000000e+00   3.622937e+01   1.841421e+01  
561       1.50742425243e+05   0.000000e+00   3.601926e+01   1.835068e+01  
562       1.49236796433e+05   0.000000e+00   3.642987e+01   1.842829e+01  
563       1.50792475233e+05   0.000000e+00   3.606592e+01   1.833898e+01  
564       1.49305394514e+05   0.000000e+00   3.647477e+01   1.842745e+01  
565       1.50807510931e+05   0.000000e+00   3.609561e+01   1.833828e+01  
566       1.49290174058e+05   0.000000e+00   3.656746e+01   1.842607e+01  
567       1.50703971636e+05   0.000000e+00   3.616492e+01   1.834698e+01  
568       1.49591613169e+05   0.000000e+00   3.655397e+01   1.842324e+01  
569       1.50708929561e+05   0.000000e+00   3.615976e+01   1.834925e+01  
570       1.49748853316e+05   0.000000e+00   3.657229e+01   1.841975e+01  
571       1.50425667370e+05   0.000000e+00   3.632048e+01   1.835264e+01  
572       1.49883315239e+05   0.000000e+00   3.658051e+01   1.841895e+01  
573       1.50213590515e+05   0.000000e+00   3.639089e+01   1.835726e+01  
574       1.50017457812e+05   0.000000e+00   3.650084e+01   1.842019e+01  
575       1.50212294436e+05   0.000000e+00   3.635824e+01   1.836387e+01  
576       1.49806035155e+05   0.000000e+00   3.669417e+01   1.842415e+01  
577       1.50083827025e+05   0.000000e+00   3.648239e+01   1.837237e+01  
578       1.49665381436e+05   0.000000e+00   3.679627e+01   1.842639e+01  
579       1.50029609267e+05   0.000000e+00   3.659631e+01   1.836748e+01  
580       1.49340517252e+05   0.000000e+00   3.696797e+01   1.844519e+01  
581       1.50038093691e+05   0.000000e+00   3.660814e+01   1.837117e+01  
582       1.49245374548e+05   0.000000e+00   3.694862e+01   1.845517e+01  
583       1.50050072909e+05   0.000000e+00   3.666196e+01   1.836150e+01  
584       1.49132088252e+05   0.000000e+00   3.705906e+01   1.845764e+01  
585       1.50027195337e+05   0.000000e+00   3.671374e+01   1.836701e+01  
586       1.49246326689e+05   0.000000e+00   3.699064e+01   1.845844e+01  
587       1.50017545314e+05   0.000000e+00   3.676172e+01   1.836726e+01  
588       1.49522261201e+05   0.000000e+00   3.691289e+01   1.845208e+01  
589       1.49950798245e+05   0.000000e+00   3.679091e+01   1.837084e+01  
590       1.49616284563e+05   0.000000e+00   3.683172e+01   1.845794e+01  
591       1.49958380949e+05   0.000000e+00   3.675123e+01   1.837261e+01  
592       1.49540303343e+05   0.000000e+00   3.691011e+01   1.846077e+01  
593       1.49813312123e+05   0.000000e+00   3.685723e+01   1.838024e+01  
594       1.49744838691e+05   0.000000e+00   3.688912e+01   1.845521e+01  
595       1.49596537940e+05   0.000000e+00   3.699038e+01   1.839193e+01  
596       1.49728084072e+05   0.000000e+00   3.700631e+01   1.845060e+01  
597       1.49565144498e+05   0.000000e+00   3.706314e+01   1.839235e+01  
598       1.49626299707e+05   0.000000e+00   3.704595e+01   1.844140e+01  
599       1.49779029054e+05   0.000000e+00   3.694930e+01   1.839698e+01  
600       1.49634692245e+05   0.000000e+00   3.701137e+01   1.844292e+01  
601       1.49678126723e+05   0.000000e+00   3.708507e+01   1.841076e+01  
602       1.49530055981e+05   0.000000e+00   3.716567e+01   1.843842e+01  
603       1.49880068588e+05   0.000000e+00   3.713348e+01   1.840788e+01  
604       1.49512858565e+05   0.000000e+00   3.718117e+01   1.844323e+01  
605       1.49983211110e+05   0.000000e+00   3.717298e+01   1.841325e+01  
606       1.49868665716e+05   0.000000e+00   3.700248e+01   1.843224e+01  
607       1.50129753719e+05   0.000000e+00   3.707092e+01   1.841686e+01  
608       1.50207547845e+05   0.000000e+00   3.691493e+01   1.842433e+01  
609       1.50233195024e+05   0.000000e+00   3.712050e+01   1.841556e+01  
610       1.50187701620e+05   0.000000e+00   3.703676e+01   1.842263e+01  
611       1.50202807174e+05   0.000000e+00   3.713256e+01   1.842581e+01  
612       1.50295047368e+05   0.000000e+00   3.702008e+01   1.842091e+01  
613       1.50206735383e+05   0.000000e+00   3.713014e+01   1.841985e+01  
614       1.50357325313e+05   0.000000e+00   3.705368e+01   1.841756e+01  
615       1.50054934586e+05   0.000000e+00   3.723869e+01   1.842437e+01  
616       1.50230976960e+05   0.000000e+00   3.718110e+01   1.841878e+01  
617       1.50164828172e+05   0.000000e+00   3.716117e+01   1.842608e+01  
618       1.50025784617e+05   0.000000e+00   3.725296e+01   1.842299e+01  
619       1.50141278178e+05   0.000000e+00   3.715001e+01   1.843356e+01  
620       1.49831060581e+05   0.000000e+00   3.743075e+01   1.842957e+01  
621       1.49868878229e+05   0.000000e+00   3.724206e+01   1.844190e+01  
622       1.50062209053e+05   0.000000e+00   3.731604e+01   1.842512e+01  
623       1.49806140367e+05   0.000000e+00   3.721012e+01   1.845009e+01  
624       1.49976518953e+05   0.000000e+00   3.742185e+01   1.842474e+01  
625       1.49629106367e+05   0.000000e+00   3.737388e+01   1.846721e+01  
626       1.50049784844e+05   0.000000e+00   3.739699e+01   1.843107e+01  
627       1.49886133381e+05   0.000000e+00   3.728998e+01   1.846473e+01  
628       1.50027735834e+05   0.000000e+00   3.746647e+01   1.843580e+01  
629       1.49947523670e+05   0.000000e+00   3.742827e+01   1.846807e+01  
630       1.50001889956e+05   0.000000e+00   3.757583e+01   1.844044e+01  
631       1.49996756205e+05   0.000000e+00   3.750203e+01   1.847299e+01  
632       1.49949592020e+05   0.000000e+00   3.761593e+01   1.844600e+01  
633       1.49996565773e+05   0.000000e+00   3.751857e+01   1.848411e+01  
634       1.50061595865e+05   0.000000e+00   3.757430e+01   1.843618e+01  
635       1.49959001958e+05   0.000000e+00   3.757536e+01   1.849349e+01  
636       1.49983589253e+05   0.000000e+00   3.758718e+01   1.844495e+01  
637       1.49903100920e+05   0.000000e+00   3.765718e+01   1.849494e+01  
638       1.50024659026e+05   0.000000e+00   3.755129e+01   1.844910e+01  
639       1.49927084328e+05   0.000000e+00   3.766560e+01   1.849151e+01  
640       1.50029512457e+05   0.000000e+00   3.760027e+01   1.846036e+01  
641       1.50033070888e+05   0.000000e+00   3.758865e+01   1.848497e+01  
642       1.50059730917e+05   0.000000e+00   3.762856e+01   1.846262e+01  
643       1.50247842479e+05   0.000000e+00   3.747190e+01   1.847783e+01  
644       1.50171530401e+05   0.000000e+00   3.766324e+01   1.847009e+01  
645       1.49976853805e+05   0.000000e+00   3.765693e+01   1.849325e+01  
646       1.50386277278e+05   0.000000e+00   3.761544e+01   1.846835e+01  
647       1.49902895718e+05   0.000000e+00   3.766052e+01   1.849238e+01  
648       1.50261453785e+05   0.000000e+00   3.772040e+01   1.847666e+01  
649       1.49819134972e+05   0.000000e+00   3.778330e+01   1.849922e+01  
650       1.50170876797e+05   0.000000e+00   3.776915e+01   1.847698e+01  
651       1.49865934474e+05   0.000000e+00   3.781443e+01   1.850829e+01  
652       1.50180818796e+05   0.000000e+00   3.777463e+01   1.847691e+01  
653       1.49953730961e+05   0.000000e+00   3.784488e+01   1.851218e+01  
654       1.50203078278e+05   0.000000e+00   3.776791e+01   1.847861e+01  
655       1.50070980763e+05   0.000000e+00   3.788152e+01   1.851039e+01  
656       1.49998594160e+05   0.000000e+00   3.790759e+01   1.848667e+01  
657       1.50386540341e+05   0.000000e+00   3.781228e+01   1.850463e+01  
658       1.50227097066e+05   0.000000e+00   3.783138e+01   1.849021e+01  
659       1.50630082868e+05   0.000000e+00   3.770970e+01   1.850148e+01  
660       1.50288008463e+05   0.000000e+00   3.781716e+01   1.849866e+01  
661       1.50671034696e+05   0.000000e+00   3.778231e+01   1.850323e+01  
662       1.50365123166e+05   0.000000e+00   3.783904e+01   1.850047e+01  
663       1.50621411013e+05   0.000000e+00   3.782988e+01   1.851031e+01  
664       1.50645160669e+05   0.000000e+00   3.786371e+01   1.849469e+01  
665       1.50450226628e+05   0.000000e+00   3.796300e+01   1.851986e+01  
666       1.50815922897e+05   0.000000e+00   3.778962e+01   1.849376e+01  
667       1.50550250454e+05   0.000000e+00   3.789438e+01   1.851806e+01  
668       1.50804004022e+05   0.000000e+00   3.781850e+01   1.849408e+01  
669       1.50539544406e+05   0.000000e+00   3.801921e+01   1.852124e+01  
670       1.50702324714e+05   0.000000e+00   3.793442e+01   1.850184e+01  
671       1.50552472822e+05   0.000000e+00   3.805979e+01   1.852846e+01  
672       1.50762116019e+05   0.000000e+00   3.800510e+01   1.850118e+01  
673       1.50600781872e+05   0.000000e+00   3.812405e+01   1.852118e+01  
674       1.50694697025e+05   0.000000e+00   3.810930e+01   1.850570e+01  
675       1.50755490382e+05   0.000000e+00   3.813849e+01   1.852183e+01  
676       1.50557840359e+05   0.000000e+00   3.813372e+01   1.850264e+01  
677       1.51040545045e+05   0.000000e+00   3.810077e+01   1.851078e+01  
678       1.50480245408e+05   0.000000e+00   3.821242e+01   1.850755e+01  
679       1.51180598919e+05   0.000000e+00   3.813428e+01   1.850594e+01  
680       1.50501439755e+05   0.000000e+00   3.826606e+01   1.851024e+01  
681       1.51183137098e+05   0.000000e+00   3.817127e+01   1.849765e+01  
682       1.50625538910e+05   0.000000e+00   3.822643e+01   1.850536e+01  
683       1.51132602045e+05   0.000000e+00   3.824240e+01   1.849906e+01  
684       1.50743728805e+05   0.000000e+00   3.819043e+01   1.850581e+01  
685       1.51188840291e+05   0.000000e+00   3.828004e+01   1.850238e+01  
686       1.50784826514e+05   0.000000e+00   3.829245e+01   1.850384e+01  
687       1.50917941103e+05   0.000000e+00   3.848794e+01   1.850631e+01  
688       1.50867973716e+05   0.000000e+00   3.838442e+01   1.850429e+01  
689       1.50799955849e+05   0.000000e+00   3.856788e+01   1.851586e+01  
690       1.50889931978e+05   0.000000e+00   3.845153e+01   1.850434e+01  
691       1.50716261307e+05   0.000000e+00   3.858320e+01   1.852045e+01  
692       1.50982938702e+05   0.000000e+00   3.845938e+01   1.849345e+01  
693       1.50690824405e+05   0.000000e+00   3.857134e+01   1.852351e+01  
694       1.50918690039e+05   0.000000e+00   3.851635e+01   1.849820e+01  
695       1.50649869573e+05   0.000000e+00   3.861769e+01   1.852559e+01  
696       1.50815929477e+05   0.000000e+00   3.858078e+01   1.850397e+01  
697       1.50638183367e+05   0.000000e+00   3.862329e+01   1.852848e+01  
698       1.50856223303e+05   0.000000e+00   3.859600e+01   1.850416e+01  
699       1.50471159124e+05   0.000000e+00   3.874864e+01   1.853349e+01  
700       1.50685706950e+05   0.000000e+00   3.871671e+01   1.850802e+01  
701       1.50449438392e+05   0.000000e+00   3.883969e+01   1.853899e+01  
702       1.50591474659e+05   0.000000e+00   3.874097e+01   1.850813e+01  
703       1.50546244057e+05   0.000000e+00   3.887245e+01   1.853269e+01  
704       1.50574829285e+05   0.000000e+00   3.872973e+01   1.851001e+01  
705       1.50503212222e+05   0.000000e+00   3.898354e+01   1.853228e+01  
706       1.50496017605e+05   0.000000e+00   3.880339e+01   1.851366e+01  
707       1.50894475866e+05   0.000000e+00   3.871594e+01   1.851319e+01  
708       1.50407446950e+05   0.000000e+00   3.880687e+01   1.851287e+01  
709       1.51004472556e+05   0.000000e+00   3.870621e+01   1.851036e+01  
710       1.50543677112e+05   0.000000e+00   3.879561e+01   1.850320e+01  
711       1.50873751469e+05   0.000000e+00   3.875566e+01   1.851604e+01  
712       1.50789984201e+05   0.000000e+00   3.864964e+01   1.849504e+01  
713       1.50620662124e+05   0.000000e+00   3.888403e+01   1.852586e+01  
714       1.50621645585e+05   0.000000e+00   3.883015e+01   1.850316e+01  
715       1.50468601519e+05   0.000000e+00   3.898830e+01   1.853226e+01  
716       1.50616676137e+05   0.000000e+00   3.885863e+01   1.850519e+01  
717       1.50395647506e+05   0.000000e+00   3.905506e+01   1.853253e+01  
718       1.50562193235e+05   0.000000e+00   3.892902e+01   1.850204e+01  
719       1.50571038485e+05   0.000000e+00   3.900145e+01   1.852807e+01  
720       1.50534071336e+05   0.000000e+00   3.893294e+01   1.850187e+01  
721       1.50853080145e+05   0.000000e+00   3.888565e+01   1.851815e+01  
722       1.50505195660e+05   0.000000e+00   3.901930e+01   1.849640e+01  
723       1.51033247886e+05   0.000000e+00   3.884752e+01   1.851897e+01  
724       1.50618070780e+05   0.000000e+00   3.899247e+01   1.849443e+01  
725       1.51073290679e+05   0.000000e+00   3.887660e+01   1.851652e+01  
726       1.50500336501e+05   0.000000e+00   3.904391e+01   1.849656e+01  
727       1.51101731525e+05   0.000000e+00   3.892580e+01   1.852001e+01  
728       1.50615019511e+05   0.000000e+00   3.900169e+01   1.849101e+01  
729       1.50925037577e+05   0.000000e+00   3.899366e+01   1.853192e+01  
730       1.50617010974e+05   0.000000e+00   3.900745e+01   1.849587e+01  
731       1.50966820178e+05   0.000000e+00   3.899410e+01   1.852442e+01  
732       1.50674050366e+05   0.000000e+00   3.901327e+01   1.848966e+01  
733       1.50904163137e+05   0.000000e+00   3.904780e+01   1.852562e+01  
734       1.50475268391e+05   0.000000e+00   3.914473e+01   1.849881e+01  
735       1.51061469066e+05   0.000000e+00   3.899671e+01   1.851688e+01  
736       1.50468698464e+05   0.000000e+00   3.917734e+01   1.850407e+01  
737       1.50973714879e+05   0.000000e+00   3.901787e+01   1.851617e+01  
738       1.50632267498e+05   0.000000e+00   3.921062e+01   1.850265e+01  
739       1.50791558679e+05   0.000000e+00   3.908046e+01   1.851623e+01  
740       1.50748872161e+05   0.000000e+00   3.918515e+01   1.849501e+01  
741       1.50936303418e+05   0.000000e+00   3.901017e+01   1.851123e+01  
742       1.50835025176e+05   0.000000e+00   3.915268e+01   1.848798e+01  
743       1.51141130247e+05   0.000000e+00   3.887229e+01   1.851055e+01  
744       1.50995571787e+05   0.000000e+00   3.905490e+01   1.847977e+01  
745       1.51038816704e+05   0.000000e+00   3.890233e+01   1.851527e+01  
746       1.50914314796e+05   0.000000e+00   3.913870e+01   1.848305e+01  
747       1.51052470805e+05   0.000000e+00   3.896018e+01   1.851586e+01  
748       1.50912573330e+05   0.000000e+00   3.910573e+01   1.848655e+01  
749       1.50997285254e+05   0.000000e+00   3.904009e+01   1.852451e+01  
750       1.50800679739e+05   0.000000e+00   3.917871e+01   1.848812e+01  
751       1.51233788327e+05   0.000000e+00   3.895365e+01   1.851601e+01  
752       1.50730542118e+05   0.000000e+00   3.917644e+01   1.849072e+01  
753       1.51266735310e+05   0.000000e+00   3.903641e+01   1.851154e+01  
754       1.50546517981e+05   0.000000e+00   3.932587e+01   1.850234e+01  
755       1.51172066827e+05   0.000000e+00   3.919816e+01   1.851305e+01  
756       1.50628558310e+05   0.000000e+00   3.930571e+01   1.850362e+01  
757       1.51275210909e+05   0.000000e+00   3.909960e+01   1.850466e+01  
758       1.50735090002e+05   0.000000e+00   3.924841e+01   1.849852e+01  
759       1.51256814501e+05   0.000000e+00   3.910957e+01   1.850375e+01  
760       1.50826231832e+05   0.000000e+00   3.923062e+01   1.849688e+01  
761       1.51126711331e+05   0.000000e+00   3.918990e+01   1.850526e+01  
762       1.50952996113e+05   0.000000e+00   3.925800e+01   1.849619e+01  
763       1.50869734466e+05   0.000000e+00   3.935270e+01   1.850779e+01  
764       1.50992467960e+05   0.000000e+00   3.932613e+01   1.850226e+01  
765       1.50845838418e+05   0.000000e+00   3.933114e+01   1.850682e+01  
766       1.51097633046e+05   0.000000e+00   3.932417e+01   1.848424e+01  
767       1.50986423926e+05   0.000000e+00   3.925292e+01   1.850289e+01  
768       1.51229404556e+05   0.000000e+00   3.928809e+01   1.848006e+01  
769       1.51072480656e+05   0.000000e+00   3.920617e+01   1.850103e+01  
770       1.51307742941e+05   0.000000e+00   3.926001e+01   1.847477e+01  
771       1.51067837124e+05   0.000000e+00   3.929411e+01   1.849233e+01  
772       1.50923480544e+05   0.000000e+00   3.946495e+01   1.849336e+01  
773       1.51342144664e+05   0.000000e+00   3.922468e+01   1.847907e+01  
774       1.50881934065e+05   0.000000e+00   3.941027e+01   1.849736e+01  
775       1.51390682682e+05   0.000000e+00   3.922146e+01   1.847856e+01  
776       1.50837070156e+05   0.000000e+00   3.942851e+01   1.849137e+01  
777       1.51391450835e+05   0.000000e+00   3.926062e+01   1.847200e+01  
778       1.51063596198e+05   0.000000e+00   3.928857e+01   1.848610e+01  
779       1.51077024947e+05   0.000000e+00   3.936614e+01   1.848413e+01  
780       1.51049522974e+05   0.000000e+00   3.931249e+01   1.848553e+01  
781       1.50922183947e+05   0.000000e+00   3.945952e+01   1.848294e+01  
782       1.51064561906e+05   0.000000e+00   3.932413e+01   1.849061e+01  
783       1.50972829965e+05   0.000000e+00   3.942598e+01   1.848162e+01  
784       1.50843661602e+05   0.000000e+00   3.944156e+01   1.849516e+01  
785       1.50943875998e+05   0.000000e+00   3.947600e+01   1.848134e+01  
786       1.50895897164e+05   0.000000e+00   3.941755e+01   1.848854e+01  
787       1.51004760090e+05   0.000000e+00   3.945377e+01   1.848728e+01  
788       1.50878924769e+05   0.000000e+00   3.945343e+01   1.848436e+01  
789       1.51030240570e+05   0.000000e+00   3.944630e+01   1.848791e+01  
790       1.50911325562e+05   0.000000e+00   3.942215e+01   1.848062e+01  
791       1.51239106521e+05   0.000000e+00   3.934996e+01   1.848405e+01  
792       1.50967935515e+05   0.000000e+00   3.937538e+01   1.847848e+01  
793       1.51397600560e+05   0.000000e+00   3.941006e+01   1.848143e+01  
794       1.50858044851e+05   0.000000e+00   3.941532e+01   1.848705e+01  
795       1.51504013325e+05   0.000000e+00   3.933480e+01   1.847898e+01  
796       1.51000628393e+05   0.000000e+00   3.931591e+01   1.848513e+01  
797       1.51556961314e+05   0.000000e+00   3.933357e+01   1.847049e+01  
798       1.50857041400e+05   0.000000e+00   3.941109e+01   1.849420e+01  
799       1.51485378366e+05   0.000000e+00   3.948527e+01   1.846758e+01  
800       1.50678686654e+05   0.000000e+00   3.949159e+01   1.850039e+01  
801       1.51602221566e+05   0.000000e+00   3.941063e+01   1.845929e+01  
802       1.50686138524e+05   0.000000e+00   3.950919e+01   1.850189e+01  
803       1.51400505202e+05   0.000000e+00   3.949170e+01   1.845809e+01  
804       1.50857634300e+05   0.000000e+00   3.950964e+01   1.849978e+01  
805       1.51336492976e+05   0.000000e+00   3.946503e+01   1.845839e+01  
806       1.50925608983e+05   0.000000e+00   3.949313e+01   1.849433e+01  
807       1.51160767389e+05   0.000000e+00   3.956597e+01   1.846508e+01  
808       1.51086119644e+05   0.000000e+00   3.946365e+01   1.848838e+01  
809       1.50965453732e+05   0.000000e+00   3.960063e+01   1.847385e+01  
810       1.51026459713e+05   0.000000e+00   3.952853e+01   1.848667e+01  
811       1.50861491382e+05   0.000000e+00   3.965279e+01   1.846997e+01  
812       1.50945464920e+05   0.000000e+00   3.958168e+01   1.849133e+01  
813       1.50856615103e+05   0.000000e+00   3.963785e+01   1.847367e+01  
814       1.50779903561e+05   0.000000e+00   3.962929e+01   1.849898e+01  
815       1.50816906512e+05   0.000000e+00   3.967259e+01   1.846839e+01  
816       1.50751157800e+05   0.000000e+00   3.964371e+01   1.850333e+01  
817       1.51012233167e+05   0.000000e+00   3.954090e+01   1.846095e+01  
818       1.50664307296e+05   0.000000e+00   3.963462e+01   1.850584e+01  
819       1.51023017214e+05   0.000000e+00   3.951976e+01   1.846751e+01  
820       1.50746630088e+05   0.000000e+00   3.957532e+01   1.850824e+01  
821       1.51058400598e+05   0.000000e+00   3.953486e+01   1.846660e+01  
822       1.50731486903e+05   0.000000e+00   3.956614e+01   1.850578e+01  
823       1.51002714629e+05   0.000000e+00   3.956016e+01   1.846552e+01  
824       1.50544724114e+05   0.000000e+00   3.968395e+01   1.851118e+01  
825       1.51021184910e+05   0.000000e+00   3.962017e+01   1.846108e+01  
826       1.50632962961e+05   0.000000e+00   3.964212e+01   1.850496e+01  
827       1.51029382055e+05   0.000000e+00   3.964841e+01   1.845991e+01  
828       1.50840468800e+05   0.000000e+00   3.957890e+01   1.849786e+01  
829       1.51136514434e+05   0.000000e+00   3.964921e+01   1.844429e+01  
830       1.50793341339e+05   0.000000e+00   3.962820e+01   1.849730e+01  
831       1.51271410559e+05   0.000000e+00   3.954872e+01   1.843697e+01  
832       1.50780171656e+05   0.000000e+00   3.967795e+01   1.849494e+01  
833       1.51290006155e+05   0.000000e+00   3.953841e+01   1.843805e+01  
834       1.50711031062e+05   0.000000e+00   3.970541e+01   1.849791e+01  
835       1.51155814866e+05   0.000000e+00   3.962406e+01   1.844382e+01  
836       1.50745029014e+05   0.000000e+00   3.970035e+01   1.849389e+01  
837       1.51030603515e+05   0.000000e+00   3.971857e+01   1.844768e+01  
838       1.50663295612e+05   0.000000e+00   3.981558e+01   1.849817e+01  
839       1.50797020924e+05   0.000000e+00   3.991065e+01   1.845935e+01  
840       1.50630740797e+05   0.000000e+00   3.990922e+01   1.850036e+01  
841       1.50838779126e+05   0.000000e+00   3.988760e+01   1.845971e+01  
842       1.50624923320e+05   0.000000e+00   3.994919e+01   1.849983e+01  
843       1.50742168124e+05   0.000000e+00   3.998951e+01   1.847090e+01  
844       1.50632852591e+05   0.000000e+00   3.996314e+01   1.849634e+01  
845       1.50996076336e+05   0.000000e+00   3.990427e+01   1.846833e+01  
846       1.50660295688e+05   0.000000e+00   3.987010e+01   1.849627e+01  
847       1.51195400284e+05   0.000000e+00   3.985853e+01   1.846469e+01  
848       1.50446353044e+05   0.000000e+00   4.005244e+01   1.850480e+01  
849       1.51210581205e+05   0.000000e+00   3.992525e+01   1.846267e+01  
850       1.50340497921e+05   0.000000e+00   4.009280e+01   1.850724e+01  
851       1.51436770802e+05   0.000000e+00   3.984592e+01   1.844966e+01  
852       1.50275369861e+05   0.000000e+00   4.010923e+01   1.851559e+01  
853       1.51462644314e+05   0.000000e+00   3.983936e+01   1.845103e+01  
854       1.50478610319e+05   0.000000e+00   4.002730e+01   1.851195e+01  
855       1.51206787095e+05   0.000000e+00   3.992496e+01   1.845290e+01  
856       1.50584017930e+05   0.000000e+00   4.007779e+01   1.850326e+01  
857       1.51027383579e+05   0.000000e+00   4.005602e+01   1.846447e+01  
858       1.50682942139e+05   0.000000e+00   4.004814e+01   1.850719e+01  
859       1.50981116159e+05   0.000000e+00   4.002796e+01   1.846816e+01  
860       1.50758174865e+05   0.000000e+00   4.011097e+01   1.849350e+01  
861       1.50847509943e+05   0.000000e+00   4.005437e+01   1.847159e+01  
862       1.50821728282e+05   0.000000e+00   4.013758e+01   1.849171e+01  
863       1.50881584149e+05   0.000000e+00   3.999415e+01   1.847004e+01  
864       1.50711284123e+05   0.000000e+00   4.021724e+01   1.849524e+01  
865       1.50772090909e+05   0.000000e+00   4.009385e+01   1.847672e+01  
866       1.50636992344e+05   0.000000e+00   4.025775e+01   1.849072e+01  
867       1.50890775246e+05   0.000000e+00   4.005288e+01   1.847554e+01  
868       1.50521662627e+05   0.000000e+00   4.022606e+01   1.849317e+01  
869       1.50797409846e+05   0.000000e+00   4.006876e+01   1.847548e+01  
870       1.50405432077e+05   0.000000e+00   4.025824e+01   1.849005e+01  
871       1.50898662049e+05   0.000000e+00   4.000181e+01   1.847375e+01  
872       1.50558213470e+05   0.000000e+00   4.010855e+01   1.848987e+01  
873       1.50680994428e+05   0.000000e+00   4.015784e+01   1.847914e+01  
874       1.50420567483e+05   0.000000e+00   4.023895e+01   1.849095e+01  
875       1.50816310855e+05   0.000000e+00   4.011210e+01   1.847422e+01  
876       1.50433511671e+05   0.000000e+00   4.019271e+01   1.849147e+01  
877       1.50943526777e+05   0.000000e+00   4.007658e+01   1.847192e+01  
878       1.50307439659e+05   0.000000e+00   4.028014e+01   1.849539e+01  
879       1.50840047847e+05   0.000000e+00   4.010323e+01   1.847350e+01  
880       1.50501091991e+05   0.000000e+00   4.016840e+01   1.849073e+01  
881       1.50934447988e+05   0.000000e+00   4.000265e+01   1.846825e+01  
882       1.50511150317e+05   0.000000e+00   4.022450e+01   1.848872e+01  
883       1.50781728759e+05   0.000000e+00   4.012385e+01   1.847669e+01  
884       1.50491819582e+05   0.000000e+00   4.025029e+01   1.848415e+01  
885       1.50755436752e+05   0.000000e+00   4.013659e+01   1.848243e+01  
886       1.50659227628e+05   0.000000e+00   4.016272e+01   1.847802e+01  
887       1.50712139732e+05   0.000000e+00   4.020190e+01   1.848468e+01  
888       1.50438881362e+05   0.000000e+00   4.033411e+01   1.848631e+01  
889       1.50751942804e+05   0.000000e+00   4.016651e+01   1.848716e+01  
890       1.50442961632e+05   0.000000e+00   4.028644e+01   1.848117e+01  
891       1.50819055814e+05   0.000000e+00   4.015314e+01   1.848697e+01  
892       1.50277303726e+05   0.000000e+00   4.040273e+01   1.848529e+01  
893       1.50908612052e+05   0.000000e+00   4.020123e+01   1.848589e+01  
894       1.50171821912e+05   0.000000e+00   4.043782e+01   1.848447e+01  
895       1.51005587413e+05   0.000000e+00   4.012541e+01   1.847916e+01  
896       1.50030412706e+05   0.000000e+00   4.056149e+01   1.849210e+01  
897       1.51132827562e+05   0.000000e+00   4.011682e+01   1.847625e+01  
898       1.50137846717e+05   0.000000e+00   4.050167e+01   1.848808e+01  
899       1.51095791689e+05   0.000000e+00   4.014931e+01   1.847973e+01  
900       1.50015490502e+05   0.000000e+00   4.066042e+01   1.848226e+01  
901       1.51122175527e+05   0.000000e+00   4.019210e+01   1.848082e+01  
902       1.50223615818e+05   0.000000e+00   4.056575e+01   1.847528e+01  
903       1.51042340900e+05   0.000000e+00   4.023830e+01   1.848689e+01  
904       1.50158646767e+05   0.000000e+00   4.061972e+01   1.848216e+01  
905       1.51183113667e+05   0.000000e+00   4.015770e+01   1.848025e+01  
906       1.50342219863e+05   0.000000e+00   4.050484e+01   1.848137e+01  
907       1.51124268002e+05   0.000000e+00   4.016471e+01   1.847873e+01  
908       1.50252369544e+05   0.000000e+00   4.056824e+01   1.848532e+01  
909       1.51164025344e+05   0.000000e+00   4.018061e+01   1.848275e+01  
910       1.50194571331e+05   0.000000e+00   4.057794e+01   1.848828e+01  
911       1.51355150047e+05   0.000000e+00   4.009507e+01   1.848115e+01  
912       1.50187703132e+05   0.000000e+00   4.058447e+01   1.848693e+01  
913       1.51254352048e+05   0.000000e+00   4.021437e+01   1.849048e+01  
914       1.50126706830e+05   0.000000e+00   4.064778e+01   1.848710e+01  
915       1.51354630072e+05   0.000000e+00   4.025054e+01   1.848480e+01  
916       1.49912420459e+05   0.000000e+00   4.072264e+01   1.849248e+01  
917       1.51471582026e+05   0.000000e+00   4.023408e+01   1.848644e+01  
918       1.49955371172e+05   0.000000e+00   4.063198e+01   1.848586e+01  
919       1.51261558494e+05   0.000000e+00   4.033450e+01   1.849173e+01  
920       1.49989024286e+05   0.000000e+00   4.061462e+01   1.848604e+01  
921       1.51046254482e+05   0.000000e+00   4.043259e+01   1.850025e+01  
922       1.50124180187e+05   0.000000e+00   4.059720e+01   1.848452e+01  
923       1.50963931425e+05   0.000000e+00   4.044036e+01   1.850227e+01  
924       1.50094071801e+05   0.000000e+00   4.059051e+01   1.848964e+01  
925       1.50963874609e+05   0.000000e+00   4.044781e+01   1.849850e+01  
926       1.50204470208e+05   0.000000e+00   4.057830e+01   1.848689e+01  
927       1.50985552439e+05   0.000000e+00   4.044048e+01   1.849141e+01  
928       1.50136089156e+05   0.000000e+00   4.059187e+01   1.849667e+01  
929       1.51151097202e+05   0.000000e+00   4.031438e+01   1.848266e+01  
930       1.50260825236e+05   0.000000e+00   4.058274e+01   1.849340e+01  
931       1.51008366982e+05   0.000000e+00   4.037609e+01   1.848434e+01  
932       1.50323061942e+05   0.000000e+00   4.063724e+01   1.849466e+01  
933       1.50754576081e+05   0.000000e+00   4.050452e+01   1.848644e+01  
934       1.50385261222e+05   0.000000e+00   4.061147e+01   1.848933e+01  
935       1.50680854406e+05   0.000000e+00   4.048438e+01   1.848623e+01  
936       1.50509876196e+05   0.000000e+00   4.055839e+01   1.848374e+01  
937       1.50538777986e+05   0.000000e+00   4.055223e+01   1.849456e+01  
938       1.50667407374e+05   0.000000e+00   4.050678e+01   1.848197e+01  
939       1.50536747457e+05   0.000000e+00   4.049484e+01   1.848413e+01  
940       1.50684624283e+05   0.000000e+00   4.047494e+01   1.847976e+01  
941       1.50644724155e+05   0.000000e+00   4.047900e+01   1.848543e+01  
942       1.50573900716e+05   0.000000e+00   4.060532e+01   1.848912e+01  
943       1.50739665632e+05   0.000000e+00   4.048775e+01   1.849068e+01  
944       1.50530330213e+05   0.000000e+00   4.057180e+01   1.848592e+01  
945       1.50759896848e+05   0.000000e+00   4.049226e+01   1.848191e+01  
946       1.50285961042e+05   0.000000e+00   4.069751e+01   1.849743e+01  
947       1.50759433237e+05   0.000000e+00   4.054706e+01   1.849066e+01  
948       1.50292123846e+05   0.000000e+00   4.072272e+01   1.850053e+01  
949       1.50620810812e+05   0.000000e+00   4.060697e+01   1.849678e+01  
950       1.50377285602e+05   0.000000e+00   4.069435e+01   1.849221e+01  
951       1.50506380479e+05   0.000000e+00   4.067017e+01   1.849775e+01  
952       1.50573027813e+05   0.000000e+00   4.060057e+01   1.848350e+01  
953       1.50441116608e+05   0.000000e+00   4.067158e+01   1.849676e+01  
954       1.50627651445e+05   0.000000e+00   4.065336e+01   1.848002e+01  
955       1.50396335695e+05   0.000000e+00   4.068284e+01   1.849944e+01  
956       1.50664985921e+05   0.000000e+00   4.065064e+01   1.848186e+01  
957       1.50482804527e+05   0.000000e+00   4.065410e+01   1.849856e+01  
958       1.50576298294e+05   0.000000e+00   4.072933e+01   1.848198e+01  
959       1.50244047686e+05   0.000000e+00   4.080273e+01   1.850667e+01  
960       1.50623922496e+05   0.000000e+00   4.073509e+01   1.848311e+01  
961       1.50343100700e+05   0.000000e+00   4.077511e+01   1.850770e+01  
962       1.50504219195e+05   0.000000e+00   4.075280e+01   1.849372e+01  
963       1.50251022380e+05   0.000000e+00   4.082507e+01   1.850579e+01  
964       1.50606427799e+05   0.000000e+00   4.072882e+01   1.849149e+01  
965       1.50535507262e+05   0.000000e+00   4.067731e+01   1.850230e+01  
966       1.50511826472e+05   0.000000e+00   4.077905e+01   1.849720e+01  
967       1.50717240690e+05   0.000000e+00   4.077701e+01   1.849533e+01  
968       1.50183274387e+05   0.000000e+00   4.090356e+01   1.850870e+01  
969       1.51067987276e+05   0.000000e+00   4.065009e+01   1.848484e+01  
970       1.50292554322e+05   0.000000e+00   4.080907e+01   1.850549e+01  
971       1.51150655726e+05   0.000000e+00   4.065309e+01   1.847699e+01  
972       1.50275878414e+05   0.000000e+00   4.083308e+01   1.851273e+01  
973       1.51072477364e+05   0.000000e+00   4.066712e+01   1.847884e+01  
974       1.50361645454e+05   0.000000e+00   4.080534e+01   1.851224e+01  
975       1.51130483523e+05   0.000000e+00   4.063301e+01   1.847930e+01  
976       1.50484737097e+05   0.000000e+00   4.078096e+01   1.850863e+01  
977       1.50953059182e+05   0.000000e+00   4.069143e+01   1.848946e+01  
978       1.50546412972e+05   0.000000e+00   4.078807e+01   1.850469e+01  
979       1.50884603288e+05   0.000000e+00   4.072824e+01   1.848891e+01  
980       1.50598349346e+05   0.000000e+00   4.080787e+01   1.850203e+01  
981       1.50953029835e+05   0.000000e+00   4.069855e+01   1.849041e+01  
982       1.50534455259e+05   0.000000e+00   4.082984e+01   1.850791e+01  
983       1.50897103852e+05   0.000000e+00   4.073770e+01   1.848906e+01  
984       1.50424051449e+05   0.000000e+00   4.091792e+01   1.850629e+01  
985       1.50758434361e+05   0.000000e+00   4.087110e+01   1.848048e+01  
986       1.50307942390e+05   0.000000e+00   4.109354e+01   1.851416e+01  
987       1.50816830517e+05   0.000000e+00   4.085506e+01   1.847652e+01  
988       1.50396023117e+05   0.000000e+00   4.102576e+01   1.851215e+01  
989       1.50709076480e+05   0.000000e+00   4.091282e+01   1.847447e+01  
990       1.50449438785e+05   0.000000e+00   4.103737e+01   1.850763e+01  
991       1.50723263219e+05   0.000000e+00   4.092117e+01   1.847030e+01  
992       1.50321605319e+05   0.000000e+00   4.109921e+01   1.851129e+01  
993       1.50672857078e+05   0.000000e+00   4.097864e+01   1.847398e+01  
994       1.50325174758e+05   0.000000e+00   4.106273e+01   1.850404e+01  
995       1.50851821218e+05   0.000000e+00   4.086028e+01   1.846755e+01  
996       1.50410276372e+05   0.000000e+00   4.099131e+01   1.850444e+01  
997       1.50684641796e+05   0.000000e+00   4.094007e+01   1.847182e+01  
998       1.50413710879e+05   0.000000e+00   4.107280e+01   1.850029e+01  
999       1.50654412780e+05   0.000000e+00   4.095449e+01   1.847484e+01  
1000      1.50547186444e+05   0.000000e+00   4.105042e+01   1.849017e+01  
1001      1.50467636755e+05   0.000000e+00   4.110269e+01   1.848267e+01  
1002      1.50540880016e+05   0.000000e+00   4.117400e+01   1.848647e+01  
1003      1.50499208593e+05   0.000000e+00   4.110616e+01   1.847836e+01  
1004      1.50416056797e+05   0.000000e+00   4.125467e+01   1.848941e+01  
1005      1.50484532531e+05   0.000000e+00   4.111670e+01   1.847069e+01  
1006      1.50378815780e+05   0.000000e+00   4.125907e+01   1.849225e+01  
1007      1.50485915140e+05   0.000000e+00   4.114767e+01   1.847078e+01  
1008      1.50287298474e+05   0.000000e+00   4.128551e+01   1.849093e+01  
1009      1.50490310849e+05   0.000000e+00   4.118657e+01   1.847165e+01  
1010      1.50160110474e+05   0.000000e+00   4.135714e+01   1.849303e+01  
1011      1.50572051812e+05   0.000000e+00   4.113688e+01   1.846888e+01  
1012      1.50128258148e+05   0.000000e+00   4.137209e+01   1.849192e+01  
1013      1.50656174326e+05   0.000000e+00   4.111063e+01   1.846843e+01  
1014      1.50124889476e+05   0.000000e+00   4.125060e+01   1.849366e+01  
1015      1.50813519649e+05   0.000000e+00   4.102709e+01   1.846579e+01  
1016      1.50130146315e+05   0.000000e+00   4.129149e+01   1.848945e+01  
1017      1.50594759312e+05   0.000000e+00   4.113381e+01   1.847286e+01  
1018      1.50101901628e+05   0.000000e+00   4.130340e+01   1.849074e+01  
1019      1.50601792815e+05   0.000000e+00   4.111938e+01   1.846728e+01  
1020      1.50042925974e+05   0.000000e+00   4.133930e+01   1.849556e+01  
1021      1.50548689772e+05   0.000000e+00   4.118406e+01   1.846775e+01  
1022      1.49869065878e+05   0.000000e+00   4.145308e+01   1.850074e+01  
1023      1.50403021162e+05   0.000000e+00   4.129116e+01   1.846461e+01  
1024      1.49840266594e+05   0.000000e+00   4.151367e+01   1.849891e+01  
1025      1.50179516898e+05   0.000000e+00   4.142708e+01   1.847572e+01  
1026      1.49856157266e+05   0.000000e+00   4.154923e+01   1.850043e+01  
1027      1.50222604199e+05   0.000000e+00   4.142675e+01   1.847861e+01  
1028      1.49936190761e+05   0.000000e+00   4.154932e+01   1.849625e+01  
1029      1.50110651821e+05   0.000000e+00   4.144721e+01   1.847326e+01  
1030      1.50061439795e+05   0.000000e+00   4.153169e+01   1.848966e+01  
1031      1.49978657593e+05   0.000000e+00   4.151757e+01   1.848338e+01  
1032      1.50095212687e+05   0.000000e+00   4.153400e+01   1.849575e+01  
1033      1.50231459040e+05   0.000000e+00   4.141502e+01   1.848234e+01  
1034      1.49809297104e+05   0.000000e+00   4.164193e+01   1.849293e+01  
1035      1.50307606386e+05   0.000000e+00   4.148840e+01   1.848436e+01  
1036      1.49871405286e+05   0.000000e+00   4.157366e+01   1.849530e+01  
1037      1.50371172772e+05   0.000000e+00   4.140794e+01   1.848341e+01  
1038      1.49889289701e+05   0.000000e+00   4.149649e+01   1.849511e+01  
1039      1.50307091432e+05   0.000000e+00   4.147812e+01   1.848061e+01  
1040      1.49851319553e+05   0.000000e+00   4.156309e+01   1.849826e+01  
1041      1.50282992328e+05   0.000000e+00   4.150355e+01   1.848093e+01  
1042      1.49964120916e+05   0.000000e+00   4.146316e+01   1.849406e+01  
1043      1.50205059986e+05   0.000000e+00   4.155485e+01   1.847907e+01  
1044      1.49952494252e+05   0.000000e+00   4.151074e+01   1.849341e+01  
1045      1.50275061176e+05   0.000000e+00   4.146931e+01   1.847659e+01  
1046      1.50108938065e+05   0.000000e+00   4.147907e+01   1.848375e+01  
1047      1.50040397446e+05   0.000000e+00   4.153226e+01   1.848020e+01  
1048      1.50280426494e+05   0.000000e+00   4.144737e+01   1.848117e+01  
1049      1.49894305499e+05   0.000000e+00   4.155556e+01   1.848110e+01  
1050      1.50268611973e+05   0.000000e+00   4.148758e+01   1.848964e+01  
1051      1.49804668663e+05   0.000000e+00   4.161564e+01   1.848563e+01  
1052      1.50154714336e+05   0.000000e+00   4.160800e+01   1.848744e+01  
1053      1.49652727478e+05   0.000000e+00   4.166089e+01   1.848970e+01  
1054      1.50414323470e+05   0.000000e+00   4.147700e+01   1.847424e+01  
1055      1.49764584885e+05   0.000000e+00   4.161560e+01   1.848352e+01  
1056      1.50234685359e+05   0.000000e+00   4.161363e+01   1.847665e+01  
1057      1.49571598189e+05   0.000000e+00   4.176077e+01   1.848432e+01  
1058      1.50295848802e+05   0.000000e+00   4.152572e+01   1.846748e+01  
1059      1.49787305365e+05   0.000000e+00   4.166837e+01   1.848111e+01  
1060      1.50207792190e+05   0.000000e+00   4.155303e+01   1.846618e+01  
1061      1.49854079486e+05   0.000000e+00   4.170905e+01   1.846889e+01  
1062      1.50092534804e+05   0.000000e+00   4.159156e+01   1.847246e+01  
1063      1.49842150817e+05   0.000000e+00   4.171689e+01   1.846661e+01  
1064      1.50208491633e+05   0.000000e+00   4.153067e+01   1.846948e+01  
1065      1.49818750749e+05   0.000000e+00   4.176083e+01   1.846769e+01  
1066      1.50247894087e+05   0.000000e+00   4.148580e+01   1.847623e+01  
1067      1.49713545515e+05   0.000000e+00   4.180158e+01   1.847238e+01  
1068      1.50247261085e+05   0.000000e+00   4.155061e+01   1.847407e+01  
1069      1.49640021841e+05   0.000000e+00   4.185632e+01   1.847345e+01  
1070      1.50243116963e+05   0.000000e+00   4.161739e+01   1.846886e+01  
1071      1.49672208653e+05   0.000000e+00   4.187192e+01   1.847404e+01  
1072      1.50303205343e+05   0.000000e+00   4.160827e+01   1.846660e+01  
1073      1.49725907117e+05   0.000000e+00   4.180924e+01   1.846970e+01  
1074      1.50363064109e+05   0.000000e+00   4.162682e+01   1.845345e+01  
1075      1.49389388256e+05   0.000000e+00   4.195172e+01   1.847904e+01  
1076      1.50292701046e+05   0.000000e+00   4.172008e+01   1.845129e+01  
1077      1.49378074266e+05   0.000000e+00   4.196014e+01   1.847947e+01  
1078      1.50118963461e+05   0.000000e+00   4.181070e+01   1.845107e+01  
1079      1.49449295750e+05   0.000000e+00   4.196734e+01   1.847203e+01  
1080      1.50175913795e+05   0.000000e+00   4.174610e+01   1.844836e+01  
1081      1.49479407835e+05   0.000000e+00   4.193064e+01   1.847323e+01  
1082      1.49977436688e+05   0.000000e+00   4.183260e+01   1.845343e+01  
1083      1.49490801081e+05   0.000000e+00   4.197382e+01   1.847123e+01  
1084      1.49858689810e+05   0.000000e+00   4.189003e+01   1.845581e+01  
1085      1.49672682614e+05   0.000000e+00   4.193261e+01   1.846583e+01  
1086      1.49786737854e+05   0.000000e+00   4.191974e+01   1.846016e+01  
1087      1.49640537223e+05   0.000000e+00   4.198477e+01   1.846334e+01  
1088      1.49845140054e+05   0.000000e+00   4.186445e+01   1.845523e+01  
1089      1.49807611855e+05   0.000000e+00   4.185675e+01   1.845454e+01  
1090      1.49768666423e+05   0.000000e+00   4.187074e+01   1.845691e+01  
1091      1.49886767243e+05   0.000000e+00   4.184329e+01   1.845124e+01  
1092      1.49706821931e+05   0.000000e+00   4.193188e+01   1.845556e+01  
1093      1.49821306997e+05   0.000000e+00   4.189098e+01   1.845245e+01  
1094      1.49821771266e+05   0.000000e+00   4.189720e+01   1.844918e+01  
1095      1.49647843053e+05   0.000000e+00   4.193965e+01   1.845155e+01  
1096      1.50079528216e+05   0.000000e+00   4.179020e+01   1.844429e+01  
1097      1.49648636926e+05   0.000000e+00   4.189254e+01   1.845613e+01  
1098      1.50131701965e+05   0.000000e+00   4.175103e+01   1.844256e+01  
1099      1.49728313605e+05   0.000000e+00   4.180722e+01   1.845181e+01  
1100      1.50090588186e+05   0.000000e+00   4.179860e+01   1.844371e+01  
1101      1.49765636457e+05   0.000000e+00   4.186043e+01   1.844654e+01  
1102      1.49871828628e+05   0.000000e+00   4.189471e+01   1.845057e+01  
1103      1.49862702412e+05   0.000000e+00   4.187037e+01   1.844612e+01  
1104      1.49923444254e+05   0.000000e+00   4.183931e+01   1.845597e+01  
1105      1.49901991782e+05   0.000000e+00   4.184606e+01   1.844484e+01  
1106      1.49967529934e+05   0.000000e+00   4.186657e+01   1.845682e+01  
1107      1.49796169996e+05   0.000000e+00   4.195195e+01   1.844561e+01  
1108      1.49980655825e+05   0.000000e+00   4.192851e+01   1.846010e+01  
1109      1.49909864863e+05   0.000000e+00   4.187147e+01   1.844750e+01  
1110      1.50035381128e+05   0.000000e+00   4.188628e+01   1.846438e+01  
1111      1.49990123889e+05   0.000000e+00   4.183649e+01   1.845233e+01  
1112      1.50080144063e+05   0.000000e+00   4.184193e+01   1.846424e+01  
1113      1.50139862820e+05   0.000000e+00   4.180325e+01   1.844158e+01  
1114      1.50011845351e+05   0.000000e+00   4.189234e+01   1.847086e+01  
1115      1.50132329586e+05   0.000000e+00   4.181472e+01   1.844407e+01  
1116      1.50123325605e+05   0.000000e+00   4.187200e+01   1.847772e+01  
1117      1.50175934330e+05   0.000000e+00   4.186798e+01   1.845002e+01  
1118      1.50213284897e+05   0.000000e+00   4.184102e+01   1.846937e+01  
1119      1.50243280161e+05   0.000000e+00   4.189895e+01   1.844866e+01  
1120      1.50116725472e+05   0.000000e+00   4.193760e+01   1.847433e+01  
1121      1.50351145121e+05   0.000000e+00   4.184805e+01   1.845537e+01  
1122      1.50088682640e+05   0.000000e+00   4.194264e+01   1.847780e+01  
1123      1.50378307506e+05   0.000000e+00   4.184982e+01   1.845338e+01  
1124      1.50041885699e+05   0.000000e+00   4.197627e+01   1.847608e+01  
1125      1.50371454560e+05   0.000000e+00   4.191704e+01   1.846268e+01  
1126      1.49993136340e+05   0.000000e+00   4.202173e+01   1.848273e+01  
1127      1.50369786404e+05   0.000000e+00   4.195312e+01   1.846130e+01  
1128      1.49949347627e+05   0.000000e+00   4.207473e+01   1.848608e+01  
1129      1.50368528352e+05   0.000000e+00   4.200197e+01   1.846251e+01  
1130      1.49977822467e+05   0.000000e+00   4.203651e+01   1.849119e+01  
1131      1.50477979028e+05   0.000000e+00   4.194215e+01   1.845464e+01  
1132      1.50130784976e+05   0.000000e+00   4.195326e+01   1.848308e+01  
1133      1.50456755992e+05   0.000000e+00   4.197385e+01   1.846046e+01  
1134      1.50200341871e+05   0.000000e+00   4.195766e+01   1.848372e+01  
1135      1.50563540464e+05   0.000000e+00   4.196529e+01   1.846116e+01  
1136      1.50035667824e+05   0.000000e+00   4.204663e+01   1.848626e+01  
1137      1.50773280480e+05   0.000000e+00   4.191750e+01   1.845227e+01  
1138      1.49911688541e+05   0.000000e+00   4.209665e+01   1.848756e+01  
1139      1.50923420873e+05   0.000000e+00   4.184122e+01   1.844521e+01  
1140      1.49994787754e+05   0.000000e+00   4.207983e+01   1.848328e+01  
1141      1.50560305907e+05   0.000000e+00   4.202096e+01   1.845382e+01  
1142      1.49994068509e+05   0.000000e+00   4.215580e+01   1.848246e+01  
1143      1.50579789388e+05   0.000000e+00   4.195839e+01   1.845526e+01  
1144      1.50102474931e+05   0.000000e+00   4.217468e+01   1.848163e+01  
1145      1.50333753244e+05   0.000000e+00   4.213540e+01   1.846091e+01  
1146      1.50091620356e+05   0.000000e+00   4.225602e+01   1.847460e+01  
1147      1.50258710104e+05   0.000000e+00   4.213522e+01   1.846133e+01  
1148      1.50340228879e+05   0.000000e+00   4.211713e+01   1.846566e+01  
1149      1.50504444347e+05   0.000000e+00   4.199239e+01   1.845782e+01  
1150      1.50227458317e+05   0.000000e+00   4.221953e+01   1.846998e+01  
1151      1.50414317023e+05   0.000000e+00   4.207043e+01   1.846064e+01  
1152      1.50410641130e+05   0.000000e+00   4.215571e+01   1.846400e+01  
1153      1.50282703272e+05   0.000000e+00   4.217076e+01   1.846195e+01  
1154      1.50563528122e+05   0.000000e+00   4.213657e+01   1.845927e+01  
1155      1.50411576315e+05   0.000000e+00   4.211673e+01   1.846066e+01  
1156      1.50666051763e+05   0.000000e+00   4.204939e+01   1.845985e+01  
1157      1.50306244691e+05   0.000000e+00   4.217003e+01   1.846653e+01  
1158      1.50724100720e+05   0.000000e+00   4.205207e+01   1.845656e+01  
1159      1.50181303528e+05   0.000000e+00   4.218979e+01   1.846795e+01  
1160      1.50606436216e+05   0.000000e+00   4.216187e+01   1.846596e+01  
1161      1.50041500794e+05   0.000000e+00   4.227531e+01   1.847210e+01  
1162      1.50743114072e+05   0.000000e+00   4.215203e+01   1.846292e+01  
1163      1.49923648002e+05   0.000000e+00   4.235453e+01   1.847400e+01  
1164      1.50807898686e+05   0.000000e+00   4.216647e+01   1.846193e+01  
1165      1.49865879131e+05   0.000000e+00   4.239432e+01   1.847624e+01  
1166      1.50814584172e+05   0.000000e+00   4.212401e+01   1.846979e+01  
1167      1.49973662469e+05   0.000000e+00   4.236211e+01   1.847147e+01  
1168      1.50803735955e+05   0.000000e+00   4.215795e+01   1.846340e+01  
1169      1.50043700111e+05   0.000000e+00   4.236235e+01   1.847565e+01  
1170      1.50990678516e+05   0.000000e+00   4.205673e+01   1.845872e+01  
1171      1.50096098820e+05   0.000000e+00   4.237047e+01   1.847647e+01  
1172      1.50931408412e+05   0.000000e+00   4.214323e+01   1.846435e+01  
1173      1.50168240835e+05   0.000000e+00   4.231654e+01   1.846727e+01  
1174      1.51015625800e+05   0.000000e+00   4.208905e+01   1.846407e+01  
1175      1.50272234037e+05   0.000000e+00   4.236796e+01   1.846551e+01  
1176      1.50720724244e+05   0.000000e+00   4.224707e+01   1.847102e+01  
1177      1.50358384075e+05   0.000000e+00   4.241882e+01   1.846061e+01  
1178      1.50557122601e+05   0.000000e+00   4.235936e+01   1.847526e+01  
1179      1.50320774163e+05   0.000000e+00   4.247326e+01   1.846244e+01  
1180      1.50311315300e+05   0.000000e+00   4.245463e+01   1.848148e+01  
1181      1.50282137391e+05   0.000000e+00   4.260677e+01   1.846167e+01  
1182      1.50209442414e+05   0.000000e+00   4.247128e+01   1.848666e+01  
1183      1.50244702038e+05   0.000000e+00   4.260418e+01   1.845803e+01  
1184      1.50140348491e+05   0.000000e+00   4.250663e+01   1.848323e+01  
1185      1.50124611976e+05   0.000000e+00   4.267557e+01   1.845716e+01  
1186      1.50180191811e+05   0.000000e+00   4.251264e+01   1.847666e+01  
1187      1.50088867474e+05   0.000000e+00   4.269259e+01   1.845975e+01  
1188      1.50192774182e+05   0.000000e+00   4.250876e+01   1.847042e+01  
1189      1.50232401665e+05   0.000000e+00   4.261407e+01   1.845575e+01  
1190      1.50314122681e+05   0.000000e+00   4.253368e+01   1.846211e+01  
1191      1.50073750787e+05   0.000000e+00   4.273455e+01   1.846395e+01  
1192      1.50351687739e+05   0.000000e+00   4.256622e+01   1.845897e+01  
1193      1.50172719340e+05   0.000000e+00   4.263098e+01   1.846485e+01  
1194      1.50425081745e+05   0.000000e+00   4.254433e+01   1.845973e+01  
1195      1.50178604728e+05   0.000000e+00   4.267822e+01   1.846628e+01  
1196      1.50497380389e+05   0.000000e+00   4.249944e+01   1.846175e+01  
1197      1.50144588779e+05   0.000000e+00   4.264127e+01   1.846377e+01  
1198      1.50654132328e+05   0.000000e+00   4.239786e+01   1.845442e+01  
1199      1.50011696456e+05   0.000000e+00   4.268274e+01   1.847002e+01  
1200      1.50651895115e+05   0.000000e+00   4.244331e+01   1.845863e+01  
1201      1.50051940364e+05   0.000000e+00   4.265854e+01   1.847178e+01  
1202      1.50619816400e+05   0.000000e+00   4.248381e+01   1.845404e+01  
1203      1.50156251772e+05   0.000000e+00   4.263776e+01   1.846313e+01  
1204      1.50644373979e+05   0.000000e+00   4.249036e+01   1.845177e+01  
1205      1.50268881039e+05   0.000000e+00   4.263076e+01   1.846009e+01  
1206      1.50642711317e+05   0.000000e+00   4.250876e+01   1.845461e+01  
1207      1.50283619584e+05   0.000000e+00   4.266819e+01   1.845677e+01  
1208      1.50631669644e+05   0.000000e+00   4.258575e+01   1.845335e+01  
1209      1.50166835788e+05   0.000000e+00   4.272976e+01   1.845793e+01  
1210      1.50788202192e+05   0.000000e+00   4.254885e+01   1.845370e+01  
1211      1.50120952070e+05   0.000000e+00   4.273210e+01   1.846076e+01  
1212      1.50728216160e+05   0.000000e+00   4.261705e+01   1.845071e+01  
1213      1.50076144737e+05   0.000000e+00   4.283167e+01   1.845646e+01  
1214      1.50671982376e+05   0.000000e+00   4.267645e+01   1.845052e+01  
1215      1.50202794398e+05   0.000000e+00   4.274323e+01   1.845490e+01  
1216      1.50755812356e+05   0.000000e+00   4.261025e+01   1.843923e+01  
1217      1.50257917780e+05   0.000000e+00   4.271411e+01   1.844843e+01  
1218      1.50742717851e+05   0.000000e+00   4.262533e+01   1.844054e+01  
1219      1.50325244623e+05   0.000000e+00   4.272614e+01   1.844811e+01  
1220      1.50790215497e+05   0.000000e+00   4.262461e+01   1.843415e+01  
1221      1.50295273312e+05   0.000000e+00   4.272699e+01   1.844853e+01  
1222      1.50810674269e+05   0.000000e+00   4.260086e+01   1.842915e+01  
1223      1.50337959976e+05   0.000000e+00   4.270379e+01   1.845325e+01  
1224      1.50669713519e+05   0.000000e+00   4.265004e+01   1.842964e+01  
1225      1.50367047721e+05   0.000000e+00   4.269255e+01   1.845253e+01  
1226      1.50516211249e+05   0.000000e+00   4.275408e+01   1.843258e+01  
1227      1.50358726208e+05   0.000000e+00   4.270627e+01   1.845653e+01  
1228      1.50600478643e+05   0.000000e+00   4.260451e+01   1.842916e+01  
1229      1.50343082828e+05   0.000000e+00   4.272499e+01   1.845796e+01  
1230      1.50369265545e+05   0.000000e+00   4.278572e+01   1.843669e+01  
1231      1.50235929849e+05   0.000000e+00   4.283538e+01   1.845529e+01  
1232      1.50328400679e+05   0.000000e+00   4.281172e+01   1.843778e+01  
1233      1.50511529437e+05   0.000000e+00   4.270279e+01   1.845092e+01  
1234      1.50350203514e+05   0.000000e+00   4.278793e+01   1.843706e+01  
1235      1.50551955636e+05   0.000000e+00   4.273681e+01   1.844777e+01  
1236      1.50245093247e+05   0.000000e+00   4.281316e+01   1.843876e+01  
1237      1.50545760048e+05   0.000000e+00   4.271264e+01   1.844721e+01  
1238      1.50370266346e+05   0.000000e+00   4.273694e+01   1.844216e+01  
1239      1.50418196429e+05   0.000000e+00   4.275810e+01   1.845156e+01  
1240      1.50500248380e+05   0.000000e+00   4.273712e+01   1.844387e+01  
1241      1.50470061365e+05   0.000000e+00   4.272245e+01   1.844900e+01  
1242      1.50617801017e+05   0.000000e+00   4.267316e+01   1.844300e+01  
1243      1.50614835198e+05   0.000000e+00   4.261117e+01   1.844410e+01  
1244      1.50556982053e+05   0.000000e+00   4.269400e+01   1.844532e+01  
1245      1.50711663855e+05   0.000000e+00   4.262988e+01   1.844261e+01  
1246      1.50430384369e+05   0.000000e+00   4.271995e+01   1.845162e+01  
1247      1.50979454312e+05   0.000000e+00   4.253852e+01   1.843252e+01  
1248      1.50239480070e+05   0.000000e+00   4.279738e+01   1.845635e+01  
1249      1.50983041102e+05   0.000000e+00   4.261153e+01   1.843449e+01  
1250      1.50221476522e+05   0.000000e+00   4.280222e+01   1.846015e+01  
-------------------------------------------------------------------

Initialization/allocation wall-clock time: 2.978 seconds
Calculation (iterations) wall-clock time : 252.420 seconds

