
**********************************************
Real-time propagation in 3D, OPTION = 2
MPI nodes = 8, OMP threads = 16, cores = 128
**********************************************

Interactions
Contact: Natoms = 1.50000000000e+05, as = 7.200000e+01 * a0, G = 1.293468e+04, G * par = 2.586935e+04
Three-body: K3 =  0.000000e+00, g3 = 0.000000e+00
Regular DDI: add = 1.101000e+02 * a0, GD = 4.721954e+03, GD * par = 9.443909e+03, edd = 1.529167e+00
     Dipolar cutoff Rcut = 5.292377e+00, Lcut = 1.798985e+02

QF = 1: h2 = 1.633919e+05, h4 = 0.000000e+00
        q3 = 0.000000e+00, q5 = 4.767205e+00

GRAD = 0

Trap parameters:
GAMMA = 0.000000e+00, NU = 0.000000e+00, LAMBDA = 0.000000e+00
Parameters of rotation: OMEGA = 0.000000e+00, OMEGA * par = 0.000000e+00

Space discretization: NX = 128, NY = 128, NZ = 128
                      DX = 2.810914e+00, DY = 8.269339e-02, DZ = 8.269339e-02
      Unit of length: aho = 5.552380e-07 m

Time discretization: NITER = 2500 (NSNAP = 1250)
                     DT = 3.419098e-03

Initial state: file ./imag3d-finalpsi.bin
ADD_VORTICES = 0, ADD_RANDOM_PHASE = 0


MUREL = 1.000000e-12, MUEND=1.000000e+05

-------------------------------------------------------------------
Snap      <r>            <x>            <y>            <z>
-------------------------------------------------------------------
0         1.800694e+01   1.799137e+01   5.293728e-01   5.293728e-01  
1         1.800693e+01   1.799137e+01   5.292663e-01   5.292663e-01  
2         1.800692e+01   1.799137e+01   5.291426e-01   5.291426e-01  
3         1.800691e+01   1.799137e+01   5.290019e-01   5.290019e-01  
4         1.800690e+01   1.799137e+01   5.288447e-01   5.288447e-01  
5         1.800689e+01   1.799136e+01   5.286718e-01   5.286718e-01  
6         1.800688e+01   1.799136e+01   5.284840e-01   5.284840e-01  
7         1.800686e+01   1.799136e+01   5.282825e-01   5.282825e-01  
8         1.800685e+01   1.799136e+01   5.280689e-01   5.280689e-01  
9         1.800683e+01   1.799135e+01   5.278447e-01   5.278447e-01  
10        1.800681e+01   1.799135e+01   5.276118e-01   5.276118e-01  
11        1.800680e+01   1.799134e+01   5.273721e-01   5.273721e-01  
12        1.800678e+01   1.799134e+01   5.271275e-01   5.271275e-01  
13        1.800676e+01   1.799133e+01   5.268802e-01   5.268802e-01  
14        1.800674e+01   1.799133e+01   5.266323e-01   5.266323e-01  
15        1.800672e+01   1.799133e+01   5.263859e-01   5.263859e-01  
16        1.800670e+01   1.799132e+01   5.261432e-01   5.261432e-01  
17        1.800668e+01   1.799132e+01   5.259064e-01   5.259064e-01  
18        1.800666e+01   1.799131e+01   5.256777e-01   5.256777e-01  
19        1.800665e+01   1.799131e+01   5.254594e-01   5.254594e-01  
20        1.800663e+01   1.799130e+01   5.252538e-01   5.252538e-01  
21        1.800662e+01   1.799130e+01   5.250629e-01   5.250629e-01  
22        1.800660e+01   1.799129e+01   5.248888e-01   5.248888e-01  
23        1.800659e+01   1.799129e+01   5.247335e-01   5.247335e-01  
24        1.800658e+01   1.799129e+01   5.245985e-01   5.245985e-01  
25        1.800657e+01   1.799129e+01   5.244853e-01   5.244853e-01  
26        1.800656e+01   1.799128e+01   5.243951e-01   5.243951e-01  
27        1.800656e+01   1.799128e+01   5.243286e-01   5.243286e-01  
28        1.800655e+01   1.799128e+01   5.242864e-01   5.242864e-01  
29        1.800655e+01   1.799128e+01   5.242686e-01   5.242686e-01  
30        1.800655e+01   1.799128e+01   5.242754e-01   5.242754e-01  
31        1.800656e+01   1.799128e+01   5.243061e-01   5.243061e-01  
32        1.800656e+01   1.799128e+01   5.243604e-01   5.243604e-01  
33        1.800657e+01   1.799129e+01   5.244372e-01   5.244372e-01  
34        1.800657e+01   1.799129e+01   5.245355e-01   5.245355e-01  
35        1.800658e+01   1.799129e+01   5.246541e-01   5.246541e-01  
36        1.800659e+01   1.799129e+01   5.247916e-01   5.247916e-01  
37        1.800660e+01   1.799129e+01   5.249465e-01   5.249465e-01  
38        1.800662e+01   1.799130e+01   5.251171e-01   5.251171e-01  
39        1.800663e+01   1.799130e+01   5.253016e-01   5.253016e-01  
40        1.800665e+01   1.799130e+01   5.254984e-01   5.254984e-01  
41        1.800666e+01   1.799131e+01   5.257055e-01   5.257055e-01  
42        1.800668e+01   1.799131e+01   5.259211e-01   5.259211e-01  
43        1.800670e+01   1.799132e+01   5.261432e-01   5.261432e-01  
44        1.800671e+01   1.799132e+01   5.263701e-01   5.263701e-01  
45        1.800673e+01   1.799132e+01   5.265999e-01   5.265999e-01  
46        1.800675e+01   1.799133e+01   5.268306e-01   5.268306e-01  
47        1.800677e+01   1.799133e+01   5.270607e-01   5.270607e-01  
48        1.800678e+01   1.799134e+01   5.272882e-01   5.272882e-01  
49        1.800680e+01   1.799134e+01   5.275116e-01   5.275116e-01  
50        1.800682e+01   1.799134e+01   5.277293e-01   5.277293e-01  
51        1.800683e+01   1.799135e+01   5.279397e-01   5.279397e-01  
52        1.800685e+01   1.799135e+01   5.281414e-01   5.281414e-01  
53        1.800686e+01   1.799135e+01   5.283330e-01   5.283330e-01  
54        1.800687e+01   1.799135e+01   5.285133e-01   5.285133e-01  
55        1.800689e+01   1.799136e+01   5.286813e-01   5.286813e-01  
56        1.800690e+01   1.799136e+01   5.288358e-01   5.288358e-01  
57        1.800691e+01   1.799136e+01   5.289761e-01   5.289761e-01  
58        1.800692e+01   1.799136e+01   5.291014e-01   5.291014e-01  
59        1.800693e+01   1.799137e+01   5.292110e-01   5.292110e-01  
60        1.800693e+01   1.799137e+01   5.293044e-01   5.293044e-01  
61        1.800694e+01   1.799137e+01   5.293813e-01   5.293813e-01  
62        1.800694e+01   1.799137e+01   5.294413e-01   5.294413e-01  
63        1.800695e+01   1.799137e+01   5.294844e-01   5.294844e-01  
64        1.800695e+01   1.799137e+01   5.295104e-01   5.295104e-01  
65        1.800695e+01   1.799137e+01   5.295194e-01   5.295194e-01  
66        1.800695e+01   1.799137e+01   5.295117e-01   5.295117e-01  
67        1.800695e+01   1.799137e+01   5.294876e-01   5.294876e-01  
68        1.800694e+01   1.799137e+01   5.294474e-01   5.294474e-01  
69        1.800694e+01   1.799137e+01   5.293916e-01   5.293916e-01  
70        1.800694e+01   1.799137e+01   5.293209e-01   5.293209e-01  
71        1.800693e+01   1.799137e+01   5.292359e-01   5.292359e-01  
72        1.800692e+01   1.799137e+01   5.291374e-01   5.291374e-01  
73        1.800691e+01   1.799137e+01   5.290263e-01   5.290263e-01  
74        1.800691e+01   1.799136e+01   5.289035e-01   5.289035e-01  
75        1.800690e+01   1.799136e+01   5.287701e-01   5.287701e-01  
76        1.800689e+01   1.799136e+01   5.286270e-01   5.286270e-01  
77        1.800688e+01   1.799136e+01   5.284754e-01   5.284754e-01  
78        1.800687e+01   1.799136e+01   5.283165e-01   5.283165e-01  
79        1.800686e+01   1.799136e+01   5.281515e-01   5.281515e-01  
80        1.800684e+01   1.799136e+01   5.279816e-01   5.279816e-01  
81        1.800683e+01   1.799136e+01   5.278080e-01   5.278080e-01  
82        1.800682e+01   1.799135e+01   5.276321e-01   5.276321e-01  
83        1.800681e+01   1.799135e+01   5.274551e-01   5.274551e-01  
84        1.800680e+01   1.799135e+01   5.272783e-01   5.272783e-01  
85        1.800679e+01   1.799135e+01   5.271030e-01   5.271030e-01  
86        1.800678e+01   1.799135e+01   5.269303e-01   5.269303e-01  
87        1.800677e+01   1.799135e+01   5.267615e-01   5.267615e-01  
88        1.800676e+01   1.799135e+01   5.265977e-01   5.265977e-01  
89        1.800675e+01   1.799135e+01   5.264402e-01   5.264402e-01  
90        1.800674e+01   1.799135e+01   5.262899e-01   5.262899e-01  
91        1.800674e+01   1.799136e+01   5.261478e-01   5.261478e-01  
92        1.800673e+01   1.799136e+01   5.260151e-01   5.260151e-01  
93        1.800672e+01   1.799136e+01   5.258924e-01   5.258924e-01  
94        1.800672e+01   1.799136e+01   5.257808e-01   5.257808e-01  
95        1.800672e+01   1.799136e+01   5.256808e-01   5.256808e-01  
96        1.800671e+01   1.799137e+01   5.255931e-01   5.255931e-01  
97        1.800671e+01   1.799137e+01   5.255183e-01   5.255183e-01  
98        1.800671e+01   1.799137e+01   5.254568e-01   5.254568e-01  
99        1.800671e+01   1.799138e+01   5.254089e-01   5.254089e-01  
100       1.800671e+01   1.799138e+01   5.253749e-01   5.253749e-01  
101       1.800672e+01   1.799138e+01   5.253548e-01   5.253548e-01  
102       1.800672e+01   1.799139e+01   5.253487e-01   5.253487e-01  
103       1.800673e+01   1.799139e+01   5.253565e-01   5.253565e-01  
104       1.800674e+01   1.799140e+01   5.253782e-01   5.253782e-01  
105       1.800674e+01   1.799141e+01   5.254135e-01   5.254135e-01  
106       1.800675e+01   1.799141e+01   5.254621e-01   5.254621e-01  
107       1.800676e+01   1.799142e+01   5.255236e-01   5.255236e-01  
108       1.800677e+01   1.799143e+01   5.255975e-01   5.255975e-01  
109       1.800679e+01   1.799143e+01   5.256833e-01   5.256833e-01  
110       1.800680e+01   1.799144e+01   5.257803e-01   5.257803e-01  
111       1.800681e+01   1.799145e+01   5.258878e-01   5.258878e-01  
112       1.800683e+01   1.799146e+01   5.260048e-01   5.260048e-01  
113       1.800685e+01   1.799147e+01   5.261305e-01   5.261305e-01  
114       1.800686e+01   1.799148e+01   5.262639e-01   5.262639e-01  
115       1.800688e+01   1.799149e+01   5.264039e-01   5.264039e-01  
116       1.800690e+01   1.799150e+01   5.265496e-01   5.265496e-01  
117       1.800692e+01   1.799151e+01   5.267000e-01   5.267000e-01  
118       1.800694e+01   1.799152e+01   5.268539e-01   5.268539e-01  
119       1.800696e+01   1.799153e+01   5.270102e-01   5.270102e-01  
120       1.800698e+01   1.799154e+01   5.271679e-01   5.271679e-01  
121       1.800701e+01   1.799156e+01   5.273258e-01   5.273258e-01  
122       1.800703e+01   1.799157e+01   5.274829e-01   5.274829e-01  
123       1.800706e+01   1.799159e+01   5.276381e-01   5.276381e-01  
124       1.800709e+01   1.799161e+01   5.277902e-01   5.277902e-01  
125       1.800712e+01   1.799163e+01   5.279385e-01   5.279385e-01  
126       1.800715e+01   1.799165e+01   5.280819e-01   5.280819e-01  
127       1.800718e+01   1.799168e+01   5.282197e-01   5.282197e-01  
128       1.800722e+01   1.799171e+01   5.283511e-01   5.283511e-01  
129       1.800726e+01   1.799175e+01   5.284753e-01   5.284753e-01  
130       1.800731e+01   1.799179e+01   5.285919e-01   5.285919e-01  
131       1.800737e+01   1.799184e+01   5.287006e-01   5.287006e-01  
132       1.800744e+01   1.799190e+01   5.288012e-01   5.288012e-01  
133       1.800752e+01   1.799198e+01   5.288941e-01   5.288941e-01  
134       1.800762e+01   1.799207e+01   5.289800e-01   5.289800e-01  
135       1.800774e+01   1.799219e+01   5.290601e-01   5.290601e-01  
136       1.800789e+01   1.799234e+01   5.291362e-01   5.291362e-01  
137       1.800809e+01   1.799253e+01   5.292111e-01   5.292111e-01  
138       1.800835e+01   1.799279e+01   5.292884e-01   5.292884e-01  
139       1.800868e+01   1.799312e+01   5.293731e-01   5.293731e-01  
140       1.800911e+01   1.799354e+01   5.294712e-01   5.294712e-01  
141       1.800966e+01   1.799408e+01   5.295902e-01   5.295902e-01  
142       1.801034e+01   1.799476e+01   5.297389e-01   5.297389e-01  
143       1.801116e+01   1.799557e+01   5.299275e-01   5.299275e-01  
144       1.801212e+01   1.799651e+01   5.301673e-01   5.301673e-01  
145       1.801321e+01   1.799758e+01   5.304706e-01   5.304706e-01  
146       1.801441e+01   1.799876e+01   5.308511e-01   5.308511e-01  
147       1.801571e+01   1.800003e+01   5.313232e-01   5.313232e-01  
148       1.801709e+01   1.800138e+01   5.319020e-01   5.319020e-01  
149       1.801853e+01   1.800278e+01   5.326030e-01   5.326030e-01  
150       1.802002e+01   1.800422e+01   5.334415e-01   5.334415e-01  
151       1.802153e+01   1.800568e+01   5.344324e-01   5.344324e-01  
152       1.802306e+01   1.800713e+01   5.355896e-01   5.355896e-01  
153       1.802456e+01   1.800856e+01   5.369264e-01   5.369264e-01  
154       1.802603e+01   1.800994e+01   5.384548e-01   5.384548e-01  
155       1.802745e+01   1.801125e+01   5.401854e-01   5.401854e-01  
156       1.802880e+01   1.801250e+01   5.421274e-01   5.421274e-01  
157       1.803009e+01   1.801366e+01   5.442873e-01   5.442873e-01  
158       1.803130e+01   1.801472e+01   5.466696e-01   5.466696e-01  
159       1.803242e+01   1.801568e+01   5.492760e-01   5.492760e-01  
160       1.803343e+01   1.801652e+01   5.521055e-01   5.521055e-01  
161       1.803435e+01   1.801725e+01   5.551548e-01   5.551548e-01  
162       1.803517e+01   1.801787e+01   5.584180e-01   5.584180e-01  
163       1.803593e+01   1.801841e+01   5.618866e-01   5.618866e-01  
164       1.803663e+01   1.801888e+01   5.655499e-01   5.655499e-01  
165       1.803727e+01   1.801928e+01   5.693943e-01   5.693943e-01  
166       1.803787e+01   1.801963e+01   5.734050e-01   5.734050e-01  
167       1.803850e+01   1.802000e+01   5.775686e-01   5.775686e-01  
168       1.803953e+01   1.802075e+01   5.818864e-01   5.818864e-01  
169       1.804451e+01   1.802543e+01   5.865263e-01   5.865263e-01  
170       1.804058e+01   1.802122e+01   5.908093e-01   5.908093e-01  
171       1.803823e+01   1.801857e+01   5.952762e-01   5.952762e-01  
172       1.804067e+01   1.802070e+01   6.000806e-01   6.000806e-01  
173       1.803940e+01   1.801912e+01   6.047748e-01   6.047748e-01  
174       1.804017e+01   1.801956e+01   6.095909e-01   6.095909e-01  
175       1.804014e+01   1.801920e+01   6.144571e-01   6.144571e-01  
176       1.803956e+01   1.801829e+01   6.192110e-01   6.192110e-01  
177       1.804014e+01   1.801853e+01   6.241618e-01   6.241618e-01  
178       1.803846e+01   1.801653e+01   6.288171e-01   6.288171e-01  
179       1.803967e+01   1.801739e+01   6.337985e-01   6.337985e-01  
180       1.803687e+01   1.801427e+01   6.383308e-01   6.383308e-01  
181       1.803813e+01   1.801517e+01   6.432753e-01   6.432752e-01  
182       1.803463e+01   1.801136e+01   6.476549e-01   6.476549e-01  
183       1.803546e+01   1.801184e+01   6.525103e-01   6.525103e-01  
184       1.803160e+01   1.800767e+01   6.567053e-01   6.567053e-01  
185       1.803170e+01   1.800742e+01   6.614347e-01   6.614347e-01  
186       1.802775e+01   1.800317e+01   6.654161e-01   6.654160e-01  
187       1.802700e+01   1.800208e+01   6.700013e-01   6.700013e-01  
188       1.802306e+01   1.799786e+01   6.737542e-01   6.737542e-01  
189       1.802157e+01   1.799603e+01   6.781908e-01   6.781908e-01  
190       1.801766e+01   1.799185e+01   6.817078e-01   6.817078e-01  
191       1.801570e+01   1.798956e+01   6.860006e-01   6.860006e-01  
192       1.801177e+01   1.798537e+01   6.892851e-01   6.892851e-01  
193       1.800967e+01   1.798295e+01   6.934522e-01   6.934522e-01  
194       1.800565e+01   1.797869e+01   6.965208e-01   6.965208e-01  
195       1.800372e+01   1.797644e+01   7.005899e-01   7.005899e-01  
196       1.799957e+01   1.797205e+01   7.034671e-01   7.034671e-01  
197       1.799802e+01   1.797018e+01   7.074706e-01   7.074706e-01  
198       1.799372e+01   1.796566e+01   7.101860e-01   7.101860e-01  
199       1.799267e+01   1.796430e+01   7.141552e-01   7.141552e-01  
200       1.798826e+01   1.795968e+01   7.167432e-01   7.167432e-01  
201       1.798774e+01   1.795884e+01   7.207120e-01   7.207120e-01  
202       1.798327e+01   1.795416e+01   7.232157e-01   7.232157e-01  
203       1.798317e+01   1.795373e+01   7.272314e-01   7.272314e-01  
204       1.797860e+01   1.794896e+01   7.297210e-01   7.297211e-01  
205       1.797877e+01   1.794879e+01   7.338797e-01   7.338797e-01  
206       1.797402e+01   1.794382e+01   7.364745e-01   7.364745e-01  
207       1.797433e+01   1.794377e+01   7.408690e-01   7.408690e-01  
208       1.796941e+01   1.793863e+01   7.433838e-01   7.433838e-01  
209       1.797013e+01   1.793901e+01   7.474185e-01   7.474185e-01  
210       1.796524e+01   1.793396e+01   7.493743e-01   7.493743e-01  
211       1.796634e+01   1.793471e+01   7.535556e-01   7.535556e-01  
212       1.796130e+01   1.792944e+01   7.561744e-01   7.561744e-01  
213       1.796330e+01   1.793109e+01   7.604076e-01   7.604077e-01  
214       1.795916e+01   1.792678e+01   7.622299e-01   7.622300e-01  
215       1.796213e+01   1.792937e+01   7.668271e-01   7.668271e-01  
216       1.795816e+01   1.792505e+01   7.707442e-01   7.707443e-01  
217       1.796651e+01   1.793292e+01   7.763891e-01   7.763892e-01  
218       1.795513e+01   1.792135e+01   7.785209e-01   7.785210e-01  
219       1.796895e+01   1.793462e+01   7.849617e-01   7.849618e-01  
220       1.797883e+01   1.794403e+01   7.906761e-01   7.906762e-01  
221       1.799381e+01   1.795851e+01   7.965830e-01   7.965831e-01  
222       1.799377e+01   1.795805e+01   8.013242e-01   8.013243e-01  
223       1.796113e+01   1.792474e+01   8.080160e-01   8.080161e-01  
224       1.797363e+01   1.793681e+01   8.130512e-01   8.130514e-01  
225       1.797280e+01   1.793522e+01   8.214181e-01   8.214183e-01  
226       1.798443e+01   1.794610e+01   8.297246e-01   8.297247e-01  
227       1.796691e+01   1.792793e+01   8.363672e-01   8.363674e-01  
228       1.799277e+01   1.795287e+01   8.467649e-01   8.467651e-01  
229       1.799071e+01   1.794988e+01   8.565888e-01   8.565890e-01  
230       1.800627e+01   1.796467e+01   8.650181e-01   8.650183e-01  
231       1.800810e+01   1.796523e+01   8.781252e-01   8.781256e-01  
232       1.797698e+01   1.793345e+01   8.840697e-01   8.840701e-01  
233       1.802304e+01   1.797798e+01   9.005833e-01   9.005839e-01  
234       1.800256e+01   1.795649e+01   9.100756e-01   9.100761e-01  
235       1.800958e+01   1.796219e+01   9.232932e-01   9.232944e-01  
236       1.800034e+01   1.795159e+01   9.360858e-01   9.360870e-01  
237       1.801984e+01   1.796953e+01   9.514785e-01   9.514812e-01  
238       1.802836e+01   1.797658e+01   9.654395e-01   9.654421e-01  
239       1.803359e+01   1.797992e+01   9.830752e-01   9.830795e-01  
240       1.803267e+01   1.797750e+01   9.966596e-01   9.966633e-01  
241       1.804127e+01   1.798383e+01   1.017098e+00   1.017105e+00  
242       1.803360e+01   1.797471e+01   1.029706e+00   1.029712e+00  
243       1.805770e+01   1.799649e+01   1.050432e+00   1.050441e+00  
244       1.804639e+01   1.798329e+01   1.066164e+00   1.066172e+00  
245       1.805933e+01   1.799380e+01   1.086919e+00   1.086931e+00  
246       1.805799e+01   1.799035e+01   1.104144e+00   1.104156e+00  
247       1.807144e+01   1.800128e+01   1.124917e+00   1.124932e+00  
248       1.806726e+01   1.799472e+01   1.143702e+00   1.143717e+00  
249       1.808058e+01   1.800534e+01   1.165086e+00   1.165104e+00  
250       1.807693e+01   1.799908e+01   1.185036e+00   1.185054e+00  
251       1.809483e+01   1.801420e+01   1.206542e+00   1.206564e+00  
252       1.808623e+01   1.800283e+01   1.226703e+00   1.226725e+00  
253       1.810996e+01   1.802357e+01   1.249257e+00   1.249280e+00  
254       1.809933e+01   1.801005e+01   1.269614e+00   1.269642e+00  
255       1.811542e+01   1.802274e+01   1.294071e+00   1.294097e+00  
256       1.811605e+01   1.802045e+01   1.314290e+00   1.314323e+00  
257       1.812824e+01   1.802896e+01   1.339655e+00   1.339685e+00  
258       1.813475e+01   1.803227e+01   1.361305e+00   1.361344e+00  
259       1.813871e+01   1.803290e+01   1.383293e+00   1.383327e+00  
260       1.814467e+01   1.803526e+01   1.406822e+00   1.406864e+00  
261       1.814903e+01   1.803606e+01   1.429671e+00   1.429707e+00  
262       1.815474e+01   1.803814e+01   1.452582e+00   1.452631e+00  
263       1.815721e+01   1.803692e+01   1.475445e+00   1.475482e+00  
264       1.815248e+01   1.802861e+01   1.496932e+00   1.496985e+00  
265       1.815933e+01   1.803183e+01   1.518937e+00   1.518980e+00  
266       1.815151e+01   1.801998e+01   1.542279e+00   1.542333e+00  
267       1.817763e+01   1.804305e+01   1.561171e+00   1.561233e+00  
268       1.816219e+01   1.802342e+01   1.584476e+00   1.584552e+00  
269       1.819407e+01   1.805302e+01   1.598832e+00   1.598898e+00  
270       1.817582e+01   1.803103e+01   1.618949e+00   1.619030e+00  
271       1.819594e+01   1.804883e+01   1.632737e+00   1.632796e+00  
272       1.818415e+01   1.803362e+01   1.650958e+00   1.651035e+00  
273       1.819787e+01   1.804468e+01   1.666101e+00   1.666168e+00  
274       1.818998e+01   1.803381e+01   1.681796e+00   1.681869e+00  
275       1.820618e+01   1.804807e+01   1.692889e+00   1.692991e+00  
276       1.819577e+01   1.803482e+01   1.707445e+00   1.707594e+00  
277       1.819914e+01   1.803572e+01   1.720594e+00   1.720741e+00  
278       1.819875e+01   1.803338e+01   1.730804e+00   1.730930e+00  
279       1.820477e+01   1.803843e+01   1.736193e+00   1.736174e+00  
280       1.820094e+01   1.803156e+01   1.751757e+00   1.751696e+00  
281       1.820504e+01   1.803447e+01   1.758067e+00   1.758042e+00  
282       1.821872e+01   1.804671e+01   1.766094e+00   1.766114e+00  
283       1.821928e+01   1.804517e+01   1.776833e+00   1.776787e+00  
284       1.822164e+01   1.804639e+01   1.782758e+00   1.782651e+00  
285       1.822158e+01   1.804429e+01   1.793011e+00   1.792955e+00  
286       1.822586e+01   1.804725e+01   1.799831e+00   1.799821e+00  
287       1.822904e+01   1.804879e+01   1.808254e+00   1.808138e+00  
288       1.824118e+01   1.805960e+01   1.815488e+00   1.815390e+00  
289       1.822800e+01   1.804472e+01   1.823238e+00   1.823129e+00  
290       1.824170e+01   1.805717e+01   1.830068e+00   1.829980e+00  
291       1.822913e+01   1.804307e+01   1.837057e+00   1.836898e+00  
292       1.824701e+01   1.805937e+01   1.845681e+00   1.845532e+00  
293       1.823344e+01   1.804359e+01   1.855762e+00   1.855640e+00  
294       1.825200e+01   1.806147e+01   1.860061e+00   1.859858e+00  
295       1.823334e+01   1.804058e+01   1.869879e+00   1.869718e+00  
296       1.826056e+01   1.806642e+01   1.877936e+00   1.877780e+00  
297       1.824041e+01   1.804474e+01   1.884243e+00   1.884025e+00  
298       1.826053e+01   1.806334e+01   1.892494e+00   1.892343e+00  
299       1.825168e+01   1.805315e+01   1.898445e+00   1.898228e+00  
300       1.826314e+01   1.806343e+01   1.904678e+00   1.904478e+00  
301       1.824920e+01   1.804730e+01   1.914309e+00   1.914098e+00  
302       1.826821e+01   1.806565e+01   1.918435e+00   1.918210e+00  
303       1.823744e+01   1.803309e+01   1.925192e+00   1.924971e+00  
304       1.827160e+01   1.806631e+01   1.931436e+00   1.931204e+00  
305       1.823472e+01   1.802771e+01   1.937491e+00   1.937238e+00  
306       1.827100e+01   1.806290e+01   1.944501e+00   1.944263e+00  
307       1.824755e+01   1.803832e+01   1.948480e+00   1.948202e+00  
308       1.826505e+01   1.805511e+01   1.952676e+00   1.952445e+00  
309       1.825306e+01   1.804146e+01   1.959680e+00   1.959455e+00  
310       1.825931e+01   1.804704e+01   1.963087e+00   1.962902e+00  
311       1.824824e+01   1.803496e+01   1.967126e+00   1.966936e+00  
312       1.826350e+01   1.804999e+01   1.969018e+00   1.968874e+00  
313       1.825459e+01   1.803950e+01   1.975706e+00   1.975610e+00  
314       1.827063e+01   1.805535e+01   1.977425e+00   1.977320e+00  
315       1.825963e+01   1.804327e+01   1.981790e+00   1.981663e+00  
316       1.827917e+01   1.806245e+01   1.984516e+00   1.984405e+00  
317       1.826544e+01   1.804680e+01   1.992449e+00   1.992370e+00  
318       1.827423e+01   1.805647e+01   1.988922e+00   1.988825e+00  
319       1.826934e+01   1.804922e+01   1.999322e+00   1.999230e+00  
320       1.826401e+01   1.804362e+01   2.000225e+00   2.000220e+00  
321       1.826561e+01   1.804403e+01   2.005649e+00   2.005720e+00  
322       1.826835e+01   1.804619e+01   2.008331e+00   2.008485e+00  
323       1.827457e+01   1.805080e+01   2.015921e+00   2.016076e+00  
324       1.827526e+01   1.805176e+01   2.014832e+00   2.014874e+00  
325       1.826750e+01   1.804220e+01   2.022494e+00   2.022401e+00  
326       1.826393e+01   1.803898e+01   2.020746e+00   2.020653e+00  
327       1.827870e+01   1.805269e+01   2.026278e+00   2.026227e+00  
328       1.827535e+01   1.804957e+01   2.025048e+00   2.025001e+00  
329       1.826528e+01   1.803774e+01   2.032376e+00   2.032273e+00  
330       1.827030e+01   1.804273e+01   2.032778e+00   2.032669e+00  
331       1.827412e+01   1.804555e+01   2.037399e+00   2.037302e+00  
332       1.827228e+01   1.804342e+01   2.038596e+00   2.038500e+00  
333       1.826521e+01   1.803447e+01   2.046516e+00   2.046418e+00  
334       1.827321e+01   1.804265e+01   2.046175e+00   2.046031e+00  
335       1.826741e+01   1.803508e+01   2.053586e+00   2.053502e+00  
336       1.826830e+01   1.803546e+01   2.055946e+00   2.055772e+00  
337       1.826493e+01   1.803010e+01   2.064396e+00   2.064312e+00  
338       1.826833e+01   1.803347e+01   2.064741e+00   2.064614e+00  
339       1.826111e+01   1.802430e+01   2.072858e+00   2.072702e+00  
340       1.826589e+01   1.802869e+01   2.074771e+00   2.074691e+00  
341       1.826394e+01   1.802537e+01   2.080640e+00   2.080474e+00  
342       1.828058e+01   1.804171e+01   2.082894e+00   2.082768e+00  
343       1.826413e+01   1.802363e+01   2.089009e+00   2.088875e+00  
344       1.827641e+01   1.803615e+01   2.088677e+00   2.088523e+00  
345       1.827483e+01   1.803307e+01   2.095057e+00   2.094918e+00  
346       1.827014e+01   1.802811e+01   2.095923e+00   2.095829e+00  
347       1.827954e+01   1.803657e+01   2.100503e+00   2.100363e+00  
348       1.828271e+01   1.803979e+01   2.100456e+00   2.100365e+00  
349       1.827427e+01   1.802927e+01   2.108932e+00   2.108758e+00  
350       1.828488e+01   1.804074e+01   2.105785e+00   2.105684e+00  
351       1.826675e+01   1.802034e+01   2.114483e+00   2.114322e+00  
352       1.828215e+01   1.803713e+01   2.109476e+00   2.109290e+00  
353       1.827726e+01   1.803038e+01   2.117119e+00   2.116939e+00  
354       1.827530e+01   1.802932e+01   2.113168e+00   2.112975e+00  
355       1.828859e+01   1.804103e+01   2.120675e+00   2.120453e+00  
356       1.828544e+01   1.803842e+01   2.118239e+00   2.117986e+00  
357       1.829699e+01   1.804845e+01   2.125343e+00   2.125091e+00  
358       1.828330e+01   1.803576e+01   2.120296e+00   2.120072e+00  
359       1.830136e+01   1.805312e+01   2.124371e+00   2.124096e+00  
360       1.828742e+01   1.803937e+01   2.122712e+00   2.122457e+00  
361       1.830032e+01   1.805186e+01   2.125257e+00   2.124988e+00  
362       1.828099e+01   1.803253e+01   2.124122e+00   2.123855e+00  
363       1.830600e+01   1.805843e+01   2.121727e+00   2.121529e+00  
364       1.828387e+01   1.803531e+01   2.124675e+00   2.124405e+00  
365       1.831689e+01   1.806915e+01   2.123111e+00   2.122864e+00  
366       1.828291e+01   1.803461e+01   2.123571e+00   2.123260e+00  
367       1.832990e+01   1.808234e+01   2.123150e+00   2.122864e+00  
368       1.829566e+01   1.804803e+01   2.121448e+00   2.121170e+00  
369       1.832729e+01   1.807947e+01   2.124097e+00   2.123820e+00  
370       1.829867e+01   1.805102e+01   2.121681e+00   2.121395e+00  
371       1.832922e+01   1.808147e+01   2.123923e+00   2.123601e+00  
372       1.830430e+01   1.805685e+01   2.121188e+00   2.120908e+00  
373       1.833914e+01   1.809108e+01   2.125830e+00   2.125518e+00  
374       1.829753e+01   1.804939e+01   2.123698e+00   2.123434e+00  
375       1.833820e+01   1.808956e+01   2.128277e+00   2.127924e+00  
376       1.830951e+01   1.806169e+01   2.123037e+00   2.122759e+00  
377       1.835167e+01   1.810264e+01   2.130686e+00   2.130369e+00  
378       1.831686e+01   1.806907e+01   2.123332e+00   2.123028e+00  
379       1.835996e+01   1.811102e+01   2.130755e+00   2.130403e+00  
380       1.832901e+01   1.808130e+01   2.123721e+00   2.123436e+00  
381       1.836283e+01   1.811399e+01   2.130537e+00   2.130215e+00  
382       1.833507e+01   1.808723e+01   2.124636e+00   2.124318e+00  
383       1.836786e+01   1.811910e+01   2.130483e+00   2.130155e+00  
384       1.832598e+01   1.807823e+01   2.123715e+00   2.123455e+00  
385       1.837630e+01   1.812788e+01   2.129552e+00   2.129212e+00  
386       1.831894e+01   1.807166e+01   2.121272e+00   2.121041e+00  
387       1.837803e+01   1.812996e+01   2.128110e+00   2.127796e+00  
388       1.832052e+01   1.807357e+01   2.119943e+00   2.119718e+00  
389       1.837708e+01   1.812886e+01   2.128718e+00   2.128429e+00  
390       1.833000e+01   1.808298e+01   2.120837e+00   2.120607e+00  
391       1.837826e+01   1.812997e+01   2.129060e+00   2.128751e+00  
392       1.833768e+01   1.809128e+01   2.118616e+00   2.118374e+00  
393       1.837673e+01   1.812847e+01   2.128859e+00   2.128567e+00  
394       1.833985e+01   1.809342e+01   2.118837e+00   2.118595e+00  
395       1.837283e+01   1.812432e+01   2.129632e+00   2.129408e+00  
396       1.833396e+01   1.808751e+01   2.118626e+00   2.118358e+00  
397       1.838059e+01   1.813233e+01   2.129031e+00   2.128802e+00  
398       1.833619e+01   1.808983e+01   2.118381e+00   2.118104e+00  
399       1.838148e+01   1.813262e+01   2.131633e+00   2.131387e+00  
400       1.833403e+01   1.808790e+01   2.117322e+00   2.116959e+00  
401       1.838493e+01   1.813633e+01   2.130782e+00   2.130406e+00  
402       1.832719e+01   1.808145e+01   2.115287e+00   2.114806e+00  
403       1.838817e+01   1.814010e+01   2.128756e+00   2.128303e+00  
404       1.831556e+01   1.806966e+01   2.115374e+00   2.114798e+00  
405       1.838498e+01   1.813679e+01   2.129152e+00   2.128638e+00  
406       1.832883e+01   1.808282e+01   2.116630e+00   2.116018e+00  
407       1.838689e+01   1.813875e+01   2.129078e+00   2.128520e+00  
408       1.832323e+01   1.807626e+01   2.120467e+00   2.119715e+00  
409       1.838512e+01   1.813674e+01   2.130042e+00   2.129399e+00  
410       1.832212e+01   1.807470e+01   2.122324e+00   2.121585e+00  
411       1.839624e+01   1.814830e+01   2.128840e+00   2.128089e+00  
412       1.832316e+01   1.807473e+01   2.126719e+00   2.125862e+00  
413       1.840523e+01   1.815659e+01   2.132446e+00   2.131584e+00  
414       1.832196e+01   1.807247e+01   2.131189e+00   2.130288e+00  
415       1.840543e+01   1.815611e+01   2.135318e+00   2.134421e+00  
416       1.832364e+01   1.807316e+01   2.135566e+00   2.134458e+00  
417       1.840670e+01   1.815602e+01   2.141245e+00   2.140223e+00  
418       1.832267e+01   1.807120e+01   2.139747e+00   2.138539e+00  
419       1.840249e+01   1.815090e+01   2.144867e+00   2.143787e+00  
420       1.831920e+01   1.806640e+01   2.145234e+00   2.143849e+00  
421       1.840952e+01   1.815723e+01   2.148257e+00   2.147153e+00  
422       1.831718e+01   1.806336e+01   2.149401e+00   2.148011e+00  
423       1.840096e+01   1.814788e+01   2.151255e+00   2.149893e+00  
424       1.831376e+01   1.805902e+01   2.153183e+00   2.151540e+00  
425       1.840203e+01   1.814789e+01   2.155819e+00   2.154358e+00  
426       1.831550e+01   1.805962e+01   2.158204e+00   2.156371e+00  
427       1.839228e+01   1.813713e+01   2.159484e+00   2.158009e+00  
428       1.831520e+01   1.805882e+01   2.160169e+00   2.158552e+00  
429       1.838482e+01   1.812947e+01   2.159715e+00   2.158626e+00  
430       1.830850e+01   1.805128e+01   2.163206e+00   2.161761e+00  
431       1.838916e+01   1.813336e+01   2.161743e+00   2.160884e+00  
432       1.830627e+01   1.804829e+01   2.166093e+00   2.164875e+00  
433       1.838190e+01   1.812512e+01   2.165606e+00   2.164321e+00  
434       1.830038e+01   1.804144e+01   2.169757e+00   2.168505e+00  
435       1.837370e+01   1.811644e+01   2.166908e+00   2.166135e+00  
436       1.829631e+01   1.803641e+01   2.173525e+00   2.172230e+00  
437       1.836446e+01   1.810683e+01   2.168058e+00   2.166942e+00  
438       1.830177e+01   1.804133e+01   2.176074e+00   2.174784e+00  
439       1.835880e+01   1.810031e+01   2.171240e+00   2.170216e+00  
440       1.830211e+01   1.804080e+01   2.179781e+00   2.178371e+00  
441       1.835991e+01   1.810058e+01   2.174942e+00   2.173728e+00  
442       1.830649e+01   1.804503e+01   2.180541e+00   2.179357e+00  
443       1.836600e+01   1.810562e+01   2.179716e+00   2.178321e+00  
444       1.830438e+01   1.804176e+01   2.185368e+00   2.183881e+00  
445       1.835801e+01   1.809659e+01   2.183568e+00   2.182215e+00  
446       1.830445e+01   1.804150e+01   2.186758e+00   2.185201e+00  
447       1.834152e+01   1.807867e+01   2.188160e+00   2.187534e+00  
448       1.830422e+01   1.804028e+01   2.190634e+00   2.189505e+00  
449       1.834012e+01   1.807636e+01   2.191611e+00   2.191324e+00  
450       1.829516e+01   1.803008e+01   2.194758e+00   2.193682e+00  
451       1.834225e+01   1.807750e+01   2.195941e+00   2.195392e+00  
452       1.829384e+01   1.802803e+01   2.197538e+00   2.196694e+00  
453       1.833841e+01   1.807212e+01   2.201826e+00   2.201743e+00  
454       1.828938e+01   1.802247e+01   2.201587e+00   2.201169e+00  
455       1.832975e+01   1.806192e+01   2.207543e+00   2.207575e+00  
456       1.828497e+01   1.801659e+01   2.207288e+00   2.206921e+00  
457       1.833368e+01   1.806494e+01   2.211258e+00   2.211813e+00  
458       1.829355e+01   1.802431e+01   2.211167e+00   2.211113e+00  
459       1.832258e+01   1.805171e+01   2.219145e+00   2.219867e+00  
460       1.828723e+01   1.801630e+01   2.217505e+00   2.217762e+00  
461       1.832594e+01   1.805397e+01   2.223659e+00   2.224698e+00  
462       1.828545e+01   1.801267e+01   2.224722e+00   2.225355e+00  
463       1.832331e+01   1.805044e+01   2.227097e+00   2.228319e+00  
464       1.828553e+01   1.801096e+01   2.231750e+00   2.232709e+00  
465       1.831752e+01   1.804274e+01   2.234381e+00   2.235731e+00  
466       1.829306e+01   1.801741e+01   2.236411e+00   2.237705e+00  
467       1.830994e+01   1.803336e+01   2.241043e+00   2.242664e+00  
468       1.828982e+01   1.801252e+01   2.242741e+00   2.244331e+00  
469       1.830034e+01   1.802238e+01   2.245909e+00   2.247638e+00  
470       1.829930e+01   1.802081e+01   2.247808e+00   2.249946e+00  
471       1.830274e+01   1.802356e+01   2.250797e+00   2.252882e+00  
472       1.830198e+01   1.802273e+01   2.250792e+00   2.253356e+00  
473       1.830230e+01   1.802160e+01   2.256713e+00   2.259002e+00  
474       1.830996e+01   1.802940e+01   2.256477e+00   2.259189e+00  
475       1.829849e+01   1.801609e+01   2.263042e+00   2.265728e+00  
476       1.831687e+01   1.803543e+01   2.260284e+00   2.263226e+00  
477       1.830446e+01   1.802097e+01   2.267656e+00   2.270652e+00  
478       1.830713e+01   1.802387e+01   2.266691e+00   2.270055e+00  
479       1.829915e+01   1.801463e+01   2.271241e+00   2.274498e+00  
480       1.830839e+01   1.802375e+01   2.272211e+00   2.275703e+00  
481       1.829930e+01   1.801307e+01   2.277824e+00   2.281459e+00  
482       1.831545e+01   1.803017e+01   2.274867e+00   2.278924e+00  
483       1.830805e+01   1.802037e+01   2.284011e+00   2.287814e+00  
484       1.831860e+01   1.803152e+01   2.282162e+00   2.286300e+00  
485       1.830774e+01   1.801848e+01   2.290332e+00   2.293980e+00  
486       1.831817e+01   1.802990e+01   2.286866e+00   2.290922e+00  
487       1.830453e+01   1.801369e+01   2.296513e+00   2.299759e+00  
488       1.831641e+01   1.802671e+01   2.292506e+00   2.296283e+00  
489       1.830958e+01   1.801790e+01   2.300331e+00   2.303126e+00  
490       1.831371e+01   1.802126e+01   2.303494e+00   2.306516e+00  
491       1.831852e+01   1.802566e+01   2.305844e+00   2.307985e+00  
492       1.831670e+01   1.802274e+01   2.309953e+00   2.312224e+00  
493       1.831115e+01   1.801608e+01   2.314229e+00   2.315960e+00  
494       1.831192e+01   1.801726e+01   2.312740e+00   2.314243e+00  
495       1.831855e+01   1.802264e+01   2.318055e+00   2.319568e+00  
496       1.832126e+01   1.802521e+01   2.318816e+00   2.320229e+00  
497       1.832028e+01   1.802328e+01   2.322765e+00   2.323524e+00  
498       1.832278e+01   1.802505e+01   2.325738e+00   2.326580e+00  
499       1.832396e+01   1.802619e+01   2.326114e+00   2.326643e+00  
500       1.832947e+01   1.803142e+01   2.327659e+00   2.327979e+00  
501       1.832920e+01   1.803000e+01   2.332238e+00   2.332234e+00  
502       1.833409e+01   1.803540e+01   2.330580e+00   2.330558e+00  
503       1.832718e+01   1.802718e+01   2.335418e+00   2.335019e+00  
504       1.834617e+01   1.804680e+01   2.334020e+00   2.333915e+00  
505       1.832177e+01   1.802100e+01   2.337949e+00   2.337689e+00  
506       1.835101e+01   1.805099e+01   2.337167e+00   2.336455e+00  
507       1.833026e+01   1.802914e+01   2.339787e+00   2.339629e+00  
508       1.834419e+01   1.804375e+01   2.338570e+00   2.337458e+00  
509       1.833643e+01   1.803474e+01   2.342770e+00   2.341898e+00  
510       1.835172e+01   1.805035e+01   2.342669e+00   2.341438e+00  
511       1.834033e+01   1.803844e+01   2.343765e+00   2.342870e+00  
512       1.835531e+01   1.805344e+01   2.344901e+00   2.343484e+00  
513       1.833361e+01   1.803180e+01   2.343277e+00   2.341892e+00  
514       1.836514e+01   1.806341e+01   2.345029e+00   2.343600e+00  
515       1.833353e+01   1.803108e+01   2.345871e+00   2.344212e+00  
516       1.837415e+01   1.807219e+01   2.346632e+00   2.344980e+00  
517       1.832952e+01   1.802664e+01   2.347200e+00   2.345719e+00  
518       1.837624e+01   1.807341e+01   2.350200e+00   2.348313e+00  
519       1.833165e+01   1.802831e+01   2.349108e+00   2.347557e+00  
520       1.837418e+01   1.807033e+01   2.354040e+00   2.352038e+00  
521       1.832781e+01   1.802412e+01   2.350378e+00   2.348524e+00  
522       1.838424e+01   1.807971e+01   2.357260e+00   2.355334e+00  
523       1.831923e+01   1.801466e+01   2.353213e+00   2.351305e+00  
524       1.838592e+01   1.808064e+01   2.360167e+00   2.358408e+00  
525       1.831383e+01   1.800861e+01   2.355199e+00   2.353555e+00  
526       1.840000e+01   1.809439e+01   2.362247e+00   2.360742e+00  
527       1.831838e+01   1.801293e+01   2.356101e+00   2.355031e+00  
528       1.840476e+01   1.809848e+01   2.365081e+00   2.363576e+00  
529       1.832778e+01   1.802233e+01   2.356680e+00   2.355677e+00  
530       1.840071e+01   1.809383e+01   2.367221e+00   2.365562e+00  
531       1.833375e+01   1.802851e+01   2.355953e+00   2.355592e+00  
532       1.840694e+01   1.809960e+01   2.369313e+00   2.367762e+00  
533       1.833112e+01   1.802475e+01   2.360056e+00   2.359787e+00  
534       1.840910e+01   1.810141e+01   2.370535e+00   2.369469e+00  
535       1.833763e+01   1.803150e+01   2.359458e+00   2.359369e+00  
536       1.841360e+01   1.810544e+01   2.372496e+00   2.371650e+00  
537       1.833518e+01   1.802778e+01   2.364208e+00   2.364002e+00  
538       1.841893e+01   1.810999e+01   2.375676e+00   2.375162e+00  
539       1.834167e+01   1.803376e+01   2.366332e+00   2.366619e+00  
540       1.842448e+01   1.811533e+01   2.376698e+00   2.376464e+00  
541       1.834714e+01   1.803882e+01   2.368299e+00   2.368458e+00  
542       1.842428e+01   1.811428e+01   2.379779e+00   2.379854e+00  
543       1.835007e+01   1.804088e+01   2.371634e+00   2.372162e+00  
544       1.842771e+01   1.811771e+01   2.379803e+00   2.380293e+00  
545       1.834569e+01   1.803565e+01   2.374456e+00   2.375181e+00  
546       1.842670e+01   1.811676e+01   2.379351e+00   2.380118e+00  
547       1.834922e+01   1.803861e+01   2.376651e+00   2.377749e+00  
548       1.842329e+01   1.811302e+01   2.380282e+00   2.381243e+00  
549       1.834335e+01   1.803221e+01   2.378154e+00   2.379535e+00  
550       1.842682e+01   1.811615e+01   2.382103e+00   2.382966e+00  
551       1.834305e+01   1.803157e+01   2.379328e+00   2.380934e+00  
552       1.842962e+01   1.811883e+01   2.382463e+00   2.383802e+00  
553       1.833931e+01   1.802717e+01   2.381395e+00   2.383356e+00  
554       1.842399e+01   1.811236e+01   2.385233e+00   2.386792e+00  
555       1.835187e+01   1.803920e+01   2.384113e+00   2.386295e+00  
556       1.841238e+01   1.809940e+01   2.389241e+00   2.391497e+00  
557       1.835093e+01   1.803754e+01   2.386786e+00   2.388900e+00  
558       1.840836e+01   1.809399e+01   2.394289e+00   2.396419e+00  
559       1.835671e+01   1.804251e+01   2.390067e+00   2.392518e+00  
560       1.841421e+01   1.809935e+01   2.396569e+00   2.398618e+00  
561       1.835068e+01   1.803550e+01   2.393486e+00   2.395677e+00  
562       1.842829e+01   1.811337e+01   2.397782e+00   2.399695e+00  
563       1.833898e+01   1.802222e+01   2.398774e+00   2.400751e+00  
564       1.842745e+01   1.811182e+01   2.400475e+00   2.402227e+00  
565       1.833828e+01   1.802062e+01   2.402094e+00   2.404090e+00  
566       1.842607e+01   1.810940e+01   2.404485e+00   2.405835e+00  
567       1.834698e+01   1.802859e+01   2.405463e+00   2.407352e+00  
568       1.842324e+01   1.810481e+01   2.411163e+00   2.412050e+00  
569       1.834925e+01   1.802994e+01   2.409282e+00   2.410740e+00  
570       1.841975e+01   1.809979e+01   2.416644e+00   2.417578e+00  
571       1.835264e+01   1.803298e+01   2.410850e+00   2.412203e+00  
572       1.841895e+01   1.809753e+01   2.422226e+00   2.422849e+00  
573       1.835726e+01   1.803684e+01   2.414117e+00   2.415215e+00  
574       1.842019e+01   1.809704e+01   2.428868e+00   2.429222e+00  
575       1.836387e+01   1.804265e+01   2.417724e+00   2.418536e+00  
576       1.842415e+01   1.810029e+01   2.432069e+00   2.431862e+00  
577       1.837237e+01   1.805019e+01   2.422024e+00   2.422471e+00  
578       1.842639e+01   1.810240e+01   2.432719e+00   2.432495e+00  
579       1.836748e+01   1.804433e+01   2.425493e+00   2.425576e+00  
580       1.844519e+01   1.812139e+01   2.433275e+00   2.432990e+00  
581       1.837117e+01   1.804742e+01   2.428178e+00   2.427840e+00  
582       1.845517e+01   1.813098e+01   2.435562e+00   2.434924e+00  
583       1.836150e+01   1.803733e+01   2.429082e+00   2.428761e+00  
584       1.845764e+01   1.813320e+01   2.436823e+00   2.435827e+00  
585       1.836701e+01   1.804268e+01   2.430242e+00   2.429580e+00  
586       1.845844e+01   1.813359e+01   2.438360e+00   2.437493e+00  
587       1.836726e+01   1.804252e+01   2.431828e+00   2.431018e+00  
588       1.845208e+01   1.812647e+01   2.440977e+00   2.439640e+00  
589       1.837084e+01   1.804573e+01   2.433598e+00   2.432449e+00  
590       1.845794e+01   1.813195e+01   2.442926e+00   2.441345e+00  
591       1.837261e+01   1.804708e+01   2.435353e+00   2.434017e+00  
592       1.846077e+01   1.813447e+01   2.444266e+00   2.442653e+00  
593       1.838024e+01   1.805438e+01   2.437425e+00   2.435493e+00  
594       1.845521e+01   1.812749e+01   2.449230e+00   2.447503e+00  
595       1.839193e+01   1.806610e+01   2.437998e+00   2.436262e+00  
596       1.845060e+01   1.812211e+01   2.451896e+00   2.449853e+00  
597       1.839235e+01   1.806621e+01   2.439228e+00   2.437373e+00  
598       1.844140e+01   1.811297e+01   2.451101e+00   2.449071e+00  
599       1.839698e+01   1.807004e+01   2.442399e+00   2.440712e+00  
600       1.844292e+01   1.811383e+01   2.453738e+00   2.451491e+00  
601       1.841076e+01   1.808335e+01   2.445033e+00   2.443383e+00  
602       1.843842e+01   1.810920e+01   2.453649e+00   2.451875e+00  
603       1.840788e+01   1.807974e+01   2.447694e+00   2.445822e+00  
604       1.844323e+01   1.811380e+01   2.454917e+00   2.452879e+00  
605       1.841325e+01   1.808477e+01   2.449356e+00   2.447357e+00  
606       1.843224e+01   1.810202e+01   2.457168e+00   2.454978e+00  
607       1.841686e+01   1.808775e+01   2.451794e+00   2.450029e+00  
608       1.842433e+01   1.809353e+01   2.458836e+00   2.456476e+00  
609       1.841556e+01   1.808566e+01   2.454571e+00   2.452889e+00  
610       1.842263e+01   1.809189e+01   2.458267e+00   2.456436e+00  
611       1.842581e+01   1.809544e+01   2.456976e+00   2.455327e+00  
612       1.842091e+01   1.808955e+01   2.460294e+00   2.458658e+00  
613       1.841985e+01   1.808894e+01   2.458496e+00   2.457069e+00  
614       1.841756e+01   1.808555e+01   2.462589e+00   2.460690e+00  
615       1.842437e+01   1.809281e+01   2.461216e+00   2.459698e+00  
616       1.841878e+01   1.808614e+01   2.464746e+00   2.463302e+00  
617       1.842608e+01   1.809357e+01   2.464809e+00   2.463306e+00  
618       1.842299e+01   1.809003e+01   2.466252e+00   2.464748e+00  
619       1.843356e+01   1.810088e+01   2.465588e+00   2.464774e+00  
620       1.842957e+01   1.809670e+01   2.466395e+00   2.464855e+00  
621       1.844190e+01   1.810921e+01   2.466360e+00   2.465209e+00  
622       1.842512e+01   1.809092e+01   2.470823e+00   2.469598e+00  
623       1.845009e+01   1.811690e+01   2.468736e+00   2.467619e+00  
624       1.842474e+01   1.809008e+01   2.472412e+00   2.471296e+00  
625       1.846721e+01   1.813438e+01   2.468368e+00   2.467657e+00  
626       1.843107e+01   1.809582e+01   2.475056e+00   2.473810e+00  
627       1.846473e+01   1.813030e+01   2.473962e+00   2.473478e+00  
628       1.843580e+01   1.809990e+01   2.477659e+00   2.476620e+00  
629       1.846807e+01   1.813277e+01   2.477311e+00   2.476972e+00  
630       1.844044e+01   1.810413e+01   2.479317e+00   2.478564e+00  
631       1.847299e+01   1.813687e+01   2.480543e+00   2.480326e+00  
632       1.844600e+01   1.810888e+01   2.482622e+00   2.481917e+00  
633       1.848411e+01   1.814716e+01   2.484309e+00   2.484139e+00  
634       1.843618e+01   1.809838e+01   2.484161e+00   2.484034e+00  
635       1.849349e+01   1.815572e+01   2.488098e+00   2.487635e+00  
636       1.844495e+01   1.810639e+01   2.487742e+00   2.487137e+00  
637       1.849494e+01   1.815633e+01   2.491150e+00   2.490913e+00  
638       1.844910e+01   1.810974e+01   2.490797e+00   2.490526e+00  
639       1.849151e+01   1.815152e+01   2.496311e+00   2.495322e+00  
640       1.846036e+01   1.812000e+01   2.495307e+00   2.494779e+00  
641       1.848497e+01   1.814391e+01   2.499714e+00   2.498816e+00  
642       1.846262e+01   1.812105e+01   2.499994e+00   2.499166e+00  
643       1.847783e+01   1.813511e+01   2.505338e+00   2.504255e+00  
644       1.847009e+01   1.812821e+01   2.501742e+00   2.500710e+00  
645       1.849325e+01   1.815015e+01   2.507694e+00   2.506781e+00  
646       1.846835e+01   1.812555e+01   2.505027e+00   2.503863e+00  
647       1.849238e+01   1.814851e+01   2.510634e+00   2.509271e+00  
648       1.847666e+01   1.813372e+01   2.506079e+00   2.504953e+00  
649       1.849922e+01   1.815484e+01   2.513246e+00   2.511305e+00  
650       1.847698e+01   1.813401e+01   2.506383e+00   2.504895e+00  
651       1.850829e+01   1.816317e+01   2.516517e+00   2.514575e+00  
652       1.847691e+01   1.813332e+01   2.508816e+00   2.506909e+00  
653       1.851218e+01   1.816682e+01   2.517848e+00   2.515528e+00  
654       1.847861e+01   1.813479e+01   2.509951e+00   2.507718e+00  
655       1.851039e+01   1.816534e+01   2.516648e+00   2.514279e+00  
656       1.848667e+01   1.814277e+01   2.510771e+00   2.508559e+00  
657       1.850463e+01   1.815917e+01   2.517939e+00   2.515085e+00  
658       1.849021e+01   1.814561e+01   2.513525e+00   2.511372e+00  
659       1.850148e+01   1.815550e+01   2.519648e+00   2.516719e+00  
660       1.849866e+01   1.815370e+01   2.515398e+00   2.513225e+00  
661       1.850323e+01   1.815796e+01   2.517438e+00   2.514130e+00  
662       1.850047e+01   1.815515e+01   2.516875e+00   2.514553e+00  
663       1.851031e+01   1.816546e+01   2.516417e+00   2.513008e+00  
664       1.849469e+01   1.814901e+01   2.517719e+00   2.515575e+00  
665       1.851986e+01   1.817572e+01   2.514740e+00   2.510933e+00  
666       1.849376e+01   1.814741e+01   2.520125e+00   2.517900e+00  
667       1.851806e+01   1.817404e+01   2.514076e+00   2.510373e+00  
668       1.849408e+01   1.814779e+01   2.520294e+00   2.517338e+00  
669       1.852124e+01   1.817726e+01   2.514216e+00   2.510437e+00  
670       1.850184e+01   1.815580e+01   2.519937e+00   2.516915e+00  
671       1.852846e+01   1.818485e+01   2.513193e+00   2.509789e+00  
672       1.850118e+01   1.815482e+01   2.520849e+00   2.518225e+00  
673       1.852118e+01   1.817761e+01   2.512664e+00   2.508999e+00  
674       1.850570e+01   1.815984e+01   2.519593e+00   2.516553e+00  
675       1.852183e+01   1.817808e+01   2.513355e+00   2.509696e+00  
676       1.850264e+01   1.815696e+01   2.518503e+00   2.515858e+00  
677       1.851078e+01   1.816616e+01   2.515758e+00   2.512076e+00  
678       1.850755e+01   1.816206e+01   2.518260e+00   2.515478e+00  
679       1.850594e+01   1.816108e+01   2.516259e+00   2.512613e+00  
680       1.851024e+01   1.816448e+01   2.519413e+00   2.516590e+00  
681       1.849765e+01   1.815338e+01   2.513253e+00   2.510292e+00  
682       1.850536e+01   1.815876e+01   2.522297e+00   2.519046e+00  
683       1.849906e+01   1.815476e+01   2.513518e+00   2.510408e+00  
684       1.850581e+01   1.815942e+01   2.521289e+00   2.518657e+00  
685       1.850238e+01   1.815796e+01   2.514107e+00   2.511115e+00  
686       1.850384e+01   1.815691e+01   2.522946e+00   2.520657e+00  
687       1.850631e+01   1.816245e+01   2.512313e+00   2.509420e+00  
688       1.850429e+01   1.815741e+01   2.522582e+00   2.520695e+00  
689       1.851586e+01   1.817245e+01   2.511290e+00   2.508521e+00  
690       1.850434e+01   1.815748e+01   2.522460e+00   2.520651e+00  
691       1.852045e+01   1.817685e+01   2.512175e+00   2.509611e+00  
692       1.849345e+01   1.814623e+01   2.522843e+00   2.521345e+00  
693       1.852351e+01   1.817915e+01   2.515164e+00   2.512492e+00  
694       1.849820e+01   1.815131e+01   2.521996e+00   2.520461e+00  
695       1.852559e+01   1.818100e+01   2.516005e+00   2.513652e+00  
696       1.850397e+01   1.815737e+01   2.521082e+00   2.520111e+00  
697       1.852848e+01   1.818371e+01   2.516681e+00   2.514618e+00  
698       1.850416e+01   1.815771e+01   2.520601e+00   2.519493e+00  
699       1.853349e+01   1.818904e+01   2.515812e+00   2.513937e+00  
700       1.850802e+01   1.816139e+01   2.521482e+00   2.520423e+00  
701       1.853899e+01   1.819475e+01   2.515124e+00   2.513829e+00  
702       1.850813e+01   1.816142e+01   2.521698e+00   2.520871e+00  
703       1.853269e+01   1.818849e+01   2.514502e+00   2.513286e+00  
704       1.851001e+01   1.816392e+01   2.519530e+00   2.518857e+00  
705       1.853228e+01   1.818795e+01   2.514750e+00   2.513969e+00  
706       1.851366e+01   1.816773e+01   2.519260e+00   2.518480e+00  
707       1.851319e+01   1.816771e+01   2.517472e+00   2.516979e+00  
708       1.851287e+01   1.816662e+01   2.520285e+00   2.519655e+00  
709       1.851036e+01   1.816513e+01   2.516290e+00   2.515897e+00  
710       1.850320e+01   1.815605e+01   2.522826e+00   2.522174e+00  
711       1.851604e+01   1.817094e+01   2.516092e+00   2.515899e+00  
712       1.849504e+01   1.814720e+01   2.524883e+00   2.524027e+00  
713       1.852586e+01   1.818107e+01   2.515675e+00   2.515423e+00  
714       1.850316e+01   1.815527e+01   2.525460e+00   2.524930e+00  
715       1.853226e+01   1.818773e+01   2.515355e+00   2.514805e+00  
716       1.850519e+01   1.815717e+01   2.526094e+00   2.525510e+00  
717       1.853253e+01   1.818823e+01   2.514589e+00   2.513873e+00  
718       1.850204e+01   1.815393e+01   2.526287e+00   2.525453e+00  
719       1.852807e+01   1.818351e+01   2.515352e+00   2.514492e+00  
720       1.850187e+01   1.815371e+01   2.526376e+00   2.525743e+00  
721       1.851815e+01   1.817333e+01   2.515740e+00   2.514535e+00  
722       1.849640e+01   1.814840e+01   2.525532e+00   2.524705e+00  
723       1.851897e+01   1.817398e+01   2.516398e+00   2.515246e+00  
724       1.849443e+01   1.814680e+01   2.524191e+00   2.523101e+00  
725       1.851652e+01   1.817143e+01   2.516604e+00   2.515417e+00  
726       1.849656e+01   1.814915e+01   2.523724e+00   2.522296e+00  
727       1.852001e+01   1.817496e+01   2.516732e+00   2.515522e+00  
728       1.849101e+01   1.814365e+01   2.523199e+00   2.521703e+00  
729       1.853192e+01   1.818712e+01   2.516532e+00   2.515545e+00  
730       1.849587e+01   1.814907e+01   2.521694e+00   2.519854e+00  
731       1.852442e+01   1.817996e+01   2.514682e+00   2.513868e+00  
732       1.848966e+01   1.814311e+01   2.520205e+00   2.518661e+00  
733       1.852562e+01   1.818155e+01   2.513466e+00   2.512427e+00  
734       1.849881e+01   1.815296e+01   2.518179e+00   2.516889e+00  
735       1.851688e+01   1.817280e+01   2.512882e+00   2.511906e+00  
736       1.850407e+01   1.815882e+01   2.516405e+00   2.515064e+00  
737       1.851617e+01   1.817235e+01   2.512035e+00   2.510809e+00  
738       1.850265e+01   1.815792e+01   2.514379e+00   2.513181e+00  
739       1.851623e+01   1.817280e+01   2.510604e+00   2.509339e+00  
740       1.849501e+01   1.815019e+01   2.514367e+00   2.512806e+00  
741       1.851123e+01   1.816803e+01   2.509584e+00   2.508051e+00  
742       1.848798e+01   1.814260e+01   2.515923e+00   2.514302e+00  
743       1.851055e+01   1.816745e+01   2.509214e+00   2.507629e+00  
744       1.847977e+01   1.813422e+01   2.515803e+00   2.514532e+00  
745       1.851527e+01   1.817222e+01   2.509265e+00   2.507836e+00  
746       1.848305e+01   1.813834e+01   2.512931e+00   2.511711e+00  
747       1.851586e+01   1.817339e+01   2.507238e+00   2.505735e+00  
748       1.848655e+01   1.814272e+01   2.509891e+00   2.508915e+00  
749       1.852451e+01   1.818306e+01   2.504143e+00   2.502638e+00  
750       1.848812e+01   1.814492e+01   2.507784e+00   2.506673e+00  
751       1.851601e+01   1.817482e+01   2.502443e+00   2.501274e+00  
752       1.849072e+01   1.814776e+01   2.507125e+00   2.505978e+00  
753       1.851154e+01   1.817056e+01   2.501196e+00   2.500346e+00  
754       1.850234e+01   1.815984e+01   2.506409e+00   2.504918e+00  
755       1.851305e+01   1.817263e+01   2.499174e+00   2.498536e+00  
756       1.850362e+01   1.816155e+01   2.504700e+00   2.503729e+00  
757       1.850466e+01   1.816428e+01   2.498276e+00   2.497996e+00  
758       1.849852e+01   1.815666e+01   2.503719e+00   2.502498e+00  
759       1.850375e+01   1.816353e+01   2.497716e+00   2.497262e+00  
760       1.849688e+01   1.815499e+01   2.503510e+00   2.502705e+00  
761       1.850526e+01   1.816533e+01   2.496618e+00   2.496474e+00  
762       1.849619e+01   1.815461e+01   2.502324e+00   2.501508e+00  
763       1.850779e+01   1.816836e+01   2.494891e+00   2.494899e+00  
764       1.850226e+01   1.816111e+01   2.501138e+00   2.500416e+00  
765       1.850682e+01   1.816812e+01   2.492187e+00   2.492144e+00  
766       1.848424e+01   1.814304e+01   2.499962e+00   2.499460e+00  
767       1.850289e+01   1.816414e+01   2.492188e+00   2.491971e+00  
768       1.848006e+01   1.813888e+01   2.499420e+00   2.499298e+00  
769       1.850103e+01   1.816272e+01   2.490524e+00   2.490225e+00  
770       1.847477e+01   1.813386e+01   2.497967e+00   2.498077e+00  
771       1.849233e+01   1.815461e+01   2.487702e+00   2.487533e+00  
772       1.849336e+01   1.815345e+01   2.495597e+00   2.495703e+00  
773       1.847907e+01   1.814115e+01   2.487531e+00   2.487352e+00  
774       1.849736e+01   1.815845e+01   2.492107e+00   2.492472e+00  
775       1.847856e+01   1.814054e+01   2.487715e+00   2.487810e+00  
776       1.849137e+01   1.815246e+01   2.491800e+00   2.491944e+00  
777       1.847200e+01   1.813416e+01   2.486611e+00   2.486766e+00  
778       1.848610e+01   1.814736e+01   2.490853e+00   2.490942e+00  
779       1.848413e+01   1.814665e+01   2.486017e+00   2.486318e+00  
780       1.848553e+01   1.814705e+01   2.489866e+00   2.489948e+00  
781       1.848294e+01   1.814538e+01   2.486105e+00   2.486699e+00  
782       1.849061e+01   1.815254e+01   2.488853e+00   2.488731e+00  
783       1.848162e+01   1.814375e+01   2.487090e+00   2.487735e+00  
784       1.849516e+01   1.815725e+01   2.488519e+00   2.488444e+00  
785       1.848134e+01   1.814263e+01   2.490220e+00   2.490729e+00  
786       1.848854e+01   1.815066e+01   2.487996e+00   2.487867e+00  
787       1.848728e+01   1.814793e+01   2.493099e+00   2.493279e+00  
788       1.848436e+01   1.814620e+01   2.488591e+00   2.488768e+00  
789       1.848791e+01   1.814800e+01   2.495221e+00   2.495328e+00  
790       1.848062e+01   1.814185e+01   2.490737e+00   2.490528e+00  
791       1.848405e+01   1.814359e+01   2.497075e+00   2.497026e+00  
792       1.847848e+01   1.813915e+01   2.492759e+00   2.492311e+00  
793       1.848143e+01   1.814049e+01   2.498630e+00   2.498519e+00  
794       1.848705e+01   1.814758e+01   2.493951e+00   2.493325e+00  
795       1.847898e+01   1.813741e+01   2.500888e+00   2.500524e+00  
796       1.848513e+01   1.814506e+01   2.496166e+00   2.495229e+00  
797       1.847049e+01   1.812839e+01   2.502360e+00   2.501703e+00  
798       1.849420e+01   1.815456e+01   2.495240e+00   2.494234e+00  
799       1.846758e+01   1.812508e+01   2.503719e+00   2.502899e+00  
800       1.850039e+01   1.816113e+01   2.494385e+00   2.493137e+00  
801       1.845929e+01   1.811612e+01   2.505725e+00   2.504628e+00  
802       1.850189e+01   1.816256e+01   2.495029e+00   2.493280e+00  
803       1.845809e+01   1.811475e+01   2.506263e+00   2.505059e+00  
804       1.849978e+01   1.815997e+01   2.496565e+00   2.494909e+00  
805       1.845839e+01   1.811507e+01   2.506322e+00   2.504993e+00  
806       1.849433e+01   1.815448e+01   2.496464e+00   2.494536e+00  
807       1.846508e+01   1.812170e+01   2.507012e+00   2.505596e+00  
808       1.848838e+01   1.814824e+01   2.497304e+00   2.495014e+00  
809       1.847385e+01   1.813076e+01   2.506718e+00   2.505063e+00  
810       1.848667e+01   1.814654e+01   2.497197e+00   2.494852e+00  
811       1.846997e+01   1.812712e+01   2.505715e+00   2.503752e+00  
812       1.849133e+01   1.815117e+01   2.497652e+00   2.495232e+00  
813       1.847367e+01   1.813112e+01   2.504885e+00   2.502910e+00  
814       1.849898e+01   1.815906e+01   2.497387e+00   2.494774e+00  
815       1.846839e+01   1.812587e+01   2.504537e+00   2.502321e+00  
816       1.850333e+01   1.816341e+01   2.497799e+00   2.494934e+00  
817       1.846095e+01   1.811789e+01   2.506156e+00   2.503604e+00  
818       1.850584e+01   1.816583e+01   2.498434e+00   2.495291e+00  
819       1.846751e+01   1.812424e+01   2.507331e+00   2.504850e+00  
820       1.850824e+01   1.816776e+01   2.500400e+00   2.497108e+00  
821       1.846660e+01   1.812319e+01   2.507809e+00   2.505199e+00  
822       1.850578e+01   1.816491e+01   2.501524e+00   2.498407e+00  
823       1.846552e+01   1.812236e+01   2.506822e+00   2.504221e+00  
824       1.851118e+01   1.817034e+01   2.501892e+00   2.498580e+00  
825       1.846108e+01   1.811787e+01   2.506819e+00   2.503993e+00  
826       1.850496e+01   1.816387e+01   2.502407e+00   2.499085e+00  
827       1.845991e+01   1.811667e+01   2.506728e+00   2.504181e+00  
828       1.849786e+01   1.815647e+01   2.502992e+00   2.499738e+00  
829       1.844429e+01   1.810053e+01   2.507423e+00   2.505126e+00  
830       1.849730e+01   1.815607e+01   2.502285e+00   2.499171e+00  
831       1.843697e+01   1.809292e+01   2.507787e+00   2.505815e+00  
832       1.849494e+01   1.815344e+01   2.503074e+00   2.500066e+00  
833       1.843805e+01   1.809387e+01   2.508390e+00   2.506316e+00  
834       1.849791e+01   1.815667e+01   2.502338e+00   2.499274e+00  
835       1.844382e+01   1.809983e+01   2.508115e+00   2.506033e+00  
836       1.849389e+01   1.815262e+01   2.502108e+00   2.499136e+00  
837       1.844768e+01   1.810411e+01   2.506755e+00   2.504856e+00  
838       1.849817e+01   1.815696e+01   2.502139e+00   2.499276e+00  
839       1.845935e+01   1.811675e+01   2.504241e+00   2.501970e+00  
840       1.850036e+01   1.815944e+01   2.501004e+00   2.498614e+00  
841       1.845971e+01   1.811682e+01   2.505110e+00   2.503163e+00  
842       1.849983e+01   1.815900e+01   2.500571e+00   2.498312e+00  
843       1.847090e+01   1.812815e+01   2.505351e+00   2.503524e+00  
844       1.849634e+01   1.815517e+01   2.501536e+00   2.499362e+00  
845       1.846833e+01   1.812537e+01   2.505952e+00   2.504034e+00  
846       1.849627e+01   1.815505e+01   2.501400e+00   2.499830e+00  
847       1.846469e+01   1.812146e+01   2.506618e+00   2.504863e+00  
848       1.850480e+01   1.816373e+01   2.501434e+00   2.499849e+00  
849       1.846267e+01   1.811970e+01   2.505479e+00   2.503869e+00  
850       1.850724e+01   1.816641e+01   2.500649e+00   2.499259e+00  
851       1.844966e+01   1.810600e+01   2.506803e+00   2.505682e+00  
852       1.851559e+01   1.817460e+01   2.501817e+00   2.500378e+00  
853       1.845103e+01   1.810730e+01   2.506940e+00   2.506260e+00  
854       1.851195e+01   1.817046e+01   2.503455e+00   2.501921e+00  
855       1.845290e+01   1.810940e+01   2.506264e+00   2.505548e+00  
856       1.850326e+01   1.816097e+01   2.505823e+00   2.504174e+00  
857       1.846447e+01   1.812124e+01   2.506040e+00   2.505382e+00  
858       1.850719e+01   1.816435e+01   2.507861e+00   2.506562e+00  
859       1.846816e+01   1.812465e+01   2.507302e+00   2.506649e+00  
860       1.849350e+01   1.814960e+01   2.510592e+00   2.509689e+00  
861       1.847159e+01   1.812787e+01   2.508313e+00   2.507611e+00  
862       1.849171e+01   1.814686e+01   2.514067e+00   2.512815e+00  
863       1.847004e+01   1.812613e+01   2.509165e+00   2.508014e+00  
864       1.849524e+01   1.815004e+01   2.515612e+00   2.514330e+00  
865       1.847672e+01   1.813235e+01   2.511223e+00   2.510105e+00  
866       1.849072e+01   1.814496e+01   2.517309e+00   2.515996e+00  
867       1.847554e+01   1.813039e+01   2.514145e+00   2.512692e+00  
868       1.849317e+01   1.814704e+01   2.518971e+00   2.517340e+00  
869       1.847548e+01   1.812959e+01   2.516907e+00   2.515290e+00  
870       1.849005e+01   1.814334e+01   2.520938e+00   2.519135e+00  
871       1.847375e+01   1.812704e+01   2.519952e+00   2.517885e+00  
872       1.848987e+01   1.814263e+01   2.522863e+00   2.521015e+00  
873       1.847914e+01   1.813202e+01   2.521865e+00   2.519700e+00  
874       1.849095e+01   1.814352e+01   2.523789e+00   2.521551e+00  
875       1.847422e+01   1.812612e+01   2.525203e+00   2.522711e+00  
876       1.849147e+01   1.814373e+01   2.525082e+00   2.522624e+00  
877       1.847192e+01   1.812329e+01   2.526965e+00   2.524453e+00  
878       1.849539e+01   1.814727e+01   2.526936e+00   2.524038e+00  
879       1.847350e+01   1.812444e+01   2.528687e+00   2.525967e+00  
880       1.849073e+01   1.814229e+01   2.527844e+00   2.524780e+00  
881       1.846825e+01   1.811883e+01   2.529594e+00   2.526965e+00  
882       1.848872e+01   1.813999e+01   2.528882e+00   2.525493e+00  
883       1.847669e+01   1.812727e+01   2.530394e+00   2.527329e+00  
884       1.848415e+01   1.813520e+01   2.529330e+00   2.526047e+00  
885       1.848243e+01   1.813291e+01   2.531278e+00   2.527905e+00  
886       1.847802e+01   1.812857e+01   2.530960e+00   2.527112e+00  
887       1.848468e+01   1.813488e+01   2.532718e+00   2.528786e+00  
888       1.848631e+01   1.813730e+01   2.530051e+00   2.526075e+00  
889       1.848716e+01   1.813706e+01   2.534019e+00   2.529989e+00  
890       1.848117e+01   1.813178e+01   2.531080e+00   2.527043e+00  
891       1.848697e+01   1.813644e+01   2.535664e+00   2.531431e+00  
892       1.848529e+01   1.813538e+01   2.533416e+00   2.528994e+00  
893       1.848589e+01   1.813551e+01   2.535315e+00   2.530575e+00  
894       1.848447e+01   1.813384e+01   2.535819e+00   2.531629e+00  
895       1.847916e+01   1.812868e+01   2.535323e+00   2.530315e+00  
896       1.849210e+01   1.814141e+01   2.536666e+00   2.532266e+00  
897       1.847625e+01   1.812531e+01   2.536552e+00   2.531978e+00  
898       1.848808e+01   1.813727e+01   2.536922e+00   2.532254e+00  
899       1.847973e+01   1.812893e+01   2.536133e+00   2.531847e+00  
900       1.848226e+01   1.813133e+01   2.537104e+00   2.532150e+00  
901       1.848082e+01   1.812985e+01   2.536892e+00   2.532459e+00  
902       1.847528e+01   1.812344e+01   2.539879e+00   2.534981e+00  
903       1.848689e+01   1.813607e+01   2.536638e+00   2.532465e+00  
904       1.848216e+01   1.812987e+01   2.541895e+00   2.537076e+00  
905       1.848025e+01   1.812895e+01   2.537595e+00   2.534056e+00  
906       1.848137e+01   1.812825e+01   2.544967e+00   2.539768e+00  
907       1.847873e+01   1.812729e+01   2.537819e+00   2.534628e+00  
908       1.848532e+01   1.813223e+01   2.545120e+00   2.540019e+00  
909       1.848275e+01   1.813107e+01   2.538905e+00   2.535776e+00  
910       1.848828e+01   1.813498e+01   2.546107e+00   2.540930e+00  
911       1.848115e+01   1.812931e+01   2.539456e+00   2.536159e+00  
912       1.848693e+01   1.813361e+01   2.545802e+00   2.541217e+00  
913       1.849048e+01   1.813835e+01   2.541172e+00   2.537830e+00  
914       1.848710e+01   1.813397e+01   2.544908e+00   2.540717e+00  
915       1.848480e+01   1.813179e+01   2.543987e+00   2.540511e+00  
916       1.849248e+01   1.813959e+01   2.544167e+00   2.540572e+00  
917       1.848644e+01   1.813279e+01   2.546393e+00   2.542902e+00  
918       1.848586e+01   1.813224e+01   2.546365e+00   2.542589e+00  
919       1.849173e+01   1.813772e+01   2.547933e+00   2.544595e+00  
920       1.848604e+01   1.813217e+01   2.547069e+00   2.543722e+00  
921       1.850025e+01   1.814577e+01   2.550162e+00   2.546950e+00  
922       1.848452e+01   1.813020e+01   2.548510e+00   2.545255e+00  
923       1.850227e+01   1.814801e+01   2.549463e+00   2.546374e+00  
924       1.848964e+01   1.813529e+01   2.549023e+00   2.545707e+00  
925       1.849850e+01   1.814384e+01   2.550407e+00   2.547710e+00  
926       1.848689e+01   1.813227e+01   2.549608e+00   2.546611e+00  
927       1.849141e+01   1.813612e+01   2.552150e+00   2.549481e+00  
928       1.849667e+01   1.814186e+01   2.550733e+00   2.548235e+00  
929       1.848266e+01   1.812650e+01   2.554665e+00   2.551976e+00  
930       1.849340e+01   1.813805e+01   2.552356e+00   2.549977e+00  
931       1.848434e+01   1.812785e+01   2.555879e+00   2.553319e+00  
932       1.849466e+01   1.813886e+01   2.553838e+00   2.551892e+00  
933       1.848644e+01   1.812987e+01   2.556304e+00   2.553736e+00  
934       1.848933e+01   1.813325e+01   2.554610e+00   2.552382e+00  
935       1.848623e+01   1.812917e+01   2.557947e+00   2.555505e+00  
936       1.848374e+01   1.812708e+01   2.556328e+00   2.554018e+00  
937       1.849456e+01   1.813703e+01   2.560182e+00   2.557748e+00  
938       1.848197e+01   1.812496e+01   2.557257e+00   2.555317e+00  
939       1.848413e+01   1.812610e+01   2.561508e+00   2.558567e+00  
940       1.847976e+01   1.812218e+01   2.559358e+00   2.556928e+00  
941       1.848543e+01   1.812659e+01   2.564367e+00   2.561619e+00  
942       1.848912e+01   1.813131e+01   2.560942e+00   2.558310e+00  
943       1.849068e+01   1.813176e+01   2.565105e+00   2.562224e+00  
944       1.848592e+01   1.812772e+01   2.562178e+00   2.559322e+00  
945       1.848191e+01   1.812213e+01   2.567472e+00   2.564713e+00  
946       1.849743e+01   1.813945e+01   2.562253e+00   2.559344e+00  
947       1.849066e+01   1.813072e+01   2.568767e+00   2.565750e+00  
948       1.850053e+01   1.814224e+01   2.563727e+00   2.560505e+00  
949       1.849678e+01   1.813692e+01   2.569145e+00   2.565619e+00  
950       1.849221e+01   1.813351e+01   2.564497e+00   2.561432e+00  
951       1.849775e+01   1.813798e+01   2.568956e+00   2.565360e+00  
952       1.848350e+01   1.812432e+01   2.565823e+00   2.562299e+00  
953       1.849676e+01   1.813697e+01   2.568986e+00   2.565265e+00  
954       1.848002e+01   1.812091e+01   2.565334e+00   2.561793e+00  
955       1.849944e+01   1.813983e+01   2.568699e+00   2.564743e+00  
956       1.848186e+01   1.812287e+01   2.565132e+00   2.561465e+00  
957       1.849856e+01   1.813870e+01   2.569646e+00   2.565414e+00  
958       1.848198e+01   1.812327e+01   2.564080e+00   2.560506e+00  
959       1.850667e+01   1.814769e+01   2.567172e+00   2.562748e+00  
960       1.848311e+01   1.812455e+01   2.563631e+00   2.559993e+00  
961       1.850770e+01   1.814880e+01   2.566879e+00   2.562640e+00  
962       1.849372e+01   1.813536e+01   2.563709e+00   2.560031e+00  
963       1.850579e+01   1.814727e+01   2.565357e+00   2.561240e+00  
964       1.849149e+01   1.813309e+01   2.563940e+00   2.559775e+00  
965       1.850230e+01   1.814375e+01   2.565297e+00   2.560998e+00  
966       1.849720e+01   1.813912e+01   2.563094e+00   2.559122e+00  
967       1.849533e+01   1.813647e+01   2.566045e+00   2.561426e+00  
968       1.850870e+01   1.815161e+01   2.560432e+00   2.556409e+00  
969       1.848484e+01   1.812522e+01   2.567960e+00   2.563426e+00  
970       1.850549e+01   1.814891e+01   2.558341e+00   2.554483e+00  
971       1.847699e+01   1.811739e+01   2.567343e+00   2.562817e+00  
972       1.851273e+01   1.815629e+01   2.558381e+00   2.554401e+00  
973       1.847884e+01   1.811978e+01   2.565365e+00   2.561251e+00  
974       1.851224e+01   1.815563e+01   2.559062e+00   2.554912e+00  
975       1.847930e+01   1.812055e+01   2.564210e+00   2.560250e+00  
976       1.850863e+01   1.815201e+01   2.558948e+00   2.554550e+00  
977       1.848946e+01   1.813162e+01   2.561730e+00   2.557728e+00  
978       1.850469e+01   1.814802e+01   2.558862e+00   2.554454e+00  
979       1.848891e+01   1.813168e+01   2.559323e+00   2.555769e+00  
980       1.850203e+01   1.814544e+01   2.558209e+00   2.554144e+00  
981       1.849041e+01   1.813355e+01   2.558114e+00   2.554500e+00  
982       1.850791e+01   1.815176e+01   2.557044e+00   2.553075e+00  
983       1.848906e+01   1.813260e+01   2.556464e+00   2.553209e+00  
984       1.850629e+01   1.815031e+01   2.556247e+00   2.552356e+00  
985       1.848048e+01   1.812405e+01   2.555585e+00   2.552589e+00  
986       1.851416e+01   1.815906e+01   2.553570e+00   2.549901e+00  
987       1.847652e+01   1.812067e+01   2.553204e+00   2.550370e+00  
988       1.851215e+01   1.815694e+01   2.553796e+00   2.550138e+00  
989       1.847447e+01   1.811902e+01   2.551368e+00   2.549040e+00  
990       1.850763e+01   1.815287e+01   2.552012e+00   2.548168e+00  
991       1.847030e+01   1.811505e+01   2.550077e+00   2.548322e+00  
992       1.851129e+01   1.815680e+01   2.551211e+00   2.547504e+00  
993       1.847398e+01   1.811899e+01   2.549207e+00   2.547898e+00  
994       1.850404e+01   1.814965e+01   2.550117e+00   2.546888e+00  
995       1.846755e+01   1.811256e+01   2.548787e+00   2.547409e+00  
996       1.850444e+01   1.814992e+01   2.550558e+00   2.547443e+00  
997       1.847182e+01   1.811697e+01   2.548463e+00   2.547296e+00  
998       1.850029e+01   1.814604e+01   2.548937e+00   2.546558e+00  
999       1.847484e+01   1.812034e+01   2.547394e+00   2.546368e+00  
1000      1.849017e+01   1.813548e+01   2.549589e+00   2.547581e+00  
1001      1.848267e+01   1.812856e+01   2.546323e+00   2.545684e+00  
1002      1.848647e+01   1.813162e+01   2.549760e+00   2.548080e+00  
1003      1.847836e+01   1.812412e+01   2.546656e+00   2.545729e+00  
1004      1.848941e+01   1.813463e+01   2.549489e+00   2.548252e+00  
1005      1.847069e+01   1.811630e+01   2.546430e+00   2.545901e+00  
1006      1.849225e+01   1.813749e+01   2.549615e+00   2.548375e+00  
1007      1.847078e+01   1.811633e+01   2.546703e+00   2.546129e+00  
1008      1.849093e+01   1.813632e+01   2.549001e+00   2.547695e+00  
1009      1.847165e+01   1.811716e+01   2.546866e+00   2.546317e+00  
1010      1.849303e+01   1.813828e+01   2.549416e+00   2.548669e+00  
1011      1.846888e+01   1.811409e+01   2.547733e+00   2.547169e+00  
1012      1.849192e+01   1.813686e+01   2.550253e+00   2.549813e+00  
1013      1.846843e+01   1.811323e+01   2.549267e+00   2.548524e+00  
1014      1.849366e+01   1.813843e+01   2.551034e+00   2.550486e+00  
1015      1.846579e+01   1.810984e+01   2.551810e+00   2.550952e+00  
1016      1.848945e+01   1.813400e+01   2.551519e+00   2.551041e+00  
1017      1.847286e+01   1.811688e+01   2.552442e+00   2.551532e+00  
1018      1.849074e+01   1.813525e+01   2.551883e+00   2.551057e+00  
1019      1.846728e+01   1.811081e+01   2.553993e+00   2.552726e+00  
1020      1.849556e+01   1.814006e+01   2.552342e+00   2.551406e+00  
1021      1.846775e+01   1.811146e+01   2.553446e+00   2.551960e+00  
1022      1.850074e+01   1.814495e+01   2.553538e+00   2.553016e+00  
1023      1.846461e+01   1.810840e+01   2.553102e+00   2.551295e+00  
1024      1.849891e+01   1.814297e+01   2.554109e+00   2.553231e+00  
1025      1.847572e+01   1.811968e+01   2.553333e+00   2.551429e+00  
1026      1.850043e+01   1.814449e+01   2.554362e+00   2.553168e+00  
1027      1.847861e+01   1.812242e+01   2.554274e+00   2.551961e+00  
1028      1.849625e+01   1.814036e+01   2.554081e+00   2.552532e+00  
1029      1.847326e+01   1.811716e+01   2.553650e+00   2.551193e+00  
1030      1.848966e+01   1.813337e+01   2.554996e+00   2.553475e+00  
1031      1.848338e+01   1.812780e+01   2.552372e+00   2.550237e+00  
1032      1.849575e+01   1.813958e+01   2.555307e+00   2.553191e+00  
1033      1.848234e+01   1.812627e+01   2.554246e+00   2.551638e+00  
1034      1.849293e+01   1.813730e+01   2.553396e+00   2.550891e+00  
1035      1.848436e+01   1.812848e+01   2.553633e+00   2.551222e+00  
1036      1.849530e+01   1.813982e+01   2.553142e+00   2.550374e+00  
1037      1.848341e+01   1.812763e+01   2.553189e+00   2.550783e+00  
1038      1.849511e+01   1.813997e+01   2.552326e+00   2.548789e+00  
1039      1.848061e+01   1.812486e+01   2.552988e+00   2.550462e+00  
1040      1.849826e+01   1.814351e+01   2.551199e+00   2.547532e+00  
1041      1.848093e+01   1.812496e+01   2.553856e+00   2.551150e+00  
1042      1.849406e+01   1.813907e+01   2.552009e+00   2.547884e+00  
1043      1.847907e+01   1.812320e+01   2.553309e+00   2.550788e+00  
1044      1.849341e+01   1.813870e+01   2.551021e+00   2.546824e+00  
1045      1.847659e+01   1.812017e+01   2.555216e+00   2.552386e+00  
1046      1.848375e+01   1.812892e+01   2.550783e+00   2.546529e+00  
1047      1.848020e+01   1.812406e+01   2.554489e+00   2.551601e+00  
1048      1.848117e+01   1.812625e+01   2.551007e+00   2.546584e+00  
1049      1.848110e+01   1.812497e+01   2.554350e+00   2.551820e+00  
1050      1.848964e+01   1.813467e+01   2.551881e+00   2.547263e+00  
1051      1.848563e+01   1.812953e+01   2.554733e+00   2.551843e+00  
1052      1.848744e+01   1.813248e+01   2.551671e+00   2.547070e+00  
1053      1.848970e+01   1.813399e+01   2.553659e+00   2.550748e+00  
1054      1.847424e+01   1.811876e+01   2.552491e+00   2.548101e+00  
1055      1.848352e+01   1.812787e+01   2.553065e+00   2.550015e+00  
1056      1.847665e+01   1.812143e+01   2.551711e+00   2.547364e+00  
1057      1.848432e+01   1.812876e+01   2.552793e+00   2.549775e+00  
1058      1.846748e+01   1.811219e+01   2.551217e+00   2.547066e+00  
1059      1.848111e+01   1.812509e+01   2.554278e+00   2.551146e+00  
1060      1.846618e+01   1.811104e+01   2.550719e+00   2.546343e+00  
1061      1.846889e+01   1.811278e+01   2.553719e+00   2.550652e+00  
1062      1.847246e+01   1.811797e+01   2.548781e+00   2.544517e+00  
1063      1.846661e+01   1.811039e+01   2.554059e+00   2.550764e+00  
1064      1.846948e+01   1.811489e+01   2.548709e+00   2.544853e+00  
1065      1.846769e+01   1.811175e+01   2.553111e+00   2.549836e+00  
1066      1.847623e+01   1.812210e+01   2.547529e+00   2.543733e+00  
1067      1.847238e+01   1.811662e+01   2.552777e+00   2.549534e+00  
1068      1.847407e+01   1.811985e+01   2.547547e+00   2.544079e+00  
1069      1.847345e+01   1.811793e+01   2.552064e+00   2.548733e+00  
1070      1.846886e+01   1.811472e+01   2.546703e+00   2.543633e+00  
1071      1.847404e+01   1.811874e+01   2.551298e+00   2.547977e+00  
1072      1.846660e+01   1.811279e+01   2.545569e+00   2.542080e+00  
1073      1.846970e+01   1.811436e+01   2.550959e+00   2.548003e+00  
1074      1.845345e+01   1.809932e+01   2.545947e+00   2.542209e+00  
1075      1.847904e+01   1.812436e+01   2.549242e+00   2.546348e+00  
1076      1.845129e+01   1.809737e+01   2.544776e+00   2.541495e+00  
1077      1.847947e+01   1.812482e+01   2.549229e+00   2.546243e+00  
1078      1.845107e+01   1.809728e+01   2.544106e+00   2.541311e+00  
1079      1.847203e+01   1.811777e+01   2.547282e+00   2.544344e+00  
1080      1.844836e+01   1.809445e+01   2.544353e+00   2.541492e+00  
1081      1.847323e+01   1.811876e+01   2.548054e+00   2.545279e+00  
1082      1.845343e+01   1.809984e+01   2.543679e+00   2.540628e+00  
1083      1.847123e+01   1.811669e+01   2.548109e+00   2.545362e+00  
1084      1.845581e+01   1.810214e+01   2.543906e+00   2.541257e+00  
1085      1.846583e+01   1.811115e+01   2.548169e+00   2.545527e+00  
1086      1.846016e+01   1.810645e+01   2.544385e+00   2.541652e+00  
1087      1.846334e+01   1.810871e+01   2.547770e+00   2.545236e+00  
1088      1.845523e+01   1.810122e+01   2.545093e+00   2.542451e+00  
1089      1.845454e+01   1.809959e+01   2.548451e+00   2.545642e+00  
1090      1.845691e+01   1.810295e+01   2.545141e+00   2.542244e+00  
1091      1.845124e+01   1.809596e+01   2.549557e+00   2.546460e+00  
1092      1.845556e+01   1.810137e+01   2.545885e+00   2.542928e+00  
1093      1.845245e+01   1.809725e+01   2.549629e+00   2.545950e+00  
1094      1.844918e+01   1.809422e+01   2.548304e+00   2.545079e+00  
1095      1.845155e+01   1.809609e+01   2.550628e+00   2.546694e+00  
1096      1.844429e+01   1.808903e+01   2.549061e+00   2.545812e+00  
1097      1.845613e+01   1.810040e+01   2.551936e+00   2.547916e+00  
1098      1.844256e+01   1.808714e+01   2.549741e+00   2.545992e+00  
1099      1.845181e+01   1.809586e+01   2.552618e+00   2.548193e+00  
1100      1.844371e+01   1.808809e+01   2.550693e+00   2.546695e+00  
1101      1.844654e+01   1.809086e+01   2.551469e+00   2.546734e+00  
1102      1.845057e+01   1.809517e+01   2.550339e+00   2.546431e+00  
1103      1.844612e+01   1.809087e+01   2.550068e+00   2.545013e+00  
1104      1.845597e+01   1.810054e+01   2.551030e+00   2.546617e+00  
1105      1.844484e+01   1.808988e+01   2.548906e+00   2.543929e+00  
1106      1.845682e+01   1.810145e+01   2.550917e+00   2.546453e+00  
1107      1.844561e+01   1.809096e+01   2.548065e+00   2.542643e+00  
1108      1.846010e+01   1.810511e+01   2.549977e+00   2.545191e+00  
1109      1.844750e+01   1.809266e+01   2.549011e+00   2.543339e+00  
1110      1.846438e+01   1.810961e+01   2.549798e+00   2.544392e+00  
1111      1.845233e+01   1.809754e+01   2.549310e+00   2.543371e+00  
1112      1.846424e+01   1.810943e+01   2.549991e+00   2.544393e+00  
1113      1.844158e+01   1.808700e+01   2.547808e+00   2.541792e+00  
1114      1.847086e+01   1.811642e+01   2.549297e+00   2.543459e+00  
1115      1.844407e+01   1.808983e+01   2.546761e+00   2.540845e+00  
1116      1.847772e+01   1.812324e+01   2.550121e+00   2.543850e+00  
1117      1.845002e+01   1.809598e+01   2.546659e+00   2.540320e+00  
1118      1.846937e+01   1.811501e+01   2.549462e+00   2.542495e+00  
1119      1.844866e+01   1.809446e+01   2.547073e+00   2.540852e+00  
1120      1.847433e+01   1.812042e+01   2.548226e+00   2.541232e+00  
1121      1.845537e+01   1.810104e+01   2.548152e+00   2.541678e+00  
1122      1.847780e+01   1.812381e+01   2.548847e+00   2.541639e+00  
1123      1.845338e+01   1.809950e+01   2.546561e+00   2.539734e+00  
1124      1.847608e+01   1.812213e+01   2.548785e+00   2.541218e+00  
1125      1.846268e+01   1.810891e+01   2.546885e+00   2.539900e+00  
1126      1.848273e+01   1.812888e+01   2.548930e+00   2.541236e+00  
1127      1.846130e+01   1.810748e+01   2.546979e+00   2.539990e+00  
1128      1.848608e+01   1.813236e+01   2.548784e+00   2.540939e+00  
1129      1.846251e+01   1.810901e+01   2.545987e+00   2.538856e+00  
1130      1.849119e+01   1.813730e+01   2.549558e+00   2.542036e+00  
1131      1.845464e+01   1.810143e+01   2.544403e+00   2.537286e+00  
1132      1.848308e+01   1.812914e+01   2.549163e+00   2.541666e+00  
1133      1.846046e+01   1.810733e+01   2.544763e+00   2.537151e+00  
1134      1.848372e+01   1.812967e+01   2.549533e+00   2.542199e+00  
1135      1.846116e+01   1.810789e+01   2.545407e+00   2.537688e+00  
1136      1.848626e+01   1.813250e+01   2.548852e+00   2.541151e+00  
1137      1.845227e+01   1.809843e+01   2.546874e+00   2.539010e+00  
1138      1.848756e+01   1.813387e+01   2.548661e+00   2.541084e+00  
1139      1.844521e+01   1.809098e+01   2.547864e+00   2.539788e+00  
1140      1.848328e+01   1.812935e+01   2.549112e+00   2.541728e+00  
1141      1.845382e+01   1.810002e+01   2.547137e+00   2.538704e+00  
1142      1.848246e+01   1.812854e+01   2.549021e+00   2.541622e+00  
1143      1.845526e+01   1.810107e+01   2.548618e+00   2.540146e+00  
1144      1.848163e+01   1.812756e+01   2.549356e+00   2.542288e+00  
1145      1.846091e+01   1.810689e+01   2.548421e+00   2.539954e+00  
1146      1.847460e+01   1.812034e+01   2.549478e+00   2.542494e+00  
1147      1.846133e+01   1.810710e+01   2.549190e+00   2.540736e+00  
1148      1.846566e+01   1.811067e+01   2.551439e+00   2.544492e+00  
1149      1.845782e+01   1.810279e+01   2.551877e+00   2.543226e+00  
1150      1.846998e+01   1.811521e+01   2.550829e+00   2.544090e+00  
1151      1.846064e+01   1.810527e+01   2.553285e+00   2.544625e+00  
1152      1.846400e+01   1.810873e+01   2.552229e+00   2.545449e+00  
1153      1.846195e+01   1.810613e+01   2.554911e+00   2.546353e+00  
1154      1.845927e+01   1.810360e+01   2.553142e+00   2.546712e+00  
1155      1.846066e+01   1.810455e+01   2.555720e+00   2.547494e+00  
1156      1.845985e+01   1.810395e+01   2.554015e+00   2.547525e+00  
1157      1.846653e+01   1.811026e+01   2.556706e+00   2.548408e+00  
1158      1.845656e+01   1.810029e+01   2.555146e+00   2.548566e+00  
1159      1.846795e+01   1.811148e+01   2.557260e+00   2.549463e+00  
1160      1.846596e+01   1.810957e+01   2.556256e+00   2.549699e+00  
1161      1.847210e+01   1.811557e+01   2.557925e+00   2.549833e+00  
1162      1.846292e+01   1.810572e+01   2.558963e+00   2.552269e+00  
1163      1.847400e+01   1.811755e+01   2.557687e+00   2.549716e+00  
1164      1.846193e+01   1.810403e+01   2.561562e+00   2.554457e+00  
1165      1.847624e+01   1.811952e+01   2.558941e+00   2.550735e+00  
1166      1.846979e+01   1.811214e+01   2.561177e+00   2.554139e+00  
1167      1.847147e+01   1.811409e+01   2.561194e+00   2.552473e+00  
1168      1.846340e+01   1.810531e+01   2.562204e+00   2.555333e+00  
1169      1.847565e+01   1.811754e+01   2.564054e+00   2.555369e+00  
1170      1.845872e+01   1.810020e+01   2.563508e+00   2.556444e+00  
1171      1.847647e+01   1.811796e+01   2.565572e+00   2.556810e+00  
1172      1.846435e+01   1.810603e+01   2.563377e+00   2.555954e+00  
1173      1.846727e+01   1.810817e+01   2.567116e+00   2.558205e+00  
1174      1.846407e+01   1.810550e+01   2.564233e+00   2.556874e+00  
1175      1.846551e+01   1.810633e+01   2.567322e+00   2.558281e+00  
1176      1.847102e+01   1.811274e+01   2.563723e+00   2.556256e+00  
1177      1.846061e+01   1.810087e+01   2.569015e+00   2.559838e+00  
1178      1.847526e+01   1.811708e+01   2.563863e+00   2.556041e+00  
1179      1.846244e+01   1.810249e+01   2.569828e+00   2.560780e+00  
1180      1.848148e+01   1.812367e+01   2.562973e+00   2.555121e+00  
1181      1.846167e+01   1.810158e+01   2.570379e+00   2.561149e+00  
1182      1.848666e+01   1.812901e+01   2.562718e+00   2.554986e+00  
1183      1.845803e+01   1.809779e+01   2.570766e+00   2.561287e+00  
1184      1.848323e+01   1.812468e+01   2.565833e+00   2.557762e+00  
1185      1.845716e+01   1.809677e+01   2.571136e+00   2.561788e+00  
1186      1.847666e+01   1.811774e+01   2.566751e+00   2.558501e+00  
1187      1.845975e+01   1.809917e+01   2.571955e+00   2.562650e+00  
1188      1.847042e+01   1.811103e+01   2.568264e+00   2.559537e+00  
1189      1.845575e+01   1.809484e+01   2.572942e+00   2.563463e+00  
1190      1.846211e+01   1.810223e+01   2.569395e+00   2.560675e+00  
1191      1.846395e+01   1.810293e+01   2.573799e+00   2.564557e+00  
1192      1.845897e+01   1.809880e+01   2.570215e+00   2.561493e+00  
1193      1.846485e+01   1.810317e+01   2.576329e+00   2.566800e+00  
1194      1.845973e+01   1.809908e+01   2.572059e+00   2.563077e+00  
1195      1.846628e+01   1.810452e+01   2.576750e+00   2.567081e+00  
1196      1.846175e+01   1.810077e+01   2.573604e+00   2.564175e+00  
1197      1.846377e+01   1.810187e+01   2.577071e+00   2.567441e+00  
1198      1.845442e+01   1.809297e+01   2.574672e+00   2.565347e+00  
1199      1.847002e+01   1.810815e+01   2.577404e+00   2.567775e+00  
1200      1.845863e+01   1.809715e+01   2.575128e+00   2.565705e+00  
1201      1.847178e+01   1.810999e+01   2.577205e+00   2.567650e+00  
1202      1.845404e+01   1.809230e+01   2.575535e+00   2.566509e+00  
1203      1.846313e+01   1.810104e+01   2.577648e+00   2.568123e+00  
1204      1.845177e+01   1.808998e+01   2.575596e+00   2.566461e+00  
1205      1.846009e+01   1.809783e+01   2.577929e+00   2.568572e+00  
1206      1.845461e+01   1.809251e+01   2.577007e+00   2.567584e+00  
1207      1.845677e+01   1.809462e+01   2.577215e+00   2.568059e+00  
1208      1.845335e+01   1.809129e+01   2.576909e+00   2.567281e+00  
1209      1.845793e+01   1.809565e+01   2.578014e+00   2.568381e+00  
1210      1.845370e+01   1.809139e+01   2.577729e+00   2.568266e+00  
1211      1.846076e+01   1.809841e+01   2.578425e+00   2.568802e+00  
1212      1.845071e+01   1.808817e+01   2.578334e+00   2.568870e+00  
1213      1.845646e+01   1.809413e+01   2.578173e+00   2.568369e+00  
1214      1.845052e+01   1.808797e+01   2.578449e+00   2.568773e+00  
1215      1.845490e+01   1.809267e+01   2.577537e+00   2.568052e+00  
1216      1.843923e+01   1.807613e+01   2.579564e+00   2.569980e+00  
1217      1.844843e+01   1.808603e+01   2.577666e+00   2.568195e+00  
1218      1.844054e+01   1.807701e+01   2.581250e+00   2.571426e+00  
1219      1.844811e+01   1.808553e+01   2.578304e+00   2.568805e+00  
1220      1.843415e+01   1.807073e+01   2.580273e+00   2.570707e+00  
1221      1.844853e+01   1.808595e+01   2.578179e+00   2.568920e+00  
1222      1.842915e+01   1.806524e+01   2.581553e+00   2.572139e+00  
1223      1.845325e+01   1.809070e+01   2.578214e+00   2.569394e+00  
1224      1.842964e+01   1.806567e+01   2.581764e+00   2.572485e+00  
1225      1.845253e+01   1.808997e+01   2.578152e+00   2.569450e+00  
1226      1.843258e+01   1.806849e+01   2.582595e+00   2.572943e+00  
1227      1.845653e+01   1.809385e+01   2.578811e+00   2.570206e+00  
1228      1.842916e+01   1.806467e+01   2.583674e+00   2.574178e+00  
1229      1.845796e+01   1.809504e+01   2.579623e+00   2.571268e+00  
1230      1.843669e+01   1.807253e+01   2.582967e+00   2.573568e+00  
1231      1.845529e+01   1.809245e+01   2.578938e+00   2.570970e+00  
1232      1.843778e+01   1.807347e+01   2.583565e+00   2.574235e+00  
1233      1.845092e+01   1.808798e+01   2.578842e+00   2.571199e+00  
1234      1.843706e+01   1.807233e+01   2.585078e+00   2.575526e+00  
1235      1.844777e+01   1.808437e+01   2.580007e+00   2.572837e+00  
1236      1.843876e+01   1.807374e+01   2.586093e+00   2.576767e+00  
1237      1.844721e+01   1.808333e+01   2.581584e+00   2.574523e+00  
1238      1.844216e+01   1.807703e+01   2.586767e+00   2.577409e+00  
1239      1.845156e+01   1.808738e+01   2.582928e+00   2.575857e+00  
1240      1.844387e+01   1.807839e+01   2.587836e+00   2.578971e+00  
1241      1.844900e+01   1.808449e+01   2.584043e+00   2.576738e+00  
1242      1.844300e+01   1.807705e+01   2.589476e+00   2.580521e+00  
1243      1.844410e+01   1.807937e+01   2.584418e+00   2.577224e+00  
1244      1.844532e+01   1.807930e+01   2.589896e+00   2.580888e+00  
1245      1.844261e+01   1.807767e+01   2.584836e+00   2.578018e+00  
1246      1.845162e+01   1.808578e+01   2.589765e+00   2.580683e+00  
1247      1.843252e+01   1.806714e+01   2.585696e+00   2.578860e+00  
1248      1.845635e+01   1.809066e+01   2.589700e+00   2.580403e+00  
1249      1.843449e+01   1.806920e+01   2.585332e+00   2.578880e+00  
1250      1.846015e+01   1.809485e+01   2.588612e+00   2.579282e+00  
-------------------------------------------------------------------

