
**********************************************
Real-time propagation in 3D, OPTION = 2
MPI nodes = 8, OMP threads = 16, cores = 128
**********************************************

Interactions
Contact: Natoms = 1.50000000000e+05, as = 8.600000e+01 * a0, G = 1.544975e+04, G * par = 3.089950e+04
Three-body: K3 =  0.000000e+00, g3 = 0.000000e+00
Regular DDI: add = 1.101000e+02 * a0, GD = 4.721954e+03, GD * par = 9.443909e+03, edd = 1.280233e+00
     Dipolar cutoff Rcut = 9.318672e+00, Lcut = 2.680012e+02

QF = 1: h2 = 1.941991e+05, h4 = 0.000000e+00
        q3 = 0.000000e+00, q5 = 3.633838e+00

GRAD = 0

Trap parameters:
GAMMA = 0.000000e+00, NU = 0.000000e+00, LAMBDA = 0.000000e+00
Parameters of rotation: OMEGA = 0.000000e+00, OMEGA * par = 0.000000e+00

Space discretization: NX = 128, NY = 128, NZ = 128
                      DX = 4.187519e+00, DY = 1.456042e-01, DZ = 1.456042e-01
      Unit of length: aho = 5.552380e-07 m

Time discretization: NITER = 2500 (NSNAP = 1250)
                     DT = 1.060030e-02

Initial state: file ./imag3d-finalpsi.bin
ADD_VORTICES = 0, ADD_RANDOM_PHASE = 0


MUREL = 1.000000e-12, MUEND=1.000000e+05

-------------------------------------------------------------------
Snap      <r>            <x>            <y>            <z>
-------------------------------------------------------------------
0         2.683872e+01   2.680634e+01   9.320602e-01   9.320602e-01  
1         2.683871e+01   2.680634e+01   9.319040e-01   9.319040e-01  
2         2.683870e+01   2.680633e+01   9.317320e-01   9.317320e-01  
3         2.683869e+01   2.680633e+01   9.315444e-01   9.315444e-01  
4         2.683867e+01   2.680633e+01   9.313414e-01   9.313414e-01  
5         2.683865e+01   2.680633e+01   9.311236e-01   9.311236e-01  
6         2.683863e+01   2.680633e+01   9.308914e-01   9.308914e-01  
7         2.683861e+01   2.680632e+01   9.306455e-01   9.306455e-01  
8         2.683859e+01   2.680632e+01   9.303865e-01   9.303865e-01  
9         2.683857e+01   2.680632e+01   9.301152e-01   9.301152e-01  
10        2.683855e+01   2.680631e+01   9.298326e-01   9.298326e-01  
11        2.683852e+01   2.680631e+01   9.295397e-01   9.295397e-01  
12        2.683850e+01   2.680631e+01   9.292376e-01   9.292376e-01  
13        2.683847e+01   2.680630e+01   9.289275e-01   9.289275e-01  
14        2.683845e+01   2.680630e+01   9.286107e-01   9.286107e-01  
15        2.683842e+01   2.680629e+01   9.282885e-01   9.282885e-01  
16        2.683839e+01   2.680629e+01   9.279624e-01   9.279624e-01  
17        2.683836e+01   2.680628e+01   9.276338e-01   9.276338e-01  
18        2.683833e+01   2.680627e+01   9.273043e-01   9.273043e-01  
19        2.683831e+01   2.680627e+01   9.269754e-01   9.269754e-01  
20        2.683828e+01   2.680626e+01   9.266486e-01   9.266486e-01  
21        2.683825e+01   2.680626e+01   9.263255e-01   9.263255e-01  
22        2.683822e+01   2.680625e+01   9.260074e-01   9.260074e-01  
23        2.683820e+01   2.680625e+01   9.256958e-01   9.256958e-01  
24        2.683817e+01   2.680624e+01   9.253921e-01   9.253921e-01  
25        2.683814e+01   2.680624e+01   9.250974e-01   9.250974e-01  
26        2.683812e+01   2.680623e+01   9.248130e-01   9.248130e-01  
27        2.683810e+01   2.680623e+01   9.245399e-01   9.245399e-01  
28        2.683807e+01   2.680622e+01   9.242791e-01   9.242791e-01  
29        2.683805e+01   2.680622e+01   9.240314e-01   9.240314e-01  
30        2.683803e+01   2.680622e+01   9.237977e-01   9.237977e-01  
31        2.683802e+01   2.680621e+01   9.235785e-01   9.235785e-01  
32        2.683800e+01   2.680621e+01   9.233745e-01   9.233745e-01  
33        2.683798e+01   2.680621e+01   9.231860e-01   9.231860e-01  
34        2.683797e+01   2.680620e+01   9.230136e-01   9.230136e-01  
35        2.683795e+01   2.680620e+01   9.228575e-01   9.228575e-01  
36        2.683794e+01   2.680620e+01   9.227178e-01   9.227178e-01  
37        2.683793e+01   2.680620e+01   9.225947e-01   9.225947e-01  
38        2.683792e+01   2.680620e+01   9.224883e-01   9.224883e-01  
39        2.683792e+01   2.680620e+01   9.223985e-01   9.223985e-01  
40        2.683791e+01   2.680619e+01   9.223253e-01   9.223253e-01  
41        2.683790e+01   2.680619e+01   9.222685e-01   9.222685e-01  
42        2.683790e+01   2.680619e+01   9.222279e-01   9.222279e-01  
43        2.683790e+01   2.680619e+01   9.222032e-01   9.222032e-01  
44        2.683790e+01   2.680619e+01   9.221941e-01   9.221941e-01  
45        2.683790e+01   2.680619e+01   9.222004e-01   9.222004e-01  
46        2.683790e+01   2.680619e+01   9.222215e-01   9.222215e-01  
47        2.683790e+01   2.680619e+01   9.222570e-01   9.222570e-01  
48        2.683791e+01   2.680619e+01   9.223066e-01   9.223066e-01  
49        2.683791e+01   2.680619e+01   9.223696e-01   9.223696e-01  
50        2.683792e+01   2.680619e+01   9.224456e-01   9.224456e-01  
51        2.683792e+01   2.680619e+01   9.225340e-01   9.225340e-01  
52        2.683793e+01   2.680619e+01   9.226343e-01   9.226343e-01  
53        2.683794e+01   2.680619e+01   9.227459e-01   9.227459e-01  
54        2.683795e+01   2.680619e+01   9.228681e-01   9.228681e-01  
55        2.683796e+01   2.680619e+01   9.230004e-01   9.230004e-01  
56        2.683797e+01   2.680619e+01   9.231421e-01   9.231421e-01  
57        2.683798e+01   2.680619e+01   9.232927e-01   9.232927e-01  
58        2.683799e+01   2.680619e+01   9.234514e-01   9.234514e-01  
59        2.683800e+01   2.680619e+01   9.236177e-01   9.236177e-01  
60        2.683801e+01   2.680619e+01   9.237908e-01   9.237908e-01  
61        2.683802e+01   2.680619e+01   9.239703e-01   9.239703e-01  
62        2.683804e+01   2.680619e+01   9.241553e-01   9.241553e-01  
63        2.683805e+01   2.680619e+01   9.243453e-01   9.243453e-01  
64        2.683806e+01   2.680619e+01   9.245397e-01   9.245397e-01  
65        2.683808e+01   2.680619e+01   9.247378e-01   9.247378e-01  
66        2.683809e+01   2.680619e+01   9.249389e-01   9.249389e-01  
67        2.683810e+01   2.680619e+01   9.251426e-01   9.251426e-01  
68        2.683812e+01   2.680619e+01   9.253481e-01   9.253481e-01  
69        2.683813e+01   2.680619e+01   9.255549e-01   9.255549e-01  
70        2.683814e+01   2.680619e+01   9.257624e-01   9.257624e-01  
71        2.683815e+01   2.680619e+01   9.259700e-01   9.259700e-01  
72        2.683817e+01   2.680619e+01   9.261773e-01   9.261773e-01  
73        2.683818e+01   2.680618e+01   9.263836e-01   9.263836e-01  
74        2.683819e+01   2.680618e+01   9.265885e-01   9.265885e-01  
75        2.683820e+01   2.680618e+01   9.267914e-01   9.267914e-01  
76        2.683821e+01   2.680618e+01   9.269920e-01   9.269920e-01  
77        2.683822e+01   2.680617e+01   9.271896e-01   9.271896e-01  
78        2.683824e+01   2.680617e+01   9.273839e-01   9.273839e-01  
79        2.683824e+01   2.680617e+01   9.275745e-01   9.275745e-01  
80        2.683825e+01   2.680616e+01   9.277610e-01   9.277610e-01  
81        2.683826e+01   2.680616e+01   9.279429e-01   9.279429e-01  
82        2.683827e+01   2.680616e+01   9.281200e-01   9.281200e-01  
83        2.683828e+01   2.680615e+01   9.282918e-01   9.282918e-01  
84        2.683829e+01   2.680615e+01   9.284582e-01   9.284582e-01  
85        2.683829e+01   2.680614e+01   9.286186e-01   9.286186e-01  
86        2.683830e+01   2.680614e+01   9.287730e-01   9.287730e-01  
87        2.683830e+01   2.680613e+01   9.289210e-01   9.289210e-01  
88        2.683831e+01   2.680613e+01   9.290624e-01   9.290624e-01  
89        2.683831e+01   2.680612e+01   9.291971e-01   9.291971e-01  
90        2.683831e+01   2.680611e+01   9.293247e-01   9.293247e-01  
91        2.683831e+01   2.680611e+01   9.294451e-01   9.294451e-01  
92        2.683831e+01   2.680610e+01   9.295582e-01   9.295582e-01  
93        2.683831e+01   2.680609e+01   9.296638e-01   9.296638e-01  
94        2.683831e+01   2.680609e+01   9.297619e-01   9.297619e-01  
95        2.683831e+01   2.680608e+01   9.298523e-01   9.298523e-01  
96        2.683831e+01   2.680607e+01   9.299350e-01   9.299350e-01  
97        2.683831e+01   2.680606e+01   9.300098e-01   9.300098e-01  
98        2.683830e+01   2.680605e+01   9.300769e-01   9.300769e-01  
99        2.683830e+01   2.680604e+01   9.301360e-01   9.301360e-01  
100       2.683829e+01   2.680604e+01   9.301873e-01   9.301873e-01  
101       2.683829e+01   2.680603e+01   9.302307e-01   9.302307e-01  
102       2.683828e+01   2.680602e+01   9.302664e-01   9.302664e-01  
103       2.683827e+01   2.680601e+01   9.302943e-01   9.302943e-01  
104       2.683826e+01   2.680600e+01   9.303145e-01   9.303145e-01  
105       2.683826e+01   2.680599e+01   9.303271e-01   9.303271e-01  
106       2.683825e+01   2.680598e+01   9.303323e-01   9.303323e-01  
107       2.683823e+01   2.680597e+01   9.303300e-01   9.303300e-01  
108       2.683822e+01   2.680596e+01   9.303206e-01   9.303206e-01  
109       2.683821e+01   2.680594e+01   9.303040e-01   9.303040e-01  
110       2.683820e+01   2.680593e+01   9.302805e-01   9.302805e-01  
111       2.683819e+01   2.680592e+01   9.302502e-01   9.302502e-01  
112       2.683817e+01   2.680591e+01   9.302134e-01   9.302134e-01  
113       2.683816e+01   2.680590e+01   9.301702e-01   9.301702e-01  
114       2.683814e+01   2.680589e+01   9.301208e-01   9.301208e-01  
115       2.683813e+01   2.680588e+01   9.300654e-01   9.300654e-01  
116       2.683811e+01   2.680586e+01   9.300043e-01   9.300043e-01  
117       2.683809e+01   2.680585e+01   9.299377e-01   9.299377e-01  
118       2.683808e+01   2.680584e+01   9.298659e-01   9.298659e-01  
119       2.683806e+01   2.680583e+01   9.297891e-01   9.297891e-01  
120       2.683804e+01   2.680581e+01   9.297076e-01   9.297076e-01  
121       2.683802e+01   2.680580e+01   9.296216e-01   9.296216e-01  
122       2.683800e+01   2.680579e+01   9.295314e-01   9.295314e-01  
123       2.683798e+01   2.680577e+01   9.294373e-01   9.294373e-01  
124       2.683796e+01   2.680576e+01   9.293394e-01   9.293394e-01  
125       2.683794e+01   2.680575e+01   9.292383e-01   9.292383e-01  
126       2.683792e+01   2.680574e+01   9.291340e-01   9.291340e-01  
127       2.683790e+01   2.680572e+01   9.290269e-01   9.290269e-01  
128       2.683788e+01   2.680571e+01   9.289174e-01   9.289174e-01  
129       2.683786e+01   2.680570e+01   9.288057e-01   9.288057e-01  
130       2.683784e+01   2.680568e+01   9.286922e-01   9.286922e-01  
131       2.683782e+01   2.680567e+01   9.285771e-01   9.285771e-01  
132       2.683779e+01   2.680566e+01   9.284608e-01   9.284608e-01  
133       2.683777e+01   2.680564e+01   9.283436e-01   9.283436e-01  
134       2.683775e+01   2.680563e+01   9.282259e-01   9.282259e-01  
135       2.683773e+01   2.680561e+01   9.281079e-01   9.281079e-01  
136       2.683771e+01   2.680560e+01   9.279900e-01   9.279900e-01  
137       2.683769e+01   2.680559e+01   9.278725e-01   9.278725e-01  
138       2.683767e+01   2.680557e+01   9.277557e-01   9.277557e-01  
139       2.683764e+01   2.680556e+01   9.276400e-01   9.276400e-01  
140       2.683762e+01   2.680555e+01   9.275255e-01   9.275255e-01  
141       2.683760e+01   2.680553e+01   9.274126e-01   9.274126e-01  
142       2.683758e+01   2.680552e+01   9.273015e-01   9.273015e-01  
143       2.683756e+01   2.680551e+01   9.271924e-01   9.271924e-01  
144       2.683754e+01   2.680549e+01   9.270857e-01   9.270857e-01  
145       2.683752e+01   2.680548e+01   9.269815e-01   9.269815e-01  
146       2.683750e+01   2.680547e+01   9.268800e-01   9.268800e-01  
147       2.683748e+01   2.680545e+01   9.267813e-01   9.267813e-01  
148       2.683746e+01   2.680544e+01   9.266858e-01   9.266858e-01  
149       2.683744e+01   2.680543e+01   9.265934e-01   9.265934e-01  
150       2.683742e+01   2.680542e+01   9.265043e-01   9.265043e-01  
151       2.683740e+01   2.680540e+01   9.264188e-01   9.264188e-01  
152       2.683738e+01   2.680539e+01   9.263368e-01   9.263368e-01  
153       2.683737e+01   2.680538e+01   9.262586e-01   9.262586e-01  
154       2.683735e+01   2.680537e+01   9.261843e-01   9.261843e-01  
155       2.683733e+01   2.680535e+01   9.261140e-01   9.261140e-01  
156       2.683731e+01   2.680534e+01   9.260478e-01   9.260478e-01  
157       2.683730e+01   2.680533e+01   9.259859e-01   9.259859e-01  
158       2.683728e+01   2.680531e+01   9.259284e-01   9.259284e-01  
159       2.683726e+01   2.680530e+01   9.258754e-01   9.258754e-01  
160       2.683725e+01   2.680529e+01   9.258271e-01   9.258271e-01  
161       2.683723e+01   2.680528e+01   9.257837e-01   9.257837e-01  
162       2.683722e+01   2.680527e+01   9.257451e-01   9.257451e-01  
163       2.683720e+01   2.680525e+01   9.257115e-01   9.257115e-01  
164       2.683719e+01   2.680524e+01   9.256831e-01   9.256831e-01  
165       2.683718e+01   2.680523e+01   9.256599e-01   9.256599e-01  
166       2.683716e+01   2.680522e+01   9.256419e-01   9.256419e-01  
167       2.683715e+01   2.680521e+01   9.256293e-01   9.256293e-01  
168       2.683714e+01   2.680519e+01   9.256220e-01   9.256220e-01  
169       2.683713e+01   2.680518e+01   9.256202e-01   9.256202e-01  
170       2.683712e+01   2.680517e+01   9.256237e-01   9.256237e-01  
171       2.683710e+01   2.680516e+01   9.256325e-01   9.256325e-01  
172       2.683709e+01   2.680515e+01   9.256467e-01   9.256467e-01  
173       2.683708e+01   2.680514e+01   9.256661e-01   9.256661e-01  
174       2.683707e+01   2.680513e+01   9.256906e-01   9.256906e-01  
175       2.683707e+01   2.680511e+01   9.257201e-01   9.257201e-01  
176       2.683706e+01   2.680510e+01   9.257545e-01   9.257545e-01  
177       2.683705e+01   2.680509e+01   9.257936e-01   9.257936e-01  
178       2.683704e+01   2.680508e+01   9.258371e-01   9.258371e-01  
179       2.683703e+01   2.680507e+01   9.258849e-01   9.258849e-01  
180       2.683702e+01   2.680506e+01   9.259367e-01   9.259367e-01  
181       2.683702e+01   2.680505e+01   9.259923e-01   9.259923e-01  
182       2.683701e+01   2.680503e+01   9.260515e-01   9.260515e-01  
183       2.683700e+01   2.680502e+01   9.261139e-01   9.261139e-01  
184       2.683699e+01   2.680501e+01   9.261793e-01   9.261793e-01  
185       2.683699e+01   2.680500e+01   9.262474e-01   9.262474e-01  
186       2.683698e+01   2.680499e+01   9.263181e-01   9.263181e-01  
187       2.683697e+01   2.680498e+01   9.263910e-01   9.263910e-01  
188       2.683697e+01   2.680497e+01   9.264660e-01   9.264660e-01  
189       2.683696e+01   2.680495e+01   9.265428e-01   9.265428e-01  
190       2.683695e+01   2.680494e+01   9.266212e-01   9.266212e-01  
191       2.683695e+01   2.680493e+01   9.267010e-01   9.267010e-01  
192       2.683694e+01   2.680492e+01   9.267820e-01   9.267820e-01  
193       2.683693e+01   2.680490e+01   9.268641e-01   9.268641e-01  
194       2.683693e+01   2.680489e+01   9.269471e-01   9.269471e-01  
195       2.683692e+01   2.680488e+01   9.270309e-01   9.270309e-01  
196       2.683691e+01   2.680487e+01   9.271152e-01   9.271152e-01  
197       2.683691e+01   2.680485e+01   9.271999e-01   9.271999e-01  
198       2.683690e+01   2.680484e+01   9.272849e-01   9.272849e-01  
199       2.683689e+01   2.680483e+01   9.273701e-01   9.273701e-01  
200       2.683688e+01   2.680481e+01   9.274551e-01   9.274551e-01  
201       2.683688e+01   2.680480e+01   9.275399e-01   9.275399e-01  
202       2.683687e+01   2.680479e+01   9.276243e-01   9.276243e-01  
203       2.683686e+01   2.680477e+01   9.277079e-01   9.277079e-01  
204       2.683685e+01   2.680476e+01   9.277907e-01   9.277907e-01  
205       2.683684e+01   2.680474e+01   9.278724e-01   9.278724e-01  
206       2.683684e+01   2.680473e+01   9.279527e-01   9.279527e-01  
207       2.683683e+01   2.680471e+01   9.280314e-01   9.280314e-01  
208       2.683682e+01   2.680470e+01   9.281083e-01   9.281083e-01  
209       2.683681e+01   2.680468e+01   9.281832e-01   9.281832e-01  
210       2.683680e+01   2.680467e+01   9.282559e-01   9.282559e-01  
211       2.683679e+01   2.680465e+01   9.283261e-01   9.283261e-01  
212       2.683677e+01   2.680464e+01   9.283936e-01   9.283936e-01  
213       2.683676e+01   2.680462e+01   9.284583e-01   9.284583e-01  
214       2.683675e+01   2.680461e+01   9.285199e-01   9.285199e-01  
215       2.683674e+01   2.680459e+01   9.285784e-01   9.285784e-01  
216       2.683672e+01   2.680457e+01   9.286335e-01   9.286335e-01  
217       2.683671e+01   2.680455e+01   9.286853e-01   9.286853e-01  
218       2.683670e+01   2.680454e+01   9.287336e-01   9.287336e-01  
219       2.683668e+01   2.680452e+01   9.287784e-01   9.287784e-01  
220       2.683667e+01   2.680450e+01   9.288196e-01   9.288196e-01  
221       2.683665e+01   2.680448e+01   9.288572e-01   9.288572e-01  
222       2.683663e+01   2.680446e+01   9.288913e-01   9.288913e-01  
223       2.683662e+01   2.680444e+01   9.289218e-01   9.289218e-01  
224       2.683660e+01   2.680442e+01   9.289487e-01   9.289487e-01  
225       2.683658e+01   2.680440e+01   9.289721e-01   9.289721e-01  
226       2.683656e+01   2.680438e+01   9.289920e-01   9.289920e-01  
227       2.683654e+01   2.680436e+01   9.290085e-01   9.290085e-01  
228       2.683652e+01   2.680434e+01   9.290216e-01   9.290216e-01  
229       2.683650e+01   2.680432e+01   9.290314e-01   9.290314e-01  
230       2.683648e+01   2.680430e+01   9.290380e-01   9.290380e-01  
231       2.683646e+01   2.680428e+01   9.290415e-01   9.290415e-01  
232       2.683644e+01   2.680426e+01   9.290419e-01   9.290419e-01  
233       2.683641e+01   2.680423e+01   9.290392e-01   9.290392e-01  
234       2.683639e+01   2.680421e+01   9.290337e-01   9.290337e-01  
235       2.683637e+01   2.680419e+01   9.290252e-01   9.290252e-01  
236       2.683634e+01   2.680416e+01   9.290139e-01   9.290139e-01  
237       2.683632e+01   2.680414e+01   9.289999e-01   9.289999e-01  
238       2.683629e+01   2.680412e+01   9.289832e-01   9.289832e-01  
239       2.683627e+01   2.680409e+01   9.289639e-01   9.289639e-01  
240       2.683624e+01   2.680407e+01   9.289421e-01   9.289421e-01  
241       2.683622e+01   2.680404e+01   9.289179e-01   9.289179e-01  
242       2.683619e+01   2.680402e+01   9.288914e-01   9.288914e-01  
243       2.683616e+01   2.680399e+01   9.288626e-01   9.288626e-01  
244       2.683614e+01   2.680397e+01   9.288317e-01   9.288317e-01  
245       2.683611e+01   2.680394e+01   9.287986e-01   9.287986e-01  
246       2.683608e+01   2.680392e+01   9.287636e-01   9.287636e-01  
247       2.683605e+01   2.680389e+01   9.287267e-01   9.287267e-01  
248       2.683602e+01   2.680386e+01   9.286881e-01   9.286881e-01  
249       2.683599e+01   2.680384e+01   9.286477e-01   9.286477e-01  
250       2.683596e+01   2.680381e+01   9.286058e-01   9.286058e-01  
251       2.683593e+01   2.680379e+01   9.285624e-01   9.285624e-01  
252       2.683590e+01   2.680376e+01   9.285177e-01   9.285177e-01  
253       2.683587e+01   2.680373e+01   9.284719e-01   9.284719e-01  
254       2.683584e+01   2.680370e+01   9.284250e-01   9.284250e-01  
255       2.683581e+01   2.680368e+01   9.283771e-01   9.283771e-01  
256       2.683578e+01   2.680365e+01   9.283285e-01   9.283285e-01  
257       2.683575e+01   2.680362e+01   9.282792e-01   9.282792e-01  
258       2.683572e+01   2.680360e+01   9.282294e-01   9.282294e-01  
259       2.683569e+01   2.680357e+01   9.281791e-01   9.281791e-01  
260       2.683566e+01   2.680354e+01   9.281285e-01   9.281285e-01  
261       2.683563e+01   2.680351e+01   9.280776e-01   9.280776e-01  
262       2.683560e+01   2.680349e+01   9.280265e-01   9.280265e-01  
263       2.683557e+01   2.680346e+01   9.279755e-01   9.279755e-01  
264       2.683554e+01   2.680343e+01   9.279244e-01   9.279244e-01  
265       2.683551e+01   2.680340e+01   9.278734e-01   9.278734e-01  
266       2.683547e+01   2.680338e+01   9.278226e-01   9.278226e-01  
267       2.683544e+01   2.680335e+01   9.277720e-01   9.277720e-01  
268       2.683541e+01   2.680332e+01   9.277216e-01   9.277216e-01  
269       2.683538e+01   2.680329e+01   9.276715e-01   9.276715e-01  
270       2.683535e+01   2.680327e+01   9.276216e-01   9.276216e-01  
271       2.683532e+01   2.680324e+01   9.275720e-01   9.275720e-01  
272       2.683529e+01   2.680321e+01   9.275228e-01   9.275228e-01  
273       2.683526e+01   2.680318e+01   9.274739e-01   9.274739e-01  
274       2.683523e+01   2.680316e+01   9.274254e-01   9.274254e-01  
275       2.683520e+01   2.680313e+01   9.273772e-01   9.273772e-01  
276       2.683516e+01   2.680310e+01   9.273295e-01   9.273295e-01  
277       2.683513e+01   2.680307e+01   9.272822e-01   9.272822e-01  
278       2.683510e+01   2.680304e+01   9.272354e-01   9.272354e-01  
279       2.683507e+01   2.680302e+01   9.271893e-01   9.271893e-01  
280       2.683504e+01   2.680299e+01   9.271438e-01   9.271438e-01  
281       2.683501e+01   2.680296e+01   9.270991e-01   9.270991e-01  
282       2.683498e+01   2.680293e+01   9.270553e-01   9.270553e-01  
283       2.683495e+01   2.680291e+01   9.270125e-01   9.270125e-01  
284       2.683492e+01   2.680288e+01   9.269708e-01   9.269708e-01  
285       2.683489e+01   2.680285e+01   9.269304e-01   9.269304e-01  
286       2.683486e+01   2.680282e+01   9.268914e-01   9.268914e-01  
287       2.683483e+01   2.680280e+01   9.268538e-01   9.268538e-01  
288       2.683480e+01   2.680277e+01   9.268180e-01   9.268180e-01  
289       2.683477e+01   2.680274e+01   9.267840e-01   9.267840e-01  
290       2.683474e+01   2.680271e+01   9.267520e-01   9.267520e-01  
291       2.683471e+01   2.680269e+01   9.267220e-01   9.267220e-01  
292       2.683468e+01   2.680266e+01   9.266944e-01   9.266944e-01  
293       2.683465e+01   2.680263e+01   9.266691e-01   9.266691e-01  
294       2.683462e+01   2.680261e+01   9.266463e-01   9.266463e-01  
295       2.683460e+01   2.680258e+01   9.266261e-01   9.266261e-01  
296       2.683457e+01   2.680255e+01   9.266087e-01   9.266087e-01  
297       2.683454e+01   2.680253e+01   9.265942e-01   9.265942e-01  
298       2.683451e+01   2.680250e+01   9.265827e-01   9.265827e-01  
299       2.683449e+01   2.680247e+01   9.265743e-01   9.265743e-01  
300       2.683446e+01   2.680245e+01   9.265691e-01   9.265691e-01  
301       2.683443e+01   2.680242e+01   9.265671e-01   9.265671e-01  
302       2.683441e+01   2.680240e+01   9.265685e-01   9.265685e-01  
303       2.683438e+01   2.680237e+01   9.265733e-01   9.265733e-01  
304       2.683436e+01   2.680234e+01   9.265815e-01   9.265815e-01  
305       2.683433e+01   2.680232e+01   9.265932e-01   9.265932e-01  
306       2.683431e+01   2.680229e+01   9.266084e-01   9.266084e-01  
307       2.683429e+01   2.680227e+01   9.266270e-01   9.266270e-01  
308       2.683426e+01   2.680225e+01   9.266492e-01   9.266492e-01  
309       2.683424e+01   2.680222e+01   9.266748e-01   9.266748e-01  
310       2.683422e+01   2.680220e+01   9.267038e-01   9.267038e-01  
311       2.683420e+01   2.680217e+01   9.267362e-01   9.267362e-01  
312       2.683418e+01   2.680215e+01   9.267719e-01   9.267719e-01  
313       2.683416e+01   2.680213e+01   9.268109e-01   9.268109e-01  
314       2.683414e+01   2.680210e+01   9.268530e-01   9.268530e-01  
315       2.683412e+01   2.680208e+01   9.268982e-01   9.268982e-01  
316       2.683410e+01   2.680206e+01   9.269463e-01   9.269463e-01  
317       2.683408e+01   2.680204e+01   9.269971e-01   9.269971e-01  
318       2.683406e+01   2.680202e+01   9.270505e-01   9.270505e-01  
319       2.683405e+01   2.680199e+01   9.271065e-01   9.271065e-01  
320       2.683403e+01   2.680197e+01   9.271647e-01   9.271647e-01  
321       2.683401e+01   2.680195e+01   9.272251e-01   9.272251e-01  
322       2.683400e+01   2.680193e+01   9.272874e-01   9.272874e-01  
323       2.683398e+01   2.680191e+01   9.273514e-01   9.273514e-01  
324       2.683396e+01   2.680189e+01   9.274170e-01   9.274170e-01  
325       2.683395e+01   2.680187e+01   9.274839e-01   9.274839e-01  
326       2.683393e+01   2.680185e+01   9.275518e-01   9.275518e-01  
327       2.683392e+01   2.680183e+01   9.276205e-01   9.276205e-01  
328       2.683390e+01   2.680181e+01   9.276896e-01   9.276896e-01  
329       2.683389e+01   2.680179e+01   9.277590e-01   9.277590e-01  
330       2.683388e+01   2.680178e+01   9.278284e-01   9.278284e-01  
331       2.683386e+01   2.680176e+01   9.278974e-01   9.278974e-01  
332       2.683385e+01   2.680174e+01   9.279658e-01   9.279658e-01  
333       2.683384e+01   2.680172e+01   9.280333e-01   9.280333e-01  
334       2.683382e+01   2.680170e+01   9.280997e-01   9.280997e-01  
335       2.683381e+01   2.680168e+01   9.281647e-01   9.281647e-01  
336       2.683379e+01   2.680167e+01   9.282282e-01   9.282282e-01  
337       2.683378e+01   2.680165e+01   9.282898e-01   9.282898e-01  
338       2.683377e+01   2.680163e+01   9.283494e-01   9.283494e-01  
339       2.683375e+01   2.680161e+01   9.284068e-01   9.284068e-01  
340       2.683374e+01   2.680159e+01   9.284617e-01   9.284617e-01  
341       2.683373e+01   2.680158e+01   9.285141e-01   9.285141e-01  
342       2.683371e+01   2.680156e+01   9.285638e-01   9.285638e-01  
343       2.683370e+01   2.680154e+01   9.286107e-01   9.286107e-01  
344       2.683368e+01   2.680152e+01   9.286546e-01   9.286546e-01  
345       2.683367e+01   2.680150e+01   9.286955e-01   9.286955e-01  
346       2.683365e+01   2.680149e+01   9.287332e-01   9.287332e-01  
347       2.683363e+01   2.680147e+01   9.287678e-01   9.287678e-01  
348       2.683362e+01   2.680145e+01   9.287992e-01   9.287992e-01  
349       2.683360e+01   2.680143e+01   9.288272e-01   9.288272e-01  
350       2.683358e+01   2.680141e+01   9.288520e-01   9.288520e-01  
351       2.683357e+01   2.680139e+01   9.288734e-01   9.288734e-01  
352       2.683355e+01   2.680137e+01   9.288915e-01   9.288915e-01  
353       2.683353e+01   2.680135e+01   9.289063e-01   9.289063e-01  
354       2.683351e+01   2.680133e+01   9.289177e-01   9.289177e-01  
355       2.683349e+01   2.680131e+01   9.289258e-01   9.289258e-01  
356       2.683347e+01   2.680129e+01   9.289305e-01   9.289305e-01  
357       2.683345e+01   2.680127e+01   9.289318e-01   9.289318e-01  
358       2.683343e+01   2.680125e+01   9.289298e-01   9.289298e-01  
359       2.683340e+01   2.680123e+01   9.289243e-01   9.289243e-01  
360       2.683338e+01   2.680120e+01   9.289155e-01   9.289155e-01  
361       2.683335e+01   2.680118e+01   9.289032e-01   9.289032e-01  
362       2.683333e+01   2.680115e+01   9.288875e-01   9.288875e-01  
363       2.683330e+01   2.680113e+01   9.288683e-01   9.288683e-01  
364       2.683327e+01   2.680110e+01   9.288457e-01   9.288457e-01  
365       2.683325e+01   2.680108e+01   9.288195e-01   9.288195e-01  
366       2.683322e+01   2.680105e+01   9.287898e-01   9.287898e-01  
367       2.683319e+01   2.680102e+01   9.287566e-01   9.287566e-01  
368       2.683315e+01   2.680099e+01   9.287199e-01   9.287199e-01  
369       2.683312e+01   2.680096e+01   9.286797e-01   9.286797e-01  
370       2.683308e+01   2.680093e+01   9.286361e-01   9.286361e-01  
371       2.683305e+01   2.680089e+01   9.285892e-01   9.285892e-01  
372       2.683301e+01   2.680086e+01   9.285389e-01   9.285389e-01  
373       2.683297e+01   2.680082e+01   9.284855e-01   9.284855e-01  
374       2.683293e+01   2.680078e+01   9.284291e-01   9.284291e-01  
375       2.683288e+01   2.680074e+01   9.283698e-01   9.283698e-01  
376       2.683284e+01   2.680070e+01   9.283079e-01   9.283079e-01  
377       2.683279e+01   2.680066e+01   9.282435e-01   9.282435e-01  
378       2.683274e+01   2.680062e+01   9.281769e-01   9.281769e-01  
379       2.683269e+01   2.680057e+01   9.281084e-01   9.281084e-01  
380       2.683264e+01   2.680052e+01   9.280382e-01   9.280382e-01  
381       2.683258e+01   2.680047e+01   9.279668e-01   9.279668e-01  
382       2.683252e+01   2.680042e+01   9.278943e-01   9.278943e-01  
383       2.683246e+01   2.680036e+01   9.278212e-01   9.278212e-01  
384       2.683240e+01   2.680030e+01   9.277477e-01   9.277477e-01  
385       2.683234e+01   2.680024e+01   9.276744e-01   9.276744e-01  
386       2.683227e+01   2.680018e+01   9.276015e-01   9.276015e-01  
387       2.683220e+01   2.680011e+01   9.275294e-01   9.275294e-01  
388       2.683212e+01   2.680005e+01   9.274584e-01   9.274584e-01  
389       2.683205e+01   2.679997e+01   9.273891e-01   9.273891e-01  
390       2.683196e+01   2.679990e+01   9.273217e-01   9.273217e-01  
391       2.683188e+01   2.679982e+01   9.272565e-01   9.272565e-01  
392       2.683179e+01   2.679973e+01   9.271939e-01   9.271939e-01  
393       2.683170e+01   2.679965e+01   9.271342e-01   9.271342e-01  
394       2.683161e+01   2.679955e+01   9.270776e-01   9.270776e-01  
395       2.683151e+01   2.679946e+01   9.270245e-01   9.270245e-01  
396       2.683140e+01   2.679936e+01   9.269751e-01   9.269751e-01  
397       2.683129e+01   2.679925e+01   9.269296e-01   9.269296e-01  
398       2.683118e+01   2.679914e+01   9.268882e-01   9.268882e-01  
399       2.683105e+01   2.679902e+01   9.268511e-01   9.268511e-01  
400       2.683093e+01   2.679889e+01   9.268187e-01   9.268187e-01  
401       2.683079e+01   2.679876e+01   9.267909e-01   9.267909e-01  
402       2.683065e+01   2.679862e+01   9.267682e-01   9.267682e-01  
403       2.683050e+01   2.679847e+01   9.267505e-01   9.267505e-01  
404       2.683035e+01   2.679832e+01   9.267383e-01   9.267383e-01  
405       2.683018e+01   2.679815e+01   9.267316e-01   9.267316e-01  
406       2.683001e+01   2.679798e+01   9.267307e-01   9.267307e-01  
407       2.682983e+01   2.679780e+01   9.267359e-01   9.267359e-01  
408       2.682964e+01   2.679761e+01   9.267475e-01   9.267475e-01  
409       2.682944e+01   2.679741e+01   9.267657e-01   9.267657e-01  
410       2.682923e+01   2.679719e+01   9.267910e-01   9.267910e-01  
411       2.682901e+01   2.679697e+01   9.268237e-01   9.268237e-01  
412       2.682878e+01   2.679674e+01   9.268644e-01   9.268644e-01  
413       2.682854e+01   2.679650e+01   9.269136e-01   9.269136e-01  
414       2.682829e+01   2.679625e+01   9.269718e-01   9.269718e-01  
415       2.682804e+01   2.679598e+01   9.270399e-01   9.270399e-01  
416       2.682777e+01   2.679571e+01   9.271186e-01   9.271186e-01  
417       2.682749e+01   2.679543e+01   9.272087e-01   9.272087e-01  
418       2.682721e+01   2.679513e+01   9.273113e-01   9.273113e-01  
419       2.682691e+01   2.679483e+01   9.274274e-01   9.274274e-01  
420       2.682661e+01   2.679452e+01   9.275582e-01   9.275582e-01  
421       2.682631e+01   2.679421e+01   9.277050e-01   9.277050e-01  
422       2.682600e+01   2.679389e+01   9.278692e-01   9.278692e-01  
423       2.682569e+01   2.679356e+01   9.280523e-01   9.280523e-01  
424       2.682537e+01   2.679323e+01   9.282559e-01   9.282559e-01  
425       2.682506e+01   2.679290e+01   9.284816e-01   9.284816e-01  
426       2.682474e+01   2.679257e+01   9.287312e-01   9.287312e-01  
427       2.682443e+01   2.679223e+01   9.290064e-01   9.290064e-01  
428       2.682411e+01   2.679190e+01   9.293091e-01   9.293091e-01  
429       2.682380e+01   2.679156e+01   9.296410e-01   9.296410e-01  
430       2.682349e+01   2.679123e+01   9.300039e-01   9.300039e-01  
431       2.682319e+01   2.679090e+01   9.303997e-01   9.303997e-01  
432       2.682288e+01   2.679056e+01   9.308302e-01   9.308302e-01  
433       2.682258e+01   2.679023e+01   9.312971e-01   9.312971e-01  
434       2.682228e+01   2.678989e+01   9.318021e-01   9.318021e-01  
435       2.682199e+01   2.678956e+01   9.323469e-01   9.323469e-01  
436       2.682169e+01   2.678922e+01   9.329331e-01   9.329330e-01  
437       2.682138e+01   2.678887e+01   9.335621e-01   9.335621e-01  
438       2.682107e+01   2.678851e+01   9.342354e-01   9.342354e-01  
439       2.682075e+01   2.678814e+01   9.349545e-01   9.349545e-01  
440       2.682041e+01   2.678775e+01   9.357205e-01   9.357205e-01  
441       2.682006e+01   2.678734e+01   9.365348e-01   9.365348e-01  
442       2.681969e+01   2.678690e+01   9.373985e-01   9.373985e-01  
443       2.681929e+01   2.678645e+01   9.383126e-01   9.383125e-01  
444       2.681888e+01   2.678596e+01   9.392779e-01   9.392779e-01  
445       2.681844e+01   2.678545e+01   9.402954e-01   9.402954e-01  
446       2.681798e+01   2.678492e+01   9.413657e-01   9.413657e-01  
447       2.681750e+01   2.678436e+01   9.424892e-01   9.424892e-01  
448       2.681700e+01   2.678378e+01   9.436664e-01   9.436664e-01  
449       2.681649e+01   2.678317e+01   9.448974e-01   9.448974e-01  
450       2.681596e+01   2.678256e+01   9.461823e-01   9.461823e-01  
451       2.681543e+01   2.678193e+01   9.475209e-01   9.475208e-01  
452       2.681489e+01   2.678129e+01   9.489128e-01   9.489128e-01  
453       2.681436e+01   2.678065e+01   9.503576e-01   9.503576e-01  
454       2.681383e+01   2.678002e+01   9.518546e-01   9.518546e-01  
455       2.681332e+01   2.677940e+01   9.534029e-01   9.534029e-01  
456       2.681283e+01   2.677880e+01   9.550015e-01   9.550015e-01  
457       2.681238e+01   2.677822e+01   9.566492e-01   9.566491e-01  
458       2.681195e+01   2.677768e+01   9.583446e-01   9.583446e-01  
459       2.681157e+01   2.677717e+01   9.600865e-01   9.600864e-01  
460       2.681124e+01   2.677671e+01   9.618731e-01   9.618731e-01  
461       2.681096e+01   2.677630e+01   9.637030e-01   9.637029e-01  
462       2.681074e+01   2.677594e+01   9.655744e-01   9.655743e-01  
463       2.681058e+01   2.677565e+01   9.674856e-01   9.674855e-01  
464       2.681050e+01   2.677542e+01   9.694348e-01   9.694348e-01  
465       2.681048e+01   2.677526e+01   9.714202e-01   9.714201e-01  
466       2.681054e+01   2.677518e+01   9.734399e-01   9.734398e-01  
467       2.681068e+01   2.677516e+01   9.754919e-01   9.754919e-01  
468       2.681090e+01   2.677523e+01   9.775744e-01   9.775743e-01  
469       2.681120e+01   2.677538e+01   9.796853e-01   9.796853e-01  
470       2.681158e+01   2.677560e+01   9.818228e-01   9.818227e-01  
471       2.681204e+01   2.677591e+01   9.839848e-01   9.839847e-01  
472       2.681259e+01   2.677629e+01   9.861694e-01   9.861694e-01  
473       2.681322e+01   2.677676e+01   9.883748e-01   9.883748e-01  
474       2.681393e+01   2.677731e+01   9.905992e-01   9.905991e-01  
475       2.681472e+01   2.677793e+01   9.928408e-01   9.928407e-01  
476       2.681559e+01   2.677864e+01   9.950979e-01   9.950978e-01  
477       2.681653e+01   2.677941e+01   9.973689e-01   9.973688e-01  
478       2.681754e+01   2.678026e+01   9.996521e-01   9.996520e-01  
479       2.681862e+01   2.678117e+01   1.001946e+00   1.001946e+00  
480       2.681977e+01   2.678214e+01   1.004248e+00   1.004248e+00  
481       2.682097e+01   2.678316e+01   1.006558e+00   1.006558e+00  
482       2.682222e+01   2.678424e+01   1.008874e+00   1.008874e+00  
483       2.682352e+01   2.678537e+01   1.011195e+00   1.011194e+00  
484       2.682486e+01   2.678654e+01   1.013518e+00   1.013518e+00  
485       2.682624e+01   2.678775e+01   1.015844e+00   1.015844e+00  
486       2.682766e+01   2.678899e+01   1.018171e+00   1.018171e+00  
487       2.682911e+01   2.679026e+01   1.020497e+00   1.020497e+00  
488       2.683059e+01   2.679157e+01   1.022822e+00   1.022822e+00  
489       2.683214e+01   2.679295e+01   1.025145e+00   1.025145e+00  
490       2.683383e+01   2.679446e+01   1.027466e+00   1.027466e+00  
491       2.683599e+01   2.679644e+01   1.029796e+00   1.029796e+00  
492       2.684103e+01   2.680131e+01   1.032224e+00   1.032224e+00  
493       2.685250e+01   2.681259e+01   1.034892e+00   1.034892e+00  
494       2.684453e+01   2.680445e+01   1.036830e+00   1.036830e+00  
495       2.684842e+01   2.680816e+01   1.039248e+00   1.039248e+00  
496       2.684745e+01   2.680702e+01   1.041477e+00   1.041477e+00  
497       2.685014e+01   2.680952e+01   1.043921e+00   1.043921e+00  
498       2.683964e+01   2.679886e+01   1.045875e+00   1.045874e+00  
499       2.685055e+01   2.680955e+01   1.048805e+00   1.048805e+00  
500       2.684611e+01   2.680491e+01   1.051187e+00   1.051187e+00  
501       2.685000e+01   2.680859e+01   1.054036e+00   1.054036e+00  
502       2.684866e+01   2.680703e+01   1.056753e+00   1.056753e+00  
503       2.685174e+01   2.680987e+01   1.059829e+00   1.059829e+00  
504       2.685186e+01   2.680977e+01   1.062764e+00   1.062764e+00  
505       2.685414e+01   2.681178e+01   1.066117e+00   1.066117e+00  
506       2.685463e+01   2.681202e+01   1.069221e+00   1.069222e+00  
507       2.685737e+01   2.681447e+01   1.072921e+00   1.072921e+00  
508       2.685764e+01   2.681448e+01   1.076151e+00   1.076152e+00  
509       2.686117e+01   2.681769e+01   1.080207e+00   1.080207e+00  
510       2.686100e+01   2.681726e+01   1.083518e+00   1.083519e+00  
511       2.686555e+01   2.682145e+01   1.087908e+00   1.087908e+00  
512       2.686538e+01   2.682101e+01   1.091283e+00   1.091283e+00  
513       2.687244e+01   2.682770e+01   1.096025e+00   1.096025e+00  
514       2.688257e+01   2.683753e+01   1.099850e+00   1.099850e+00  
515       2.688508e+01   2.683965e+01   1.104649e+00   1.104650e+00  
516       2.689305e+01   2.684732e+01   1.108497e+00   1.108498e+00  
517       2.688388e+01   2.683775e+01   1.113173e+00   1.113174e+00  
518       2.690164e+01   2.685517e+01   1.117619e+00   1.117620e+00  
519       2.689756e+01   2.685064e+01   1.122951e+00   1.122953e+00  
520       2.686735e+01   2.682015e+01   1.125582e+00   1.125584e+00  
521       2.689499e+01   2.684722e+01   1.132891e+00   1.132894e+00  
522       2.687942e+01   2.683132e+01   1.136584e+00   1.136587e+00  
523       2.689195e+01   2.684327e+01   1.143647e+00   1.143651e+00  
524       2.691192e+01   2.686276e+01   1.149651e+00   1.149657e+00  
525       2.686452e+01   2.681487e+01   1.154406e+00   1.154413e+00  
526       2.691893e+01   2.686866e+01   1.162795e+00   1.162802e+00  
527       2.688804e+01   2.683714e+01   1.169313e+00   1.169322e+00  
528       2.691002e+01   2.685851e+01   1.176782e+00   1.176793e+00  
529       2.688038e+01   2.682811e+01   1.184707e+00   1.184719e+00  
530       2.690274e+01   2.684980e+01   1.192814e+00   1.192829e+00  
531       2.689185e+01   2.683796e+01   1.203178e+00   1.203196e+00  
532       2.689147e+01   2.683689e+01   1.210847e+00   1.210870e+00  
533       2.690484e+01   2.684917e+01   1.223284e+00   1.223316e+00  
534       2.689080e+01   2.683445e+01   1.230393e+00   1.230425e+00  
535       2.690807e+01   2.685051e+01   1.243898e+00   1.243937e+00  
536       2.688653e+01   2.682826e+01   1.251026e+00   1.251066e+00  
537       2.691242e+01   2.685291e+01   1.264838e+00   1.264884e+00  
538       2.690139e+01   2.684129e+01   1.270780e+00   1.270828e+00  
539       2.690738e+01   2.684608e+01   1.283620e+00   1.283651e+00  
540       2.690361e+01   2.684142e+01   1.292669e+00   1.292695e+00  
541       2.693666e+01   2.687320e+01   1.306656e+00   1.306705e+00  
542       2.691179e+01   2.684794e+01   1.310089e+00   1.310153e+00  
543       2.694159e+01   2.687603e+01   1.328127e+00   1.328182e+00  
544       2.691202e+01   2.684529e+01   1.339238e+00   1.339298e+00  
545       2.694245e+01   2.687445e+01   1.352663e+00   1.352753e+00  
546       2.690118e+01   2.683254e+01   1.357951e+00   1.358036e+00  
547       2.694351e+01   2.687241e+01   1.383114e+00   1.383203e+00  
548       2.690765e+01   2.683581e+01   1.389370e+00   1.389482e+00  
549       2.695143e+01   2.687790e+01   1.406698e+00   1.406817e+00  
550       2.690646e+01   2.683133e+01   1.420775e+00   1.420890e+00  
551       2.694808e+01   2.687089e+01   1.441171e+00   1.441316e+00  
552       2.692187e+01   2.684371e+01   1.449519e+00   1.449663e+00  
553       2.694918e+01   2.686817e+01   1.476312e+00   1.476467e+00  
554       2.692933e+01   2.684735e+01   1.484591e+00   1.484759e+00  
555       2.695666e+01   2.687249e+01   1.505033e+00   1.505230e+00  
556       2.693416e+01   2.684822e+01   1.520144e+00   1.520369e+00  
557       2.695867e+01   2.687076e+01   1.538136e+00   1.538408e+00  
558       2.694232e+01   2.685298e+01   1.550013e+00   1.550243e+00  
559       2.696209e+01   2.687078e+01   1.567575e+00   1.567770e+00  
560       2.696122e+01   2.686920e+01   1.573692e+00   1.573855e+00  
561       2.696791e+01   2.687295e+01   1.598796e+00   1.599056e+00  
562       2.694389e+01   2.684824e+01   1.603784e+00   1.604082e+00  
563       2.697505e+01   2.687758e+01   1.619895e+00   1.620164e+00  
564       2.694828e+01   2.685009e+01   1.625087e+00   1.625318e+00  
565       2.696343e+01   2.686305e+01   1.643496e+00   1.643792e+00  
566       2.697270e+01   2.687099e+01   1.654663e+00   1.654940e+00  
567       2.694422e+01   2.684179e+01   1.659595e+00   1.659828e+00  
568       2.697342e+01   2.687012e+01   1.667533e+00   1.667829e+00  
569       2.694569e+01   2.684085e+01   1.678965e+00   1.679358e+00  
570       2.696698e+01   2.686152e+01   1.684554e+00   1.684863e+00  
571       2.694919e+01   2.684195e+01   1.698150e+00   1.698459e+00  
572       2.696182e+01   2.685396e+01   1.703452e+00   1.703843e+00  
573       2.695611e+01   2.684725e+01   1.711089e+00   1.711553e+00  
574       2.696289e+01   2.685361e+01   1.714595e+00   1.715051e+00  
575       2.695485e+01   2.684370e+01   1.728926e+00   1.729380e+00  
576       2.695842e+01   2.684626e+01   1.736827e+00   1.737340e+00  
577       2.695799e+01   2.684518e+01   1.741699e+00   1.742300e+00  
578       2.695805e+01   2.684386e+01   1.752345e+00   1.752925e+00  
579       2.695960e+01   2.684476e+01   1.757412e+00   1.758035e+00  
580       2.696333e+01   2.684817e+01   1.759935e+00   1.760642e+00  
581       2.696013e+01   2.684326e+01   1.772732e+00   1.773498e+00  
582       2.696599e+01   2.684921e+01   1.772315e+00   1.773037e+00  
583       2.696220e+01   2.684511e+01   1.774526e+00   1.775195e+00  
584       2.696367e+01   2.684559e+01   1.782163e+00   1.782670e+00  
585       2.695457e+01   2.683542e+01   1.789732e+00   1.790458e+00  
586       2.696235e+01   2.684305e+01   1.791016e+00   1.792104e+00  
587       2.696278e+01   2.684413e+01   1.786067e+00   1.787134e+00  
588       2.696158e+01   2.684192e+01   1.793819e+00   1.794628e+00  
589       2.695453e+01   2.683452e+01   1.796123e+00   1.797039e+00  
590       2.696807e+01   2.684855e+01   1.792755e+00   1.793966e+00  
591       2.695485e+01   2.683449e+01   1.798627e+00   1.799749e+00  
592       2.696549e+01   2.684522e+01   1.798355e+00   1.799368e+00  
593       2.694906e+01   2.682809e+01   1.802916e+00   1.804220e+00  
594       2.696688e+01   2.684601e+01   1.802655e+00   1.804077e+00  
595       2.695081e+01   2.682983e+01   1.803039e+00   1.804270e+00  
596       2.695558e+01   2.683275e+01   1.816800e+00   1.818267e+00  
597       2.695687e+01   2.683525e+01   1.807830e+00   1.809374e+00  
598       2.696761e+01   2.684487e+01   1.816553e+00   1.818089e+00  
599       2.695287e+01   2.682963e+01   1.819566e+00   1.821237e+00  
600       2.697070e+01   2.684724e+01   1.821755e+00   1.823663e+00  
601       2.695677e+01   2.683312e+01   1.822596e+00   1.824658e+00  
602       2.696933e+01   2.684464e+01   1.830477e+00   1.832851e+00  
603       2.696143e+01   2.683702e+01   1.828172e+00   1.830510e+00  
604       2.698428e+01   2.685965e+01   1.830710e+00   1.832675e+00  
605       2.695525e+01   2.683008e+01   1.833971e+00   1.835455e+00  
606       2.697848e+01   2.685291e+01   1.837849e+00   1.839050e+00  
607       2.695973e+01   2.683415e+01   1.837063e+00   1.838628e+00  
608       2.698343e+01   2.685736e+01   1.841134e+00   1.843377e+00  
609       2.695889e+01   2.683327e+01   1.837100e+00   1.839148e+00  
610       2.697623e+01   2.684968e+01   1.844644e+00   1.846352e+00  
611       2.696098e+01   2.683491e+01   1.840661e+00   1.842322e+00  
612       2.699502e+01   2.686882e+01   1.842602e+00   1.844569e+00  
613       2.697685e+01   2.685114e+01   1.838618e+00   1.840209e+00  
614       2.698413e+01   2.685662e+01   1.852040e+00   1.853412e+00  
615       2.696973e+01   2.684345e+01   1.842384e+00   1.844209e+00  
616       2.698210e+01   2.685465e+01   1.851409e+00   1.853041e+00  
617       2.697062e+01   2.684336e+01   1.849886e+00   1.851037e+00  
618       2.699429e+01   2.686675e+01   1.852459e+00   1.854030e+00  
619       2.697279e+01   2.684519e+01   1.852297e+00   1.853772e+00  
620       2.698691e+01   2.685790e+01   1.863147e+00   1.864260e+00  
621       2.697314e+01   2.684477e+01   1.857892e+00   1.859283e+00  
622       2.699655e+01   2.686666e+01   1.869634e+00   1.870968e+00  
623       2.697222e+01   2.684244e+01   1.868240e+00   1.869150e+00  
624       2.699423e+01   2.686299e+01   1.879272e+00   1.880581e+00  
625       2.696892e+01   2.683701e+01   1.883353e+00   1.884283e+00  
626       2.700265e+01   2.686963e+01   1.892362e+00   1.893333e+00  
627       2.697662e+01   2.684307e+01   1.895178e+00   1.896205e+00  
628       2.700958e+01   2.687548e+01   1.900342e+00   1.901187e+00  
629       2.698856e+01   2.685328e+01   1.907928e+00   1.908799e+00  
630       2.699455e+01   2.685751e+01   1.920520e+00   1.921347e+00  
631       2.698535e+01   2.684737e+01   1.926839e+00   1.927510e+00  
632       2.702161e+01   2.688373e+01   1.927328e+00   1.928151e+00  
633       2.698128e+01   2.684153e+01   1.938976e+00   1.939591e+00  
634       2.701415e+01   2.687351e+01   1.946254e+00   1.946963e+00  
635       2.698866e+01   2.684724e+01   1.950785e+00   1.951401e+00  
636       2.701190e+01   2.686859e+01   1.964581e+00   1.965203e+00  
637       2.698835e+01   2.684521e+01   1.962560e+00   1.963169e+00  
638       2.701394e+01   2.686860e+01   1.978471e+00   1.979029e+00  
639       2.699732e+01   2.685217e+01   1.976591e+00   1.977196e+00  
640       2.700606e+01   2.685827e+01   1.994820e+00   1.995415e+00  
641       2.699260e+01   2.684518e+01   1.991778e+00   1.992364e+00  
642       2.701197e+01   2.686281e+01   2.004189e+00   2.004815e+00  
643       2.699474e+01   2.684522e+01   2.006048e+00   2.006574e+00  
644       2.701817e+01   2.686753e+01   2.014303e+00   2.014971e+00  
645       2.699309e+01   2.684187e+01   2.017326e+00   2.017802e+00  
646       2.702757e+01   2.687543e+01   2.024615e+00   2.025295e+00  
647       2.698927e+01   2.683592e+01   2.031316e+00   2.031766e+00  
648       2.703451e+01   2.688032e+01   2.038379e+00   2.039121e+00  
649       2.700147e+01   2.684632e+01   2.043571e+00   2.044106e+00  
650       2.704774e+01   2.689170e+01   2.051054e+00   2.051793e+00  
651       2.700503e+01   2.684805e+01   2.055678e+00   2.056160e+00  
652       2.704790e+01   2.689020e+01   2.061913e+00   2.062637e+00  
653       2.701918e+01   2.686078e+01   2.065405e+00   2.066005e+00  
654       2.704730e+01   2.688662e+01   2.081205e+00   2.082004e+00  
655       2.702593e+01   2.686544e+01   2.079206e+00   2.079819e+00  
656       2.706610e+01   2.690386e+01   2.091997e+00   2.092766e+00  
657       2.701131e+01   2.684876e+01   2.091934e+00   2.092581e+00  
658       2.707693e+01   2.691371e+01   2.098676e+00   2.099550e+00  
659       2.705103e+01   2.688623e+01   2.107816e+00   2.108489e+00  
660       2.706472e+01   2.689900e+01   2.114136e+00   2.115031e+00  
661       2.700826e+01   2.684236e+01   2.113081e+00   2.113811e+00  
662       2.705538e+01   2.688766e+01   2.126386e+00   2.127379e+00  
663       2.701738e+01   2.684974e+01   2.124482e+00   2.125326e+00  
664       2.706214e+01   2.689286e+01   2.136430e+00   2.137504e+00  
665       2.701731e+01   2.684744e+01   2.138412e+00   2.139419e+00  
666       2.707753e+01   2.690649e+01   2.148048e+00   2.149191e+00  
667       2.703166e+01   2.686045e+01   2.147377e+00   2.148508e+00  
668       2.706556e+01   2.689234e+01   2.161148e+00   2.162406e+00  
669       2.702376e+01   2.685014e+01   2.161917e+00   2.163268e+00  
670       2.706918e+01   2.689381e+01   2.174585e+00   2.176002e+00  
671       2.703688e+01   2.686174e+01   2.171905e+00   2.173200e+00  
672       2.706301e+01   2.688497e+01   2.190789e+00   2.192152e+00  
673       2.705045e+01   2.687359e+01   2.183006e+00   2.184310e+00  
674       2.706320e+01   2.688222e+01   2.208647e+00   2.210199e+00  
675       2.705654e+01   2.687695e+01   2.199896e+00   2.201428e+00  
676       2.706820e+01   2.688535e+01   2.220066e+00   2.221778e+00  
677       2.706163e+01   2.687992e+01   2.213126e+00   2.214467e+00  
678       2.706519e+01   2.687994e+01   2.234376e+00   2.236234e+00  
679       2.706386e+01   2.687999e+01   2.226200e+00   2.227617e+00  
680       2.706581e+01   2.687832e+01   2.247881e+00   2.249702e+00  
681       2.706395e+01   2.687776e+01   2.240386e+00   2.241517e+00  
682       2.706756e+01   2.687833e+01   2.258344e+00   2.260076e+00  
683       2.706435e+01   2.687537e+01   2.257103e+00   2.258130e+00  
684       2.707654e+01   2.688551e+01   2.269485e+00   2.271102e+00  
685       2.705905e+01   2.686742e+01   2.272558e+00   2.273608e+00  
686       2.707530e+01   2.688063e+01   2.290716e+00   2.292612e+00  
687       2.707134e+01   2.687801e+01   2.283257e+00   2.284073e+00  
688       2.708934e+01   2.689285e+01   2.301867e+00   2.303907e+00  
689       2.706180e+01   2.686499e+01   2.303308e+00   2.303869e+00  
690       2.709421e+01   2.689513e+01   2.317328e+00   2.319069e+00  
691       2.705929e+01   2.685954e+01   2.320202e+00   2.320911e+00  
692       2.709632e+01   2.689414e+01   2.335407e+00   2.336953e+00  
693       2.705463e+01   2.685150e+01   2.339657e+00   2.340130e+00  
694       2.709736e+01   2.689188e+01   2.354444e+00   2.355980e+00  
695       2.706116e+01   2.685544e+01   2.354705e+00   2.355181e+00  
696       2.710464e+01   2.689596e+01   2.372964e+00   2.374479e+00  
697       2.707046e+01   2.686214e+01   2.369991e+00   2.370233e+00  
698       2.711378e+01   2.690291e+01   2.385433e+00   2.387532e+00  
699       2.705940e+01   2.684706e+01   2.392109e+00   2.392463e+00  
700       2.711114e+01   2.689736e+01   2.402338e+00   2.403023e+00  
701       2.707495e+01   2.686183e+01   2.399046e+00   2.395760e+00  
702       2.711908e+01   2.690279e+01   2.419241e+00   2.414911e+00  
703       2.707378e+01   2.685775e+01   2.417207e+00   2.410008e+00  
704       2.711968e+01   2.690133e+01   2.430770e+00   2.426302e+00  
705       2.708014e+01   2.686240e+01   2.424963e+00   2.421779e+00  
706       2.711137e+01   2.689034e+01   2.443431e+00   2.442499e+00  
707       2.708804e+01   2.686975e+01   2.428296e+00   2.425253e+00  
708       2.713021e+01   2.691026e+01   2.440163e+00   2.435542e+00  
709       2.708459e+01   2.686389e+01   2.442221e+00   2.437603e+00  
710       2.710132e+01   2.687882e+01   2.451881e+00   2.449306e+00  
711       2.709662e+01   2.687684e+01   2.436332e+00   2.434460e+00  
712       2.712551e+01   2.690345e+01   2.451577e+00   2.446936e+00  
713       2.708810e+01   2.686675e+01   2.445673e+00   2.441715e+00  
714       2.712560e+01   2.690228e+01   2.457229e+00   2.455041e+00  
715       2.708541e+01   2.686440e+01   2.443615e+00   2.439657e+00  
716       2.712379e+01   2.689953e+01   2.463341e+00   2.459041e+00  
717       2.708731e+01   2.686592e+01   2.444872e+00   2.442770e+00  
718       2.712408e+01   2.689988e+01   2.462643e+00   2.459219e+00  
719       2.708294e+01   2.686011e+01   2.453488e+00   2.449593e+00  
720       2.712496e+01   2.689999e+01   2.466453e+00   2.463867e+00  
721       2.707616e+01   2.685220e+01   2.458737e+00   2.456048e+00  
722       2.713795e+01   2.691350e+01   2.464728e+00   2.461055e+00  
723       2.707382e+01   2.684878e+01   2.464140e+00   2.462240e+00  
724       2.713033e+01   2.690429e+01   2.472733e+00   2.469686e+00  
725       2.707808e+01   2.685223e+01   2.468792e+00   2.466782e+00  
726       2.713189e+01   2.690481e+01   2.477930e+00   2.476019e+00  
727       2.707504e+01   2.684729e+01   2.479056e+00   2.476870e+00  
728       2.713683e+01   2.690922e+01   2.481210e+00   2.478870e+00  
729       2.707656e+01   2.684828e+01   2.481590e+00   2.480235e+00  
730       2.712463e+01   2.689457e+01   2.494359e+00   2.491215e+00  
731       2.707441e+01   2.684445e+01   2.489919e+00   2.489817e+00  
732       2.712352e+01   2.689339e+01   2.494568e+00   2.491567e+00  
733       2.707774e+01   2.684661e+01   2.496376e+00   2.496332e+00  
734       2.712020e+01   2.688809e+01   2.504693e+00   2.502379e+00  
735       2.707415e+01   2.684220e+01   2.500970e+00   2.500260e+00  
736       2.712574e+01   2.689308e+01   2.507492e+00   2.506101e+00  
737       2.707175e+01   2.683711e+01   2.515207e+00   2.514488e+00  
738       2.711670e+01   2.688145e+01   2.520628e+00   2.519850e+00  
739       2.707969e+01   2.684462e+01   2.517634e+00   2.517504e+00  
740       2.711967e+01   2.688315e+01   2.527533e+00   2.526705e+00  
741       2.707517e+01   2.683727e+01   2.531420e+00   2.533384e+00  
742       2.712622e+01   2.688774e+01   2.537329e+00   2.538253e+00  
743       2.707999e+01   2.683964e+01   2.543468e+00   2.547675e+00  
744       2.713600e+01   2.689583e+01   2.545841e+00   2.548568e+00  
745       2.708670e+01   2.684341e+01   2.559338e+00   2.563248e+00  
746       2.713810e+01   2.689537e+01   2.560343e+00   2.561285e+00  
747       2.708621e+01   2.684028e+01   2.575248e+00   2.574948e+00  
748       2.713914e+01   2.689349e+01   2.576901e+00   2.575396e+00  
749       2.709684e+01   2.684892e+01   2.586059e+00   2.585785e+00  
750       2.715480e+01   2.690789e+01   2.582213e+00   2.584704e+00  
751       2.709688e+01   2.684598e+01   2.600779e+00   2.601998e+00  
752       2.715322e+01   2.690367e+01   2.595920e+00   2.598263e+00  
753       2.711529e+01   2.686390e+01   2.605104e+00   2.604429e+00  
754       2.714652e+01   2.689568e+01   2.602239e+00   2.604666e+00  
755       2.710842e+01   2.685470e+01   2.616036e+00   2.616807e+00  
756       2.715961e+01   2.690706e+01   2.611486e+00   2.614341e+00  
757       2.712898e+01   2.687540e+01   2.616112e+00   2.617380e+00  
758       2.715103e+01   2.689710e+01   2.618259e+00   2.620939e+00  
759       2.713261e+01   2.687699e+01   2.626762e+00   2.627983e+00  
760       2.716872e+01   2.691399e+01   2.623080e+00   2.626012e+00  
761       2.714385e+01   2.688762e+01   2.629828e+00   2.632188e+00  
762       2.716834e+01   2.691143e+01   2.634452e+00   2.636883e+00  
763       2.716058e+01   2.690317e+01   2.636654e+00   2.638986e+00  
764       2.717736e+01   2.691959e+01   2.638878e+00   2.642162e+00  
765       2.716148e+01   2.690216e+01   2.646370e+00   2.648901e+00  
766       2.718598e+01   2.692657e+01   2.647882e+00   2.650668e+00  
767       2.718318e+01   2.692253e+01   2.653452e+00   2.657453e+00  
768       2.719664e+01   2.693429e+01   2.663059e+00   2.666356e+00  
769       2.718548e+01   2.692326e+01   2.662141e+00   2.664821e+00  
770       2.718208e+01   2.691809e+01   2.670217e+00   2.674315e+00  
771       2.719257e+01   2.692854e+01   2.671096e+00   2.674781e+00  
772       2.719190e+01   2.692721e+01   2.674934e+00   2.677638e+00  
773       2.719471e+01   2.692888e+01   2.679891e+00   2.684353e+00  
774       2.720696e+01   2.694059e+01   2.683301e+00   2.687641e+00  
775       2.719800e+01   2.693063e+01   2.688416e+00   2.691578e+00  
776       2.720058e+01   2.693101e+01   2.699472e+00   2.702723e+00  
777       2.721871e+01   2.695150e+01   2.688840e+00   2.691625e+00  
778       2.720259e+01   2.693088e+01   2.711116e+00   2.712658e+00  
779       2.721200e+01   2.694164e+01   2.703896e+00   2.707362e+00  
780       2.721500e+01   2.694238e+01   2.716711e+00   2.717313e+00  
781       2.722238e+01   2.695014e+01   2.714904e+00   2.716115e+00  
782       2.721692e+01   2.694272e+01   2.724098e+00   2.725800e+00  
783       2.723354e+01   2.696071e+01   2.719038e+00   2.718955e+00  
784       2.721715e+01   2.694096e+01   2.735229e+00   2.734341e+00  
785       2.724844e+01   2.697549e+01   2.720682e+00   2.720030e+00  
786       2.722270e+01   2.694508e+01   2.743899e+00   2.740307e+00  
787       2.724899e+01   2.697462e+01   2.728210e+00   2.726586e+00  
788       2.722826e+01   2.694937e+01   2.749897e+00   2.747345e+00  
789       2.724773e+01   2.697138e+01   2.738219e+00   2.735982e+00  
790       2.722857e+01   2.694830e+01   2.756327e+00   2.754470e+00  
791       2.725741e+01   2.698013e+01   2.743420e+00   2.740820e+00  
792       2.723577e+01   2.695446e+01   2.762313e+00   2.759336e+00  
793       2.725889e+01   2.697960e+01   2.752802e+00   2.751443e+00  
794       2.723637e+01   2.695304e+01   2.772582e+00   2.768797e+00  
795       2.726665e+01   2.698734e+01   2.753602e+00   2.751624e+00  
796       2.724025e+01   2.695619e+01   2.775682e+00   2.773221e+00  
797       2.727549e+01   2.699524e+01   2.758694e+00   2.756569e+00  
798       2.725026e+01   2.696486e+01   2.782794e+00   2.780028e+00  
799       2.727367e+01   2.699072e+01   2.772477e+00   2.768999e+00  
800       2.724018e+01   2.695277e+01   2.792362e+00   2.788961e+00  
801       2.727979e+01   2.699549e+01   2.778532e+00   2.776697e+00  
802       2.725269e+01   2.696411e+01   2.798803e+00   2.795122e+00  
803       2.727274e+01   2.698637e+01   2.788223e+00   2.786454e+00  
804       2.724033e+01   2.694870e+01   2.812921e+00   2.809076e+00  
805       2.728619e+01   2.699808e+01   2.797068e+00   2.795842e+00  
806       2.724482e+01   2.695139e+01   2.821300e+00   2.818403e+00  
807       2.727641e+01   2.698539e+01   2.810805e+00   2.809090e+00  
808       2.724496e+01   2.695055e+01   2.825733e+00   2.823255e+00  
809       2.728647e+01   2.699373e+01   2.819493e+00   2.817858e+00  
810       2.724152e+01   2.694681e+01   2.826794e+00   2.824672e+00  
811       2.728528e+01   2.699135e+01   2.825113e+00   2.823495e+00  
812       2.725375e+01   2.695890e+01   2.828089e+00   2.826068e+00  
813       2.728768e+01   2.699332e+01   2.826873e+00   2.826097e+00  
814       2.725183e+01   2.695692e+01   2.828063e+00   2.826472e+00  
815       2.729204e+01   2.699706e+01   2.830122e+00   2.829280e+00  
816       2.725074e+01   2.695432e+01   2.834982e+00   2.833837e+00  
817       2.728993e+01   2.699401e+01   2.834797e+00   2.833346e+00  
818       2.725566e+01   2.696028e+01   2.830197e+00   2.829209e+00  
819       2.729127e+01   2.699441e+01   2.839317e+00   2.837906e+00  
820       2.724970e+01   2.695223e+01   2.839818e+00   2.838847e+00  
821       2.729228e+01   2.699506e+01   2.841388e+00   2.839332e+00  
822       2.725101e+01   2.695313e+01   2.842171e+00   2.840554e+00  
823       2.729163e+01   2.699348e+01   2.845777e+00   2.843678e+00  
824       2.724550e+01   2.694699e+01   2.844960e+00   2.843140e+00  
825       2.729061e+01   2.699144e+01   2.850207e+00   2.848825e+00  
826       2.724138e+01   2.694173e+01   2.849324e+00   2.849083e+00  
827       2.729239e+01   2.699410e+01   2.845117e+00   2.845765e+00  
828       2.723216e+01   2.693094e+01   2.855262e+00   2.857010e+00  
829       2.729996e+01   2.700291e+01   2.838833e+00   2.841086e+00  
830       2.723852e+01   2.693835e+01   2.850637e+00   2.852370e+00  
831       2.728476e+01   2.698603e+01   2.846226e+00   2.848056e+00  
832       2.724257e+01   2.694308e+01   2.847670e+00   2.849349e+00  
833       2.728790e+01   2.699064e+01   2.839709e+00   2.840976e+00  
834       2.723263e+01   2.693200e+01   2.852136e+00   2.854619e+00  
835       2.729301e+01   2.699597e+01   2.838424e+00   2.840672e+00  
836       2.723582e+01   2.693484e+01   2.853635e+00   2.856787e+00  
837       2.728359e+01   2.698702e+01   2.835774e+00   2.837833e+00  
838       2.723867e+01   2.693891e+01   2.848331e+00   2.850863e+00  
839       2.727449e+01   2.697667e+01   2.841544e+00   2.842948e+00  
840       2.723550e+01   2.693541e+01   2.849003e+00   2.852997e+00  
841       2.725964e+01   2.696044e+01   2.846776e+00   2.849296e+00  
842       2.722690e+01   2.692681e+01   2.848441e+00   2.852595e+00  
843       2.726154e+01   2.696221e+01   2.847363e+00   2.850134e+00  
844       2.722126e+01   2.692073e+01   2.850619e+00   2.853994e+00  
845       2.724812e+01   2.694744e+01   2.852749e+00   2.856156e+00  
846       2.722777e+01   2.692751e+01   2.848900e+00   2.853831e+00  
847       2.725149e+01   2.695084e+01   2.852888e+00   2.856028e+00  
848       2.721350e+01   2.691202e+01   2.854034e+00   2.858769e+00  
849       2.724299e+01   2.694117e+01   2.858108e+00   2.860917e+00  
850       2.721644e+01   2.691503e+01   2.853327e+00   2.859059e+00  
851       2.725529e+01   2.695390e+01   2.856495e+00   2.859812e+00  
852       2.721044e+01   2.690778e+01   2.859698e+00   2.863828e+00  
853       2.725427e+01   2.695160e+01   2.863075e+00   2.865158e+00  
854       2.721753e+01   2.691523e+01   2.858494e+00   2.862403e+00  
855       2.724804e+01   2.694401e+01   2.869829e+00   2.870523e+00  
856       2.720459e+01   2.690078e+01   2.865271e+00   2.868444e+00  
857       2.725582e+01   2.695169e+01   2.871207e+00   2.870984e+00  
858       2.721822e+01   2.691492e+01   2.864075e+00   2.866216e+00  
859       2.725146e+01   2.694580e+01   2.878259e+00   2.877818e+00  
860       2.721664e+01   2.691242e+01   2.869108e+00   2.869785e+00  
861       2.725795e+01   2.695328e+01   2.874313e+00   2.873140e+00  
862       2.721733e+01   2.691256e+01   2.872543e+00   2.871538e+00  
863       2.725705e+01   2.695114e+01   2.879727e+00   2.879214e+00  
864       2.721925e+01   2.691318e+01   2.878558e+00   2.877957e+00  
865       2.725646e+01   2.695029e+01   2.881505e+00   2.879821e+00  
866       2.723154e+01   2.692562e+01   2.878322e+00   2.878039e+00  
867       2.726288e+01   2.695624e+01   2.884047e+00   2.882346e+00  
868       2.723901e+01   2.693269e+01   2.881492e+00   2.879382e+00  
869       2.726367e+01   2.695662e+01   2.886128e+00   2.884264e+00  
870       2.725222e+01   2.694573e+01   2.882146e+00   2.881745e+00  
871       2.726900e+01   2.696126e+01   2.889636e+00   2.887704e+00  
872       2.724643e+01   2.693820e+01   2.890771e+00   2.888746e+00  
873       2.727093e+01   2.696290e+01   2.890964e+00   2.889258e+00  
874       2.724681e+01   2.693743e+01   2.896171e+00   2.894077e+00  
875       2.727925e+01   2.697052e+01   2.895608e+00   2.892081e+00  
876       2.725827e+01   2.694792e+01   2.900476e+00   2.899999e+00  
877       2.727426e+01   2.696362e+01   2.904179e+00   2.900632e+00  
878       2.725844e+01   2.694663e+01   2.908516e+00   2.905586e+00  
879       2.727309e+01   2.696108e+01   2.910463e+00   2.907080e+00  
880       2.726443e+01   2.695243e+01   2.909405e+00   2.906989e+00  
881       2.728443e+01   2.697218e+01   2.912201e+00   2.908744e+00  
882       2.726856e+01   2.695585e+01   2.912389e+00   2.911134e+00  
883       2.727814e+01   2.696388e+01   2.920601e+00   2.918210e+00  
884       2.727192e+01   2.695797e+01   2.919405e+00   2.915852e+00  
885       2.728264e+01   2.696849e+01   2.920312e+00   2.917999e+00  
886       2.726817e+01   2.695390e+01   2.919949e+00   2.917963e+00  
887       2.729143e+01   2.697778e+01   2.918979e+00   2.915675e+00  
888       2.727608e+01   2.696199e+01   2.918819e+00   2.918180e+00  
889       2.727714e+01   2.696198e+01   2.925379e+00   2.921662e+00  
890       2.728118e+01   2.696621e+01   2.923763e+00   2.921943e+00  
891       2.728409e+01   2.696872e+01   2.925398e+00   2.924258e+00  
892       2.728232e+01   2.696698e+01   2.925566e+00   2.923726e+00  
893       2.728463e+01   2.696944e+01   2.925223e+00   2.922862e+00  
894       2.727158e+01   2.695446e+01   2.932547e+00   2.932020e+00  
895       2.729460e+01   2.697894e+01   2.927894e+00   2.925631e+00  
896       2.728508e+01   2.696762e+01   2.934716e+00   2.934385e+00  
897       2.728876e+01   2.697199e+01   2.932099e+00   2.931038e+00  
898       2.729647e+01   2.697917e+01   2.935010e+00   2.933870e+00  
899       2.729621e+01   2.697918e+01   2.932853e+00   2.933477e+00  
900       2.729494e+01   2.697663e+01   2.938926e+00   2.939030e+00  
901       2.730176e+01   2.698440e+01   2.935182e+00   2.934784e+00  
902       2.730419e+01   2.698671e+01   2.934343e+00   2.937044e+00  
903       2.730536e+01   2.698761e+01   2.936821e+00   2.937157e+00  
904       2.730254e+01   2.698400e+01   2.939675e+00   2.941236e+00  
905       2.730606e+01   2.698737e+01   2.940739e+00   2.941911e+00  
906       2.731800e+01   2.699986e+01   2.939232e+00   2.939585e+00  
907       2.730467e+01   2.698567e+01   2.942076e+00   2.943294e+00  
908       2.731835e+01   2.700013e+01   2.939829e+00   2.939855e+00  
909       2.731520e+01   2.699548e+01   2.946446e+00   2.946680e+00  
910       2.732241e+01   2.700351e+01   2.942396e+00   2.944023e+00  
911       2.731737e+01   2.699601e+01   2.954115e+00   2.954171e+00  
912       2.733097e+01   2.701232e+01   2.942015e+00   2.942984e+00  
913       2.732592e+01   2.700457e+01   2.953400e+00   2.955835e+00  
914       2.733246e+01   2.701281e+01   2.946449e+00   2.947830e+00  
915       2.734037e+01   2.701915e+01   2.953149e+00   2.956450e+00  
916       2.733529e+01   2.701450e+01   2.951030e+00   2.954076e+00  
917       2.734356e+01   2.702109e+01   2.959596e+00   2.961698e+00  
918       2.733927e+01   2.701759e+01   2.955202e+00   2.958401e+00  
919       2.736294e+01   2.704047e+01   2.961393e+00   2.962051e+00  
920       2.734432e+01   2.702227e+01   2.956394e+00   2.961152e+00  
921       2.737330e+01   2.704989e+01   2.965288e+00   2.967782e+00  
922       2.735839e+01   2.703673e+01   2.955556e+00   2.960054e+00  
923       2.738130e+01   2.705736e+01   2.968245e+00   2.970630e+00  
924       2.736568e+01   2.704306e+01   2.960851e+00   2.964230e+00  
925       2.739758e+01   2.707411e+01   2.967266e+00   2.969071e+00  
926       2.736549e+01   2.704165e+01   2.965035e+00   2.971106e+00  
927       2.741131e+01   2.708760e+01   2.969096e+00   2.970953e+00  
928       2.737046e+01   2.704683e+01   2.964971e+00   2.969815e+00  
929       2.742668e+01   2.710262e+01   2.972229e+00   2.972608e+00  
930       2.737752e+01   2.705324e+01   2.968482e+00   2.972995e+00  
931       2.743605e+01   2.711287e+01   2.968373e+00   2.969489e+00  
932       2.737878e+01   2.705442e+01   2.969553e+00   2.972766e+00  
933       2.744520e+01   2.712115e+01   2.973233e+00   2.973546e+00  
934       2.739216e+01   2.706872e+01   2.966307e+00   2.969187e+00  
935       2.745388e+01   2.712956e+01   2.974975e+00   2.975256e+00  
936       2.741215e+01   2.708974e+01   2.962505e+00   2.965783e+00  
937       2.747313e+01   2.714957e+01   2.973444e+00   2.971960e+00  
938       2.740450e+01   2.708099e+01   2.967309e+00   2.970099e+00  
939       2.747575e+01   2.715142e+01   2.977415e+00   2.975219e+00  
940       2.741610e+01   2.709356e+01   2.964650e+00   2.965183e+00  
941       2.748574e+01   2.716158e+01   2.976828e+00   2.975398e+00  
942       2.742113e+01   2.709827e+01   2.967019e+00   2.966263e+00  
943       2.749698e+01   2.717369e+01   2.973010e+00   2.972504e+00  
944       2.743035e+01   2.710727e+01   2.969454e+00   2.966927e+00  
945       2.750005e+01   2.717638e+01   2.974841e+00   2.974465e+00  
946       2.743388e+01   2.711019e+01   2.972339e+00   2.969984e+00  
947       2.751060e+01   2.718764e+01   2.972206e+00   2.971821e+00  
948       2.744688e+01   2.712347e+01   2.971832e+00   2.969282e+00  
949       2.750900e+01   2.718506e+01   2.976954e+00   2.975859e+00  
950       2.745115e+01   2.712638e+01   2.978116e+00   2.975882e+00  
951       2.753113e+01   2.720842e+01   2.973641e+00   2.970273e+00  
952       2.745554e+01   2.713011e+01   2.981976e+00   2.978532e+00  
953       2.752984e+01   2.720482e+01   2.983059e+00   2.981810e+00  
954       2.747304e+01   2.714707e+01   2.984857e+00   2.982519e+00  
955       2.753884e+01   2.721431e+01   2.981462e+00   2.979920e+00  
956       2.748288e+01   2.715677e+01   2.985976e+00   2.983711e+00  
957       2.753242e+01   2.720586e+01   2.990830e+00   2.988350e+00  
958       2.749304e+01   2.716540e+01   2.993805e+00   2.990933e+00  
959       2.754031e+01   2.721488e+01   2.986713e+00   2.983051e+00  
960       2.750218e+01   2.717396e+01   2.995941e+00   2.995033e+00  
961       2.754406e+01   2.721728e+01   2.992852e+00   2.989562e+00  
962       2.750218e+01   2.717438e+01   2.994128e+00   2.993062e+00  
963       2.753756e+01   2.721065e+01   2.993536e+00   2.989447e+00  
964       2.751947e+01   2.719158e+01   2.995613e+00   2.994242e+00  
965       2.754512e+01   2.721712e+01   2.998857e+00   2.994806e+00  
966       2.752462e+01   2.719685e+01   2.995375e+00   2.993987e+00  
967       2.755279e+01   2.722525e+01   2.996247e+00   2.994059e+00  
968       2.752934e+01   2.719978e+01   3.004227e+00   3.001919e+00  
969       2.755549e+01   2.722728e+01   2.999510e+00   2.997216e+00  
970       2.754424e+01   2.721604e+01   2.998518e+00   2.996826e+00  
971       2.756426e+01   2.723569e+01   3.001612e+00   2.999371e+00  
972       2.755115e+01   2.722238e+01   3.001171e+00   3.000198e+00  
973       2.756704e+01   2.723777e+01   3.005324e+00   3.002258e+00  
974       2.756275e+01   2.723373e+01   3.002868e+00   3.002003e+00  
975       2.757617e+01   2.724640e+01   3.008104e+00   3.004992e+00  
976       2.757248e+01   2.724372e+01   3.001933e+00   3.001598e+00  
977       2.757292e+01   2.724357e+01   3.005461e+00   3.003465e+00  
978       2.757650e+01   2.724649e+01   3.008478e+00   3.006802e+00  
979       2.756680e+01   2.723714e+01   3.006515e+00   3.004583e+00  
980       2.759241e+01   2.726352e+01   3.004413e+00   3.002528e+00  
981       2.756578e+01   2.723511e+01   3.010638e+00   3.009529e+00  
982       2.759750e+01   2.726935e+01   3.001726e+00   2.998994e+00  
983       2.756476e+01   2.723401e+01   3.010687e+00   3.009977e+00  
984       2.759814e+01   2.726927e+01   3.004782e+00   3.002548e+00  
985       2.756403e+01   2.723421e+01   3.005915e+00   3.006330e+00  
986       2.760057e+01   2.727233e+01   3.001661e+00   3.000282e+00  
987       2.755202e+01   2.722126e+01   3.009195e+00   3.010201e+00  
988       2.760632e+01   2.727693e+01   3.006544e+00   3.006454e+00  
989       2.754280e+01   2.721158e+01   3.010481e+00   3.012081e+00  
990       2.759906e+01   2.726883e+01   3.009566e+00   3.010249e+00  
991       2.754251e+01   2.721078e+01   3.012142e+00   3.015022e+00  
992       2.759714e+01   2.726722e+01   3.007651e+00   3.009124e+00  
993       2.753325e+01   2.720059e+01   3.015358e+00   3.019138e+00  
994       2.759498e+01   2.726419e+01   3.011851e+00   3.012594e+00  
995       2.753042e+01   2.719702e+01   3.018877e+00   3.021970e+00  
996       2.759636e+01   2.726542e+01   3.012865e+00   3.013055e+00  
997       2.752895e+01   2.719574e+01   3.017552e+00   3.021388e+00  
998       2.758725e+01   2.725592e+01   3.013393e+00   3.015062e+00  
999       2.752691e+01   2.719210e+01   3.024264e+00   3.028937e+00  
1000      2.758681e+01   2.725487e+01   3.015387e+00   3.018545e+00  
1001      2.750861e+01   2.717168e+01   3.033010e+00   3.037148e+00  
1002      2.758234e+01   2.724977e+01   3.018757e+00   3.020316e+00  
1003      2.750697e+01   2.717049e+01   3.031555e+00   3.034399e+00  
1004      2.757420e+01   2.724038e+01   3.024057e+00   3.025483e+00  
1005      2.750130e+01   2.716404e+01   3.034190e+00   3.038076e+00  
1006      2.756733e+01   2.723262e+01   3.027498e+00   3.029255e+00  
1007      2.749396e+01   2.715629e+01   3.036004e+00   3.039127e+00  
1008      2.755808e+01   2.722224e+01   3.032922e+00   3.032953e+00  
1009      2.749484e+01   2.715796e+01   3.033379e+00   3.034804e+00  
1010      2.754443e+01   2.720785e+01   3.035643e+00   3.035319e+00  
1011      2.748880e+01   2.715119e+01   3.035582e+00   3.038431e+00  
1012      2.754065e+01   2.720352e+01   3.037878e+00   3.037654e+00  
1013      2.748498e+01   2.714655e+01   3.039985e+00   3.041015e+00  
1014      2.753906e+01   2.720164e+01   3.039741e+00   3.038205e+00  
1015      2.748204e+01   2.714316e+01   3.042110e+00   3.042560e+00  
1016      2.752677e+01   2.718808e+01   3.044930e+00   3.042980e+00  
1017      2.747791e+01   2.713829e+01   3.045387e+00   3.045371e+00  
1018      2.751592e+01   2.717572e+01   3.050949e+00   3.049245e+00  
1019      2.748403e+01   2.714438e+01   3.046355e+00   3.045386e+00  
1020      2.751396e+01   2.717323e+01   3.053351e+00   3.051360e+00  
1021      2.747527e+01   2.713479e+01   3.049749e+00   3.048349e+00  
1022      2.751916e+01   2.717743e+01   3.057885e+00   3.056250e+00  
1023      2.746175e+01   2.711903e+01   3.059223e+00   3.057341e+00  
1024      2.751287e+01   2.716982e+01   3.063581e+00   3.061581e+00  
1025      2.745928e+01   2.711675e+01   3.058291e+00   3.056223e+00  
1026      2.750875e+01   2.716514e+01   3.065869e+00   3.063799e+00  
1027      2.745905e+01   2.711574e+01   3.061798e+00   3.059627e+00  
1028      2.750480e+01   2.715918e+01   3.074751e+00   3.072254e+00  
1029      2.745341e+01   2.710820e+01   3.069949e+00   3.067703e+00  
1030      2.750411e+01   2.715755e+01   3.078740e+00   3.076511e+00  
1031      2.744728e+01   2.710068e+01   3.075541e+00   3.073656e+00  
1032      2.750154e+01   2.715393e+01   3.083013e+00   3.081236e+00  
1033      2.744409e+01   2.709579e+01   3.083227e+00   3.080527e+00  
1034      2.749945e+01   2.714998e+01   3.091076e+00   3.089274e+00  
1035      2.743539e+01   2.708597e+01   3.088302e+00   3.084342e+00  
1036      2.748863e+01   2.713768e+01   3.097201e+00   3.094884e+00  
1037      2.743956e+01   2.708996e+01   3.089336e+00   3.085412e+00  
1038      2.748080e+01   2.712788e+01   3.105210e+00   3.103186e+00  
1039      2.742960e+01   2.707818e+01   3.096451e+00   3.093083e+00  
1040      2.747772e+01   2.712459e+01   3.106155e+00   3.103749e+00  
1041      2.743077e+01   2.707921e+01   3.097394e+00   3.093534e+00  
1042      2.746719e+01   2.711220e+01   3.113881e+00   3.111137e+00  
1043      2.743064e+01   2.707738e+01   3.104694e+00   3.101036e+00  
1044      2.746810e+01   2.711320e+01   3.113215e+00   3.111066e+00  
1045      2.744025e+01   2.708687e+01   3.105301e+00   3.102602e+00  
1046      2.745495e+01   2.709789e+01   3.121866e+00   3.119695e+00  
1047      2.743735e+01   2.708224e+01   3.112728e+00   3.109862e+00  
1048      2.746487e+01   2.710708e+01   3.125785e+00   3.123235e+00  
1049      2.744053e+01   2.708541e+01   3.112548e+00   3.110445e+00  
1050      2.746684e+01   2.710778e+01   3.131189e+00   3.129040e+00  
1051      2.743742e+01   2.708066e+01   3.119248e+00   3.117704e+00  
1052      2.747613e+01   2.711701e+01   3.132057e+00   3.129801e+00  
1053      2.742947e+01   2.707150e+01   3.124040e+00   3.122570e+00  
1054      2.748048e+01   2.712045e+01   3.136465e+00   3.133777e+00  
1055      2.743448e+01   2.707576e+01   3.127043e+00   3.126524e+00  
1056      2.748304e+01   2.712264e+01   3.137679e+00   3.136089e+00  
1057      2.742622e+01   2.706649e+01   3.131025e+00   3.130411e+00  
1058      2.749455e+01   2.713313e+01   3.142479e+00   3.141391e+00  
1059      2.742270e+01   2.706182e+01   3.135684e+00   3.135309e+00  
1060      2.750364e+01   2.714245e+01   3.141457e+00   3.141419e+00  
1061      2.741967e+01   2.705789e+01   3.139401e+00   3.138976e+00  
1062      2.749924e+01   2.713574e+01   3.150941e+00   3.151414e+00  
1063      2.741401e+01   2.705057e+01   3.145912e+00   3.146111e+00  
1064      2.750936e+01   2.714478e+01   3.156191e+00   3.156568e+00  
1065      2.741328e+01   2.704788e+01   3.154288e+00   3.154478e+00  
1066      2.751728e+01   2.715118e+01   3.162556e+00   3.164232e+00  
1067      2.740795e+01   2.704126e+01   3.159055e+00   3.160193e+00  
1068      2.751978e+01   2.715129e+01   3.173354e+00   3.174154e+00  
1069      2.741014e+01   2.704277e+01   3.161716e+00   3.163605e+00  
1070      2.752825e+01   2.715847e+01   3.179437e+00   3.180124e+00  
1071      2.741334e+01   2.704450e+01   3.168727e+00   3.169382e+00  
1072      2.753446e+01   2.716274e+01   3.188562e+00   3.188248e+00  
1073      2.741129e+01   2.704097e+01   3.175076e+00   3.175482e+00  
1074      2.754354e+01   2.717010e+01   3.196517e+00   3.195992e+00  
1075      2.741276e+01   2.704060e+01   3.182176e+00   3.184186e+00  
1076      2.754946e+01   2.717434e+01   3.202920e+00   3.204568e+00  
1077      2.741756e+01   2.704447e+01   3.185990e+00   3.188850e+00  
1078      2.756114e+01   2.718481e+01   3.209139e+00   3.210024e+00  
1079      2.742109e+01   2.704530e+01   3.197973e+00   3.200147e+00  
1080      2.757154e+01   2.719449e+01   3.213783e+00   3.212632e+00  
1081      2.742603e+01   2.704882e+01   3.204864e+00   3.205787e+00  
1082      2.757997e+01   2.720173e+01   3.219166e+00   3.218305e+00  
1083      2.744078e+01   2.706294e+01   3.207761e+00   3.210031e+00  
1084      2.758010e+01   2.719921e+01   3.230272e+00   3.229581e+00  
1085      2.745215e+01   2.707378e+01   3.210983e+00   3.212565e+00  
1086      2.758957e+01   2.720802e+01   3.233969e+00   3.232632e+00  
1087      2.745299e+01   2.707289e+01   3.219226e+00   3.219061e+00  
1088      2.760013e+01   2.721764e+01   3.238301e+00   3.237401e+00  
1089      2.746822e+01   2.708717e+01   3.223776e+00   3.224189e+00  
1090      2.761415e+01   2.723097e+01   3.242594e+00   3.240541e+00  
1091      2.746887e+01   2.708514e+01   3.234943e+00   3.235572e+00  
1092      2.762249e+01   2.723828e+01   3.247642e+00   3.245142e+00  
1093      2.748543e+01   2.710086e+01   3.239910e+00   3.239628e+00  
1094      2.762819e+01   2.724204e+01   3.256293e+00   3.253349e+00  
1095      2.749598e+01   2.711034e+01   3.244529e+00   3.245161e+00  
1096      2.763996e+01   2.725288e+01   3.260988e+00   3.257900e+00  
1097      2.750707e+01   2.711945e+01   3.253844e+00   3.253806e+00  
1098      2.764830e+01   2.725990e+01   3.267060e+00   3.263871e+00  
1099      2.750388e+01   2.711367e+01   3.264854e+00   3.263885e+00  
1100      2.765570e+01   2.726586e+01   3.273116e+00   3.270740e+00  
1101      2.750003e+01   2.710747e+01   3.274630e+00   3.273190e+00  
1102      2.765504e+01   2.726343e+01   3.280298e+00   3.278149e+00  
1103      2.750759e+01   2.711421e+01   3.278741e+00   3.276768e+00  
1104      2.766794e+01   2.727599e+01   3.282685e+00   3.280122e+00  
1105      2.750859e+01   2.711415e+01   3.283453e+00   3.280910e+00  
1106      2.766438e+01   2.726994e+01   3.292167e+00   3.290905e+00  
1107      2.750837e+01   2.711230e+01   3.289985e+00   3.287821e+00  
1108      2.766224e+01   2.726587e+01   3.300595e+00   3.298173e+00  
1109      2.751344e+01   2.711709e+01   3.291685e+00   3.289036e+00  
1110      2.766769e+01   2.727113e+01   3.301823e+00   3.299116e+00  
1111      2.751277e+01   2.711528e+01   3.296558e+00   3.293451e+00  
1112      2.766435e+01   2.726575e+01   3.310096e+00   3.307404e+00  
1113      2.751622e+01   2.711838e+01   3.297684e+00   3.295653e+00  
1114      2.765979e+01   2.725916e+01   3.318412e+00   3.315225e+00  
1115      2.752167e+01   2.712395e+01   3.296997e+00   3.295995e+00  
1116      2.765714e+01   2.725581e+01   3.320789e+00   3.318206e+00  
1117      2.752328e+01   2.712465e+01   3.300764e+00   3.299926e+00  
1118      2.765841e+01   2.725600e+01   3.325672e+00   3.322360e+00  
1119      2.752716e+01   2.712764e+01   3.304753e+00   3.303658e+00  
1120      2.765633e+01   2.725323e+01   3.328285e+00   3.325114e+00  
1121      2.753745e+01   2.713797e+01   3.305158e+00   3.304160e+00  
1122      2.766053e+01   2.725609e+01   3.333843e+00   3.331033e+00  
1123      2.753853e+01   2.713760e+01   3.310559e+00   3.310770e+00  
1124      2.765659e+01   2.725094e+01   3.338923e+00   3.335379e+00  
1125      2.753432e+01   2.713197e+01   3.316392e+00   3.316144e+00  
1126      2.765756e+01   2.725111e+01   3.342616e+00   3.338292e+00  
1127      2.753905e+01   2.713612e+01   3.319004e+00   3.318831e+00  
1128      2.765409e+01   2.724735e+01   3.343331e+00   3.339558e+00  
1129      2.753987e+01   2.713637e+01   3.321074e+00   3.321493e+00  
1130      2.765032e+01   2.724252e+01   3.347052e+00   3.343975e+00  
1131      2.753736e+01   2.713230e+01   3.327660e+00   3.327321e+00  
1132      2.764398e+01   2.723516e+01   3.350649e+00   3.347950e+00  
1133      2.753729e+01   2.713149e+01   3.331123e+00   3.329958e+00  
1134      2.765180e+01   2.724346e+01   3.349172e+00   3.346472e+00  
1135      2.754085e+01   2.713488e+01   3.331737e+00   3.331064e+00  
1136      2.763290e+01   2.722276e+01   3.355270e+00   3.352712e+00  
1137      2.753544e+01   2.712937e+01   3.332101e+00   3.330956e+00  
1138      2.764022e+01   2.723016e+01   3.355116e+00   3.353106e+00  
1139      2.753934e+01   2.713318e+01   3.332824e+00   3.331365e+00  
1140      2.763042e+01   2.721945e+01   3.358040e+00   3.356347e+00  
1141      2.753909e+01   2.713245e+01   3.334508e+00   3.333529e+00  
1142      2.762738e+01   2.721597e+01   3.358952e+00   3.358709e+00  
1143      2.753783e+01   2.713063e+01   3.336301e+00   3.336171e+00  
1144      2.762929e+01   2.721814e+01   3.358421e+00   3.357315e+00  
1145      2.754174e+01   2.713453e+01   3.336179e+00   3.336880e+00  
1146      2.761725e+01   2.720589e+01   3.358287e+00   3.357612e+00  
1147      2.752282e+01   2.711390e+01   3.342076e+00   3.342522e+00  
1148      2.761462e+01   2.720276e+01   3.360080e+00   3.359628e+00  
1149      2.752994e+01   2.712097e+01   3.342749e+00   3.343144e+00  
1150      2.761239e+01   2.720047e+01   3.360111e+00   3.359797e+00  
1151      2.752228e+01   2.711245e+01   3.345280e+00   3.346675e+00  
1152      2.760099e+01   2.718818e+01   3.362433e+00   3.363201e+00  
1153      2.751353e+01   2.710280e+01   3.347583e+00   3.350613e+00  
1154      2.760174e+01   2.718960e+01   3.360267e+00   3.360157e+00  
1155      2.750883e+01   2.709695e+01   3.352646e+00   3.354176e+00  
1156      2.760319e+01   2.719120e+01   3.359970e+00   3.359364e+00  
1157      2.749198e+01   2.707827e+01   3.359537e+00   3.360054e+00  
1158      2.760305e+01   2.719143e+01   3.359358e+00   3.356944e+00  
1159      2.749307e+01   2.707931e+01   3.359620e+00   3.360484e+00  
1160      2.759393e+01   2.718109e+01   3.363268e+00   3.361804e+00  
1161      2.749357e+01   2.707907e+01   3.362254e+00   3.363853e+00  
1162      2.758752e+01   2.717412e+01   3.365455e+00   3.363387e+00  
1163      2.749274e+01   2.707830e+01   3.361868e+00   3.363667e+00  
1164      2.758533e+01   2.717120e+01   3.368826e+00   3.365645e+00  
1165      2.748416e+01   2.706867e+01   3.366024e+00   3.366898e+00  
1166      2.758990e+01   2.717542e+01   3.370708e+00   3.367102e+00  
1167      2.747980e+01   2.706338e+01   3.369551e+00   3.370250e+00  
1168      2.759434e+01   2.717932e+01   3.373639e+00   3.369046e+00  
1169      2.747241e+01   2.705458e+01   3.374563e+00   3.375737e+00  
1170      2.759432e+01   2.717795e+01   3.378647e+00   3.374922e+00  
1171      2.747212e+01   2.705376e+01   3.377292e+00   3.377203e+00  
1172      2.758848e+01   2.717110e+01   3.382287e+00   3.378725e+00  
1173      2.747278e+01   2.705340e+01   3.382104e+00   3.380671e+00  
1174      2.758341e+01   2.716459e+01   3.387564e+00   3.384347e+00  
1175      2.747006e+01   2.704943e+01   3.386968e+00   3.385458e+00  
1176      2.757661e+01   2.715607e+01   3.394081e+00   3.390773e+00  
1177      2.746427e+01   2.704276e+01   3.389895e+00   3.388733e+00  
1178      2.757125e+01   2.714911e+01   3.400656e+00   3.396393e+00  
1179      2.746778e+01   2.704577e+01   3.392371e+00   3.390720e+00  
1180      2.756325e+01   2.713984e+01   3.404808e+00   3.401325e+00  
1181      2.746819e+01   2.704457e+01   3.398700e+00   3.397300e+00  
1182      2.756616e+01   2.714269e+01   3.404852e+00   3.402151e+00  
1183      2.746691e+01   2.704117e+01   3.407435e+00   3.405256e+00  
1184      2.755503e+01   2.713074e+01   3.407768e+00   3.404349e+00  
1185      2.746039e+01   2.703261e+01   3.414981e+00   3.413068e+00  
1186      2.754797e+01   2.712304e+01   3.409852e+00   3.406550e+00  
1187      2.747274e+01   2.704529e+01   3.414642e+00   3.412339e+00  
1188      2.754666e+01   2.712166e+01   3.410383e+00   3.406351e+00  
1189      2.747627e+01   2.704808e+01   3.417493e+00   3.415799e+00  
1190      2.754673e+01   2.712165e+01   3.410880e+00   3.406517e+00  
1191      2.746832e+01   2.703833e+01   3.424049e+00   3.422421e+00  
1192      2.753505e+01   2.710873e+01   3.414731e+00   3.411058e+00  
1193      2.747159e+01   2.704116e+01   3.425918e+00   3.424484e+00  
1194      2.753832e+01   2.711196e+01   3.415494e+00   3.411040e+00  
1195      2.746455e+01   2.703230e+01   3.432598e+00   3.431250e+00  
1196      2.752628e+01   2.709782e+01   3.423218e+00   3.418490e+00  
1197      2.745787e+01   2.702430e+01   3.437401e+00   3.435976e+00  
1198      2.752072e+01   2.709132e+01   3.426578e+00   3.421877e+00  
1199      2.746387e+01   2.703059e+01   3.436753e+00   3.435154e+00  
1200      2.751484e+01   2.708419e+01   3.430585e+00   3.426987e+00  
1201      2.746558e+01   2.703098e+01   3.441932e+00   3.440509e+00  
1202      2.750946e+01   2.707842e+01   3.431757e+00   3.428220e+00  
1203      2.747235e+01   2.703719e+01   3.444529e+00   3.443219e+00  
1204      2.750782e+01   2.707568e+01   3.436034e+00   3.432416e+00  
1205      2.748533e+01   2.705059e+01   3.443455e+00   3.442613e+00  
1206      2.749987e+01   2.706635e+01   3.440901e+00   3.437426e+00  
1207      2.749834e+01   2.706296e+01   3.446733e+00   3.445999e+00  
1208      2.748862e+01   2.705315e+01   3.447388e+00   3.444814e+00  
1209      2.749685e+01   2.706092e+01   3.448945e+00   3.447901e+00  
1210      2.747891e+01   2.704191e+01   3.452322e+00   3.450665e+00  
1211      2.750373e+01   2.706732e+01   3.451356e+00   3.450166e+00  
1212      2.747811e+01   2.704098e+01   3.452718e+00   3.451179e+00  
1213      2.750307e+01   2.706508e+01   3.457201e+00   3.456612e+00  
1214      2.747265e+01   2.703402e+01   3.458068e+00   3.456940e+00  
1215      2.750110e+01   2.706202e+01   3.460968e+00   3.461067e+00  
1216      2.747536e+01   2.703622e+01   3.459922e+00   3.459395e+00  
1217      2.750558e+01   2.706596e+01   3.463197e+00   3.463710e+00  
1218      2.747747e+01   2.703800e+01   3.461391e+00   3.460695e+00  
1219      2.750980e+01   2.706958e+01   3.465750e+00   3.466285e+00  
1220      2.748003e+01   2.704006e+01   3.463059e+00   3.463263e+00  
1221      2.749720e+01   2.705549e+01   3.471081e+00   3.471037e+00  
1222      2.748850e+01   2.704844e+01   3.463985e+00   3.464212e+00  
1223      2.750288e+01   2.706047e+01   3.474478e+00   3.473839e+00  
1224      2.748943e+01   2.704855e+01   3.467308e+00   3.467321e+00  
1225      2.750201e+01   2.705839e+01   3.478961e+00   3.478618e+00  
1226      2.748286e+01   2.704086e+01   3.471243e+00   3.471292e+00  
1227      2.751164e+01   2.706782e+01   3.479812e+00   3.480566e+00  
1228      2.748879e+01   2.704626e+01   3.473033e+00   3.474444e+00  
1229      2.751898e+01   2.707569e+01   3.478641e+00   3.478610e+00  
1230      2.747952e+01   2.703593e+01   3.477366e+00   3.477203e+00  
1231      2.751460e+01   2.707090e+01   3.480319e+00   3.479525e+00  
1232      2.748409e+01   2.704001e+01   3.479721e+00   3.479129e+00  
1233      2.750931e+01   2.706499e+01   3.482723e+00   3.481239e+00  
1234      2.749160e+01   2.704764e+01   3.480046e+00   3.478867e+00  
1235      2.750695e+01   2.706186e+01   3.485616e+00   3.483985e+00  
1236      2.748329e+01   2.703890e+01   3.480873e+00   3.480360e+00  
1237      2.749749e+01   2.705113e+01   3.489822e+00   3.488435e+00  
1238      2.748465e+01   2.704001e+01   3.481980e+00   3.481298e+00  
1239      2.751080e+01   2.706558e+01   3.486769e+00   3.484427e+00  
1240      2.747727e+01   2.703180e+01   3.484678e+00   3.484123e+00  
1241      2.749791e+01   2.705107e+01   3.492552e+00   3.489525e+00  
1242      2.748337e+01   2.703785e+01   3.485310e+00   3.484679e+00  
1243      2.749099e+01   2.704319e+01   3.496492e+00   3.492135e+00  
1244      2.748255e+01   2.703698e+01   3.485718e+00   3.484566e+00  
1245      2.748705e+01   2.703752e+01   3.503041e+00   3.498524e+00  
1246      2.748093e+01   2.703478e+01   3.487879e+00   3.486689e+00  
1247      2.747472e+01   2.702359e+01   3.508358e+00   3.503933e+00  
1248      2.748466e+01   2.703949e+01   3.484164e+00   3.483232e+00  
1249      2.746944e+01   2.701684e+01   3.513972e+00   3.508970e+00  
1250      2.748235e+01   2.703591e+01   3.489376e+00   3.487544e+00  
-------------------------------------------------------------------

