
**********************************************
Real-time propagation in 3D, OPTION = 2
MPI nodes = 8, OMP threads = 16, cores = 128
**********************************************

Interactions
Contact: Natoms = 1.50000000000e+05, as = 8.200000e+01 * a0, G = 1.473116e+04, G * par = 2.946232e+04
Three-body: K3 =  0.000000e+00, g3 = 0.000000e+00
Regular DDI: add = 1.101000e+02 * a0, GD = 4.721954e+03, GD * par = 9.443909e+03, edd = 1.342683e+00
     Dipolar cutoff Rcut = 7.680842e+00, Lcut = 2.348104e+02

QF = 1: h2 = 1.849810e+05, h4 = 0.000000e+00
        q3 = 0.000000e+00, q5 = 3.899035e+00

GRAD = 0

Trap parameters:
GAMMA = 0.000000e+00, NU = 0.000000e+00, LAMBDA = 0.000000e+00
Parameters of rotation: OMEGA = 0.000000e+00, OMEGA * par = 0.000000e+00

Space discretization: NX = 128, NY = 128, NZ = 128
                      DX = 3.668913e+00, DY = 1.200132e-01, DZ = 1.200132e-01
      Unit of length: aho = 5.552380e-07 m

Time discretization: NITER = 2500 (NSNAP = 1250)
                     DT = 7.201579e-03

Initial state: file ./imag3d-finalpsi.bin
ADD_VORTICES = 0, ADD_RANDOM_PHASE = 0


MUREL = 1.000000e-12, MUEND=1.000000e+05

-------------------------------------------------------------------
Snap      <r>            <x>            <y>            <z>
-------------------------------------------------------------------
0         2.352497e+01   2.349985e+01   7.685470e-01   7.685470e-01  
1         2.352496e+01   2.349985e+01   7.684103e-01   7.684103e-01  
2         2.352495e+01   2.349985e+01   7.682547e-01   7.682547e-01  
3         2.352494e+01   2.349985e+01   7.680805e-01   7.680805e-01  
4         2.352493e+01   2.349985e+01   7.678880e-01   7.678880e-01  
5         2.352491e+01   2.349985e+01   7.676778e-01   7.676778e-01  
6         2.352489e+01   2.349984e+01   7.674504e-01   7.674504e-01  
7         2.352487e+01   2.349984e+01   7.672067e-01   7.672067e-01  
8         2.352485e+01   2.349984e+01   7.669475e-01   7.669475e-01  
9         2.352483e+01   2.349983e+01   7.666740e-01   7.666740e-01  
10        2.352481e+01   2.349983e+01   7.663873e-01   7.663873e-01  
11        2.352479e+01   2.349983e+01   7.660888e-01   7.660888e-01  
12        2.352476e+01   2.349982e+01   7.657799e-01   7.657799e-01  
13        2.352474e+01   2.349982e+01   7.654621e-01   7.654621e-01  
14        2.352471e+01   2.349981e+01   7.651370e-01   7.651370e-01  
15        2.352469e+01   2.349981e+01   7.648065e-01   7.648065e-01  
16        2.352466e+01   2.349980e+01   7.644722e-01   7.644722e-01  
17        2.352463e+01   2.349980e+01   7.641361e-01   7.641361e-01  
18        2.352461e+01   2.349979e+01   7.638001e-01   7.638001e-01  
19        2.352458e+01   2.349979e+01   7.634661e-01   7.634661e-01  
20        2.352455e+01   2.349979e+01   7.631361e-01   7.631361e-01  
21        2.352453e+01   2.349978e+01   7.628121e-01   7.628121e-01  
22        2.352450e+01   2.349978e+01   7.624958e-01   7.624958e-01  
23        2.352448e+01   2.349977e+01   7.621892e-01   7.621892e-01  
24        2.352446e+01   2.349977e+01   7.618940e-01   7.618940e-01  
25        2.352444e+01   2.349977e+01   7.616117e-01   7.616117e-01  
26        2.352442e+01   2.349976e+01   7.613438e-01   7.613438e-01  
27        2.352440e+01   2.349976e+01   7.610917e-01   7.610917e-01  
28        2.352438e+01   2.349976e+01   7.608565e-01   7.608565e-01  
29        2.352437e+01   2.349976e+01   7.606393e-01   7.606393e-01  
30        2.352435e+01   2.349976e+01   7.604408e-01   7.604408e-01  
31        2.352434e+01   2.349976e+01   7.602620e-01   7.602620e-01  
32        2.352433e+01   2.349976e+01   7.601032e-01   7.601032e-01  
33        2.352432e+01   2.349976e+01   7.599649e-01   7.599649e-01  
34        2.352431e+01   2.349976e+01   7.598475e-01   7.598475e-01  
35        2.352431e+01   2.349976e+01   7.597510e-01   7.597510e-01  
36        2.352431e+01   2.349976e+01   7.596754e-01   7.596754e-01  
37        2.352430e+01   2.349976e+01   7.596207e-01   7.596207e-01  
38        2.352430e+01   2.349976e+01   7.595867e-01   7.595867e-01  
39        2.352431e+01   2.349977e+01   7.595730e-01   7.595730e-01  
40        2.352431e+01   2.349977e+01   7.595793e-01   7.595793e-01  
41        2.352431e+01   2.349977e+01   7.596050e-01   7.596050e-01  
42        2.352432e+01   2.349978e+01   7.596496e-01   7.596496e-01  
43        2.352433e+01   2.349978e+01   7.597125e-01   7.597125e-01  
44        2.352434e+01   2.349979e+01   7.597928e-01   7.597928e-01  
45        2.352435e+01   2.349979e+01   7.598900e-01   7.598900e-01  
46        2.352436e+01   2.349980e+01   7.600031e-01   7.600031e-01  
47        2.352438e+01   2.349980e+01   7.601314e-01   7.601314e-01  
48        2.352439e+01   2.349981e+01   7.602738e-01   7.602738e-01  
49        2.352441e+01   2.349981e+01   7.604295e-01   7.604295e-01  
50        2.352442e+01   2.349982e+01   7.605976e-01   7.605976e-01  
51        2.352444e+01   2.349982e+01   7.607770e-01   7.607770e-01  
52        2.352446e+01   2.349983e+01   7.609667e-01   7.609667e-01  
53        2.352448e+01   2.349983e+01   7.611658e-01   7.611658e-01  
54        2.352450e+01   2.349984e+01   7.613732e-01   7.613732e-01  
55        2.352452e+01   2.349985e+01   7.615879e-01   7.615879e-01  
56        2.352454e+01   2.349985e+01   7.618090e-01   7.618090e-01  
57        2.352456e+01   2.349986e+01   7.620354e-01   7.620354e-01  
58        2.352458e+01   2.349986e+01   7.622662e-01   7.622662e-01  
59        2.352460e+01   2.349987e+01   7.625003e-01   7.625003e-01  
60        2.352462e+01   2.349988e+01   7.627368e-01   7.627368e-01  
61        2.352464e+01   2.349988e+01   7.629748e-01   7.629748e-01  
62        2.352466e+01   2.349989e+01   7.632133e-01   7.632133e-01  
63        2.352468e+01   2.349989e+01   7.634515e-01   7.634515e-01  
64        2.352470e+01   2.349990e+01   7.636885e-01   7.636885e-01  
65        2.352472e+01   2.349990e+01   7.639233e-01   7.639233e-01  
66        2.352474e+01   2.349991e+01   7.641553e-01   7.641553e-01  
67        2.352476e+01   2.349991e+01   7.643835e-01   7.643835e-01  
68        2.352478e+01   2.349992e+01   7.646074e-01   7.646074e-01  
69        2.352480e+01   2.349992e+01   7.648260e-01   7.648260e-01  
70        2.352482e+01   2.349993e+01   7.650388e-01   7.650388e-01  
71        2.352484e+01   2.349993e+01   7.652451e-01   7.652451e-01  
72        2.352485e+01   2.349993e+01   7.654443e-01   7.654443e-01  
73        2.352487e+01   2.349994e+01   7.656358e-01   7.656358e-01  
74        2.352488e+01   2.349994e+01   7.658190e-01   7.658190e-01  
75        2.352490e+01   2.349994e+01   7.659936e-01   7.659936e-01  
76        2.352491e+01   2.349995e+01   7.661591e-01   7.661591e-01  
77        2.352493e+01   2.349995e+01   7.663150e-01   7.663150e-01  
78        2.352494e+01   2.349995e+01   7.664610e-01   7.664610e-01  
79        2.352495e+01   2.349995e+01   7.665968e-01   7.665968e-01  
80        2.352496e+01   2.349996e+01   7.667220e-01   7.667220e-01  
81        2.352497e+01   2.349996e+01   7.668366e-01   7.668366e-01  
82        2.352498e+01   2.349996e+01   7.669402e-01   7.669402e-01  
83        2.352498e+01   2.349996e+01   7.670327e-01   7.670327e-01  
84        2.352499e+01   2.349996e+01   7.671140e-01   7.671140e-01  
85        2.352500e+01   2.349996e+01   7.671840e-01   7.671840e-01  
86        2.352500e+01   2.349996e+01   7.672427e-01   7.672427e-01  
87        2.352500e+01   2.349996e+01   7.672902e-01   7.672902e-01  
88        2.352501e+01   2.349996e+01   7.673263e-01   7.673263e-01  
89        2.352501e+01   2.349997e+01   7.673513e-01   7.673513e-01  
90        2.352501e+01   2.349997e+01   7.673652e-01   7.673652e-01  
91        2.352501e+01   2.349996e+01   7.673682e-01   7.673682e-01  
92        2.352501e+01   2.349996e+01   7.673605e-01   7.673605e-01  
93        2.352501e+01   2.349996e+01   7.673422e-01   7.673422e-01  
94        2.352500e+01   2.349996e+01   7.673136e-01   7.673136e-01  
95        2.352500e+01   2.349996e+01   7.672750e-01   7.672750e-01  
96        2.352500e+01   2.349996e+01   7.672267e-01   7.672267e-01  
97        2.352499e+01   2.349996e+01   7.671689e-01   7.671689e-01  
98        2.352499e+01   2.349996e+01   7.671021e-01   7.671021e-01  
99        2.352498e+01   2.349996e+01   7.670266e-01   7.670266e-01  
100       2.352497e+01   2.349996e+01   7.669428e-01   7.669428e-01  
101       2.352497e+01   2.349996e+01   7.668512e-01   7.668512e-01  
102       2.352496e+01   2.349995e+01   7.667522e-01   7.667522e-01  
103       2.352495e+01   2.349995e+01   7.666463e-01   7.666463e-01  
104       2.352494e+01   2.349995e+01   7.665339e-01   7.665339e-01  
105       2.352493e+01   2.349995e+01   7.664155e-01   7.664155e-01  
106       2.352492e+01   2.349995e+01   7.662916e-01   7.662916e-01  
107       2.352491e+01   2.349995e+01   7.661628e-01   7.661628e-01  
108       2.352490e+01   2.349994e+01   7.660294e-01   7.660294e-01  
109       2.352489e+01   2.349994e+01   7.658921e-01   7.658921e-01  
110       2.352488e+01   2.349994e+01   7.657513e-01   7.657513e-01  
111       2.352487e+01   2.349994e+01   7.656076e-01   7.656076e-01  
112       2.352486e+01   2.349994e+01   7.654615e-01   7.654615e-01  
113       2.352485e+01   2.349994e+01   7.653136e-01   7.653136e-01  
114       2.352484e+01   2.349994e+01   7.651644e-01   7.651644e-01  
115       2.352483e+01   2.349994e+01   7.650144e-01   7.650144e-01  
116       2.352482e+01   2.349993e+01   7.648642e-01   7.648642e-01  
117       2.352481e+01   2.349993e+01   7.647143e-01   7.647143e-01  
118       2.352480e+01   2.349993e+01   7.645653e-01   7.645653e-01  
119       2.352479e+01   2.349993e+01   7.644175e-01   7.644175e-01  
120       2.352478e+01   2.349993e+01   7.642716e-01   7.642716e-01  
121       2.352477e+01   2.349993e+01   7.641280e-01   7.641280e-01  
122       2.352476e+01   2.349993e+01   7.639872e-01   7.639872e-01  
123       2.352475e+01   2.349993e+01   7.638496e-01   7.638496e-01  
124       2.352474e+01   2.349993e+01   7.637157e-01   7.637157e-01  
125       2.352473e+01   2.349993e+01   7.635859e-01   7.635859e-01  
126       2.352472e+01   2.349993e+01   7.634606e-01   7.634606e-01  
127       2.352472e+01   2.349994e+01   7.633403e-01   7.633403e-01  
128       2.352471e+01   2.349994e+01   7.632254e-01   7.632254e-01  
129       2.352471e+01   2.349994e+01   7.631162e-01   7.631162e-01  
130       2.352470e+01   2.349994e+01   7.630130e-01   7.630130e-01  
131       2.352470e+01   2.349994e+01   7.629161e-01   7.629161e-01  
132       2.352469e+01   2.349994e+01   7.628259e-01   7.628259e-01  
133       2.352469e+01   2.349995e+01   7.627424e-01   7.627424e-01  
134       2.352469e+01   2.349995e+01   7.626661e-01   7.626661e-01  
135       2.352468e+01   2.349995e+01   7.625970e-01   7.625970e-01  
136       2.352468e+01   2.349995e+01   7.625354e-01   7.625354e-01  
137       2.352468e+01   2.349996e+01   7.624813e-01   7.624813e-01  
138       2.352468e+01   2.349996e+01   7.624349e-01   7.624349e-01  
139       2.352469e+01   2.349996e+01   7.623963e-01   7.623963e-01  
140       2.352469e+01   2.349997e+01   7.623655e-01   7.623655e-01  
141       2.352469e+01   2.349997e+01   7.623424e-01   7.623424e-01  
142       2.352469e+01   2.349998e+01   7.623271e-01   7.623271e-01  
143       2.352470e+01   2.349998e+01   7.623195e-01   7.623195e-01  
144       2.352470e+01   2.349999e+01   7.623195e-01   7.623195e-01  
145       2.352471e+01   2.349999e+01   7.623270e-01   7.623270e-01  
146       2.352471e+01   2.350000e+01   7.623420e-01   7.623420e-01  
147       2.352472e+01   2.350000e+01   7.623642e-01   7.623642e-01  
148       2.352473e+01   2.350001e+01   7.623936e-01   7.623936e-01  
149       2.352473e+01   2.350001e+01   7.624299e-01   7.624299e-01  
150       2.352474e+01   2.350002e+01   7.624730e-01   7.624730e-01  
151       2.352475e+01   2.350002e+01   7.625227e-01   7.625227e-01  
152       2.352476e+01   2.350003e+01   7.625788e-01   7.625788e-01  
153       2.352477e+01   2.350003e+01   7.626412e-01   7.626412e-01  
154       2.352478e+01   2.350004e+01   7.627095e-01   7.627095e-01  
155       2.352479e+01   2.350005e+01   7.627837e-01   7.627837e-01  
156       2.352480e+01   2.350005e+01   7.628633e-01   7.628633e-01  
157       2.352482e+01   2.350006e+01   7.629483e-01   7.629483e-01  
158       2.352483e+01   2.350007e+01   7.630383e-01   7.630383e-01  
159       2.352484e+01   2.350007e+01   7.631331e-01   7.631331e-01  
160       2.352485e+01   2.350008e+01   7.632323e-01   7.632323e-01  
161       2.352487e+01   2.350008e+01   7.633356e-01   7.633356e-01  
162       2.352488e+01   2.350009e+01   7.634427e-01   7.634427e-01  
163       2.352489e+01   2.350010e+01   7.635531e-01   7.635531e-01  
164       2.352491e+01   2.350010e+01   7.636665e-01   7.636665e-01  
165       2.352492e+01   2.350011e+01   7.637824e-01   7.637824e-01  
166       2.352494e+01   2.350012e+01   7.639004e-01   7.639004e-01  
167       2.352495e+01   2.350012e+01   7.640200e-01   7.640200e-01  
168       2.352496e+01   2.350013e+01   7.641408e-01   7.641408e-01  
169       2.352498e+01   2.350014e+01   7.642622e-01   7.642622e-01  
170       2.352499e+01   2.350014e+01   7.643838e-01   7.643838e-01  
171       2.352500e+01   2.350015e+01   7.645051e-01   7.645051e-01  
172       2.352502e+01   2.350015e+01   7.646255e-01   7.646255e-01  
173       2.352503e+01   2.350016e+01   7.647447e-01   7.647447e-01  
174       2.352504e+01   2.350016e+01   7.648621e-01   7.648621e-01  
175       2.352506e+01   2.350017e+01   7.649773e-01   7.649773e-01  
176       2.352507e+01   2.350017e+01   7.650898e-01   7.650898e-01  
177       2.352508e+01   2.350018e+01   7.651993e-01   7.651993e-01  
178       2.352509e+01   2.350018e+01   7.653052e-01   7.653052e-01  
179       2.352510e+01   2.350019e+01   7.654074e-01   7.654074e-01  
180       2.352511e+01   2.350019e+01   7.655054e-01   7.655054e-01  
181       2.352512e+01   2.350019e+01   7.655989e-01   7.655989e-01  
182       2.352513e+01   2.350020e+01   7.656876e-01   7.656876e-01  
183       2.352514e+01   2.350020e+01   7.657714e-01   7.657714e-01  
184       2.352515e+01   2.350020e+01   7.658500e-01   7.658500e-01  
185       2.352516e+01   2.350021e+01   7.659232e-01   7.659232e-01  
186       2.352516e+01   2.350021e+01   7.659910e-01   7.659910e-01  
187       2.352517e+01   2.350021e+01   7.660531e-01   7.660531e-01  
188       2.352518e+01   2.350021e+01   7.661095e-01   7.661095e-01  
189       2.352518e+01   2.350021e+01   7.661601e-01   7.661601e-01  
190       2.352518e+01   2.350022e+01   7.662049e-01   7.662049e-01  
191       2.352519e+01   2.350022e+01   7.662439e-01   7.662439e-01  
192       2.352519e+01   2.350022e+01   7.662770e-01   7.662770e-01  
193       2.352519e+01   2.350022e+01   7.663042e-01   7.663042e-01  
194       2.352519e+01   2.350022e+01   7.663257e-01   7.663257e-01  
195       2.352520e+01   2.350022e+01   7.663414e-01   7.663414e-01  
196       2.352520e+01   2.350022e+01   7.663513e-01   7.663513e-01  
197       2.352520e+01   2.350022e+01   7.663555e-01   7.663555e-01  
198       2.352520e+01   2.350022e+01   7.663540e-01   7.663540e-01  
199       2.352519e+01   2.350022e+01   7.663469e-01   7.663469e-01  
200       2.352519e+01   2.350021e+01   7.663341e-01   7.663341e-01  
201       2.352519e+01   2.350021e+01   7.663158e-01   7.663158e-01  
202       2.352519e+01   2.350021e+01   7.662921e-01   7.662921e-01  
203       2.352518e+01   2.350021e+01   7.662629e-01   7.662629e-01  
204       2.352518e+01   2.350021e+01   7.662284e-01   7.662284e-01  
205       2.352517e+01   2.350020e+01   7.661887e-01   7.661887e-01  
206       2.352517e+01   2.350020e+01   7.661440e-01   7.661440e-01  
207       2.352516e+01   2.350020e+01   7.660944e-01   7.660944e-01  
208       2.352515e+01   2.350020e+01   7.660401e-01   7.660401e-01  
209       2.352515e+01   2.350019e+01   7.659814e-01   7.659814e-01  
210       2.352514e+01   2.350019e+01   7.659184e-01   7.659184e-01  
211       2.352513e+01   2.350018e+01   7.658515e-01   7.658515e-01  
212       2.352512e+01   2.350018e+01   7.657809e-01   7.657809e-01  
213       2.352511e+01   2.350018e+01   7.657070e-01   7.657070e-01  
214       2.352510e+01   2.350017e+01   7.656299e-01   7.656299e-01  
215       2.352509e+01   2.350017e+01   7.655502e-01   7.655502e-01  
216       2.352508e+01   2.350016e+01   7.654681e-01   7.654681e-01  
217       2.352507e+01   2.350016e+01   7.653840e-01   7.653840e-01  
218       2.352506e+01   2.350015e+01   7.652982e-01   7.652982e-01  
219       2.352505e+01   2.350015e+01   7.652112e-01   7.652112e-01  
220       2.352504e+01   2.350014e+01   7.651232e-01   7.651232e-01  
221       2.352503e+01   2.350014e+01   7.650348e-01   7.650348e-01  
222       2.352502e+01   2.350014e+01   7.649461e-01   7.649461e-01  
223       2.352501e+01   2.350013e+01   7.648577e-01   7.648577e-01  
224       2.352500e+01   2.350013e+01   7.647698e-01   7.647698e-01  
225       2.352499e+01   2.350012e+01   7.646828e-01   7.646828e-01  
226       2.352498e+01   2.350012e+01   7.645969e-01   7.645969e-01  
227       2.352497e+01   2.350011e+01   7.645125e-01   7.645125e-01  
228       2.352496e+01   2.350011e+01   7.644297e-01   7.644297e-01  
229       2.352495e+01   2.350011e+01   7.643489e-01   7.643489e-01  
230       2.352495e+01   2.350010e+01   7.642702e-01   7.642702e-01  
231       2.352494e+01   2.350010e+01   7.641940e-01   7.641940e-01  
232       2.352493e+01   2.350010e+01   7.641203e-01   7.641203e-01  
233       2.352492e+01   2.350009e+01   7.640494e-01   7.640494e-01  
234       2.352492e+01   2.350009e+01   7.639815e-01   7.639815e-01  
235       2.352491e+01   2.350009e+01   7.639168e-01   7.639168e-01  
236       2.352490e+01   2.350009e+01   7.638555e-01   7.638555e-01  
237       2.352490e+01   2.350009e+01   7.637977e-01   7.637977e-01  
238       2.352490e+01   2.350009e+01   7.637437e-01   7.637437e-01  
239       2.352489e+01   2.350009e+01   7.636937e-01   7.636937e-01  
240       2.352489e+01   2.350009e+01   7.636477e-01   7.636477e-01  
241       2.352489e+01   2.350009e+01   7.636059e-01   7.636059e-01  
242       2.352488e+01   2.350009e+01   7.635685e-01   7.635685e-01  
243       2.352488e+01   2.350009e+01   7.635355e-01   7.635355e-01  
244       2.352488e+01   2.350009e+01   7.635069e-01   7.635069e-01  
245       2.352488e+01   2.350009e+01   7.634828e-01   7.634828e-01  
246       2.352488e+01   2.350009e+01   7.634632e-01   7.634632e-01  
247       2.352489e+01   2.350010e+01   7.634482e-01   7.634482e-01  
248       2.352489e+01   2.350010e+01   7.634377e-01   7.634377e-01  
249       2.352489e+01   2.350011e+01   7.634316e-01   7.634316e-01  
250       2.352490e+01   2.350011e+01   7.634301e-01   7.634301e-01  
251       2.352490e+01   2.350011e+01   7.634330e-01   7.634330e-01  
252       2.352491e+01   2.350012e+01   7.634402e-01   7.634402e-01  
253       2.352492e+01   2.350013e+01   7.634518e-01   7.634518e-01  
254       2.352492e+01   2.350013e+01   7.634676e-01   7.634676e-01  
255       2.352493e+01   2.350014e+01   7.634875e-01   7.634875e-01  
256       2.352494e+01   2.350015e+01   7.635114e-01   7.635114e-01  
257       2.352495e+01   2.350015e+01   7.635391e-01   7.635391e-01  
258       2.352496e+01   2.350016e+01   7.635705e-01   7.635705e-01  
259       2.352497e+01   2.350017e+01   7.636054e-01   7.636054e-01  
260       2.352498e+01   2.350018e+01   7.636437e-01   7.636437e-01  
261       2.352500e+01   2.350019e+01   7.636851e-01   7.636851e-01  
262       2.352501e+01   2.350020e+01   7.637295e-01   7.637295e-01  
263       2.352502e+01   2.350021e+01   7.637768e-01   7.637768e-01  
264       2.352504e+01   2.350023e+01   7.638268e-01   7.638268e-01  
265       2.352506e+01   2.350024e+01   7.638792e-01   7.638792e-01  
266       2.352507e+01   2.350025e+01   7.639340e-01   7.639340e-01  
267       2.352509e+01   2.350027e+01   7.639910e-01   7.639910e-01  
268       2.352511e+01   2.350028e+01   7.640501e-01   7.640501e-01  
269       2.352513e+01   2.350030e+01   7.641111e-01   7.641111e-01  
270       2.352515e+01   2.350031e+01   7.641740e-01   7.641740e-01  
271       2.352517e+01   2.350033e+01   7.642387e-01   7.642387e-01  
272       2.352520e+01   2.350035e+01   7.643052e-01   7.643052e-01  
273       2.352522e+01   2.350037e+01   7.643733e-01   7.643733e-01  
274       2.352525e+01   2.350039e+01   7.644431e-01   7.644431e-01  
275       2.352527e+01   2.350042e+01   7.645145e-01   7.645145e-01  
276       2.352530e+01   2.350044e+01   7.645876e-01   7.645876e-01  
277       2.352533e+01   2.350047e+01   7.646624e-01   7.646624e-01  
278       2.352537e+01   2.350049e+01   7.647389e-01   7.647389e-01  
279       2.352540e+01   2.350052e+01   7.648174e-01   7.648174e-01  
280       2.352543e+01   2.350055e+01   7.648979e-01   7.648979e-01  
281       2.352547e+01   2.350058e+01   7.649806e-01   7.649806e-01  
282       2.352550e+01   2.350061e+01   7.650658e-01   7.650658e-01  
283       2.352554e+01   2.350064e+01   7.651538e-01   7.651538e-01  
284       2.352558e+01   2.350067e+01   7.652449e-01   7.652449e-01  
285       2.352561e+01   2.350070e+01   7.653397e-01   7.653397e-01  
286       2.352565e+01   2.350073e+01   7.654386e-01   7.654386e-01  
287       2.352568e+01   2.350075e+01   7.655424e-01   7.655424e-01  
288       2.352570e+01   2.350077e+01   7.656518e-01   7.656518e-01  
289       2.352572e+01   2.350078e+01   7.657678e-01   7.657678e-01  
290       2.352573e+01   2.350079e+01   7.658915e-01   7.658915e-01  
291       2.352573e+01   2.350078e+01   7.660241e-01   7.660241e-01  
292       2.352572e+01   2.350075e+01   7.661670e-01   7.661670e-01  
293       2.352568e+01   2.350070e+01   7.663218e-01   7.663218e-01  
294       2.352562e+01   2.350063e+01   7.664905e-01   7.664905e-01  
295       2.352554e+01   2.350054e+01   7.666749e-01   7.666749e-01  
296       2.352543e+01   2.350042e+01   7.668771e-01   7.668771e-01  
297       2.352529e+01   2.350026e+01   7.670995e-01   7.670995e-01  
298       2.352512e+01   2.350008e+01   7.673444e-01   7.673444e-01  
299       2.352493e+01   2.349987e+01   7.676143e-01   7.676143e-01  
300       2.352471e+01   2.349963e+01   7.679117e-01   7.679117e-01  
301       2.352447e+01   2.349937e+01   7.682392e-01   7.682392e-01  
302       2.352421e+01   2.349909e+01   7.685993e-01   7.685993e-01  
303       2.352395e+01   2.349880e+01   7.689945e-01   7.689945e-01  
304       2.352369e+01   2.349851e+01   7.694275e-01   7.694275e-01  
305       2.352344e+01   2.349823e+01   7.699007e-01   7.699007e-01  
306       2.352320e+01   2.349796e+01   7.704165e-01   7.704165e-01  
307       2.352300e+01   2.349772e+01   7.709773e-01   7.709773e-01  
308       2.352283e+01   2.349751e+01   7.715855e-01   7.715855e-01  
309       2.352272e+01   2.349735e+01   7.722431e-01   7.722431e-01  
310       2.352266e+01   2.349725e+01   7.729523e-01   7.729523e-01  
311       2.352268e+01   2.349722e+01   7.737151e-01   7.737151e-01  
312       2.352278e+01   2.349727e+01   7.745333e-01   7.745333e-01  
313       2.352298e+01   2.349740e+01   7.754082e-01   7.754082e-01  
314       2.352327e+01   2.349763e+01   7.763410e-01   7.763410e-01  
315       2.352367e+01   2.349796e+01   7.773327e-01   7.773327e-01  
316       2.352417e+01   2.349840e+01   7.783836e-01   7.783836e-01  
317       2.352479e+01   2.349895e+01   7.794936e-01   7.794936e-01  
318       2.352553e+01   2.349961e+01   7.806625e-01   7.806625e-01  
319       2.352637e+01   2.350037e+01   7.818892e-01   7.818892e-01  
320       2.352732e+01   2.350124e+01   7.831724e-01   7.831724e-01  
321       2.352839e+01   2.350221e+01   7.845104e-01   7.845104e-01  
322       2.352955e+01   2.350328e+01   7.859011e-01   7.859011e-01  
323       2.353080e+01   2.350444e+01   7.873420e-01   7.873420e-01  
324       2.353214e+01   2.350568e+01   7.888303e-01   7.888303e-01  
325       2.353355e+01   2.350699e+01   7.903628e-01   7.903628e-01  
326       2.353503e+01   2.350837e+01   7.919362e-01   7.919362e-01  
327       2.353657e+01   2.350980e+01   7.935468e-01   7.935468e-01  
328       2.353814e+01   2.351126e+01   7.951908e-01   7.951908e-01  
329       2.353975e+01   2.351276e+01   7.968642e-01   7.968642e-01  
330       2.354138e+01   2.351428e+01   7.985632e-01   7.985632e-01  
331       2.354301e+01   2.351579e+01   8.002839e-01   8.002839e-01  
332       2.354464e+01   2.351731e+01   8.020225e-01   8.020225e-01  
333       2.354625e+01   2.351880e+01   8.037756e-01   8.037756e-01  
334       2.354783e+01   2.352025e+01   8.055397e-01   8.055397e-01  
335       2.354936e+01   2.352166e+01   8.073115e-01   8.073115e-01  
336       2.355083e+01   2.352302e+01   8.090881e-01   8.090881e-01  
337       2.355224e+01   2.352431e+01   8.108667e-01   8.108667e-01  
338       2.355358e+01   2.352552e+01   8.126447e-01   8.126447e-01  
339       2.355483e+01   2.352665e+01   8.144199e-01   8.144199e-01  
340       2.355599e+01   2.352769e+01   8.161902e-01   8.161902e-01  
341       2.355705e+01   2.352863e+01   8.179540e-01   8.179540e-01  
342       2.355801e+01   2.352947e+01   8.197100e-01   8.197100e-01  
343       2.355886e+01   2.353020e+01   8.214573e-01   8.214573e-01  
344       2.355961e+01   2.353082e+01   8.231955e-01   8.231955e-01  
345       2.356023e+01   2.353133e+01   8.249244e-01   8.249244e-01  
346       2.356073e+01   2.353171e+01   8.266442e-01   8.266442e-01  
347       2.356111e+01   2.353197e+01   8.283551e-01   8.283551e-01  
348       2.356137e+01   2.353211e+01   8.300574e-01   8.300574e-01  
349       2.356150e+01   2.353212e+01   8.317516e-01   8.317516e-01  
350       2.356150e+01   2.353200e+01   8.334385e-01   8.334385e-01  
351       2.356137e+01   2.353175e+01   8.351192e-01   8.351192e-01  
352       2.356111e+01   2.353137e+01   8.367950e-01   8.367950e-01  
353       2.356073e+01   2.353087e+01   8.384677e-01   8.384677e-01  
354       2.356021e+01   2.353023e+01   8.401391e-01   8.401391e-01  
355       2.355957e+01   2.352947e+01   8.418109e-01   8.418109e-01  
356       2.355880e+01   2.352858e+01   8.434849e-01   8.434849e-01  
357       2.355791e+01   2.352757e+01   8.451626e-01   8.451626e-01  
358       2.355691e+01   2.352645e+01   8.468454e-01   8.468453e-01  
359       2.355580e+01   2.352522e+01   8.485346e-01   8.485346e-01  
360       2.355460e+01   2.352389e+01   8.502319e-01   8.502319e-01  
361       2.355330e+01   2.352246e+01   8.519387e-01   8.519386e-01  
362       2.355191e+01   2.352095e+01   8.536563e-01   8.536562e-01  
363       2.355046e+01   2.351937e+01   8.553853e-01   8.553852e-01  
364       2.354893e+01   2.351772e+01   8.571261e-01   8.571259e-01  
365       2.354736e+01   2.351601e+01   8.588780e-01   8.588779e-01  
366       2.354575e+01   2.351427e+01   8.606402e-01   8.606401e-01  
367       2.354416e+01   2.351255e+01   8.624124e-01   8.624122e-01  
368       2.354288e+01   2.351113e+01   8.642007e-01   8.642005e-01  
369       2.354374e+01   2.351186e+01   8.660684e-01   8.660682e-01  
370       2.357033e+01   2.353828e+01   8.688868e-01   8.688866e-01  
371       2.352647e+01   2.349434e+01   8.691204e-01   8.691201e-01  
372       2.354099e+01   2.350869e+01   8.716599e-01   8.716621e-01  
373       2.356317e+01   2.353067e+01   8.747123e-01   8.747222e-01  
374       2.352744e+01   2.349481e+01   8.758812e-01   8.758811e-01  
375       2.355067e+01   2.351780e+01   8.795378e-01   8.795273e-01  
376       2.354314e+01   2.351004e+01   8.825378e-01   8.825613e-01  
377       2.355156e+01   2.351817e+01   8.863750e-01   8.863444e-01  
378       2.354544e+01   2.351175e+01   8.901994e-01   8.902271e-01  
379       2.355678e+01   2.352275e+01   8.949720e-01   8.949086e-01  
380       2.354701e+01   2.351262e+01   8.995443e-01   8.995516e-01  
381       2.355335e+01   2.351855e+01   9.049578e-01   9.049310e-01  
382       2.354198e+01   2.350675e+01   9.103590e-01   9.104122e-01  
383       2.355628e+01   2.352059e+01   9.165665e-01   9.165636e-01  
384       2.354233e+01   2.350613e+01   9.227135e-01   9.228409e-01  
385       2.355359e+01   2.351684e+01   9.299579e-01   9.299732e-01  
386       2.354358e+01   2.350625e+01   9.370505e-01   9.372742e-01  
387       2.357483e+01   2.353681e+01   9.463056e-01   9.463829e-01  
388       2.355531e+01   2.351665e+01   9.537178e-01   9.540685e-01  
389       2.355472e+01   2.351539e+01   9.620589e-01   9.622330e-01  
390       2.356676e+01   2.352652e+01   9.731651e-01   9.736979e-01  
391       2.359098e+01   2.354980e+01   9.850107e-01   9.853607e-01  
392       2.357365e+01   2.353151e+01   9.958111e-01   9.965482e-01  
393       2.357194e+01   2.352889e+01   1.006559e+00   1.007151e+00  
394       2.355458e+01   2.351038e+01   1.019426e+00   1.020443e+00  
395       2.356794e+01   2.352254e+01   1.033412e+00   1.034334e+00  
396       2.354956e+01   2.350279e+01   1.048247e+00   1.049597e+00  
397       2.356430e+01   2.351615e+01   1.063926e+00   1.065260e+00  
398       2.354200e+01   2.349227e+01   1.080589e+00   1.082320e+00  
399       2.356919e+01   2.351784e+01   1.098571e+00   1.100401e+00  
400       2.355137e+01   2.349821e+01   1.117182e+00   1.119316e+00  
401       2.359468e+01   2.353968e+01   1.137385e+00   1.139775e+00  
402       2.353173e+01   2.347480e+01   1.155457e+00   1.158023e+00  
403       2.358732e+01   2.352832e+01   1.177458e+00   1.180442e+00  
404       2.352211e+01   2.346096e+01   1.196983e+00   1.200012e+00  
405       2.358750e+01   2.352403e+01   1.220951e+00   1.224522e+00  
406       2.354798e+01   2.348199e+01   1.243912e+00   1.247433e+00  
407       2.357918e+01   2.351070e+01   1.267761e+00   1.271848e+00  
408       2.355159e+01   2.348019e+01   1.293899e+00   1.297721e+00  
409       2.355718e+01   2.348317e+01   1.317286e+00   1.321523e+00  
410       2.353947e+01   2.346242e+01   1.343943e+00   1.347270e+00  
411       2.355753e+01   2.347803e+01   1.365385e+00   1.369247e+00  
412       2.354057e+01   2.345825e+01   1.389528e+00   1.392213e+00  
413       2.356685e+01   2.348230e+01   1.407809e+00   1.412741e+00  
414       2.354483e+01   2.345787e+01   1.426824e+00   1.432329e+00  
415       2.357532e+01   2.348634e+01   1.442558e+00   1.451290e+00  
416       2.355554e+01   2.346370e+01   1.465414e+00   1.473488e+00  
417       2.358641e+01   2.349201e+01   1.485800e+00   1.495564e+00  
418       2.355290e+01   2.345615e+01   1.502475e+00   1.513487e+00  
419       2.358798e+01   2.348918e+01   1.517419e+00   1.532527e+00  
420       2.356526e+01   2.346299e+01   1.543732e+00   1.557609e+00  
421       2.358601e+01   2.348106e+01   1.565113e+00   1.577895e+00  
422       2.357591e+01   2.346855e+01   1.582489e+00   1.595738e+00  
423       2.360759e+01   2.349780e+01   1.599718e+00   1.616267e+00  
424       2.358512e+01   2.347197e+01   1.624239e+00   1.639061e+00  
425       2.361492e+01   2.349931e+01   1.642385e+00   1.658112e+00  
426       2.358838e+01   2.346946e+01   1.664273e+00   1.681103e+00  
427       2.361678e+01   2.349509e+01   1.683646e+00   1.702372e+00  
428       2.358882e+01   2.346391e+01   1.706698e+00   1.721794e+00  
429       2.361372e+01   2.348644e+01   1.723327e+00   1.739299e+00  
430       2.359920e+01   2.346990e+01   1.736791e+00   1.751964e+00  
431       2.362206e+01   2.349135e+01   1.747290e+00   1.762120e+00  
432       2.360500e+01   2.347169e+01   1.763330e+00   1.779450e+00  
433       2.362846e+01   2.349467e+01   1.766776e+00   1.784058e+00  
434       2.361930e+01   2.348374e+01   1.778760e+00   1.794794e+00  
435       2.363640e+01   2.349913e+01   1.790490e+00   1.806770e+00  
436       2.363054e+01   2.349164e+01   1.801638e+00   1.816446e+00  
437       2.363619e+01   2.349637e+01   1.807366e+00   1.822976e+00  
438       2.362542e+01   2.348382e+01   1.818753e+00   1.833867e+00  
439       2.363755e+01   2.349481e+01   1.827090e+00   1.841085e+00  
440       2.362791e+01   2.348258e+01   1.843733e+00   1.856750e+00  
441       2.364083e+01   2.349528e+01   1.845232e+00   1.858972e+00  
442       2.363687e+01   2.349004e+01   1.853137e+00   1.867004e+00  
443       2.364168e+01   2.349334e+01   1.862210e+00   1.877336e+00  
444       2.364151e+01   2.349195e+01   1.871090e+00   1.883787e+00  
445       2.364524e+01   2.349494e+01   1.873229e+00   1.891071e+00  
446       2.364604e+01   2.349508e+01   1.876310e+00   1.896303e+00  
447       2.364918e+01   2.349684e+01   1.883726e+00   1.906198e+00  
448       2.364004e+01   2.348755e+01   1.883964e+00   1.907141e+00  
449       2.365811e+01   2.350614e+01   1.881880e+00   1.904230e+00  
450       2.363863e+01   2.348541e+01   1.890626e+00   1.909418e+00  
451       2.365620e+01   2.350336e+01   1.887846e+00   1.908794e+00  
452       2.363301e+01   2.347915e+01   1.892339e+00   1.915106e+00  
453       2.365438e+01   2.350046e+01   1.892479e+00   1.917368e+00  
454       2.363885e+01   2.348384e+01   1.899094e+00   1.922948e+00  
455       2.365531e+01   2.350038e+01   1.898984e+00   1.923413e+00  
456       2.364337e+01   2.348821e+01   1.901433e+00   1.922885e+00  
457       2.365808e+01   2.350299e+01   1.899804e+00   1.924797e+00  
458       2.364257e+01   2.348676e+01   1.905396e+00   1.926933e+00  
459       2.367211e+01   2.351697e+01   1.901008e+00   1.925470e+00  
460       2.364550e+01   2.348921e+01   1.908992e+00   1.929268e+00  
461       2.366272e+01   2.350613e+01   1.911480e+00   1.931965e+00  
462       2.364206e+01   2.348508e+01   1.912881e+00   1.933634e+00  
463       2.367499e+01   2.351912e+01   1.906221e+00   1.929267e+00  
464       2.366068e+01   2.350392e+01   1.912248e+00   1.932987e+00  
465       2.365421e+01   2.349676e+01   1.918361e+00   1.934864e+00  
466       2.364205e+01   2.348473e+01   1.917645e+00   1.933096e+00  
467       2.365445e+01   2.349636e+01   1.923724e+00   1.937319e+00  
468       2.365007e+01   2.349281e+01   1.919148e+00   1.931512e+00  
469       2.366215e+01   2.350481e+01   1.920431e+00   1.932229e+00  
470       2.363699e+01   2.347871e+01   1.926225e+00   1.935825e+00  
471       2.366831e+01   2.351038e+01   1.925056e+00   1.935265e+00  
472       2.364578e+01   2.348688e+01   1.932255e+00   1.938038e+00  
473       2.366563e+01   2.350672e+01   1.931169e+00   1.940723e+00  
474       2.364697e+01   2.348701e+01   1.939460e+00   1.943731e+00  
475       2.366732e+01   2.350757e+01   1.937954e+00   1.944343e+00  
476       2.365218e+01   2.349073e+01   1.948911e+00   1.952738e+00  
477       2.367176e+01   2.351058e+01   1.948448e+00   1.951461e+00  
478       2.365718e+01   2.349427e+01   1.957927e+00   1.961624e+00  
479       2.367002e+01   2.350741e+01   1.957949e+00   1.959122e+00  
480       2.364685e+01   2.348211e+01   1.970025e+00   1.970522e+00  
481       2.367153e+01   2.350694e+01   1.967907e+00   1.972901e+00  
482       2.364834e+01   2.348163e+01   1.983065e+00   1.981067e+00  
483       2.366532e+01   2.349841e+01   1.981904e+00   1.986050e+00  
484       2.365918e+01   2.349039e+01   1.995485e+00   1.994070e+00  
485       2.367730e+01   2.350741e+01   2.000734e+00   2.003349e+00  
486       2.367406e+01   2.350331e+01   2.007181e+00   2.006622e+00  
487       2.367564e+01   2.350305e+01   2.017493e+00   2.017958e+00  
488       2.367063e+01   2.349688e+01   2.025340e+00   2.023266e+00  
489       2.368500e+01   2.351107e+01   2.025633e+00   2.026165e+00  
490       2.368387e+01   2.350801e+01   2.038684e+00   2.035436e+00  
491       2.370792e+01   2.353246e+01   2.034560e+00   2.037040e+00  
492       2.369056e+01   2.351281e+01   2.047962e+00   2.048465e+00  
493       2.370483e+01   2.352649e+01   2.050586e+00   2.053953e+00  
494       2.369706e+01   2.351693e+01   2.061466e+00   2.062699e+00  
495       2.370851e+01   2.352740e+01   2.067156e+00   2.069237e+00  
496       2.369965e+01   2.351672e+01   2.078053e+00   2.078264e+00  
497       2.371308e+01   2.352892e+01   2.084223e+00   2.087086e+00  
498       2.370762e+01   2.352184e+01   2.093970e+00   2.095122e+00  
499       2.372395e+01   2.353785e+01   2.094779e+00   2.099382e+00  
500       2.370712e+01   2.351766e+01   2.113285e+00   2.116946e+00  
501       2.372076e+01   2.353092e+01   2.114557e+00   2.121106e+00  
502       2.372655e+01   2.353516e+01   2.124595e+00   2.128770e+00  
503       2.371743e+01   2.352407e+01   2.133458e+00   2.140761e+00  
504       2.372373e+01   2.352890e+01   2.144472e+00   2.146463e+00  
505       2.372718e+01   2.353188e+01   2.144490e+00   2.151896e+00  
506       2.373175e+01   2.353440e+01   2.157701e+00   2.161508e+00  
507       2.372831e+01   2.353031e+01   2.159126e+00   2.166920e+00  
508       2.374605e+01   2.354770e+01   2.162537e+00   2.168895e+00  
509       2.373819e+01   2.353937e+01   2.162357e+00   2.173504e+00  
510       2.375511e+01   2.355512e+01   2.169835e+00   2.180330e+00  
511       2.374055e+01   2.354013e+01   2.170746e+00   2.182654e+00  
512       2.375901e+01   2.355684e+01   2.182998e+00   2.190964e+00  
513       2.374919e+01   2.354714e+01   2.179335e+00   2.192403e+00  
514       2.375461e+01   2.354965e+01   2.197254e+00   2.206212e+00  
515       2.375373e+01   2.354936e+01   2.191405e+00   2.205735e+00  
516       2.376004e+01   2.355330e+01   2.206989e+00   2.216037e+00  
517       2.375965e+01   2.355340e+01   2.200809e+00   2.216902e+00  
518       2.376014e+01   2.355125e+01   2.217409e+00   2.228440e+00  
519       2.376059e+01   2.355239e+01   2.210889e+00   2.227749e+00  
520       2.377479e+01   2.356410e+01   2.227568e+00   2.238690e+00  
521       2.376343e+01   2.355334e+01   2.221024e+00   2.237875e+00  
522       2.378542e+01   2.357360e+01   2.232027e+00   2.247161e+00  
523       2.376332e+01   2.355120e+01   2.230382e+00   2.249865e+00  
524       2.379193e+01   2.357891e+01   2.238096e+00   2.254339e+00  
525       2.377306e+01   2.355960e+01   2.237975e+00   2.257275e+00  
526       2.379912e+01   2.358495e+01   2.244763e+00   2.260364e+00  
527       2.378783e+01   2.357378e+01   2.241652e+00   2.261159e+00  
528       2.380500e+01   2.358853e+01   2.255802e+00   2.273908e+00  
529       2.378833e+01   2.357188e+01   2.253622e+00   2.274336e+00  
530       2.382628e+01   2.360839e+01   2.263634e+00   2.282909e+00  
531       2.379120e+01   2.357304e+01   2.261472e+00   2.284404e+00  
532       2.383249e+01   2.361340e+01   2.269142e+00   2.290337e+00  
533       2.378701e+01   2.356668e+01   2.272358e+00   2.295577e+00  
534       2.384402e+01   2.362345e+01   2.277849e+00   2.298180e+00  
535       2.378674e+01   2.356531e+01   2.277077e+00   2.302217e+00  
536       2.384230e+01   2.361944e+01   2.289962e+00   2.309409e+00  
537       2.379157e+01   2.356813e+01   2.287139e+00   2.313243e+00  
538       2.384154e+01   2.361683e+01   2.298529e+00   2.319784e+00  
539       2.379031e+01   2.356569e+01   2.293380e+00   2.318863e+00  
540       2.384920e+01   2.362265e+01   2.307867e+00   2.329882e+00  
541       2.379385e+01   2.356706e+01   2.305599e+00   2.329205e+00  
542       2.385588e+01   2.362864e+01   2.312359e+00   2.333104e+00  
543       2.379113e+01   2.356391e+01   2.308139e+00   2.330746e+00  
544       2.387297e+01   2.364462e+01   2.319950e+00   2.338461e+00  
545       2.379254e+01   2.356366e+01   2.317167e+00   2.338702e+00  
546       2.388316e+01   2.365446e+01   2.322748e+00   2.340281e+00  
547       2.381155e+01   2.358264e+01   2.319608e+00   2.338495e+00  
548       2.389033e+01   2.366053e+01   2.328616e+00   2.346243e+00  
549       2.381721e+01   2.358681e+01   2.327328e+00   2.346380e+00  
550       2.388819e+01   2.365624e+01   2.340356e+00   2.356022e+00  
551       2.380282e+01   2.357031e+01   2.338403e+00   2.355092e+00  
552       2.389938e+01   2.366662e+01   2.345787e+00   2.359789e+00  
553       2.382101e+01   2.358851e+01   2.340541e+00   2.354663e+00  
554       2.390950e+01   2.367473e+01   2.357057e+00   2.369811e+00  
555       2.381462e+01   2.357982e+01   2.352867e+00   2.364805e+00  
556       2.389958e+01   2.366292e+01   2.366725e+00   2.377965e+00  
557       2.383194e+01   2.359608e+01   2.359456e+00   2.370576e+00  
558       2.392091e+01   2.368229e+01   2.379299e+00   2.387126e+00  
559       2.382549e+01   2.358655e+01   2.374859e+00   2.385057e+00  
560       2.393138e+01   2.368984e+01   2.394731e+00   2.401606e+00  
561       2.383861e+01   2.359807e+01   2.385532e+00   2.391583e+00  
562       2.393924e+01   2.369581e+01   2.405022e+00   2.410708e+00  
563       2.384442e+01   2.360114e+01   2.400404e+00   2.404357e+00  
564       2.394316e+01   2.369669e+01   2.421337e+00   2.424675e+00  
565       2.384562e+01   2.360023e+01   2.411376e+00   2.414103e+00  
566       2.394347e+01   2.369418e+01   2.435540e+00   2.438043e+00  
567       2.384539e+01   2.359742e+01   2.424380e+00   2.426284e+00  
568       2.395950e+01   2.370855e+01   2.444629e+00   2.446658e+00  
569       2.385775e+01   2.360724e+01   2.437379e+00   2.439211e+00  
570       2.395743e+01   2.370344e+01   2.459828e+00   2.460602e+00  
571       2.385385e+01   2.360021e+01   2.452397e+00   2.453968e+00  
572       2.396047e+01   2.370375e+01   2.473454e+00   2.473533e+00  
573       2.385577e+01   2.359950e+01   2.464900e+00   2.466954e+00  
574       2.396560e+01   2.370610e+01   2.486985e+00   2.487027e+00  
575       2.386922e+01   2.361096e+01   2.476142e+00   2.476034e+00  
576       2.397717e+01   2.371568e+01   2.496826e+00   2.497464e+00  
577       2.386441e+01   2.360224e+01   2.493372e+00   2.495461e+00  
578       2.398350e+01   2.371918e+01   2.510199e+00   2.511523e+00  
579       2.387162e+01   2.360733e+01   2.504009e+00   2.505650e+00  
580       2.399399e+01   2.372763e+01   2.520825e+00   2.521216e+00  
581       2.386870e+01   2.360168e+01   2.517163e+00   2.517808e+00  
582       2.400192e+01   2.373403e+01   2.528537e+00   2.528736e+00  
583       2.387689e+01   2.360877e+01   2.522153e+00   2.524050e+00  
584       2.400651e+01   2.373735e+01   2.535574e+00   2.534099e+00  
585       2.388115e+01   2.361268e+01   2.524814e+00   2.525078e+00  
586       2.400710e+01   2.373803e+01   2.536320e+00   2.532616e+00  
587       2.388116e+01   2.361265e+01   2.524789e+00   2.525522e+00  
588       2.401092e+01   2.374094e+01   2.540684e+00   2.537094e+00  
589       2.388330e+01   2.361472e+01   2.525174e+00   2.525984e+00  
590       2.400669e+01   2.373576e+01   2.545552e+00   2.540652e+00  
591       2.388255e+01   2.361273e+01   2.532008e+00   2.530659e+00  
592       2.401427e+01   2.374404e+01   2.541874e+00   2.538619e+00  
593       2.389592e+01   2.362702e+01   2.528067e+00   2.527432e+00  
594       2.400346e+01   2.373204e+01   2.547396e+00   2.543040e+00  
595       2.389997e+01   2.363121e+01   2.526657e+00   2.527907e+00  
596       2.401653e+01   2.374652e+01   2.541029e+00   2.537578e+00  
597       2.388717e+01   2.361708e+01   2.532496e+00   2.533124e+00  
598       2.401930e+01   2.374928e+01   2.540860e+00   2.538185e+00  
599       2.389003e+01   2.362023e+01   2.530983e+00   2.532268e+00  
600       2.402083e+01   2.375179e+01   2.535322e+00   2.534767e+00  
601       2.388493e+01   2.361501e+01   2.530264e+00   2.533557e+00  
602       2.402916e+01   2.376056e+01   2.533275e+00   2.533543e+00  
603       2.388548e+01   2.361608e+01   2.527408e+00   2.531649e+00  
604       2.401761e+01   2.374808e+01   2.536594e+00   2.537716e+00  
605       2.388732e+01   2.361752e+01   2.529079e+00   2.533873e+00  
606       2.401684e+01   2.374729e+01   2.534904e+00   2.539517e+00  
607       2.388675e+01   2.361686e+01   2.530273e+00   2.533484e+00  
608       2.400468e+01   2.373403e+01   2.539712e+00   2.543707e+00  
609       2.388157e+01   2.361089e+01   2.532062e+00   2.538452e+00  
610       2.400719e+01   2.373607e+01   2.542298e+00   2.545760e+00  
611       2.387681e+01   2.360546e+01   2.534732e+00   2.541597e+00  
612       2.400590e+01   2.373369e+01   2.547096e+00   2.550947e+00  
613       2.388562e+01   2.361336e+01   2.538299e+00   2.547336e+00  
614       2.400605e+01   2.373264e+01   2.552635e+00   2.556594e+00  
615       2.388969e+01   2.361729e+01   2.539464e+00   2.547891e+00  
616       2.401295e+01   2.373940e+01   2.552829e+00   2.558465e+00  
617       2.389756e+01   2.362419e+01   2.545465e+00   2.551823e+00  
618       2.402539e+01   2.375189e+01   2.554054e+00   2.558050e+00  
619       2.389620e+01   2.362201e+01   2.547552e+00   2.557112e+00  
620       2.403043e+01   2.375619e+01   2.559634e+00   2.559958e+00  
621       2.389910e+01   2.362500e+01   2.548166e+00   2.556073e+00  
622       2.403178e+01   2.375631e+01   2.564768e+00   2.566369e+00  
623       2.390784e+01   2.363319e+01   2.551574e+00   2.558631e+00  
624       2.403808e+01   2.376233e+01   2.565921e+00   2.568492e+00  
625       2.390981e+01   2.363267e+01   2.563457e+00   2.570008e+00  
626       2.403633e+01   2.376003e+01   2.569540e+00   2.569793e+00  
627       2.391214e+01   2.363409e+01   2.568644e+00   2.573443e+00  
628       2.403771e+01   2.375944e+01   2.579466e+00   2.578147e+00  
629       2.391684e+01   2.363814e+01   2.572282e+00   2.576188e+00  
630       2.403888e+01   2.375877e+01   2.587173e+00   2.587500e+00  
631       2.393298e+01   2.365328e+01   2.578273e+00   2.581144e+00  
632       2.404584e+01   2.376482e+01   2.593526e+00   2.590228e+00  
633       2.393824e+01   2.365687e+01   2.587263e+00   2.588054e+00  
634       2.404820e+01   2.376479e+01   2.603999e+00   2.601861e+00  
635       2.393883e+01   2.365530e+01   2.596878e+00   2.598237e+00  
636       2.405333e+01   2.376791e+01   2.613163e+00   2.611675e+00  
637       2.394992e+01   2.366562e+01   2.601791e+00   2.601573e+00  
638       2.406001e+01   2.377292e+01   2.622074e+00   2.618635e+00  
639       2.394837e+01   2.366148e+01   2.612778e+00   2.613891e+00  
640       2.404768e+01   2.375714e+01   2.636653e+00   2.633851e+00  
641       2.395402e+01   2.366471e+01   2.624294e+00   2.624786e+00  
642       2.405551e+01   2.376449e+01   2.639514e+00   2.636181e+00  
643       2.396581e+01   2.367464e+01   2.633272e+00   2.633870e+00  
644       2.406223e+01   2.376826e+01   2.652981e+00   2.649962e+00  
645       2.396689e+01   2.367270e+01   2.647366e+00   2.646970e+00  
646       2.407139e+01   2.377559e+01   2.661524e+00   2.658886e+00  
647       2.398345e+01   2.368774e+01   2.655338e+00   2.654364e+00  
648       2.408505e+01   2.378756e+01   2.670343e+00   2.666674e+00  
649       2.397279e+01   2.367369e+01   2.669272e+00   2.669481e+00  
650       2.409565e+01   2.379631e+01   2.680226e+00   2.674366e+00  
651       2.399844e+01   2.369919e+01   2.671506e+00   2.671393e+00  
652       2.410081e+01   2.379897e+01   2.691085e+00   2.686264e+00  
653       2.400289e+01   2.370143e+01   2.681343e+00   2.681611e+00  
654       2.411397e+01   2.381080e+01   2.697863e+00   2.692698e+00  
655       2.399643e+01   2.369286e+01   2.690834e+00   2.689986e+00  
656       2.411018e+01   2.380470e+01   2.708029e+00   2.702488e+00  
657       2.399974e+01   2.369419e+01   2.699043e+00   2.699667e+00  
658       2.412090e+01   2.381511e+01   2.709838e+00   2.704672e+00  
659       2.401242e+01   2.370711e+01   2.699571e+00   2.698437e+00  
660       2.411513e+01   2.380745e+01   2.718179e+00   2.712203e+00  
661       2.401732e+01   2.371135e+01   2.703931e+00   2.700479e+00  
662       2.411911e+01   2.381038e+01   2.722032e+00   2.718063e+00  
663       2.401968e+01   2.371325e+01   2.705805e+00   2.702841e+00  
664       2.411835e+01   2.380909e+01   2.724458e+00   2.720232e+00  
665       2.402281e+01   2.371561e+01   2.709462e+00   2.706275e+00  
666       2.412112e+01   2.381153e+01   2.727245e+00   2.720598e+00  
667       2.402104e+01   2.371227e+01   2.715272e+00   2.714005e+00  
668       2.412921e+01   2.381957e+01   2.727701e+00   2.721440e+00  
669       2.403208e+01   2.372325e+01   2.716274e+00   2.714827e+00  
670       2.412984e+01   2.381899e+01   2.731807e+00   2.727994e+00  
671       2.403894e+01   2.373007e+01   2.717470e+00   2.714727e+00  
672       2.413698e+01   2.382720e+01   2.727490e+00   2.723735e+00  
673       2.405210e+01   2.374371e+01   2.714381e+00   2.715176e+00  
674       2.413766e+01   2.382732e+01   2.730290e+00   2.725976e+00  
675       2.405071e+01   2.374179e+01   2.715855e+00   2.718180e+00  
676       2.415155e+01   2.384215e+01   2.725648e+00   2.723962e+00  
677       2.405967e+01   2.375087e+01   2.716260e+00   2.717677e+00  
678       2.414800e+01   2.383775e+01   2.728426e+00   2.728254e+00  
679       2.406840e+01   2.375978e+01   2.716000e+00   2.717347e+00  
680       2.413786e+01   2.382707e+01   2.731093e+00   2.729118e+00  
681       2.408155e+01   2.377244e+01   2.717245e+00   2.721865e+00  
682       2.413705e+01   2.382566e+01   2.733441e+00   2.731985e+00  
683       2.409162e+01   2.378234e+01   2.718176e+00   2.723560e+00  
684       2.413301e+01   2.382022e+01   2.740355e+00   2.736682e+00  
685       2.410013e+01   2.379024e+01   2.721537e+00   2.726522e+00  
686       2.414218e+01   2.382969e+01   2.738201e+00   2.737365e+00  
687       2.410492e+01   2.379411e+01   2.725618e+00   2.731089e+00  
688       2.414024e+01   2.382575e+01   2.746697e+00   2.745932e+00  
689       2.411336e+01   2.380226e+01   2.727415e+00   2.732721e+00  
690       2.414816e+01   2.383378e+01   2.745310e+00   2.747276e+00  
691       2.411282e+01   2.380089e+01   2.730909e+00   2.736444e+00  
692       2.415443e+01   2.383969e+01   2.748114e+00   2.748410e+00  
693       2.411438e+01   2.380193e+01   2.733330e+00   2.738706e+00  
694       2.415142e+01   2.383628e+01   2.748828e+00   2.750821e+00  
695       2.410870e+01   2.379500e+01   2.737973e+00   2.744187e+00  
696       2.415971e+01   2.384442e+01   2.750454e+00   2.751407e+00  
697       2.411417e+01   2.380049e+01   2.738941e+00   2.743776e+00  
698       2.414997e+01   2.383309e+01   2.756820e+00   2.757670e+00  
699       2.411846e+01   2.380391e+01   2.743203e+00   2.747461e+00  
700       2.415336e+01   2.383574e+01   2.760593e+00   2.760724e+00  
701       2.411376e+01   2.379837e+01   2.746385e+00   2.751086e+00  
702       2.415355e+01   2.383551e+01   2.762383e+00   2.762550e+00  
703       2.412537e+01   2.380900e+01   2.751271e+00   2.755933e+00  
704       2.415691e+01   2.383780e+01   2.767781e+00   2.766781e+00  
705       2.412568e+01   2.380899e+01   2.753005e+00   2.757083e+00  
706       2.416224e+01   2.384352e+01   2.767512e+00   2.764231e+00  
707       2.413990e+01   2.382248e+01   2.757076e+00   2.760978e+00  
708       2.415698e+01   2.383641e+01   2.774057e+00   2.773094e+00  
709       2.414937e+01   2.383103e+01   2.761627e+00   2.765410e+00  
710       2.415312e+01   2.383072e+01   2.781823e+00   2.780564e+00  
711       2.414787e+01   2.382781e+01   2.769798e+00   2.771885e+00  
712       2.415124e+01   2.382769e+01   2.786774e+00   2.785169e+00  
713       2.414459e+01   2.382267e+01   2.777591e+00   2.779648e+00  
714       2.416079e+01   2.383638e+01   2.790918e+00   2.789553e+00  
715       2.415117e+01   2.382809e+01   2.783518e+00   2.784384e+00  
716       2.415926e+01   2.383339e+01   2.797224e+00   2.795519e+00  
717       2.416275e+01   2.383783e+01   2.792419e+00   2.792566e+00  
718       2.415767e+01   2.383052e+01   2.802991e+00   2.800431e+00  
719       2.416405e+01   2.383706e+01   2.801404e+00   2.801396e+00  
720       2.415716e+01   2.382872e+01   2.807607e+00   2.806761e+00  
721       2.417899e+01   2.385148e+01   2.804765e+00   2.804215e+00  
722       2.416020e+01   2.383059e+01   2.814226e+00   2.810446e+00  
723       2.417634e+01   2.384725e+01   2.811620e+00   2.810515e+00  
724       2.415180e+01   2.382053e+01   2.820189e+00   2.817576e+00  
725       2.417936e+01   2.384792e+01   2.822216e+00   2.820165e+00  
726       2.414944e+01   2.381699e+01   2.824977e+00   2.822356e+00  
727       2.418969e+01   2.385812e+01   2.823134e+00   2.821535e+00  
728       2.414192e+01   2.380803e+01   2.831196e+00   2.827460e+00  
729       2.419024e+01   2.385731e+01   2.828920e+00   2.827295e+00  
730       2.413330e+01   2.379769e+01   2.837023e+00   2.835089e+00  
731       2.419580e+01   2.386248e+01   2.831781e+00   2.828389e+00  
732       2.413721e+01   2.380154e+01   2.837072e+00   2.836011e+00  
733       2.418864e+01   2.385391e+01   2.837581e+00   2.833604e+00  
734       2.412771e+01   2.379101e+01   2.841397e+00   2.839109e+00  
735       2.418719e+01   2.385234e+01   2.837574e+00   2.834435e+00  
736       2.413604e+01   2.380043e+01   2.837953e+00   2.834400e+00  
737       2.419813e+01   2.386391e+01   2.836057e+00   2.831911e+00  
738       2.412275e+01   2.378662e+01   2.839061e+00   2.836120e+00  
739       2.419180e+01   2.385756e+01   2.836406e+00   2.831001e+00  
740       2.411617e+01   2.377986e+01   2.839142e+00   2.836789e+00  
741       2.419362e+01   2.385911e+01   2.836430e+00   2.833462e+00  
742       2.411494e+01   2.377913e+01   2.836981e+00   2.834553e+00  
743       2.418487e+01   2.385027e+01   2.836087e+00   2.833551e+00  
744       2.411969e+01   2.378426e+01   2.836277e+00   2.832624e+00  
745       2.418670e+01   2.385206e+01   2.836947e+00   2.833251e+00  
746       2.410283e+01   2.376696e+01   2.837210e+00   2.833437e+00  
747       2.419213e+01   2.385757e+01   2.835935e+00   2.834227e+00  
748       2.410636e+01   2.377114e+01   2.834058e+00   2.831517e+00  
749       2.419273e+01   2.385863e+01   2.834445e+00   2.831925e+00  
750       2.408910e+01   2.375367e+01   2.834549e+00   2.830814e+00  
751       2.419812e+01   2.386404e+01   2.833772e+00   2.833021e+00  
752       2.409412e+01   2.375963e+01   2.830509e+00   2.827489e+00  
753       2.419693e+01   2.386325e+01   2.831502e+00   2.831844e+00  
754       2.409201e+01   2.375780e+01   2.829417e+00   2.826027e+00  
755       2.420806e+01   2.387510e+01   2.829254e+00   2.829293e+00  
756       2.408518e+01   2.375173e+01   2.825679e+00   2.822516e+00  
757       2.421164e+01   2.387889e+01   2.828215e+00   2.829028e+00  
758       2.408678e+01   2.375371e+01   2.823271e+00   2.821991e+00  
759       2.421828e+01   2.388559e+01   2.828177e+00   2.829299e+00  
760       2.408124e+01   2.374743e+01   2.825255e+00   2.825607e+00  
761       2.422709e+01   2.389506e+01   2.826216e+00   2.826688e+00  
762       2.408425e+01   2.375123e+01   2.821870e+00   2.822546e+00  
763       2.423354e+01   2.390116e+01   2.828022e+00   2.828713e+00  
764       2.407315e+01   2.374007e+01   2.820903e+00   2.822779e+00  
765       2.422713e+01   2.389383e+01   2.830788e+00   2.832930e+00  
766       2.407994e+01   2.374779e+01   2.816924e+00   2.819814e+00  
767       2.422222e+01   2.388797e+01   2.833790e+00   2.837313e+00  
768       2.407228e+01   2.374011e+01   2.816552e+00   2.819391e+00  
769       2.421312e+01   2.387816e+01   2.837194e+00   2.838791e+00  
770       2.408045e+01   2.374938e+01   2.812388e+00   2.815257e+00  
771       2.420590e+01   2.386971e+01   2.841442e+00   2.844069e+00  
772       2.407624e+01   2.374486e+01   2.812838e+00   2.816862e+00  
773       2.421047e+01   2.387387e+01   2.843638e+00   2.845871e+00  
774       2.407827e+01   2.374722e+01   2.811833e+00   2.815349e+00  
775       2.421919e+01   2.388314e+01   2.842282e+00   2.843603e+00  
776       2.407511e+01   2.374365e+01   2.813776e+00   2.816449e+00  
777       2.422192e+01   2.388529e+01   2.844550e+00   2.846528e+00  
778       2.406934e+01   2.373666e+01   2.818369e+00   2.821446e+00  
779       2.423277e+01   2.389648e+01   2.843285e+00   2.846203e+00  
780       2.407122e+01   2.373771e+01   2.822371e+00   2.824759e+00  
781       2.423212e+01   2.389506e+01   2.846647e+00   2.849260e+00  
782       2.406996e+01   2.373543e+01   2.826686e+00   2.828826e+00  
783       2.423592e+01   2.389737e+01   2.853756e+00   2.855168e+00  
784       2.406188e+01   2.372614e+01   2.831424e+00   2.833292e+00  
785       2.422872e+01   2.388858e+01   2.859755e+00   2.861558e+00  
786       2.406340e+01   2.372654e+01   2.836944e+00   2.837285e+00  
787       2.423021e+01   2.388808e+01   2.867284e+00   2.870806e+00  
788       2.405747e+01   2.371954e+01   2.841734e+00   2.840763e+00  
789       2.423119e+01   2.388720e+01   2.875397e+00   2.878223e+00  
790       2.406555e+01   2.372636e+01   2.847456e+00   2.846439e+00  
791       2.423532e+01   2.389060e+01   2.878751e+00   2.881449e+00  
792       2.406560e+01   2.372525e+01   2.851920e+00   2.851722e+00  
793       2.424691e+01   2.390064e+01   2.885487e+00   2.888947e+00  
794       2.406783e+01   2.372549e+01   2.860586e+00   2.859893e+00  
795       2.424762e+01   2.389925e+01   2.893597e+00   2.898348e+00  
796       2.405887e+01   2.371523e+01   2.865641e+00   2.864450e+00  
797       2.425934e+01   2.391021e+01   2.897307e+00   2.902228e+00  
798       2.405500e+01   2.370971e+01   2.871327e+00   2.872011e+00  
799       2.426192e+01   2.391174e+01   2.902370e+00   2.906180e+00  
800       2.405991e+01   2.371359e+01   2.875862e+00   2.876477e+00  
801       2.426468e+01   2.391275e+01   2.910631e+00   2.912625e+00  
802       2.404674e+01   2.369797e+01   2.885027e+00   2.885941e+00  
803       2.426901e+01   2.391549e+01   2.917428e+00   2.919383e+00  
804       2.404433e+01   2.369420e+01   2.890666e+00   2.891174e+00  
805       2.427341e+01   2.391863e+01   2.922270e+00   2.925380e+00  
806       2.404646e+01   2.369567e+01   2.893495e+00   2.894002e+00  
807       2.427851e+01   2.392286e+01   2.926717e+00   2.928698e+00  
808       2.404549e+01   2.369399e+01   2.896189e+00   2.896982e+00  
809       2.426483e+01   2.390762e+01   2.932064e+00   2.934411e+00  
810       2.405477e+01   2.370287e+01   2.898825e+00   2.898729e+00  
811       2.426428e+01   2.390667e+01   2.934574e+00   2.935139e+00  
812       2.405730e+01   2.370549e+01   2.898384e+00   2.898816e+00  
813       2.426038e+01   2.390234e+01   2.936671e+00   2.935997e+00  
814       2.404809e+01   2.369569e+01   2.900255e+00   2.900591e+00  
815       2.426609e+01   2.390835e+01   2.935315e+00   2.935632e+00  
816       2.404837e+01   2.369536e+01   2.902836e+00   2.903064e+00  
817       2.425827e+01   2.389967e+01   2.938605e+00   2.938342e+00  
818       2.404434e+01   2.369061e+01   2.905538e+00   2.905687e+00  
819       2.425940e+01   2.390062e+01   2.938183e+00   2.940392e+00  
820       2.404730e+01   2.369351e+01   2.907626e+00   2.904451e+00  
821       2.426774e+01   2.390975e+01   2.935466e+00   2.937678e+00  
822       2.404455e+01   2.369026e+01   2.909606e+00   2.906240e+00  
823       2.425389e+01   2.389499e+01   2.939069e+00   2.939811e+00  
824       2.402959e+01   2.367442e+01   2.910829e+00   2.910374e+00  
825       2.425973e+01   2.390032e+01   2.940945e+00   2.942742e+00  
826       2.402613e+01   2.367110e+01   2.909491e+00   2.910130e+00  
827       2.425745e+01   2.389831e+01   2.939623e+00   2.941644e+00  
828       2.402306e+01   2.366785e+01   2.908865e+00   2.911851e+00  
829       2.425996e+01   2.390097e+01   2.939778e+00   2.940596e+00  
830       2.403147e+01   2.367618e+01   2.910749e+00   2.911610e+00  
831       2.426236e+01   2.390326e+01   2.939752e+00   2.941852e+00  
832       2.403673e+01   2.368135e+01   2.911297e+00   2.912464e+00  
833       2.426579e+01   2.390683e+01   2.938201e+00   2.942618e+00  
834       2.403916e+01   2.368317e+01   2.913514e+00   2.915475e+00  
835       2.426292e+01   2.390401e+01   2.937092e+00   2.942972e+00  
836       2.404899e+01   2.369254e+01   2.916583e+00   2.917404e+00  
837       2.426865e+01   2.390910e+01   2.939889e+00   2.946067e+00  
838       2.405596e+01   2.369878e+01   2.919737e+00   2.920949e+00  
839       2.426861e+01   2.390904e+01   2.940440e+00   2.945718e+00  
840       2.405310e+01   2.369492e+01   2.923210e+00   2.925318e+00  
841       2.427861e+01   2.391966e+01   2.937700e+00   2.944598e+00  
842       2.405924e+01   2.370046e+01   2.925952e+00   2.928168e+00  
843       2.427721e+01   2.391804e+01   2.938203e+00   2.945788e+00  
844       2.405861e+01   2.369873e+01   2.929583e+00   2.933332e+00  
845       2.428315e+01   2.392343e+01   2.941588e+00   2.947490e+00  
846       2.406806e+01   2.370811e+01   2.930485e+00   2.934182e+00  
847       2.427329e+01   2.391253e+01   2.945410e+00   2.951001e+00  
848       2.407596e+01   2.371517e+01   2.934437e+00   2.937975e+00  
849       2.427323e+01   2.391085e+01   2.950942e+00   2.958524e+00  
850       2.407474e+01   2.371326e+01   2.937140e+00   2.940621e+00  
851       2.427723e+01   2.391410e+01   2.953965e+00   2.962078e+00  
852       2.408698e+01   2.372502e+01   2.939574e+00   2.943664e+00  
853       2.427885e+01   2.391471e+01   2.958677e+00   2.965685e+00  
854       2.408016e+01   2.371659e+01   2.946070e+00   2.949263e+00  
855       2.428855e+01   2.392381e+01   2.960506e+00   2.969987e+00  
856       2.408992e+01   2.372511e+01   2.952612e+00   2.953899e+00  
857       2.428176e+01   2.391496e+01   2.967599e+00   2.978553e+00  
858       2.409248e+01   2.372626e+01   2.957883e+00   2.960280e+00  
859       2.428245e+01   2.391450e+01   2.973240e+00   2.982204e+00  
860       2.410674e+01   2.373903e+01   2.964837e+00   2.967020e+00  
861       2.427433e+01   2.390459e+01   2.980548e+00   2.988289e+00  
862       2.410988e+01   2.374011e+01   2.973221e+00   2.975437e+00  
863       2.427845e+01   2.390763e+01   2.984426e+00   2.993562e+00  
864       2.412845e+01   2.375782e+01   2.978183e+00   2.979668e+00  
865       2.427700e+01   2.390497e+01   2.988827e+00   2.998665e+00  
866       2.413880e+01   2.376737e+01   2.981354e+00   2.984212e+00  
867       2.427541e+01   2.390161e+01   2.996195e+00   3.005217e+00  
868       2.414218e+01   2.376935e+01   2.986933e+00   2.990145e+00  
869       2.427311e+01   2.389802e+01   3.001476e+00   3.009964e+00  
870       2.414781e+01   2.377325e+01   2.993558e+00   2.997980e+00  
871       2.427424e+01   2.389799e+01   3.005883e+00   3.014848e+00  
872       2.413929e+01   2.376189e+01   3.003730e+00   3.009240e+00  
873       2.427563e+01   2.389821e+01   3.010115e+00   3.020079e+00  
874       2.414069e+01   2.376209e+01   3.008858e+00   3.013772e+00  
875       2.427238e+01   2.389355e+01   3.015531e+00   3.025428e+00  
876       2.415287e+01   2.377343e+01   3.012634e+00   3.018131e+00  
877       2.426494e+01   2.388436e+01   3.023359e+00   3.030469e+00  
878       2.415036e+01   2.376905e+01   3.019626e+00   3.025556e+00  
879       2.425847e+01   2.387576e+01   3.030645e+00   3.039208e+00  
880       2.415160e+01   2.376865e+01   3.026572e+00   3.031706e+00  
881       2.424776e+01   2.386392e+01   3.035402e+00   3.041891e+00  
882       2.415036e+01   2.376647e+01   3.030047e+00   3.035393e+00  
883       2.424736e+01   2.386267e+01   3.039204e+00   3.044713e+00  
884       2.415895e+01   2.377464e+01   3.032318e+00   3.037494e+00  
885       2.422955e+01   2.384329e+01   3.044005e+00   3.050013e+00  
886       2.416265e+01   2.377774e+01   3.035536e+00   3.039453e+00  
887       2.422169e+01   2.383378e+01   3.049980e+00   3.055935e+00  
888       2.416539e+01   2.378014e+01   3.037736e+00   3.040251e+00  
889       2.421791e+01   2.382979e+01   3.049627e+00   3.057502e+00  
890       2.417499e+01   2.378934e+01   3.040224e+00   3.042130e+00  
891       2.421802e+01   2.382948e+01   3.050260e+00   3.060129e+00  
892       2.416753e+01   2.378124e+01   3.042387e+00   3.044066e+00  
893       2.421546e+01   2.382650e+01   3.051757e+00   3.061503e+00  
894       2.417082e+01   2.378410e+01   3.043592e+00   3.046577e+00  
895       2.421706e+01   2.382809e+01   3.052657e+00   3.060933e+00  
896       2.417186e+01   2.378459e+01   3.045699e+00   3.048964e+00  
897       2.421647e+01   2.382856e+01   3.048740e+00   3.056465e+00  
898       2.417578e+01   2.378863e+01   3.044680e+00   3.049477e+00  
899       2.420877e+01   2.382041e+01   3.050635e+00   3.057187e+00  
900       2.417899e+01   2.379146e+01   3.044689e+00   3.052806e+00  
901       2.420813e+01   2.381997e+01   3.049810e+00   3.056329e+00  
902       2.417526e+01   2.378755e+01   3.044646e+00   3.053815e+00  
903       2.419332e+01   2.380466e+01   3.050535e+00   3.057639e+00  
904       2.418256e+01   2.379517e+01   3.044430e+00   3.052459e+00  
905       2.420022e+01   2.381184e+01   3.049341e+00   3.057532e+00  
906       2.418701e+01   2.380001e+01   3.044165e+00   3.050232e+00  
907       2.419337e+01   2.380410e+01   3.054114e+00   3.058802e+00  
908       2.418485e+01   2.379794e+01   3.042505e+00   3.050934e+00  
909       2.418514e+01   2.379591e+01   3.052679e+00   3.058864e+00  
910       2.419158e+01   2.380458e+01   3.043495e+00   3.051516e+00  
911       2.418240e+01   2.379304e+01   3.053666e+00   3.058565e+00  
912       2.418833e+01   2.380129e+01   3.043526e+00   3.051433e+00  
913       2.417464e+01   2.378530e+01   3.052641e+00   3.058451e+00  
914       2.419606e+01   2.380884e+01   3.044728e+00   3.052569e+00  
915       2.417485e+01   2.378506e+01   3.054942e+00   3.059675e+00  
916       2.419646e+01   2.380867e+01   3.046736e+00   3.055035e+00  
917       2.416445e+01   2.377421e+01   3.055062e+00   3.061760e+00  
918       2.419120e+01   2.380298e+01   3.048791e+00   3.055713e+00  
919       2.417129e+01   2.378144e+01   3.053359e+00   3.061240e+00  
920       2.418232e+01   2.379318e+01   3.052892e+00   3.057628e+00  
921       2.416769e+01   2.377746e+01   3.055307e+00   3.061853e+00  
922       2.417988e+01   2.378988e+01   3.056999e+00   3.059925e+00  
923       2.416796e+01   2.377768e+01   3.055392e+00   3.062120e+00  
924       2.417165e+01   2.378096e+01   3.059915e+00   3.061298e+00  
925       2.416675e+01   2.377648e+01   3.055367e+00   3.061915e+00  
926       2.417773e+01   2.378675e+01   3.060846e+00   3.063398e+00  
927       2.416439e+01   2.377365e+01   3.056265e+00   3.064415e+00  
928       2.418025e+01   2.378978e+01   3.059439e+00   3.061145e+00  
929       2.417428e+01   2.378328e+01   3.057241e+00   3.066743e+00  
930       2.418041e+01   2.378905e+01   3.063532e+00   3.063998e+00  
931       2.418507e+01   2.379342e+01   3.061714e+00   3.068646e+00  
932       2.417998e+01   2.378765e+01   3.066511e+00   3.068452e+00  
933       2.418016e+01   2.378750e+01   3.065673e+00   3.071861e+00  
934       2.418736e+01   2.379385e+01   3.070964e+00   3.074167e+00  
935       2.417671e+01   2.378278e+01   3.071003e+00   3.075963e+00  
936       2.419484e+01   2.380048e+01   3.075362e+00   3.077273e+00  
937       2.417688e+01   2.378207e+01   3.074940e+00   3.078835e+00  
938       2.420399e+01   2.380827e+01   3.080661e+00   3.083617e+00  
939       2.417796e+01   2.378249e+01   3.078259e+00   3.080819e+00  
940       2.420752e+01   2.381068e+01   3.085213e+00   3.088187e+00  
941       2.417580e+01   2.377940e+01   3.080719e+00   3.085157e+00  
942       2.422460e+01   2.382666e+01   3.090483e+00   3.093551e+00  
943       2.416431e+01   2.376637e+01   3.085842e+00   3.090514e+00  
944       2.423233e+01   2.383327e+01   3.095796e+00   3.097916e+00  
945       2.416566e+01   2.376666e+01   3.089861e+00   3.094795e+00  
946       2.424128e+01   2.384061e+01   3.102457e+00   3.104800e+00  
947       2.415676e+01   2.375633e+01   3.094436e+00   3.100119e+00  
948       2.423952e+01   2.383800e+01   3.105792e+00   3.107705e+00  
949       2.417070e+01   2.376985e+01   3.096890e+00   3.102599e+00  
950       2.424891e+01   2.384688e+01   3.108838e+00   3.109780e+00  
951       2.416360e+01   2.376145e+01   3.101871e+00   3.106699e+00  
952       2.425299e+01   2.385016e+01   3.112467e+00   3.112900e+00  
953       2.417092e+01   2.376830e+01   3.104198e+00   3.108853e+00  
954       2.425945e+01   2.385583e+01   3.116277e+00   3.115923e+00  
955       2.416434e+01   2.376108e+01   3.106513e+00   3.110596e+00  
956       2.426305e+01   2.385846e+01   3.119721e+00   3.120361e+00  
957       2.415659e+01   2.375251e+01   3.109242e+00   3.113135e+00  
958       2.426004e+01   2.385449e+01   3.123143e+00   3.123948e+00  
959       2.415933e+01   2.375522e+01   3.109537e+00   3.113444e+00  
960       2.426984e+01   2.386453e+01   3.123616e+00   3.122901e+00  
961       2.415749e+01   2.375372e+01   3.108130e+00   3.112074e+00  
962       2.427280e+01   2.386675e+01   3.126792e+00   3.125793e+00  
963       2.415699e+01   2.375296e+01   3.108992e+00   3.113109e+00  
964       2.427800e+01   2.387216e+01   3.126246e+00   3.125357e+00  
965       2.415972e+01   2.375550e+01   3.110069e+00   3.113813e+00  
966       2.428541e+01   2.387952e+01   3.127453e+00   3.125515e+00  
967       2.416388e+01   2.375984e+01   3.110616e+00   3.112431e+00  
968       2.429072e+01   2.388512e+01   3.126114e+00   3.125273e+00  
969       2.416579e+01   2.376131e+01   3.111641e+00   3.115021e+00  
970       2.429594e+01   2.389078e+01   3.124311e+00   3.124360e+00  
971       2.416428e+01   2.376002e+01   3.111502e+00   3.113244e+00  
972       2.429629e+01   2.389125e+01   3.124649e+00   3.123207e+00  
973       2.416564e+01   2.376137e+01   3.111263e+00   3.113727e+00  
974       2.430279e+01   2.389858e+01   3.122199e+00   3.120128e+00  
975       2.416017e+01   2.375548e+01   3.112049e+00   3.115496e+00  
976       2.430427e+01   2.390009e+01   3.121441e+00   3.120875e+00  
977       2.416022e+01   2.375604e+01   3.110201e+00   3.113460e+00  
978       2.430557e+01   2.390193e+01   3.119318e+00   3.119017e+00  
979       2.414995e+01   2.374546e+01   3.110915e+00   3.113679e+00  
980       2.432151e+01   2.391826e+01   3.118682e+00   3.118732e+00  
981       2.415210e+01   2.374803e+01   3.109806e+00   3.111905e+00  
982       2.431983e+01   2.391663e+01   3.119334e+00   3.117540e+00  
983       2.415747e+01   2.375356e+01   3.109232e+00   3.111983e+00  
984       2.432333e+01   2.391990e+01   3.120537e+00   3.118514e+00  
985       2.415516e+01   2.375066e+01   3.110746e+00   3.114697e+00  
986       2.431806e+01   2.391456e+01   3.120530e+00   3.118388e+00  
987       2.415841e+01   2.375433e+01   3.108918e+00   3.113689e+00  
988       2.431738e+01   2.391366e+01   3.121698e+00   3.118834e+00  
989       2.416236e+01   2.375881e+01   3.106883e+00   3.112182e+00  
990       2.432859e+01   2.392507e+01   3.121691e+00   3.118686e+00  
991       2.416424e+01   2.376071e+01   3.107093e+00   3.112102e+00  
992       2.432541e+01   2.392120e+01   3.123742e+00   3.121556e+00  
993       2.415196e+01   2.374855e+01   3.105282e+00   3.111369e+00  
994       2.433481e+01   2.393102e+01   3.122399e+00   3.120901e+00  
995       2.415523e+01   2.375241e+01   3.102848e+00   3.109771e+00  
996       2.432920e+01   2.392456e+01   3.125975e+00   3.123135e+00  
997       2.414609e+01   2.374332e+01   3.100895e+00   3.110173e+00  
998       2.433331e+01   2.392825e+01   3.129047e+00   3.123819e+00  
999       2.415150e+01   2.374836e+01   3.102129e+00   3.112427e+00  
1000      2.433842e+01   2.393377e+01   3.127880e+00   3.122454e+00  
1001      2.414484e+01   2.374101e+01   3.103327e+00   3.115610e+00  
1002      2.435150e+01   2.394775e+01   3.125726e+00   3.119399e+00  
1003      2.414392e+01   2.373951e+01   3.104813e+00   3.118436e+00  
1004      2.436010e+01   2.395600e+01   3.127635e+00   3.121265e+00  
1005      2.415028e+01   2.374568e+01   3.106451e+00   3.119066e+00  
1006      2.436008e+01   2.395531e+01   3.130532e+00   3.123497e+00  
1007      2.415067e+01   2.374483e+01   3.111448e+00   3.123546e+00  
1008      2.437524e+01   2.397056e+01   3.130023e+00   3.125364e+00  
1009      2.415710e+01   2.375004e+01   3.117310e+00   3.127813e+00  
1010      2.437371e+01   2.396828e+01   3.132636e+00   3.128183e+00  
1011      2.416547e+01   2.375785e+01   3.120257e+00   3.130203e+00  
1012      2.437429e+01   2.396819e+01   3.135338e+00   3.130732e+00  
1013      2.417406e+01   2.376594e+01   3.122022e+00   3.133404e+00  
1014      2.437027e+01   2.396263e+01   3.140880e+00   3.136455e+00  
1015      2.418546e+01   2.377682e+01   3.124783e+00   3.136054e+00  
1016      2.436922e+01   2.396001e+01   3.146831e+00   3.142326e+00  
1017      2.419118e+01   2.378162e+01   3.127479e+00   3.141105e+00  
1018      2.436730e+01   2.395701e+01   3.150922e+00   3.146257e+00  
1019      2.419389e+01   2.378346e+01   3.130721e+00   3.144793e+00  
1020      2.437247e+01   2.396101e+01   3.155449e+00   3.151235e+00  
1021      2.419588e+01   2.378488e+01   3.133206e+00   3.146954e+00  
1022      2.437323e+01   2.396035e+01   3.160780e+00   3.156806e+00  
1023      2.421133e+01   2.380052e+01   3.133557e+00   3.147141e+00  
1024      2.436925e+01   2.395510e+01   3.164213e+00   3.162476e+00  
1025      2.422568e+01   2.381423e+01   3.136890e+00   3.150515e+00  
1026      2.437422e+01   2.395996e+01   3.165052e+00   3.163088e+00  
1027      2.423505e+01   2.382340e+01   3.138270e+00   3.151899e+00  
1028      2.437157e+01   2.395622e+01   3.168256e+00   3.167851e+00  
1029      2.424124e+01   2.382858e+01   3.142857e+00   3.155783e+00  
1030      2.436928e+01   2.395285e+01   3.172168e+00   3.171730e+00  
1031      2.423500e+01   2.382135e+01   3.145950e+00   3.159322e+00  
1032      2.436966e+01   2.395348e+01   3.171752e+00   3.170374e+00  
1033      2.423215e+01   2.381733e+01   3.149384e+00   3.164402e+00  
1034      2.437390e+01   2.395794e+01   3.171075e+00   3.169854e+00  
1035      2.423172e+01   2.381666e+01   3.150811e+00   3.164758e+00  
1036      2.437283e+01   2.395673e+01   3.171624e+00   3.170231e+00  
1037      2.422984e+01   2.381402e+01   3.154007e+00   3.167048e+00  
1038      2.438162e+01   2.396606e+01   3.170257e+00   3.168730e+00  
1039      2.423549e+01   2.381999e+01   3.153486e+00   3.165822e+00  
1040      2.437493e+01   2.395909e+01   3.170783e+00   3.169400e+00  
1041      2.423089e+01   2.381448e+01   3.156209e+00   3.169312e+00  
1042      2.437574e+01   2.395913e+01   3.172723e+00   3.173444e+00  
1043      2.423629e+01   2.382013e+01   3.155497e+00   3.168920e+00  
1044      2.437168e+01   2.395435e+01   3.175228e+00   3.175807e+00  
1045      2.423740e+01   2.382123e+01   3.156443e+00   3.168240e+00  
1046      2.436874e+01   2.395099e+01   3.175810e+00   3.178075e+00  
1047      2.424573e+01   2.383027e+01   3.154158e+00   3.166236e+00  
1048      2.435191e+01   2.393271e+01   3.180088e+00   3.182506e+00  
1049      2.425138e+01   2.383561e+01   3.156019e+00   3.167436e+00  
1050      2.435260e+01   2.393433e+01   3.176894e+00   3.178675e+00  
1051      2.424826e+01   2.383259e+01   3.155009e+00   3.167324e+00  
1052      2.434646e+01   2.392736e+01   3.179320e+00   3.181772e+00  
1053      2.425745e+01   2.384229e+01   3.153350e+00   3.166269e+00  
1054      2.434477e+01   2.392613e+01   3.177426e+00   3.179966e+00  
1055      2.425404e+01   2.383832e+01   3.155071e+00   3.168330e+00  
1056      2.434362e+01   2.392489e+01   3.178925e+00   3.178962e+00  
1057      2.426028e+01   2.384448e+01   3.155598e+00   3.169206e+00  
1058      2.434193e+01   2.392364e+01   3.176001e+00   3.178425e+00  
1059      2.425669e+01   2.383960e+01   3.159697e+00   3.174386e+00  
1060      2.434643e+01   2.392827e+01   3.175898e+00   3.178038e+00  
1061      2.425488e+01   2.383696e+01   3.163103e+00   3.176940e+00  
1062      2.433585e+01   2.391768e+01   3.175617e+00   3.177097e+00  
1063      2.426461e+01   2.384712e+01   3.161590e+00   3.176579e+00  
1064      2.431864e+01   2.389967e+01   3.176367e+00   3.180023e+00  
1065      2.426696e+01   2.384926e+01   3.162139e+00   3.177953e+00  
1066      2.431351e+01   2.389424e+01   3.177533e+00   3.180450e+00  
1067      2.426553e+01   2.384747e+01   3.162826e+00   3.179664e+00  
1068      2.431544e+01   2.389680e+01   3.174171e+00   3.179338e+00  
1069      2.425345e+01   2.383433e+01   3.165785e+00   3.183195e+00  
1070      2.431166e+01   2.389331e+01   3.171946e+00   3.178866e+00  
1071      2.425317e+01   2.383404e+01   3.166199e+00   3.182749e+00  
1072      2.430687e+01   2.388852e+01   3.171542e+00   3.178691e+00  
1073      2.425808e+01   2.383884e+01   3.167354e+00   3.183050e+00  
1074      2.431812e+01   2.390030e+01   3.170618e+00   3.177115e+00  
1075      2.426300e+01   2.384344e+01   3.168810e+00   3.184640e+00  
1076      2.430753e+01   2.388840e+01   3.174168e+00   3.181952e+00  
1077      2.425812e+01   2.383822e+01   3.170025e+00   3.185350e+00  
1078      2.431449e+01   2.389558e+01   3.174194e+00   3.181195e+00  
1079      2.426530e+01   2.384499e+01   3.171177e+00   3.188214e+00  
1080      2.430813e+01   2.388883e+01   3.175070e+00   3.182437e+00  
1081      2.427347e+01   2.385324e+01   3.170786e+00   3.189124e+00  
1082      2.429408e+01   2.387385e+01   3.178194e+00   3.184394e+00  
1083      2.428027e+01   2.386041e+01   3.170689e+00   3.187395e+00  
1084      2.430041e+01   2.388004e+01   3.179034e+00   3.185468e+00  
1085      2.428745e+01   2.386696e+01   3.172149e+00   3.191533e+00  
1086      2.428595e+01   2.386487e+01   3.180584e+00   3.187369e+00  
1087      2.429024e+01   2.386887e+01   3.175457e+00   3.195203e+00  
1088      2.428944e+01   2.386838e+01   3.180880e+00   3.187318e+00  
1089      2.429462e+01   2.387263e+01   3.178506e+00   3.197414e+00  
1090      2.428080e+01   2.385834e+01   3.184775e+00   3.192856e+00  
1091      2.429823e+01   2.387564e+01   3.180656e+00   3.200181e+00  
1092      2.428246e+01   2.385912e+01   3.188279e+00   3.196095e+00  
1093      2.430757e+01   2.388502e+01   3.180540e+00   3.201287e+00  
1094      2.427743e+01   2.385318e+01   3.191504e+00   3.199079e+00  
1095      2.431227e+01   2.388932e+01   3.182026e+00   3.203316e+00  
1096      2.427826e+01   2.385335e+01   3.195426e+00   3.200174e+00  
1097      2.430696e+01   2.388276e+01   3.186007e+00   3.208065e+00  
1098      2.428458e+01   2.385916e+01   3.196516e+00   3.203707e+00  
1099      2.431018e+01   2.388514e+01   3.189521e+00   3.211237e+00  
1100      2.427670e+01   2.385062e+01   3.198958e+00   3.205118e+00  
1101      2.430755e+01   2.388166e+01   3.192279e+00   3.214489e+00  
1102      2.427764e+01   2.385146e+01   3.200168e+00   3.204719e+00  
1103      2.429992e+01   2.387308e+01   3.195036e+00   3.217731e+00  
1104      2.426080e+01   2.383339e+01   3.204156e+00   3.207738e+00  
1105      2.430520e+01   2.387813e+01   3.195648e+00   3.219584e+00  
1106      2.425161e+01   2.382351e+01   3.205632e+00   3.210060e+00  
1107      2.430126e+01   2.387350e+01   3.198650e+00   3.221161e+00  
1108      2.424462e+01   2.381616e+01   3.205685e+00   3.211858e+00  
1109      2.431573e+01   2.388848e+01   3.198231e+00   3.219708e+00  
1110      2.424518e+01   2.381719e+01   3.203954e+00   3.210092e+00  
1111      2.431771e+01   2.389013e+01   3.199630e+00   3.220973e+00  
1112      2.425178e+01   2.382464e+01   3.200738e+00   3.207940e+00  
1113      2.432671e+01   2.389986e+01   3.197945e+00   3.218520e+00  
1114      2.425356e+01   2.382672e+01   3.199610e+00   3.207013e+00  
1115      2.433486e+01   2.390874e+01   3.196116e+00   3.215974e+00  
1116      2.426093e+01   2.383509e+01   3.195881e+00   3.204271e+00  
1117      2.433142e+01   2.390481e+01   3.198528e+00   3.216771e+00  
1118      2.427019e+01   2.384476e+01   3.194589e+00   3.203776e+00  
1119      2.432817e+01   2.390135e+01   3.199232e+00   3.217192e+00  
1120      2.427384e+01   2.384892e+01   3.193266e+00   3.201790e+00  
1121      2.433357e+01   2.390725e+01   3.197712e+00   3.215686e+00  
1122      2.427348e+01   2.384858e+01   3.193483e+00   3.201376e+00  
1123      2.434222e+01   2.391668e+01   3.195902e+00   3.212851e+00  
1124      2.428031e+01   2.385670e+01   3.189351e+00   3.196754e+00  
1125      2.433597e+01   2.391023e+01   3.196096e+00   3.213324e+00  
1126      2.428428e+01   2.386094e+01   3.188181e+00   3.196494e+00  
1127      2.433395e+01   2.390866e+01   3.194775e+00   3.211011e+00  
1128      2.428898e+01   2.386657e+01   3.185095e+00   3.193164e+00  
1129      2.434336e+01   2.391866e+01   3.192948e+00   3.209689e+00  
1130      2.428275e+01   2.385999e+01   3.186309e+00   3.193848e+00  
1131      2.434562e+01   2.392135e+01   3.191123e+00   3.208637e+00  
1132      2.428306e+01   2.386041e+01   3.185043e+00   3.194319e+00  
1133      2.435216e+01   2.392832e+01   3.190512e+00   3.206836e+00  
1134      2.428651e+01   2.386402e+01   3.184708e+00   3.193878e+00  
1135      2.434902e+01   2.392476e+01   3.192086e+00   3.208037e+00  
1136      2.430216e+01   2.388024e+01   3.183404e+00   3.192976e+00  
1137      2.435413e+01   2.393025e+01   3.191176e+00   3.206766e+00  
1138      2.430614e+01   2.388355e+01   3.185551e+00   3.196404e+00  
1139      2.436298e+01   2.393940e+01   3.190922e+00   3.205946e+00  
1140      2.431238e+01   2.389033e+01   3.184120e+00   3.194594e+00  
1141      2.437189e+01   2.394845e+01   3.190396e+00   3.206505e+00  
1142      2.431526e+01   2.389305e+01   3.185054e+00   3.195197e+00  
1143      2.438093e+01   2.395789e+01   3.189771e+00   3.205370e+00  
1144      2.432592e+01   2.390392e+01   3.183693e+00   3.196367e+00  
1145      2.438258e+01   2.395999e+01   3.188797e+00   3.203204e+00  
1146      2.432611e+01   2.390360e+01   3.186096e+00   3.197881e+00  
1147      2.439445e+01   2.397284e+01   3.186570e+00   3.199673e+00  
1148      2.432070e+01   2.389803e+01   3.186923e+00   3.197502e+00  
1149      2.440017e+01   2.397803e+01   3.189108e+00   3.201895e+00  
1150      2.433138e+01   2.390872e+01   3.187556e+00   3.198255e+00  
1151      2.441563e+01   2.399401e+01   3.189174e+00   3.199947e+00  
1152      2.433337e+01   2.391047e+01   3.188146e+00   3.199683e+00  
1153      2.441993e+01   2.399856e+01   3.189025e+00   3.198725e+00  
1154      2.434186e+01   2.391881e+01   3.189586e+00   3.200526e+00  
1155      2.442148e+01   2.399966e+01   3.192038e+00   3.199310e+00  
1156      2.434490e+01   2.392098e+01   3.193970e+00   3.203073e+00  
1157      2.443522e+01   2.401374e+01   3.191554e+00   3.199095e+00  
1158      2.434850e+01   2.392425e+01   3.195467e+00   3.204447e+00  
1159      2.443674e+01   2.401433e+01   3.195837e+00   3.202021e+00  
1160      2.435806e+01   2.393337e+01   3.197726e+00   3.206759e+00  
1161      2.443436e+01   2.401102e+01   3.199515e+00   3.205022e+00  
1162      2.436683e+01   2.394190e+01   3.199333e+00   3.208122e+00  
1163      2.444317e+01   2.401887e+01   3.204259e+00   3.208664e+00  
1164      2.438230e+01   2.395678e+01   3.203409e+00   3.210523e+00  
1165      2.443444e+01   2.400860e+01   3.208396e+00   3.214841e+00  
1166      2.438468e+01   2.395815e+01   3.208009e+00   3.213827e+00  
1167      2.443366e+01   2.400755e+01   3.210270e+00   3.214854e+00  
1168      2.440199e+01   2.397593e+01   3.207267e+00   3.213339e+00  
1169      2.443573e+01   2.400856e+01   3.214375e+00   3.218976e+00  
1170      2.440279e+01   2.397599e+01   3.209762e+00   3.216455e+00  
1171      2.443596e+01   2.400815e+01   3.217561e+00   3.220597e+00  
1172      2.440220e+01   2.397462e+01   3.212875e+00   3.219114e+00  
1173      2.443972e+01   2.401163e+01   3.219212e+00   3.221583e+00  
1174      2.439995e+01   2.397087e+01   3.219179e+00   3.223646e+00  
1175      2.444251e+01   2.401366e+01   3.221825e+00   3.224906e+00  
1176      2.439595e+01   2.396585e+01   3.222999e+00   3.226857e+00  
1177      2.443832e+01   2.400877e+01   3.224208e+00   3.227196e+00  
1178      2.440139e+01   2.397094e+01   3.224950e+00   3.228290e+00  
1179      2.443613e+01   2.400625e+01   3.224549e+00   3.229032e+00  
1180      2.438166e+01   2.394937e+01   3.231352e+00   3.232891e+00  
1181      2.444047e+01   2.401085e+01   3.224321e+00   3.227875e+00  
1182      2.438553e+01   2.395364e+01   3.230606e+00   3.231191e+00  
1183      2.443421e+01   2.400457e+01   3.222828e+00   3.228678e+00  
1184      2.438126e+01   2.394945e+01   3.230879e+00   3.229690e+00  
1185      2.443202e+01   2.400221e+01   3.223905e+00   3.228631e+00  
1186      2.438075e+01   2.394923e+01   3.230702e+00   3.227647e+00  
1187      2.442726e+01   2.399796e+01   3.221709e+00   3.226359e+00  
1188      2.437991e+01   2.394867e+01   3.228457e+00   3.227692e+00  
1189      2.441864e+01   2.398878e+01   3.223998e+00   3.227113e+00  
1190      2.437812e+01   2.394710e+01   3.227425e+00   3.226895e+00  
1191      2.440488e+01   2.397467e+01   3.224917e+00   3.226963e+00  
1192      2.438304e+01   2.395270e+01   3.224651e+00   3.225282e+00  
1193      2.439034e+01   2.395931e+01   3.227322e+00   3.228764e+00  
1194      2.438844e+01   2.395929e+01   3.220435e+00   3.221367e+00  
1195      2.438680e+01   2.395577e+01   3.226876e+00   3.228694e+00  
1196      2.438790e+01   2.395916e+01   3.219162e+00   3.219524e+00  
1197      2.438572e+01   2.395527e+01   3.224454e+00   3.226657e+00  
1198      2.438592e+01   2.395783e+01   3.216429e+00   3.217128e+00  
1199      2.439345e+01   2.396420e+01   3.221061e+00   3.222174e+00  
1200      2.438692e+01   2.395972e+01   3.213323e+00   3.213736e+00  
1201      2.438560e+01   2.395634e+01   3.220533e+00   3.221705e+00  
1202      2.439235e+01   2.396614e+01   3.209861e+00   3.210529e+00  
1203      2.438533e+01   2.395695e+01   3.217532e+00   3.218074e+00  
1204      2.438520e+01   2.395915e+01   3.208376e+00   3.209899e+00  
1205      2.438870e+01   2.396072e+01   3.216649e+00   3.216435e+00  
1206      2.438311e+01   2.395760e+01   3.206267e+00   3.207671e+00  
1207      2.439261e+01   2.396549e+01   3.213740e+00   3.213459e+00  
1208      2.437739e+01   2.395206e+01   3.205298e+00   3.206580e+00  
1209      2.439353e+01   2.396692e+01   3.211679e+00   3.211915e+00  
1210      2.437860e+01   2.395380e+01   3.203367e+00   3.204669e+00  
1211      2.438699e+01   2.396054e+01   3.210972e+00   3.210510e+00  
1212      2.438491e+01   2.396087e+01   3.200960e+00   3.202263e+00  
1213      2.438988e+01   2.396436e+01   3.207977e+00   3.206959e+00  
1214      2.438757e+01   2.396444e+01   3.196883e+00   3.199881e+00  
1215      2.438550e+01   2.396022e+01   3.206939e+00   3.205678e+00  
1216      2.438515e+01   2.396256e+01   3.194593e+00   3.197793e+00  
1217      2.438860e+01   2.396430e+01   3.203757e+00   3.201907e+00  
1218      2.438652e+01   2.396473e+01   3.191743e+00   3.194821e+00  
1219      2.439472e+01   2.397092e+01   3.202623e+00   3.200070e+00  
1220      2.438234e+01   2.396089e+01   3.190554e+00   3.192910e+00  
1221      2.438743e+01   2.396381e+01   3.202205e+00   3.198207e+00  
1222      2.438399e+01   2.396305e+01   3.189028e+00   3.190844e+00  
1223      2.438474e+01   2.396053e+01   3.204477e+00   3.199981e+00  
1224      2.437429e+01   2.395290e+01   3.190276e+00   3.191695e+00  
1225      2.438662e+01   2.396313e+01   3.201744e+00   3.197620e+00  
1226      2.437037e+01   2.394873e+01   3.191263e+00   3.192083e+00  
1227      2.439294e+01   2.396973e+01   3.200608e+00   3.197443e+00  
1228      2.436788e+01   2.394577e+01   3.192952e+00   3.193510e+00  
1229      2.439004e+01   2.396697e+01   3.200128e+00   3.196519e+00  
1230      2.436633e+01   2.394444e+01   3.191469e+00   3.193172e+00  
1231      2.439127e+01   2.396798e+01   3.200718e+00   3.197737e+00  
1232      2.436365e+01   2.394189e+01   3.191785e+00   3.191547e+00  
1233      2.439690e+01   2.397371e+01   3.200466e+00   3.197988e+00  
1234      2.437020e+01   2.394882e+01   3.191078e+00   3.190300e+00  
1235      2.439273e+01   2.396875e+01   3.202231e+00   3.201551e+00  
1236      2.437516e+01   2.395379e+01   3.191463e+00   3.190401e+00  
1237      2.439163e+01   2.396773e+01   3.201846e+00   3.201232e+00  
1238      2.437472e+01   2.395310e+01   3.192600e+00   3.191128e+00  
1239      2.438674e+01   2.396242e+01   3.202866e+00   3.202679e+00  
1240      2.438333e+01   2.396133e+01   3.194604e+00   3.193083e+00  
1241      2.437932e+01   2.395422e+01   3.205381e+00   3.205077e+00  
1242      2.439546e+01   2.397345e+01   3.196459e+00   3.192948e+00  
1243      2.436689e+01   2.394112e+01   3.206609e+00   3.207104e+00  
1244      2.439997e+01   2.397737e+01   3.198900e+00   3.195483e+00  
1245      2.436163e+01   2.393544e+01   3.207643e+00   3.208567e+00  
1246      2.439927e+01   2.397576e+01   3.201710e+00   3.199363e+00  
1247      2.436490e+01   2.393806e+01   3.209804e+00   3.211658e+00  
1248      2.440174e+01   2.397753e+01   3.204751e+00   3.201915e+00  
1249      2.436357e+01   2.393537e+01   3.214792e+00   3.216600e+00  
1250      2.440057e+01   2.397552e+01   3.207955e+00   3.204881e+00  
-------------------------------------------------------------------

