
**********************************************
Real-time propagation in 3D, OPTION = 2
MPI nodes = 8, OMP threads = 16, cores = 128
**********************************************

Interactions
Contact: Natoms = 1.50000000000e+05, as = 8.800000e+01 * a0, G = 1.580905e+04, G * par = 3.161810e+04
Three-body: K3 =  0.000000e+00, g3 = 0.000000e+00
Regular DDI: add = 1.101000e+02 * a0, GD = 4.721954e+03, GD * par =  9.443909e+03, edd = 1.251136e+00
     Dipolar cutoffs Rcut = 1.046777e+01, Lcut = 2.887877e+02

QF = 1, QDEPL = 0: h2 = 1.989378e+05, h4 = 0.000000e+00
        q3 = 0.000000e+00, q5 = 3.514595e+00

GRAD = 0

Trap parameters
GAMMA = 0.000000e+00, NU = 0.000000e+00, LAMBDA = 0.000000e+00
Parameters of rotation: OMEGA = 0.000000e+00, OMEGA * par = 0.000000e+00

Space discretization: NX = 128, NY = 128, NZ = 128
                      DX = 4.512308e+00, DY = 1.635589e-01, DZ = 1.635589e-01
      Unit of length: aho = 5.552380e-07 m

Time discretization: NITER = 2500 (NSNAP = 1250)
                     DT = 1.337576e-02

Initial state: file ./imag3d-finalpsi.bin
ADD_VORTICES = 0, ADD_RANDOM_PHASE = 0


MUREL = 1.000000e-12, MUEND=1.000000e+05

-------------------------------------------------------------------
Snap      Na             QD             mu             <r>
-------------------------------------------------------------------
0         1.50620381532e+05   0.000000e+00   -5.322738e-01  2.891425e+01  
1         1.50620381135e+05   0.000000e+00   -5.323671e-01  2.891424e+01  
2         1.50620380715e+05   0.000000e+00   -5.324615e-01  2.891422e+01  
3         1.50620380279e+05   0.000000e+00   -5.325442e-01  2.891420e+01  
4         1.50620379839e+05   0.000000e+00   -5.326031e-01  2.891418e+01  
5         1.50620379400e+05   0.000000e+00   -5.326284e-01  2.891416e+01  
6         1.50620378975e+05   0.000000e+00   -5.326131e-01  2.891414e+01  
7         1.50620378568e+05   0.000000e+00   -5.325528e-01  2.891411e+01  
8         1.50620378188e+05   0.000000e+00   -5.324458e-01  2.891409e+01  
9         1.50620377838e+05   0.000000e+00   -5.322916e-01  2.891406e+01  
10        1.50620377525e+05   0.000000e+00   -5.320912e-01  2.891403e+01  
11        1.50620377252e+05   0.000000e+00   -5.318457e-01  2.891400e+01  
12        1.50620377026e+05   0.000000e+00   -5.315573e-01  2.891397e+01  
13        1.50620376846e+05   0.000000e+00   -5.312291e-01  2.891393e+01  
14        1.50620376717e+05   0.000000e+00   -5.308660e-01  2.891390e+01  
15        1.50620376645e+05   0.000000e+00   -5.304745e-01  2.891386e+01  
16        1.50620376631e+05   0.000000e+00   -5.300626e-01  2.891382e+01  
17        1.50620376680e+05   0.000000e+00   -5.296395e-01  2.891379e+01  
18        1.50620376796e+05   0.000000e+00   -5.292144e-01  2.891375e+01  
19        1.50620376983e+05   0.000000e+00   -5.287963e-01  2.891371e+01  
20        1.50620377245e+05   0.000000e+00   -5.283931e-01  2.891367e+01  
21        1.50620377587e+05   0.000000e+00   -5.280117e-01  2.891364e+01  
22        1.50620378012e+05   0.000000e+00   -5.276572e-01  2.891360e+01  
23        1.50620378526e+05   0.000000e+00   -5.273332e-01  2.891356e+01  
24        1.50620379131e+05   0.000000e+00   -5.270420e-01  2.891353e+01  
25        1.50620379832e+05   0.000000e+00   -5.267847e-01  2.891349e+01  
26        1.50620380630e+05   0.000000e+00   -5.265612e-01  2.891346e+01  
27        1.50620381530e+05   0.000000e+00   -5.263709e-01  2.891342e+01  
28        1.50620382531e+05   0.000000e+00   -5.262122e-01  2.891339e+01  
29        1.50620383635e+05   0.000000e+00   -5.260835e-01  2.891336e+01  
30        1.50620384843e+05   0.000000e+00   -5.259826e-01  2.891333e+01  
31        1.50620386153e+05   0.000000e+00   -5.259074e-01  2.891331e+01  
32        1.50620387566e+05   0.000000e+00   -5.258557e-01  2.891328e+01  
33        1.50620389078e+05   0.000000e+00   -5.258254e-01  2.891326e+01  
34        1.50620390688e+05   0.000000e+00   -5.258145e-01  2.891323e+01  
35        1.50620392393e+05   0.000000e+00   -5.258208e-01  2.891321e+01  
36        1.50620394188e+05   0.000000e+00   -5.258427e-01  2.891319e+01  
37        1.50620396071e+05   0.000000e+00   -5.258785e-01  2.891318e+01  
38        1.50620398035e+05   0.000000e+00   -5.259266e-01  2.891316e+01  
39        1.50620400077e+05   0.000000e+00   -5.259856e-01  2.891315e+01  
40        1.50620402190e+05   0.000000e+00   -5.260542e-01  2.891314e+01  
41        1.50620404368e+05   0.000000e+00   -5.261311e-01  2.891313e+01  
42        1.50620406606e+05   0.000000e+00   -5.262153e-01  2.891312e+01  
43        1.50620408902e+05   0.000000e+00   -5.263057e-01  2.891311e+01  
44        1.50620411246e+05   0.000000e+00   -5.264016e-01  2.891311e+01  
45        1.50620413634e+05   0.000000e+00   -5.265019e-01  2.891311e+01  
46        1.50620416051e+05   0.000000e+00   -5.266061e-01  2.891310e+01  
47        1.50620418489e+05   0.000000e+00   -5.267132e-01  2.891311e+01  
48        1.50620420936e+05   0.000000e+00   -5.268229e-01  2.891311e+01  
49        1.50620423387e+05   0.000000e+00   -5.269343e-01  2.891311e+01  
50        1.50620425832e+05   0.000000e+00   -5.270471e-01  2.891312e+01  
51        1.50620428266e+05   0.000000e+00   -5.271608e-01  2.891313e+01  
52        1.50620430679e+05   0.000000e+00   -5.272749e-01  2.891314e+01  
53        1.50620433066e+05   0.000000e+00   -5.273890e-01  2.891315e+01  
54        1.50620435418e+05   0.000000e+00   -5.275027e-01  2.891316e+01  
55        1.50620437729e+05   0.000000e+00   -5.276159e-01  2.891318e+01  
56        1.50620439987e+05   0.000000e+00   -5.277281e-01  2.891319e+01  
57        1.50620442185e+05   0.000000e+00   -5.278391e-01  2.891321e+01  
58        1.50620444311e+05   0.000000e+00   -5.279487e-01  2.891323e+01  
59        1.50620446357e+05   0.000000e+00   -5.280566e-01  2.891324e+01  
60        1.50620448310e+05   0.000000e+00   -5.281627e-01  2.891326e+01  
61        1.50620450162e+05   0.000000e+00   -5.282668e-01  2.891329e+01  
62        1.50620451900e+05   0.000000e+00   -5.283687e-01  2.891331e+01  
63        1.50620453516e+05   0.000000e+00   -5.284684e-01  2.891333e+01  
64        1.50620454998e+05   0.000000e+00   -5.285657e-01  2.891336e+01  
65        1.50620456339e+05   0.000000e+00   -5.286605e-01  2.891338e+01  
66        1.50620457526e+05   0.000000e+00   -5.287527e-01  2.891341e+01  
67        1.50620458553e+05   0.000000e+00   -5.288423e-01  2.891343e+01  
68        1.50620459409e+05   0.000000e+00   -5.289291e-01  2.891346e+01  
69        1.50620460088e+05   0.000000e+00   -5.290132e-01  2.891349e+01  
70        1.50620460580e+05   0.000000e+00   -5.290944e-01  2.891352e+01  
71        1.50620460880e+05   0.000000e+00   -5.291729e-01  2.891355e+01  
72        1.50620460978e+05   0.000000e+00   -5.292486e-01  2.891358e+01  
73        1.50620460870e+05   0.000000e+00   -5.293215e-01  2.891361e+01  
74        1.50620460549e+05   0.000000e+00   -5.293915e-01  2.891364e+01  
75        1.50620460008e+05   0.000000e+00   -5.294586e-01  2.891367e+01  
76        1.50620459243e+05   0.000000e+00   -5.295227e-01  2.891370e+01  
77        1.50620458250e+05   0.000000e+00   -5.295839e-01  2.891373e+01  
78        1.50620457022e+05   0.000000e+00   -5.296421e-01  2.891376e+01  
79        1.50620455558e+05   0.000000e+00   -5.296974e-01  2.891379e+01  
80        1.50620453852e+05   0.000000e+00   -5.297499e-01  2.891382e+01  
81        1.50620451903e+05   0.000000e+00   -5.297997e-01  2.891385e+01  
82        1.50620449707e+05   0.000000e+00   -5.298470e-01  2.891388e+01  
83        1.50620447263e+05   0.000000e+00   -5.298920e-01  2.891391e+01  
84        1.50620444568e+05   0.000000e+00   -5.299345e-01  2.891394e+01  
85        1.50620441622e+05   0.000000e+00   -5.299745e-01  2.891397e+01  
86        1.50620438423e+05   0.000000e+00   -5.300116e-01  2.891400e+01  
87        1.50620434973e+05   0.000000e+00   -5.300457e-01  2.891403e+01  
88        1.50620431271e+05   0.000000e+00   -5.300765e-01  2.891406e+01  
89        1.50620427317e+05   0.000000e+00   -5.301042e-01  2.891409e+01  
90        1.50620423113e+05   0.000000e+00   -5.301289e-01  2.891412e+01  
91        1.50620418661e+05   0.000000e+00   -5.301510e-01  2.891414e+01  
92        1.50620413962e+05   0.000000e+00   -5.301710e-01  2.891417e+01  
93        1.50620409019e+05   0.000000e+00   -5.301892e-01  2.891420e+01  
94        1.50620403834e+05   0.000000e+00   -5.302058e-01  2.891422e+01  
95        1.50620398412e+05   0.000000e+00   -5.302208e-01  2.891425e+01  
96        1.50620392756e+05   0.000000e+00   -5.302340e-01  2.891427e+01  
97        1.50620386872e+05   0.000000e+00   -5.302451e-01  2.891430e+01  
98        1.50620380763e+05   0.000000e+00   -5.302539e-01  2.891432e+01  
99        1.50620374436e+05   0.000000e+00   -5.302601e-01  2.891434e+01  
100       1.50620367896e+05   0.000000e+00   -5.302638e-01  2.891437e+01  
101       1.50620361151e+05   0.000000e+00   -5.302650e-01  2.891439e+01  
102       1.50620354207e+05   0.000000e+00   -5.302641e-01  2.891441e+01  
103       1.50620347069e+05   0.000000e+00   -5.302613e-01  2.891443e+01  
104       1.50620339741e+05   0.000000e+00   -5.302568e-01  2.891445e+01  
105       1.50620332232e+05   0.000000e+00   -5.302506e-01  2.891446e+01  
106       1.50620324555e+05   0.000000e+00   -5.302426e-01  2.891448e+01  
107       1.50620316722e+05   0.000000e+00   -5.302324e-01  2.891450e+01  
108       1.50620308733e+05   0.000000e+00   -5.302198e-01  2.891452e+01  
109       1.50620300590e+05   0.000000e+00   -5.302047e-01  2.891453e+01  
110       1.50620292301e+05   0.000000e+00   -5.301870e-01  2.891455e+01  
111       1.50620283889e+05   0.000000e+00   -5.301669e-01  2.891456e+01  
112       1.50620275371e+05   0.000000e+00   -5.301444e-01  2.891457e+01  
113       1.50620266753e+05   0.000000e+00   -5.301198e-01  2.891458e+01  
114       1.50620258038e+05   0.000000e+00   -5.300935e-01  2.891460e+01  
115       1.50620249234e+05   0.000000e+00   -5.300657e-01  2.891461e+01  
116       1.50620240351e+05   0.000000e+00   -5.300371e-01  2.891462e+01  
117       1.50620231402e+05   0.000000e+00   -5.300081e-01  2.891463e+01  
118       1.50620222401e+05   0.000000e+00   -5.299794e-01  2.891464e+01  
119       1.50620213369e+05   0.000000e+00   -5.299518e-01  2.891464e+01  
120       1.50620204317e+05   0.000000e+00   -5.299257e-01  2.891465e+01  
121       1.50620195253e+05   0.000000e+00   -5.299016e-01  2.891466e+01  
122       1.50620186172e+05   0.000000e+00   -5.298792e-01  2.891466e+01  
123       1.50620177076e+05   0.000000e+00   -5.298581e-01  2.891467e+01  
124       1.50620167976e+05   0.000000e+00   -5.298374e-01  2.891467e+01  
125       1.50620158893e+05   0.000000e+00   -5.298161e-01  2.891468e+01  
126       1.50620149851e+05   0.000000e+00   -5.297931e-01  2.891468e+01  
127       1.50620140871e+05   0.000000e+00   -5.297672e-01  2.891468e+01  
128       1.50620131964e+05   0.000000e+00   -5.297379e-01  2.891469e+01  
129       1.50620123133e+05   0.000000e+00   -5.297044e-01  2.891469e+01  
130       1.50620114376e+05   0.000000e+00   -5.296665e-01  2.891469e+01  
131       1.50620105694e+05   0.000000e+00   -5.296240e-01  2.891469e+01  
132       1.50620097094e+05   0.000000e+00   -5.295772e-01  2.891469e+01  
133       1.50620088593e+05   0.000000e+00   -5.295260e-01  2.891469e+01  
134       1.50620080210e+05   0.000000e+00   -5.294709e-01  2.891469e+01  
135       1.50620071974e+05   0.000000e+00   -5.294123e-01  2.891469e+01  
136       1.50620063904e+05   0.000000e+00   -5.293511e-01  2.891469e+01  
137       1.50620056019e+05   0.000000e+00   -5.292881e-01  2.891469e+01  
138       1.50620048327e+05   0.000000e+00   -5.292247e-01  2.891469e+01  
139       1.50620040832e+05   0.000000e+00   -5.291625e-01  2.891469e+01  
140       1.50620033534e+05   0.000000e+00   -5.291029e-01  2.891469e+01  
141       1.50620026434e+05   0.000000e+00   -5.290476e-01  2.891468e+01  
142       1.50620019532e+05   0.000000e+00   -5.289980e-01  2.891468e+01  
143       1.50620012836e+05   0.000000e+00   -5.289550e-01  2.891468e+01  
144       1.50620006355e+05   0.000000e+00   -5.289194e-01  2.891468e+01  
145       1.50620000102e+05   0.000000e+00   -5.288913e-01  2.891468e+01  
146       1.50619994087e+05   0.000000e+00   -5.288704e-01  2.891467e+01  
147       1.50619988324e+05   0.000000e+00   -5.288558e-01  2.891467e+01  
148       1.50619982818e+05   0.000000e+00   -5.288464e-01  2.891467e+01  
149       1.50619977577e+05   0.000000e+00   -5.288408e-01  2.891467e+01  
150       1.50619972602e+05   0.000000e+00   -5.288377e-01  2.891467e+01  
151       1.50619967897e+05   0.000000e+00   -5.288354e-01  2.891467e+01  
152       1.50619963461e+05   0.000000e+00   -5.288327e-01  2.891467e+01  
153       1.50619959297e+05   0.000000e+00   -5.288281e-01  2.891466e+01  
154       1.50619955408e+05   0.000000e+00   -5.288206e-01  2.891466e+01  
155       1.50619951801e+05   0.000000e+00   -5.288095e-01  2.891466e+01  
156       1.50619948482e+05   0.000000e+00   -5.287942e-01  2.891466e+01  
157       1.50619945462e+05   0.000000e+00   -5.287742e-01  2.891466e+01  
158       1.50619942749e+05   0.000000e+00   -5.287496e-01  2.891466e+01  
159       1.50619940353e+05   0.000000e+00   -5.287205e-01  2.891466e+01  
160       1.50619938281e+05   0.000000e+00   -5.286872e-01  2.891466e+01  
161       1.50619936540e+05   0.000000e+00   -5.286501e-01  2.891466e+01  
162       1.50619935133e+05   0.000000e+00   -5.286098e-01  2.891467e+01  
163       1.50619934063e+05   0.000000e+00   -5.285668e-01  2.891467e+01  
164       1.50619933329e+05   0.000000e+00   -5.285218e-01  2.891467e+01  
165       1.50619932931e+05   0.000000e+00   -5.284753e-01  2.891467e+01  
166       1.50619932869e+05   0.000000e+00   -5.284283e-01  2.891468e+01  
167       1.50619933141e+05   0.000000e+00   -5.283815e-01  2.891468e+01  
168       1.50619933747e+05   0.000000e+00   -5.283358e-01  2.891469e+01  
169       1.50619934692e+05   0.000000e+00   -5.282922e-01  2.891469e+01  
170       1.50619935974e+05   0.000000e+00   -5.282516e-01  2.891470e+01  
171       1.50619937598e+05   0.000000e+00   -5.282149e-01  2.891470e+01  
172       1.50619939565e+05   0.000000e+00   -5.281827e-01  2.891471e+01  
173       1.50619941877e+05   0.000000e+00   -5.281556e-01  2.891472e+01  
174       1.50619944532e+05   0.000000e+00   -5.281342e-01  2.891473e+01  
175       1.50619947529e+05   0.000000e+00   -5.281192e-01  2.891474e+01  
176       1.50619950864e+05   0.000000e+00   -5.281113e-01  2.891475e+01  
177       1.50619954532e+05   0.000000e+00   -5.281112e-01  2.891476e+01  
178       1.50619958518e+05   0.000000e+00   -5.281195e-01  2.891477e+01  
179       1.50619962807e+05   0.000000e+00   -5.281363e-01  2.891478e+01  
180       1.50619967391e+05   0.000000e+00   -5.281613e-01  2.891479e+01  
181       1.50619972266e+05   0.000000e+00   -5.281935e-01  2.891481e+01  
182       1.50619977418e+05   0.000000e+00   -5.282312e-01  2.891482e+01  
183       1.50619982818e+05   0.000000e+00   -5.282727e-01  2.891483e+01  
184       1.50619988433e+05   0.000000e+00   -5.283163e-01  2.891485e+01  
185       1.50619994258e+05   0.000000e+00   -5.283603e-01  2.891487e+01  
186       1.50620000297e+05   0.000000e+00   -5.284037e-01  2.891488e+01  
187       1.50620006552e+05   0.000000e+00   -5.284453e-01  2.891490e+01  
188       1.50620013000e+05   0.000000e+00   -5.284843e-01  2.891492e+01  
189       1.50620019612e+05   0.000000e+00   -5.285198e-01  2.891494e+01  
190       1.50620026364e+05   0.000000e+00   -5.285507e-01  2.891495e+01  
191       1.50620033250e+05   0.000000e+00   -5.285760e-01  2.891497e+01  
192       1.50620040282e+05   0.000000e+00   -5.285948e-01  2.891499e+01  
193       1.50620047472e+05   0.000000e+00   -5.286067e-01  2.891501e+01  
194       1.50620054811e+05   0.000000e+00   -5.286119e-01  2.891504e+01  
195       1.50620062273e+05   0.000000e+00   -5.286113e-01  2.891506e+01  
196       1.50620069842e+05   0.000000e+00   -5.286065e-01  2.891508e+01  
197       1.50620077525e+05   0.000000e+00   -5.285994e-01  2.891510e+01  
198       1.50620085321e+05   0.000000e+00   -5.285921e-01  2.891513e+01  
199       1.50620093218e+05   0.000000e+00   -5.285865e-01  2.891515e+01  
200       1.50620101197e+05   0.000000e+00   -5.285841e-01  2.891517e+01  
201       1.50620109246e+05   0.000000e+00   -5.285863e-01  2.891520e+01  
202       1.50620117355e+05   0.000000e+00   -5.285941e-01  2.891522e+01  
203       1.50620125518e+05   0.000000e+00   -5.286082e-01  2.891525e+01  
204       1.50620133721e+05   0.000000e+00   -5.286294e-01  2.891527e+01  
205       1.50620141945e+05   0.000000e+00   -5.286581e-01  2.891530e+01  
206       1.50620150160e+05   0.000000e+00   -5.286946e-01  2.891533e+01  
207       1.50620158344e+05   0.000000e+00   -5.287388e-01  2.891535e+01  
208       1.50620166487e+05   0.000000e+00   -5.287906e-01  2.891538e+01  
209       1.50620174588e+05   0.000000e+00   -5.288491e-01  2.891541e+01  
210       1.50620182649e+05   0.000000e+00   -5.289132e-01  2.891544e+01  
211       1.50620190666e+05   0.000000e+00   -5.289812e-01  2.891546e+01  
212       1.50620198620e+05   0.000000e+00   -5.290513e-01  2.891549e+01  
213       1.50620206477e+05   0.000000e+00   -5.291215e-01  2.891552e+01  
214       1.50620214196e+05   0.000000e+00   -5.291900e-01  2.891555e+01  
215       1.50620221743e+05   0.000000e+00   -5.292555e-01  2.891558e+01  
216       1.50620229091e+05   0.000000e+00   -5.293169e-01  2.891561e+01  
217       1.50620236235e+05   0.000000e+00   -5.293734e-01  2.891563e+01  
218       1.50620243180e+05   0.000000e+00   -5.294246e-01  2.891566e+01  
219       1.50620249937e+05   0.000000e+00   -5.294702e-01  2.891569e+01  
220       1.50620256504e+05   0.000000e+00   -5.295097e-01  2.891572e+01  
221       1.50620262873e+05   0.000000e+00   -5.295430e-01  2.891575e+01  
222       1.50620269018e+05   0.000000e+00   -5.295697e-01  2.891578e+01  
223       1.50620274903e+05   0.000000e+00   -5.295899e-01  2.891580e+01  
224       1.50620280490e+05   0.000000e+00   -5.296038e-01  2.891583e+01  
225       1.50620285744e+05   0.000000e+00   -5.296117e-01  2.891586e+01  
226       1.50620290640e+05   0.000000e+00   -5.296143e-01  2.891589e+01  
227       1.50620295161e+05   0.000000e+00   -5.296124e-01  2.891591e+01  
228       1.50620299296e+05   0.000000e+00   -5.296071e-01  2.891594e+01  
229       1.50620303035e+05   0.000000e+00   -5.295991e-01  2.891596e+01  
230       1.50620306362e+05   0.000000e+00   -5.295895e-01  2.891599e+01  
231       1.50620309255e+05   0.000000e+00   -5.295790e-01  2.891602e+01  
232       1.50620311686e+05   0.000000e+00   -5.295684e-01  2.891604e+01  
233       1.50620313621e+05   0.000000e+00   -5.295582e-01  2.891607e+01  
234       1.50620315029e+05   0.000000e+00   -5.295489e-01  2.891609e+01  
235       1.50620315879e+05   0.000000e+00   -5.295406e-01  2.891612e+01  
236       1.50620316148e+05   0.000000e+00   -5.295332e-01  2.891614e+01  
237       1.50620315819e+05   0.000000e+00   -5.295259e-01  2.891616e+01  
238       1.50620314877e+05   0.000000e+00   -5.295183e-01  2.891619e+01  
239       1.50620313312e+05   0.000000e+00   -5.295094e-01  2.891621e+01  
240       1.50620311113e+05   0.000000e+00   -5.294991e-01  2.891623e+01  
241       1.50620308267e+05   0.000000e+00   -5.294870e-01  2.891625e+01  
242       1.50620304756e+05   0.000000e+00   -5.294733e-01  2.891627e+01  
243       1.50620300564e+05   0.000000e+00   -5.294586e-01  2.891629e+01  
244       1.50620295670e+05   0.000000e+00   -5.294434e-01  2.891631e+01  
245       1.50620290056e+05   0.000000e+00   -5.294284e-01  2.891633e+01  
246       1.50620283705e+05   0.000000e+00   -5.294141e-01  2.891635e+01  
247       1.50620276608e+05   0.000000e+00   -5.294008e-01  2.891637e+01  
248       1.50620268755e+05   0.000000e+00   -5.293885e-01  2.891639e+01  
249       1.50620260147e+05   0.000000e+00   -5.293768e-01  2.891641e+01  
250       1.50620250781e+05   0.000000e+00   -5.293656e-01  2.891643e+01  
251       1.50620240659e+05   0.000000e+00   -5.293545e-01  2.891645e+01  
252       1.50620229784e+05   0.000000e+00   -5.293432e-01  2.891646e+01  
253       1.50620218169e+05   0.000000e+00   -5.293315e-01  2.891648e+01  
254       1.50620205825e+05   0.000000e+00   -5.293193e-01  2.891649e+01  
255       1.50620192755e+05   0.000000e+00   -5.293065e-01  2.891651e+01  
256       1.50620178956e+05   0.000000e+00   -5.292930e-01  2.891653e+01  
257       1.50620164436e+05   0.000000e+00   -5.292784e-01  2.891654e+01  
258       1.50620149221e+05   0.000000e+00   -5.292624e-01  2.891655e+01  
259       1.50620133338e+05   0.000000e+00   -5.292446e-01  2.891657e+01  
260       1.50620116793e+05   0.000000e+00   -5.292253e-01  2.891658e+01  
261       1.50620099583e+05   0.000000e+00   -5.292048e-01  2.891660e+01  
262       1.50620081722e+05   0.000000e+00   -5.291845e-01  2.891661e+01  
263       1.50620063248e+05   0.000000e+00   -5.291657e-01  2.891662e+01  
264       1.50620044198e+05   0.000000e+00   -5.291503e-01  2.891663e+01  
265       1.50620024597e+05   0.000000e+00   -5.291400e-01  2.891665e+01  
266       1.50620004457e+05   0.000000e+00   -5.291363e-01  2.891666e+01  
267       1.50619983781e+05   0.000000e+00   -5.291403e-01  2.891667e+01  
268       1.50619962577e+05   0.000000e+00   -5.291526e-01  2.891668e+01  
269       1.50619940868e+05   0.000000e+00   -5.291734e-01  2.891669e+01  
270       1.50619918695e+05   0.000000e+00   -5.292024e-01  2.891670e+01  
271       1.50619896086e+05   0.000000e+00   -5.292386e-01  2.891671e+01  
272       1.50619873049e+05   0.000000e+00   -5.292807e-01  2.891672e+01  
273       1.50619849585e+05   0.000000e+00   -5.293271e-01  2.891673e+01  
274       1.50619825708e+05   0.000000e+00   -5.293758e-01  2.891674e+01  
275       1.50619801440e+05   0.000000e+00   -5.294250e-01  2.891675e+01  
276       1.50619776803e+05   0.000000e+00   -5.294726e-01  2.891676e+01  
277       1.50619751816e+05   0.000000e+00   -5.295169e-01  2.891677e+01  
278       1.50619726498e+05   0.000000e+00   -5.295566e-01  2.891678e+01  
279       1.50619700868e+05   0.000000e+00   -5.295905e-01  2.891678e+01  
280       1.50619674943e+05   0.000000e+00   -5.296179e-01  2.891679e+01  
281       1.50619648746e+05   0.000000e+00   -5.296384e-01  2.891680e+01  
282       1.50619622292e+05   0.000000e+00   -5.296520e-01  2.891681e+01  
283       1.50619595597e+05   0.000000e+00   -5.296589e-01  2.891681e+01  
284       1.50619568674e+05   0.000000e+00   -5.296594e-01  2.891682e+01  
285       1.50619541539e+05   0.000000e+00   -5.296540e-01  2.891683e+01  
286       1.50619514208e+05   0.000000e+00   -5.296433e-01  2.891683e+01  
287       1.50619486700e+05   0.000000e+00   -5.296280e-01  2.891684e+01  
288       1.50619459027e+05   0.000000e+00   -5.296088e-01  2.891684e+01  
289       1.50619431197e+05   0.000000e+00   -5.295866e-01  2.891685e+01  
290       1.50619403212e+05   0.000000e+00   -5.295620e-01  2.891686e+01  
291       1.50619375077e+05   0.000000e+00   -5.295357e-01  2.891686e+01  
292       1.50619346801e+05   0.000000e+00   -5.295081e-01  2.891686e+01  
293       1.50619318398e+05   0.000000e+00   -5.294793e-01  2.891687e+01  
294       1.50619289886e+05   0.000000e+00   -5.294493e-01  2.891687e+01  
295       1.50619261288e+05   0.000000e+00   -5.294175e-01  2.891688e+01  
296       1.50619232614e+05   0.000000e+00   -5.293837e-01  2.891688e+01  
297       1.50619203872e+05   0.000000e+00   -5.293475e-01  2.891689e+01  
298       1.50619175068e+05   0.000000e+00   -5.293088e-01  2.891689e+01  
299       1.50619146208e+05   0.000000e+00   -5.292677e-01  2.891690e+01  
300       1.50619117303e+05   0.000000e+00   -5.292246e-01  2.891690e+01  
301       1.50619088373e+05   0.000000e+00   -5.291800e-01  2.891690e+01  
302       1.50619059439e+05   0.000000e+00   -5.291344e-01  2.891691e+01  
303       1.50619030525e+05   0.000000e+00   -5.290881e-01  2.891691e+01  
304       1.50619001648e+05   0.000000e+00   -5.290415e-01  2.891692e+01  
305       1.50618972820e+05   0.000000e+00   -5.289946e-01  2.891692e+01  
306       1.50618944043e+05   0.000000e+00   -5.289478e-01  2.891693e+01  
307       1.50618915323e+05   0.000000e+00   -5.289012e-01  2.891693e+01  
308       1.50618886667e+05   0.000000e+00   -5.288556e-01  2.891694e+01  
309       1.50618858088e+05   0.000000e+00   -5.288114e-01  2.891694e+01  
310       1.50618829614e+05   0.000000e+00   -5.287694e-01  2.891695e+01  
311       1.50618801278e+05   0.000000e+00   -5.287300e-01  2.891696e+01  
312       1.50618773116e+05   0.000000e+00   -5.286935e-01  2.891696e+01  
313       1.50618745166e+05   0.000000e+00   -5.286599e-01  2.891697e+01  
314       1.50618717460e+05   0.000000e+00   -5.286290e-01  2.891698e+01  
315       1.50618690026e+05   0.000000e+00   -5.286001e-01  2.891698e+01  
316       1.50618662886e+05   0.000000e+00   -5.285727e-01  2.891699e+01  
317       1.50618636065e+05   0.000000e+00   -5.285461e-01  2.891700e+01  
318       1.50618609588e+05   0.000000e+00   -5.285202e-01  2.891701e+01  
319       1.50618583491e+05   0.000000e+00   -5.284950e-01  2.891702e+01  
320       1.50618557811e+05   0.000000e+00   -5.284708e-01  2.891703e+01  
321       1.50618532597e+05   0.000000e+00   -5.284483e-01  2.891704e+01  
322       1.50618507895e+05   0.000000e+00   -5.284280e-01  2.891706e+01  
323       1.50618483755e+05   0.000000e+00   -5.284109e-01  2.891707e+01  
324       1.50618460223e+05   0.000000e+00   -5.283975e-01  2.891708e+01  
325       1.50618437339e+05   0.000000e+00   -5.283886e-01  2.891710e+01  
326       1.50618415136e+05   0.000000e+00   -5.283847e-01  2.891711e+01  
327       1.50618393647e+05   0.000000e+00   -5.283861e-01  2.891713e+01  
328       1.50618372905e+05   0.000000e+00   -5.283931e-01  2.891714e+01  
329       1.50618352943e+05   0.000000e+00   -5.284054e-01  2.891716e+01  
330       1.50618333790e+05   0.000000e+00   -5.284231e-01  2.891718e+01  
331       1.50618315475e+05   0.000000e+00   -5.284458e-01  2.891720e+01  
332       1.50618298042e+05   0.000000e+00   -5.284731e-01  2.891722e+01  
333       1.50618281544e+05   0.000000e+00   -5.285043e-01  2.891724e+01  
334       1.50618266031e+05   0.000000e+00   -5.285387e-01  2.891726e+01  
335       1.50618251538e+05   0.000000e+00   -5.285752e-01  2.891728e+01  
336       1.50618238095e+05   0.000000e+00   -5.286128e-01  2.891730e+01  
337       1.50618225742e+05   0.000000e+00   -5.286506e-01  2.891732e+01  
338       1.50618214527e+05   0.000000e+00   -5.286880e-01  2.891735e+01  
339       1.50618204497e+05   0.000000e+00   -5.287246e-01  2.891737e+01  
340       1.50618195685e+05   0.000000e+00   -5.287602e-01  2.891740e+01  
341       1.50618188119e+05   0.000000e+00   -5.287949e-01  2.891743e+01  
342       1.50618181820e+05   0.000000e+00   -5.288286e-01  2.891745e+01  
343       1.50618176818e+05   0.000000e+00   -5.288613e-01  2.891748e+01  
344       1.50618173148e+05   0.000000e+00   -5.288927e-01  2.891751e+01  
345       1.50618170858e+05   0.000000e+00   -5.289226e-01  2.891754e+01  
346       1.50618169986e+05   0.000000e+00   -5.289505e-01  2.891757e+01  
347       1.50618170556e+05   0.000000e+00   -5.289761e-01  2.891760e+01  
348       1.50618172591e+05   0.000000e+00   -5.289991e-01  2.891763e+01  
349       1.50618176116e+05   0.000000e+00   -5.290191e-01  2.891767e+01  
350       1.50618181159e+05   0.000000e+00   -5.290359e-01  2.891770e+01  
351       1.50618187749e+05   0.000000e+00   -5.290496e-01  2.891773e+01  
352       1.50618195905e+05   0.000000e+00   -5.290597e-01  2.891777e+01  
353       1.50618205650e+05   0.000000e+00   -5.290662e-01  2.891780e+01  
354       1.50618217001e+05   0.000000e+00   -5.290689e-01  2.891784e+01  
355       1.50618229977e+05   0.000000e+00   -5.290678e-01  2.891788e+01  
356       1.50618244587e+05   0.000000e+00   -5.290634e-01  2.891792e+01  
357       1.50618260835e+05   0.000000e+00   -5.290568e-01  2.891795e+01  
358       1.50618278717e+05   0.000000e+00   -5.290494e-01  2.891799e+01  
359       1.50618298225e+05   0.000000e+00   -5.290427e-01  2.891803e+01  
360       1.50618319350e+05   0.000000e+00   -5.290383e-01  2.891807e+01  
361       1.50618342078e+05   0.000000e+00   -5.290376e-01  2.891811e+01  
362       1.50618366393e+05   0.000000e+00   -5.290417e-01  2.891816e+01  
363       1.50618392270e+05   0.000000e+00   -5.290512e-01  2.891820e+01  
364       1.50618419677e+05   0.000000e+00   -5.290665e-01  2.891824e+01  
365       1.50618448583e+05   0.000000e+00   -5.290880e-01  2.891828e+01  
366       1.50618478950e+05   0.000000e+00   -5.291164e-01  2.891833e+01  
367       1.50618510748e+05   0.000000e+00   -5.291524e-01  2.891837e+01  
368       1.50618543941e+05   0.000000e+00   -5.291967e-01  2.891842e+01  
369       1.50618578488e+05   0.000000e+00   -5.292496e-01  2.891846e+01  
370       1.50618614343e+05   0.000000e+00   -5.293111e-01  2.891851e+01  
371       1.50618651447e+05   0.000000e+00   -5.293804e-01  2.891855e+01  
372       1.50618689736e+05   0.000000e+00   -5.294563e-01  2.891860e+01  
373       1.50618729142e+05   0.000000e+00   -5.295367e-01  2.891864e+01  
374       1.50618769599e+05   0.000000e+00   -5.296196e-01  2.891869e+01  
375       1.50618811044e+05   0.000000e+00   -5.297029e-01  2.891873e+01  
376       1.50618853411e+05   0.000000e+00   -5.297848e-01  2.891878e+01  
377       1.50618896635e+05   0.000000e+00   -5.298639e-01  2.891883e+01  
378       1.50618940641e+05   0.000000e+00   -5.299390e-01  2.891887e+01  
379       1.50618985350e+05   0.000000e+00   -5.300091e-01  2.891892e+01  
380       1.50619030676e+05   0.000000e+00   -5.300729e-01  2.891896e+01  
381       1.50619076530e+05   0.000000e+00   -5.301293e-01  2.891901e+01  
382       1.50619122824e+05   0.000000e+00   -5.301767e-01  2.891905e+01  
383       1.50619169475e+05   0.000000e+00   -5.302141e-01  2.891910e+01  
384       1.50619216402e+05   0.000000e+00   -5.302403e-01  2.891914e+01  
385       1.50619263529e+05   0.000000e+00   -5.302550e-01  2.891918e+01  
386       1.50619310779e+05   0.000000e+00   -5.302581e-01  2.891923e+01  
387       1.50619358076e+05   0.000000e+00   -5.302504e-01  2.891927e+01  
388       1.50619405339e+05   0.000000e+00   -5.302329e-01  2.891931e+01  
389       1.50619452488e+05   0.000000e+00   -5.302071e-01  2.891935e+01  
390       1.50619499440e+05   0.000000e+00   -5.301748e-01  2.891940e+01  
391       1.50619546115e+05   0.000000e+00   -5.301377e-01  2.891944e+01  
392       1.50619592432e+05   0.000000e+00   -5.300972e-01  2.891948e+01  
393       1.50619638311e+05   0.000000e+00   -5.300548e-01  2.891951e+01  
394       1.50619683671e+05   0.000000e+00   -5.300116e-01  2.891955e+01  
395       1.50619728432e+05   0.000000e+00   -5.299684e-01  2.891959e+01  
396       1.50619772507e+05   0.000000e+00   -5.299256e-01  2.891963e+01  
397       1.50619815811e+05   0.000000e+00   -5.298835e-01  2.891967e+01  
398       1.50619858254e+05   0.000000e+00   -5.298417e-01  2.891970e+01  
399       1.50619899751e+05   0.000000e+00   -5.297998e-01  2.891974e+01  
400       1.50619940220e+05   0.000000e+00   -5.297572e-01  2.891977e+01  
401       1.50619979583e+05   0.000000e+00   -5.297131e-01  2.891981e+01  
402       1.50620017763e+05   0.000000e+00   -5.296671e-01  2.891984e+01  
403       1.50620054690e+05   0.000000e+00   -5.296187e-01  2.891987e+01  
404       1.50620090296e+05   0.000000e+00   -5.295677e-01  2.891990e+01  
405       1.50620124517e+05   0.000000e+00   -5.295138e-01  2.891994e+01  
406       1.50620157286e+05   0.000000e+00   -5.294570e-01  2.891997e+01  
407       1.50620188531e+05   0.000000e+00   -5.293972e-01  2.892000e+01  
408       1.50620218182e+05   0.000000e+00   -5.293343e-01  2.892003e+01  
409       1.50620246180e+05   0.000000e+00   -5.292686e-01  2.892006e+01  
410       1.50620272472e+05   0.000000e+00   -5.292005e-01  2.892008e+01  
411       1.50620297006e+05   0.000000e+00   -5.291307e-01  2.892011e+01  
412       1.50620319728e+05   0.000000e+00   -5.290602e-01  2.892014e+01  
413       1.50620340587e+05   0.000000e+00   -5.289902e-01  2.892017e+01  
414       1.50620359540e+05   0.000000e+00   -5.289222e-01  2.892019e+01  
415       1.50620376549e+05   0.000000e+00   -5.288575e-01  2.892022e+01  
416       1.50620391576e+05   0.000000e+00   -5.287977e-01  2.892024e+01  
417       1.50620404588e+05   0.000000e+00   -5.287437e-01  2.892027e+01  
418       1.50620415547e+05   0.000000e+00   -5.286962e-01  2.892029e+01  
419       1.50620424415e+05   0.000000e+00   -5.286557e-01  2.892032e+01  
420       1.50620431147e+05   0.000000e+00   -5.286215e-01  2.892034e+01  
421       1.50620435714e+05   0.000000e+00   -5.285929e-01  2.892037e+01  
422       1.50620438100e+05   0.000000e+00   -5.285680e-01  2.892039e+01  
423       1.50620438308e+05   0.000000e+00   -5.285450e-01  2.892041e+01  
424       1.50620436331e+05   0.000000e+00   -5.285213e-01  2.892044e+01  
425       1.50620432160e+05   0.000000e+00   -5.284946e-01  2.892046e+01  
426       1.50620425787e+05   0.000000e+00   -5.284629e-01  2.892048e+01  
427       1.50620417217e+05   0.000000e+00   -5.284248e-01  2.892051e+01  
428       1.50620406462e+05   0.000000e+00   -5.283795e-01  2.892053e+01  
429       1.50620393543e+05   0.000000e+00   -5.283270e-01  2.892055e+01  
430       1.50620378488e+05   0.000000e+00   -5.282680e-01  2.892057e+01  
431       1.50620361327e+05   0.000000e+00   -5.282033e-01  2.892060e+01  
432       1.50620342095e+05   0.000000e+00   -5.281342e-01  2.892062e+01  
433       1.50620320827e+05   0.000000e+00   -5.280620e-01  2.892064e+01  
434       1.50620297567e+05   0.000000e+00   -5.279882e-01  2.892066e+01  
435       1.50620272366e+05   0.000000e+00   -5.279145e-01  2.892069e+01  
436       1.50620245276e+05   0.000000e+00   -5.278429e-01  2.892071e+01  
437       1.50620216351e+05   0.000000e+00   -5.277757e-01  2.892074e+01  
438       1.50620185645e+05   0.000000e+00   -5.277154e-01  2.892076e+01  
439       1.50620153206e+05   0.000000e+00   -5.276650e-01  2.892079e+01  
440       1.50620119085e+05   0.000000e+00   -5.276272e-01  2.892081e+01  
441       1.50620083329e+05   0.000000e+00   -5.276047e-01  2.892084e+01  
442       1.50620045985e+05   0.000000e+00   -5.276000e-01  2.892086e+01  
443       1.50620007098e+05   0.000000e+00   -5.276145e-01  2.892089e+01  
444       1.50619966713e+05   0.000000e+00   -5.276492e-01  2.892092e+01  
445       1.50619924873e+05   0.000000e+00   -5.277039e-01  2.892095e+01  
446       1.50619881614e+05   0.000000e+00   -5.277778e-01  2.892098e+01  
447       1.50619836973e+05   0.000000e+00   -5.278691e-01  2.892101e+01  
448       1.50619790978e+05   0.000000e+00   -5.279757e-01  2.892104e+01  
449       1.50619743653e+05   0.000000e+00   -5.280950e-01  2.892107e+01  
450       1.50619695008e+05   0.000000e+00   -5.282247e-01  2.892110e+01  
451       1.50619645042e+05   0.000000e+00   -5.283620e-01  2.892114e+01  
452       1.50619593739e+05   0.000000e+00   -5.285046e-01  2.892117e+01  
453       1.50619541072e+05   0.000000e+00   -5.286501e-01  2.892121e+01  
454       1.50619487000e+05   0.000000e+00   -5.287962e-01  2.892124e+01  
455       1.50619431474e+05   0.000000e+00   -5.289405e-01  2.892128e+01  
456       1.50619374433e+05   0.000000e+00   -5.290807e-01  2.892131e+01  
457       1.50619315814e+05   0.000000e+00   -5.292147e-01  2.892135e+01  
458       1.50619255536e+05   0.000000e+00   -5.293403e-01  2.892139e+01  
459       1.50619193510e+05   0.000000e+00   -5.294562e-01  2.892142e+01  
460       1.50619129627e+05   0.000000e+00   -5.295612e-01  2.892146e+01  
461       1.50619063769e+05   0.000000e+00   -5.296548e-01  2.892150e+01  
462       1.50618995796e+05   0.000000e+00   -5.297366e-01  2.892154e+01  
463       1.50618925560e+05   0.000000e+00   -5.298068e-01  2.892158e+01  
464       1.50618852905e+05   0.000000e+00   -5.298656e-01  2.892162e+01  
465       1.50618777665e+05   0.000000e+00   -5.299132e-01  2.892166e+01  
466       1.50618699665e+05   0.000000e+00   -5.299501e-01  2.892170e+01  
467       1.50618618717e+05   0.000000e+00   -5.299766e-01  2.892175e+01  
468       1.50618534620e+05   0.000000e+00   -5.299937e-01  2.892179e+01  
469       1.50618447144e+05   0.000000e+00   -5.300025e-01  2.892183e+01  
470       1.50618356036e+05   0.000000e+00   -5.300048e-01  2.892187e+01  
471       1.50618261014e+05   0.000000e+00   -5.300023e-01  2.892192e+01  
472       1.50618161775e+05   0.000000e+00   -5.299969e-01  2.892196e+01  
473       1.50618057993e+05   0.000000e+00   -5.299903e-01  2.892201e+01  
474       1.50617949335e+05   0.000000e+00   -5.299838e-01  2.892205e+01  
475       1.50617835454e+05   0.000000e+00   -5.299783e-01  2.892210e+01  
476       1.50617715995e+05   0.000000e+00   -5.299742e-01  2.892215e+01  
477       1.50617590588e+05   0.000000e+00   -5.299715e-01  2.892219e+01  
478       1.50617458838e+05   0.000000e+00   -5.299701e-01  2.892224e+01  
479       1.50617320317e+05   0.000000e+00   -5.299699e-01  2.892229e+01  
480       1.50617174560e+05   0.000000e+00   -5.299704e-01  2.892234e+01  
481       1.50617021063e+05   0.000000e+00   -5.299711e-01  2.892239e+01  
482       1.50616859295e+05   0.000000e+00   -5.299714e-01  2.892244e+01  
483       1.50616688685e+05   0.000000e+00   -5.299702e-01  2.892249e+01  
484       1.50616508617e+05   0.000000e+00   -5.299663e-01  2.892255e+01  
485       1.50616318423e+05   0.000000e+00   -5.299583e-01  2.892260e+01  
486       1.50616117393e+05   0.000000e+00   -5.299445e-01  2.892265e+01  
487       1.50615904773e+05   0.000000e+00   -5.299236e-01  2.892271e+01  
488       1.50615679769e+05   0.000000e+00   -5.298944e-01  2.892277e+01  
489       1.50615441545e+05   0.000000e+00   -5.298557e-01  2.892283e+01  
490       1.50615189247e+05   0.000000e+00   -5.298065e-01  2.892289e+01  
491       1.50614922016e+05   0.000000e+00   -5.297458e-01  2.892295e+01  
492       1.50614639012e+05   0.000000e+00   -5.296722e-01  2.892301e+01  
493       1.50614339419e+05   0.000000e+00   -5.295842e-01  2.892308e+01  
494       1.50614022455e+05   0.000000e+00   -5.294799e-01  2.892314e+01  
495       1.50613687348e+05   0.000000e+00   -5.293572e-01  2.892321e+01  
496       1.50613333315e+05   0.000000e+00   -5.292143e-01  2.892328e+01  
497       1.50612959541e+05   0.000000e+00   -5.290492e-01  2.892336e+01  
498       1.50612565185e+05   0.000000e+00   -5.288604e-01  2.892343e+01  
499       1.50612149375e+05   0.000000e+00   -5.286463e-01  2.892351e+01  
500       1.50611711234e+05   0.000000e+00   -5.284052e-01  2.892359e+01  
501       1.50611249918e+05   0.000000e+00   -5.281348e-01  2.892367e+01  
502       1.50610764696e+05   0.000000e+00   -5.278326e-01  2.892376e+01  
503       1.50610255012e+05   0.000000e+00   -5.274952e-01  2.892385e+01  
504       1.50609720549e+05   0.000000e+00   -5.271185e-01  2.892395e+01  
505       1.50609161253e+05   0.000000e+00   -5.266975e-01  2.892404e+01  
506       1.50608577363e+05   0.000000e+00   -5.262268e-01  2.892414e+01  
507       1.50607969392e+05   0.000000e+00   -5.257004e-01  2.892425e+01  
508       1.50607338131e+05   0.000000e+00   -5.251123e-01  2.892436e+01  
509       1.50606684660e+05   0.000000e+00   -5.244560e-01  2.892447e+01  
510       1.50606010398e+05   0.000000e+00   -5.237250e-01  2.892458e+01  
511       1.50605317165e+05   0.000000e+00   -5.229128e-01  2.892470e+01  
512       1.50604607290e+05   0.000000e+00   -5.220124e-01  2.892483e+01  
513       1.50603883718e+05   0.000000e+00   -5.210171e-01  2.892495e+01  
514       1.50603150118e+05   0.000000e+00   -5.199197e-01  2.892509e+01  
515       1.50602410949e+05   0.000000e+00   -5.187134e-01  2.892522e+01  
516       1.50601671498e+05   0.000000e+00   -5.173915e-01  2.892536e+01  
517       1.50600937844e+05   0.000000e+00   -5.159480e-01  2.892550e+01  
518       1.50600216781e+05   0.000000e+00   -5.143779e-01  2.892564e+01  
519       1.50599515666e+05   0.000000e+00   -5.126779e-01  2.892579e+01  
520       1.50598842250e+05   0.000000e+00   -5.108460e-01  2.892594e+01  
521       1.50598204488e+05   0.000000e+00   -5.088824e-01  2.892609e+01  
522       1.50597610363e+05   0.000000e+00   -5.067887e-01  2.892624e+01  
523       1.50597067757e+05   0.000000e+00   -5.045684e-01  2.892640e+01  
524       1.50596584371e+05   0.000000e+00   -5.022264e-01  2.892655e+01  
525       1.50596167684e+05   0.000000e+00   -4.997688e-01  2.892671e+01  
526       1.50595824937e+05   0.000000e+00   -4.972026e-01  2.892686e+01  
527       1.50595563116e+05   0.000000e+00   -4.945355e-01  2.892702e+01  
528       1.50595388950e+05   0.000000e+00   -4.917761e-01  2.892717e+01  
529       1.50595308904e+05   0.000000e+00   -4.889332e-01  2.892732e+01  
530       1.50595329220e+05   0.000000e+00   -4.860160e-01  2.892748e+01  
531       1.50595456003e+05   0.000000e+00   -4.830335e-01  2.892763e+01  
532       1.50595695422e+05   0.000000e+00   -4.799939e-01  2.892778e+01  
533       1.50596053970e+05   0.000000e+00   -4.769049e-01  2.892793e+01  
534       1.50596538796e+05   0.000000e+00   -4.737726e-01  2.892808e+01  
535       1.50597158014e+05   0.000000e+00   -4.706012e-01  2.892823e+01  
536       1.50597921038e+05   0.000000e+00   -4.673934e-01  2.892838e+01  
537       1.50598838870e+05   0.000000e+00   -4.641499e-01  2.892852e+01  
538       1.50599924376e+05   0.000000e+00   -4.608700e-01  2.892866e+01  
539       1.50601192497e+05   0.000000e+00   -4.575523e-01  2.892879e+01  
540       1.50602660375e+05   0.000000e+00   -4.541944e-01  2.892892e+01  
541       1.50604347323e+05   0.000000e+00   -4.507941e-01  2.892904e+01  
542       1.50606274638e+05   0.000000e+00   -4.473489e-01  2.892915e+01  
543       1.50608465187e+05   0.000000e+00   -4.438563e-01  2.892925e+01  
544       1.50610942890e+05   0.000000e+00   -4.403145e-01  2.892933e+01  
545       1.50613732112e+05   0.000000e+00   -4.367223e-01  2.892940e+01  
546       1.50616857080e+05   0.000000e+00   -4.330796e-01  2.892946e+01  
547       1.50620341285e+05   0.000000e+00   -4.293879e-01  2.892949e+01  
548       1.50624206929e+05   0.000000e+00   -4.256499e-01  2.892951e+01  
549       1.50628474470e+05   0.000000e+00   -4.218697e-01  2.892950e+01  
550       1.50633162356e+05   0.000000e+00   -4.180522e-01  2.892947e+01  
551       1.50638286917e+05   0.000000e+00   -4.142030e-01  2.892941e+01  
552       1.50643862347e+05   0.000000e+00   -4.103281e-01  2.892933e+01  
553       1.50649900655e+05   0.000000e+00   -4.064336e-01  2.892922e+01  
554       1.50656411595e+05   0.000000e+00   -4.025258e-01  2.892908e+01  
555       1.50663402582e+05   0.000000e+00   -3.986102e-01  2.892891e+01  
556       1.50670878686e+05   0.000000e+00   -3.946916e-01  2.892871e+01  
557       1.50678842718e+05   0.000000e+00   -3.907736e-01  2.892848e+01  
558       1.50687295415e+05   0.000000e+00   -3.868583e-01  2.892822e+01  
559       1.50696235690e+05   0.000000e+00   -3.829464e-01  2.892793e+01  
560       1.50705660914e+05   0.000000e+00   -3.790363e-01  2.892760e+01  
561       1.50715567186e+05   0.000000e+00   -3.751248e-01  2.892725e+01  
562       1.50725949544e+05   0.000000e+00   -3.712066e-01  2.892686e+01  
563       1.50736802115e+05   0.000000e+00   -3.672752e-01  2.892644e+01  
564       1.50748118216e+05   0.000000e+00   -3.633235e-01  2.892600e+01  
565       1.50759890460e+05   0.000000e+00   -3.593442e-01  2.892552e+01  
566       1.50772110905e+05   0.000000e+00   -3.553307e-01  2.892502e+01  
567       1.50784771199e+05   0.000000e+00   -3.512770e-01  2.892448e+01  
568       1.50797862671e+05   0.000000e+00   -3.471784e-01  2.892392e+01  
569       1.50811376312e+05   0.000000e+00   -3.430311e-01  2.892333e+01  
570       1.50825302657e+05   0.000000e+00   -3.388320e-01  2.892271e+01  
571       1.50839631651e+05   0.000000e+00   -3.345776e-01  2.892207e+01  
572       1.50854352662e+05   0.000000e+00   -3.302635e-01  2.892139e+01  
573       1.50869454814e+05   0.000000e+00   -3.258828e-01  2.892069e+01  
574       1.50884927755e+05   0.000000e+00   -3.214252e-01  2.891996e+01  
575       1.50900762803e+05   0.000000e+00   -3.168753e-01  2.891921e+01  
576       1.50916954314e+05   0.000000e+00   -3.122104e-01  2.891842e+01  
577       1.50933501061e+05   0.000000e+00   -3.073965e-01  2.891761e+01  
578       1.50950407389e+05   0.000000e+00   -3.023825e-01  2.891676e+01  
579       1.50967683395e+05   0.000000e+00   -2.970884e-01  2.891588e+01  
580       1.50985341843e+05   0.000000e+00   -2.913851e-01  2.891496e+01  
581       1.51003383855e+05   0.000000e+00   -2.850515e-01  2.891401e+01  
582       1.51021745787e+05   0.000000e+00   -2.776835e-01  2.891303e+01  
583       1.51040097828e+05   0.000000e+00   -2.684680e-01  2.891204e+01  
584       1.51056963894e+05   0.000000e+00   -2.555107e-01  2.891118e+01  
585       1.51064600049e+05   0.000000e+00   -2.329033e-01  2.891118e+01  
586       1.50996663516e+05   0.000000e+00   -1.458112e-01  2.891823e+01  
587       1.51030349721e+05   0.000000e+00   -8.208860e-02  2.891578e+01  
588       1.51214732532e+05   0.000000e+00   -2.583523e-03  2.889927e+01  
589       1.51107544761e+05   0.000000e+00   4.024939e-02   2.890994e+01  
590       1.51128587659e+05   0.000000e+00   2.135476e-01   2.890867e+01  
591       1.51204980841e+05   0.000000e+00   4.407077e-02   2.890223e+01  
592       1.51245431564e+05   0.000000e+00   -4.950067e-03  2.889916e+01  
593       1.51223764071e+05   0.000000e+00   -9.100035e-03  2.890187e+01  
594       1.51254355042e+05   0.000000e+00   -2.388508e-03  2.889975e+01  
595       1.51273066965e+05   0.000000e+00   4.735028e-03   2.889871e+01  
596       1.51261265831e+05   0.000000e+00   1.586887e-02   2.890055e+01  
597       1.51317438164e+05   0.000000e+00   2.548435e-02   2.889602e+01  
598       1.51268406340e+05   0.000000e+00   4.302406e-02   2.890133e+01  
599       1.51338143311e+05   0.000000e+00   6.282433e-02   2.889551e+01  
600       1.51200726648e+05   0.000000e+00   1.361635e-01   2.890904e+01  
601       1.51214703650e+05   0.000000e+00   2.602045e-01   2.890835e+01  
602       1.51169040722e+05   0.000000e+00   1.791215e-01   2.891329e+01  
603       1.50947799523e+05   0.000000e+00   7.615593e-01   2.893450e+01  
604       1.51581276131e+05   0.000000e+00   4.918613e-01   2.887609e+01  
605       1.51058252650e+05   0.000000e+00   4.559713e-01   2.892530e+01  
606       1.51412849535e+05   0.000000e+00   4.756166e-01   2.889286e+01  
607       1.51268166299e+05   0.000000e+00   4.016905e-01   2.890678e+01  
608       1.51430150513e+05   0.000000e+00   4.393009e-01   2.889232e+01  
609       1.51342577992e+05   0.000000e+00   4.204096e-01   2.890089e+01  
610       1.51372035056e+05   0.000000e+00   5.126047e-01   2.889876e+01  
611       1.51459313353e+05   0.000000e+00   6.036972e-01   2.889089e+01  
612       1.51444270550e+05   0.000000e+00   7.055104e-01   2.889211e+01  
613       1.51116637552e+05   0.000000e+00   9.085236e-01   2.892292e+01  
614       1.51813217586e+05   0.000000e+00   7.314073e-01   2.886202e+01  
615       1.51078570077e+05   0.000000e+00   6.657827e-01   2.892908e+01  
616       1.51522819570e+05   0.000000e+00   8.373562e-01   2.888993e+01  
617       1.51038600472e+05   0.000000e+00   7.714351e-01   2.893348e+01  
618       1.51536551665e+05   0.000000e+00   8.113807e-01   2.888953e+01  
619       1.51159095815e+05   0.000000e+00   8.549444e-01   2.892389e+01  
620       1.51224325676e+05   0.000000e+00   1.258013e+00   2.891685e+01  
621       1.51570977793e+05   0.000000e+00   9.454529e-01   2.889164e+01  
622       1.51422925398e+05   0.000000e+00   9.495795e-01   2.890106e+01  
623       1.51405831017e+05   0.000000e+00   1.197407e+00   2.890527e+01  
624       1.51761053305e+05   0.000000e+00   9.712359e-01   2.887765e+01  
625       1.51553524388e+05   0.000000e+00   9.339052e-01   2.889610e+01  
626       1.51774154133e+05   0.000000e+00   9.478633e-01   2.887826e+01  
627       1.51623469227e+05   0.000000e+00   9.285252e-01   2.889283e+01  
628       1.51865483502e+05   0.000000e+00   9.404103e-01   2.887262e+01  
629       1.51721601131e+05   0.000000e+00   9.326725e-01   2.888726e+01  
630       1.51967561371e+05   0.000000e+00   9.501995e-01   2.886598e+01  
631       1.51759154873e+05   0.000000e+00   9.624165e-01   2.888631e+01  
632       1.52053088176e+05   0.000000e+00   9.825937e-01   2.886052e+01  
633       1.51862480634e+05   0.000000e+00   9.889511e-01   2.888007e+01  
634       1.52157494824e+05   0.000000e+00   1.001139e+00   2.885382e+01  
635       1.51840963007e+05   0.000000e+00   1.016428e+00   2.888421e+01  
636       1.52224833799e+05   0.000000e+00   1.026096e+00   2.885030e+01  
637       1.51954482786e+05   0.000000e+00   1.027804e+00   2.887748e+01  
638       1.52296553971e+05   0.000000e+00   1.034009e+00   2.884663e+01  
639       1.51925761029e+05   0.000000e+00   1.044259e+00   2.888275e+01  
640       1.52386680102e+05   0.000000e+00   1.042413e+00   2.884183e+01  
641       1.51952379123e+05   0.000000e+00   1.041811e+00   2.888353e+01  
642       1.52403876763e+05   0.000000e+00   1.037543e+00   2.884324e+01  
643       1.52021151474e+05   0.000000e+00   1.030552e+00   2.888088e+01  
644       1.52460596974e+05   0.000000e+00   1.035694e+00   2.884082e+01  
645       1.51988224875e+05   0.000000e+00   1.053693e+00   2.888602e+01  
646       1.52523873459e+05   0.000000e+00   1.052887e+00   2.883751e+01  
647       1.52003386535e+05   0.000000e+00   1.066789e+00   2.888672e+01  
648       1.52465993616e+05   0.000000e+00   1.108170e+00   2.884446e+01  
649       1.51985364362e+05   0.000000e+00   1.158720e+00   2.889030e+01  
650       1.52561161229e+05   0.000000e+00   1.203089e+00   2.883833e+01  
651       1.51882189280e+05   0.000000e+00   1.476060e+00   2.890133e+01  
652       1.52495798700e+05   0.000000e+00   1.234158e+00   2.884534e+01  
653       1.52170944341e+05   0.000000e+00   1.245874e+00   2.887836e+01  
654       1.52629881261e+05   0.000000e+00   1.251581e+00   2.883524e+01  
655       1.52081013308e+05   0.000000e+00   1.269254e+00   2.888621e+01  
656       1.52668334001e+05   0.000000e+00   1.280774e+00   2.883306e+01  
657       1.52138159859e+05   0.000000e+00   1.272555e+00   2.888244e+01  
658       1.52633914313e+05   0.000000e+00   1.286832e+00   2.883639e+01  
659       1.52143144278e+05   0.000000e+00   1.282941e+00   2.888301e+01  
660       1.52683816376e+05   0.000000e+00   1.269317e+00   2.883341e+01  
661       1.52124739344e+05   0.000000e+00   1.278321e+00   2.888514e+01  
662       1.52634837302e+05   0.000000e+00   1.298757e+00   2.883733e+01  
663       1.52131429890e+05   0.000000e+00   1.304432e+00   2.888400e+01  
664       1.52593461734e+05   0.000000e+00   1.295609e+00   2.884100e+01  
665       1.52142842445e+05   0.000000e+00   1.308785e+00   2.888215e+01  
666       1.52485454981e+05   0.000000e+00   1.308910e+00   2.884749e+01  
667       1.52107886870e+05   0.000000e+00   1.333327e+00   2.888343e+01  
668       1.52673451919e+05   0.000000e+00   1.360604e+00   2.883298e+01  
669       1.51988425719e+05   0.000000e+00   1.341717e+00   2.889301e+01  
670       1.52489097716e+05   0.000000e+00   1.441341e+00   2.884444e+01  
671       1.52103473606e+05   0.000000e+00   1.389810e+00   2.888777e+01  
672       1.52386759213e+05   0.000000e+00   1.374799e+00   2.885387e+01  
673       1.52081215634e+05   0.000000e+00   1.382848e+00   2.888938e+01  
674       1.52318703381e+05   0.000000e+00   1.378251e+00   2.886230e+01  
675       1.52031743007e+05   0.000000e+00   1.393950e+00   2.889365e+01  
676       1.52258793742e+05   0.000000e+00   1.374019e+00   2.886875e+01  
677       1.52107254962e+05   0.000000e+00   1.387961e+00   2.888870e+01  
678       1.52338601788e+05   0.000000e+00   1.382334e+00   2.886443e+01  
679       1.51931070547e+05   0.000000e+00   1.403874e+00   2.890506e+01  
680       1.52278148749e+05   0.000000e+00   1.405465e+00   2.887280e+01  
681       1.51948315021e+05   0.000000e+00   1.391353e+00   2.890604e+01  
682       1.52362119508e+05   0.000000e+00   1.389727e+00   2.886763e+01  
683       1.52048483684e+05   0.000000e+00   1.375500e+00   2.890080e+01  
684       1.52290249722e+05   0.000000e+00   1.372155e+00   2.887594e+01  
685       1.52050511466e+05   0.000000e+00   1.366490e+00   2.890417e+01  
686       1.52220654910e+05   0.000000e+00   1.377904e+00   2.888668e+01  
687       1.51745799980e+05   0.000000e+00   1.383452e+00   2.893462e+01  
688       1.52060451101e+05   0.000000e+00   1.385861e+00   2.890555e+01  
689       1.51719965778e+05   0.000000e+00   1.365978e+00   2.894149e+01  
690       1.52063463877e+05   0.000000e+00   1.363553e+00   2.890915e+01  
691       1.51819539690e+05   0.000000e+00   1.342177e+00   2.893754e+01  
692       1.52095391728e+05   0.000000e+00   1.342142e+00   2.891048e+01  
693       1.51831023306e+05   0.000000e+00   1.344979e+00   2.894295e+01  
694       1.51846793795e+05   0.000000e+00   1.355676e+00   2.893735e+01  
695       1.51674259720e+05   0.000000e+00   1.346048e+00   2.896258e+01  
696       1.51667725567e+05   0.000000e+00   1.355729e+00   2.895782e+01  
697       1.51548382438e+05   0.000000e+00   1.355266e+00   2.897701e+01  
698       1.51740227493e+05   0.000000e+00   1.355428e+00   2.895669e+01  
699       1.51549771271e+05   0.000000e+00   1.336950e+00   2.898373e+01  
700       1.51592919657e+05   0.000000e+00   1.354986e+00   2.897727e+01  
701       1.51557457856e+05   0.000000e+00   1.322708e+00   2.899040e+01  
702       1.51650695443e+05   0.000000e+00   1.343536e+00   2.897967e+01  
703       1.51457857442e+05   0.000000e+00   1.337283e+00   2.900482e+01  
704       1.51359496603e+05   0.000000e+00   1.351255e+00   2.900988e+01  
705       1.51373465282e+05   0.000000e+00   1.342106e+00   2.901902e+01  
706       1.51239646545e+05   0.000000e+00   1.345557e+00   2.902611e+01  
707       1.51288067005e+05   0.000000e+00   1.352160e+00   2.903190e+01  
708       1.51266791748e+05   0.000000e+00   1.342735e+00   2.902990e+01  
709       1.51273679692e+05   0.000000e+00   1.348343e+00   2.904106e+01  
710       1.51151591090e+05   0.000000e+00   1.340706e+00   2.904667e+01  
711       1.51200293588e+05   0.000000e+00   1.366550e+00   2.905320e+01  
712       1.51165315033e+05   0.000000e+00   1.337636e+00   2.905119e+01  
713       1.51132211563e+05   0.000000e+00   1.361634e+00   2.906613e+01  
714       1.51186405934e+05   0.000000e+00   1.354368e+00   2.905704e+01  
715       1.51019986870e+05   0.000000e+00   1.342001e+00   2.908232e+01  
716       1.51182150795e+05   0.000000e+00   1.360726e+00   2.906351e+01  
717       1.51040751208e+05   0.000000e+00   1.339232e+00   2.908683e+01  
718       1.51147347580e+05   0.000000e+00   1.336304e+00   2.907506e+01  
719       1.51068396518e+05   0.000000e+00   1.334578e+00   2.909128e+01  
720       1.51122276561e+05   0.000000e+00   1.362278e+00   2.908188e+01  
721       1.50989514006e+05   0.000000e+00   1.324395e+00   2.910507e+01  
722       1.51167989792e+05   0.000000e+00   1.369916e+00   2.908558e+01  
723       1.51095771636e+05   0.000000e+00   1.334639e+00   2.910065e+01  
724       1.51016567117e+05   0.000000e+00   1.374273e+00   2.910465e+01  
725       1.51133578671e+05   0.000000e+00   1.338233e+00   2.910442e+01  
726       1.51058714144e+05   0.000000e+00   1.372945e+00   2.910659e+01  
727       1.51192597337e+05   0.000000e+00   1.330185e+00   2.910561e+01  
728       1.51077472096e+05   0.000000e+00   1.367463e+00   2.911095e+01  
729       1.51368582995e+05   0.000000e+00   1.331753e+00   2.909689e+01  
730       1.51143276973e+05   0.000000e+00   1.346017e+00   2.911087e+01  
731       1.51554026100e+05   0.000000e+00   1.342574e+00   2.908637e+01  
732       1.51112953407e+05   0.000000e+00   1.347797e+00   2.911875e+01  
733       1.51536635533e+05   0.000000e+00   1.356348e+00   2.909344e+01  
734       1.50961253944e+05   0.000000e+00   1.361352e+00   2.913497e+01  
735       1.51520191857e+05   0.000000e+00   1.367376e+00   2.910054e+01  
736       1.50934961365e+05   0.000000e+00   1.373674e+00   2.914140e+01  
737       1.51509011748e+05   0.000000e+00   1.375251e+00   2.910578e+01  
738       1.51154264993e+05   0.000000e+00   1.374303e+00   2.912801e+01  
739       1.51563008223e+05   0.000000e+00   1.384927e+00   2.910414e+01  
740       1.51125701562e+05   0.000000e+00   1.386413e+00   2.913487e+01  
741       1.51603478983e+05   0.000000e+00   1.402631e+00   2.910386e+01  
742       1.51017066444e+05   0.000000e+00   1.390559e+00   2.914688e+01  
743       1.51733774328e+05   0.000000e+00   1.402870e+00   2.909727e+01  
744       1.51074338942e+05   0.000000e+00   1.386824e+00   2.914536e+01  
745       1.51642225039e+05   0.000000e+00   1.410205e+00   2.910901e+01  
746       1.51168336943e+05   0.000000e+00   1.406717e+00   2.914114e+01  
747       1.51685828569e+05   0.000000e+00   1.400746e+00   2.910960e+01  
748       1.51308850654e+05   0.000000e+00   1.414958e+00   2.913312e+01  
749       1.51647731616e+05   0.000000e+00   1.404110e+00   2.911700e+01  
750       1.51358402852e+05   0.000000e+00   1.422465e+00   2.913229e+01  
751       1.51820092719e+05   0.000000e+00   1.407056e+00   2.910475e+01  
752       1.51327717353e+05   0.000000e+00   1.422037e+00   2.913747e+01  
753       1.51903652111e+05   0.000000e+00   1.411748e+00   2.910060e+01  
754       1.51400051878e+05   0.000000e+00   1.423522e+00   2.913434e+01  
755       1.51903714202e+05   0.000000e+00   1.424796e+00   2.910267e+01  
756       1.51361032890e+05   0.000000e+00   1.433639e+00   2.913977e+01  
757       1.51943511135e+05   0.000000e+00   1.429748e+00   2.910299e+01  
758       1.51372112633e+05   0.000000e+00   1.446556e+00   2.914247e+01  
759       1.51896325675e+05   0.000000e+00   1.428840e+00   2.911124e+01  
760       1.51358575989e+05   0.000000e+00   1.454861e+00   2.914536e+01  
761       1.51878798211e+05   0.000000e+00   1.425613e+00   2.911497e+01  
762       1.51371638537e+05   0.000000e+00   1.463585e+00   2.914759e+01  
763       1.51921939336e+05   0.000000e+00   1.431362e+00   2.911595e+01  
764       1.51240364996e+05   0.000000e+00   1.471250e+00   2.916140e+01  
765       1.51820651125e+05   0.000000e+00   1.429025e+00   2.912531e+01  
766       1.51422663590e+05   0.000000e+00   1.456589e+00   2.914930e+01  
767       1.52035698456e+05   0.000000e+00   1.404943e+00   2.911052e+01  
768       1.51432896735e+05   0.000000e+00   1.440940e+00   2.914906e+01  
769       1.52075762033e+05   0.000000e+00   1.423905e+00   2.910898e+01  
770       1.51249098107e+05   0.000000e+00   1.450270e+00   2.916888e+01  
771       1.51943158514e+05   0.000000e+00   1.443129e+00   2.912329e+01  
772       1.51069792726e+05   0.000000e+00   1.483044e+00   2.918555e+01  
773       1.51863478393e+05   0.000000e+00   1.442947e+00   2.913432e+01  
774       1.51110135341e+05   0.000000e+00   1.477784e+00   2.918402e+01  
775       1.52134339172e+05   0.000000e+00   1.432045e+00   2.911219e+01  
776       1.51252287858e+05   0.000000e+00   1.456196e+00   2.917500e+01  
777       1.52115828386e+05   0.000000e+00   1.432497e+00   2.911700e+01  
778       1.51144858523e+05   0.000000e+00   1.473287e+00   2.918539e+01  
779       1.52047706779e+05   0.000000e+00   1.436336e+00   2.912708e+01  
780       1.51007806879e+05   0.000000e+00   1.498170e+00   2.919860e+01  
781       1.51941708285e+05   0.000000e+00   1.521388e+00   2.913424e+01  
782       1.50913600339e+05   0.000000e+00   1.546847e+00   2.920653e+01  
783       1.52120293780e+05   0.000000e+00   1.544244e+00   2.912404e+01  
784       1.50927059190e+05   0.000000e+00   1.608222e+00   2.920874e+01  
785       1.52259467442e+05   0.000000e+00   1.570158e+00   2.911767e+01  
786       1.50936568693e+05   0.000000e+00   1.606345e+00   2.920894e+01  
787       1.52406873604e+05   0.000000e+00   1.578898e+00   2.910912e+01  
788       1.50800246821e+05   0.000000e+00   1.610399e+00   2.922244e+01  
789       1.52114042771e+05   0.000000e+00   1.748221e+00   2.913096e+01  
790       1.50955928309e+05   0.000000e+00   1.661661e+00   2.921557e+01  
791       1.52113804760e+05   0.000000e+00   1.610344e+00   2.913309e+01  
792       1.50967116979e+05   0.000000e+00   1.641336e+00   2.921507e+01  
793       1.52101693707e+05   0.000000e+00   1.603780e+00   2.913731e+01  
794       1.50891937807e+05   0.000000e+00   1.644949e+00   2.922324e+01  
795       1.52085850456e+05   0.000000e+00   1.600957e+00   2.913975e+01  
796       1.50938500574e+05   0.000000e+00   1.640413e+00   2.922100e+01  
797       1.51930126986e+05   0.000000e+00   1.615856e+00   2.915204e+01  
798       1.50829791523e+05   0.000000e+00   1.651657e+00   2.923190e+01  
799       1.51982815857e+05   0.000000e+00   1.610901e+00   2.914921e+01  
800       1.50724811413e+05   0.000000e+00   1.650978e+00   2.924144e+01  
801       1.51892415193e+05   0.000000e+00   1.623209e+00   2.915669e+01  
802       1.50698280597e+05   0.000000e+00   1.642072e+00   2.924348e+01  
803       1.51889329355e+05   0.000000e+00   1.614015e+00   2.915959e+01  
804       1.50600270464e+05   0.000000e+00   1.647726e+00   2.925294e+01  
805       1.51789891912e+05   0.000000e+00   1.623950e+00   2.916770e+01  
806       1.50506819168e+05   0.000000e+00   1.656947e+00   2.926094e+01  
807       1.51731272093e+05   0.000000e+00   1.641208e+00   2.917316e+01  
808       1.50394894113e+05   0.000000e+00   1.665584e+00   2.927200e+01  
809       1.51647653239e+05   0.000000e+00   1.654625e+00   2.918127e+01  
810       1.50163205772e+05   0.000000e+00   1.678849e+00   2.929112e+01  
811       1.51535569064e+05   0.000000e+00   1.664001e+00   2.919206e+01  
812       1.50225986655e+05   0.000000e+00   1.685852e+00   2.928696e+01  
813       1.51478917136e+05   0.000000e+00   1.653749e+00   2.919702e+01  
814       1.50261331429e+05   0.000000e+00   1.693637e+00   2.928324e+01  
815       1.51579935932e+05   0.000000e+00   1.649299e+00   2.918968e+01  
816       1.50250487770e+05   0.000000e+00   1.693264e+00   2.928548e+01  
817       1.51532915271e+05   0.000000e+00   1.650949e+00   2.919302e+01  
818       1.50090953545e+05   0.000000e+00   1.700499e+00   2.930064e+01  
819       1.51447240451e+05   0.000000e+00   1.653180e+00   2.920097e+01  
820       1.49990785083e+05   0.000000e+00   1.698977e+00   2.930946e+01  
821       1.51472323191e+05   0.000000e+00   1.662880e+00   2.919937e+01  
822       1.49911605913e+05   0.000000e+00   1.690430e+00   2.931782e+01  
823       1.51504046690e+05   0.000000e+00   1.662340e+00   2.919979e+01  
824       1.49923752989e+05   0.000000e+00   1.693733e+00   2.931698e+01  
825       1.51419891978e+05   0.000000e+00   1.655717e+00   2.920819e+01  
826       1.49779710469e+05   0.000000e+00   1.696647e+00   2.932930e+01  
827       1.51489094525e+05   0.000000e+00   1.672427e+00   2.920345e+01  
828       1.49661137594e+05   0.000000e+00   1.683549e+00   2.934094e+01  
829       1.51434581313e+05   0.000000e+00   1.685052e+00   2.921005e+01  
830       1.49558338597e+05   0.000000e+00   1.703301e+00   2.935022e+01  
831       1.51313917171e+05   0.000000e+00   1.693052e+00   2.922106e+01  
832       1.49550208362e+05   0.000000e+00   1.712655e+00   2.935490e+01  
833       1.51295874894e+05   0.000000e+00   1.702053e+00   2.922513e+01  
834       1.49347351176e+05   0.000000e+00   1.705622e+00   2.937287e+01  
835       1.51291162525e+05   0.000000e+00   1.708731e+00   2.922894e+01  
836       1.49378382296e+05   0.000000e+00   1.709932e+00   2.937291e+01  
837       1.51159054795e+05   0.000000e+00   1.693438e+00   2.924277e+01  
838       1.49385082241e+05   0.000000e+00   1.719705e+00   2.937421e+01  
839       1.51127334792e+05   0.000000e+00   1.676782e+00   2.924808e+01  
840       1.49377527901e+05   0.000000e+00   1.719688e+00   2.937738e+01  
841       1.51103429732e+05   0.000000e+00   1.677937e+00   2.925327e+01  
842       1.49322942926e+05   0.000000e+00   1.728929e+00   2.938430e+01  
843       1.51071027160e+05   0.000000e+00   1.675865e+00   2.926123e+01  
844       1.49340538668e+05   0.000000e+00   1.732325e+00   2.938538e+01  
845       1.51001460006e+05   0.000000e+00   1.683113e+00   2.926905e+01  
846       1.49281306604e+05   0.000000e+00   1.747838e+00   2.939558e+01  
847       1.50919052014e+05   0.000000e+00   1.694896e+00   2.928070e+01  
848       1.49173054040e+05   0.000000e+00   1.757228e+00   2.941012e+01  
849       1.50856768253e+05   0.000000e+00   1.706790e+00   2.929048e+01  
850       1.49071980875e+05   0.000000e+00   1.751577e+00   2.941986e+01  
851       1.51195191578e+05   0.000000e+00   1.677230e+00   2.926916e+01  
852       1.49258787969e+05   0.000000e+00   1.714438e+00   2.940866e+01  
853       1.51210223996e+05   0.000000e+00   1.679996e+00   2.927195e+01  
854       1.49229119613e+05   0.000000e+00   1.728394e+00   2.941638e+01  
855       1.51022627288e+05   0.000000e+00   1.690587e+00   2.929162e+01  
856       1.49135841579e+05   0.000000e+00   1.750363e+00   2.943197e+01  
857       1.50971217135e+05   0.000000e+00   1.701615e+00   2.930120e+01  
858       1.49130976496e+05   0.000000e+00   1.751039e+00   2.943602e+01  
859       1.51094877481e+05   0.000000e+00   1.704087e+00   2.929833e+01  
860       1.49299311712e+05   0.000000e+00   1.737622e+00   2.942707e+01  
861       1.51214860118e+05   0.000000e+00   1.707717e+00   2.929589e+01  
862       1.49175260090e+05   0.000000e+00   1.746218e+00   2.944285e+01  
863       1.51140586108e+05   0.000000e+00   1.730535e+00   2.930799e+01  
864       1.49139579160e+05   0.000000e+00   1.759339e+00   2.945238e+01  
865       1.51078841195e+05   0.000000e+00   1.744536e+00   2.931690e+01  
866       1.49081674876e+05   0.000000e+00   1.778885e+00   2.946213e+01  
867       1.51082516657e+05   0.000000e+00   1.750359e+00   2.932327e+01  
868       1.49149952798e+05   0.000000e+00   1.774199e+00   2.946314e+01  
869       1.51129508289e+05   0.000000e+00   1.733288e+00   2.932496e+01  
870       1.49297619566e+05   0.000000e+00   1.781343e+00   2.945754e+01  
871       1.51080364882e+05   0.000000e+00   1.733982e+00   2.933422e+01  
872       1.49358897058e+05   0.000000e+00   1.793233e+00   2.945730e+01  
873       1.51129405310e+05   0.000000e+00   1.742206e+00   2.933596e+01  
874       1.49244132079e+05   0.000000e+00   1.800248e+00   2.947369e+01  
875       1.51229419118e+05   0.000000e+00   1.753973e+00   2.933226e+01  
876       1.49367183515e+05   0.000000e+00   1.798660e+00   2.946943e+01  
877       1.51321227360e+05   0.000000e+00   1.743553e+00   2.933329e+01  
878       1.49318556625e+05   0.000000e+00   1.794657e+00   2.947799e+01  
879       1.51368809420e+05   0.000000e+00   1.748849e+00   2.933396e+01  
880       1.49460398393e+05   0.000000e+00   1.793004e+00   2.947415e+01  
881       1.51438701901e+05   0.000000e+00   1.749675e+00   2.933423e+01  
882       1.49411959229e+05   0.000000e+00   1.800886e+00   2.948225e+01  
883       1.51452409764e+05   0.000000e+00   1.742612e+00   2.933993e+01  
884       1.49498336279e+05   0.000000e+00   1.802161e+00   2.948285e+01  
885       1.51579479715e+05   0.000000e+00   1.737568e+00   2.933362e+01  
886       1.49431613519e+05   0.000000e+00   1.790511e+00   2.949396e+01  
887       1.51687228285e+05   0.000000e+00   1.739087e+00   2.933097e+01  
888       1.49574711056e+05   0.000000e+00   1.784109e+00   2.948829e+01  
889       1.51745082896e+05   0.000000e+00   1.724842e+00   2.933164e+01  
890       1.49712649351e+05   0.000000e+00   1.797972e+00   2.948136e+01  
891       1.51795518708e+05   0.000000e+00   1.723731e+00   2.933137e+01  
892       1.49730051887e+05   0.000000e+00   1.800351e+00   2.948669e+01  
893       1.51897922043e+05   0.000000e+00   1.730993e+00   2.932826e+01  
894       1.49611452639e+05   0.000000e+00   1.805634e+00   2.950137e+01  
895       1.51882249765e+05   0.000000e+00   1.747239e+00   2.933535e+01  
896       1.49620913766e+05   0.000000e+00   1.815737e+00   2.950575e+01  
897       1.51951553650e+05   0.000000e+00   1.751202e+00   2.933416e+01  
898       1.49677024571e+05   0.000000e+00   1.816899e+00   2.950784e+01  
899       1.52117960753e+05   0.000000e+00   1.759428e+00   2.932462e+01  
900       1.49802631486e+05   0.000000e+00   1.794012e+00   2.950197e+01  
901       1.52245207166e+05   0.000000e+00   1.760262e+00   2.932212e+01  
902       1.49800002199e+05   0.000000e+00   1.804755e+00   2.950541e+01  
903       1.52283961880e+05   0.000000e+00   1.767010e+00   2.932384e+01  
904       1.49822319239e+05   0.000000e+00   1.815144e+00   2.950799e+01  
905       1.52321725393e+05   0.000000e+00   1.774298e+00   2.932489e+01  
906       1.49987251836e+05   0.000000e+00   1.819714e+00   2.949949e+01  
907       1.52389166543e+05   0.000000e+00   1.772800e+00   2.932485e+01  
908       1.49991237786e+05   0.000000e+00   1.815853e+00   2.950389e+01  
909       1.52594309596e+05   0.000000e+00   1.773391e+00   2.931364e+01  
910       1.49996819672e+05   0.000000e+00   1.821478e+00   2.950587e+01  
911       1.52567253675e+05   0.000000e+00   1.784979e+00   2.931888e+01  
912       1.50134565984e+05   0.000000e+00   1.816943e+00   2.950057e+01  
913       1.52647295321e+05   0.000000e+00   1.776294e+00   2.931518e+01  
914       1.50107223490e+05   0.000000e+00   1.816965e+00   2.950726e+01  
915       1.52683018131e+05   0.000000e+00   1.778336e+00   2.931514e+01  
916       1.50129715837e+05   0.000000e+00   1.819264e+00   2.950880e+01  
917       1.52735150875e+05   0.000000e+00   1.781886e+00   2.931620e+01  
918       1.50038415452e+05   0.000000e+00   1.832469e+00   2.951898e+01  
919       1.52712627174e+05   0.000000e+00   1.796877e+00   2.932193e+01  
920       1.49992183034e+05   0.000000e+00   1.849246e+00   2.952733e+01  
921       1.52669248775e+05   0.000000e+00   1.807389e+00   2.932792e+01  
922       1.50061421281e+05   0.000000e+00   1.856963e+00   2.952792e+01  
923       1.52540216866e+05   0.000000e+00   1.829438e+00   2.934129e+01  
924       1.50063484629e+05   0.000000e+00   1.924435e+00   2.953054e+01  
925       1.52669853343e+05   0.000000e+00   2.201951e+00   2.933435e+01  
926       1.50083238047e+05   0.000000e+00   2.242293e+00   2.953307e+01  
927       1.52691491966e+05   0.000000e+00   2.040233e+00   2.933749e+01  
928       1.50134139359e+05   0.000000e+00   2.022851e+00   2.953078e+01  
929       1.52727391263e+05   0.000000e+00   1.962914e+00   2.933875e+01  
930       1.50153586655e+05   0.000000e+00   1.959765e+00   2.953354e+01  
931       1.52541683784e+05   0.000000e+00   1.934013e+00   2.935779e+01  
932       1.50001485293e+05   0.000000e+00   1.972823e+00   2.955241e+01  
933       1.52426936264e+05   0.000000e+00   1.951681e+00   2.937024e+01  
934       1.50028215152e+05   0.000000e+00   1.996106e+00   2.955355e+01  
935       1.52415848824e+05   0.000000e+00   1.937181e+00   2.937423e+01  
936       1.50195901306e+05   0.000000e+00   2.000747e+00   2.954389e+01  
937       1.52534167108e+05   0.000000e+00   1.926511e+00   2.936856e+01  
938       1.50090591075e+05   0.000000e+00   1.995440e+00   2.955630e+01  
939       1.52401404331e+05   0.000000e+00   1.955655e+00   2.938086e+01  
940       1.49964929647e+05   0.000000e+00   2.003962e+00   2.957013e+01  
941       1.52424969460e+05   0.000000e+00   1.954394e+00   2.938283e+01  
942       1.49935346920e+05   0.000000e+00   2.007162e+00   2.957536e+01  
943       1.52492980588e+05   0.000000e+00   1.958548e+00   2.937979e+01  
944       1.49946950809e+05   0.000000e+00   1.976625e+00   2.957879e+01  
945       1.52649198996e+05   0.000000e+00   1.952507e+00   2.937165e+01  
946       1.50019357221e+05   0.000000e+00   1.959775e+00   2.957736e+01  
947       1.52539786823e+05   0.000000e+00   1.948581e+00   2.938292e+01  
948       1.50049838796e+05   0.000000e+00   1.983938e+00   2.957726e+01  
949       1.52434051951e+05   0.000000e+00   1.953629e+00   2.939384e+01  
950       1.50036273000e+05   0.000000e+00   1.993282e+00   2.958163e+01  
951       1.52367175297e+05   0.000000e+00   1.969135e+00   2.940013e+01  
952       1.49957705770e+05   0.000000e+00   1.987792e+00   2.959138e+01  
953       1.52336411218e+05   0.000000e+00   1.962155e+00   2.940772e+01  
954       1.50048275068e+05   0.000000e+00   1.982841e+00   2.958455e+01  
955       1.52306890186e+05   0.000000e+00   1.961439e+00   2.941181e+01  
956       1.50004606734e+05   0.000000e+00   1.990039e+00   2.959011e+01  
957       1.52189185168e+05   0.000000e+00   1.974188e+00   2.942456e+01  
958       1.49994502839e+05   0.000000e+00   1.998468e+00   2.959246e+01  
959       1.52104208083e+05   0.000000e+00   1.976412e+00   2.943332e+01  
960       1.50024077767e+05   0.000000e+00   2.002212e+00   2.959320e+01  
961       1.52101346548e+05   0.000000e+00   1.973210e+00   2.943682e+01  
962       1.50069621218e+05   0.000000e+00   2.005613e+00   2.959165e+01  
963       1.51994974455e+05   0.000000e+00   1.962781e+00   2.944661e+01  
964       1.50134248621e+05   0.000000e+00   2.005339e+00   2.959027e+01  
965       1.51993995504e+05   0.000000e+00   1.967630e+00   2.944817e+01  
966       1.50121267839e+05   0.000000e+00   2.009733e+00   2.959335e+01  
967       1.51919164812e+05   0.000000e+00   1.979770e+00   2.945736e+01  
968       1.49950171972e+05   0.000000e+00   2.035717e+00   2.960869e+01  
969       1.51832237186e+05   0.000000e+00   1.992451e+00   2.946629e+01  
970       1.50035591498e+05   0.000000e+00   2.039928e+00   2.960405e+01  
971       1.51876360983e+05   0.000000e+00   1.991465e+00   2.946556e+01  
972       1.49885352410e+05   0.000000e+00   2.042274e+00   2.961889e+01  
973       1.51873107335e+05   0.000000e+00   2.004257e+00   2.946664e+01  
974       1.49976476649e+05   0.000000e+00   2.030890e+00   2.961415e+01  
975       1.52044708318e+05   0.000000e+00   1.992258e+00   2.945392e+01  
976       1.49910518710e+05   0.000000e+00   2.030099e+00   2.962033e+01  
977       1.52022633871e+05   0.000000e+00   2.006643e+00   2.945901e+01  
978       1.49956975673e+05   0.000000e+00   2.021753e+00   2.961955e+01  
979       1.51904261605e+05   0.000000e+00   2.020029e+00   2.946740e+01  
980       1.49862766797e+05   0.000000e+00   2.036881e+00   2.962858e+01  
981       1.51851786722e+05   0.000000e+00   2.027035e+00   2.947379e+01  
982       1.49905410115e+05   0.000000e+00   2.034522e+00   2.962635e+01  
983       1.51804448794e+05   0.000000e+00   2.020355e+00   2.947830e+01  
984       1.49901228249e+05   0.000000e+00   2.031109e+00   2.962909e+01  
985       1.51795440339e+05   0.000000e+00   2.017142e+00   2.948146e+01  
986       1.49867088060e+05   0.000000e+00   2.025574e+00   2.963392e+01  
987       1.51640674608e+05   0.000000e+00   2.016067e+00   2.949433e+01  
988       1.49803757858e+05   0.000000e+00   2.034575e+00   2.964123e+01  
989       1.51548402979e+05   0.000000e+00   2.023353e+00   2.950197e+01  
990       1.49771439738e+05   0.000000e+00   2.020195e+00   2.964782e+01  
991       1.51590530866e+05   0.000000e+00   2.018187e+00   2.950085e+01  
992       1.49667876435e+05   0.000000e+00   2.022230e+00   2.965806e+01  
993       1.51564133106e+05   0.000000e+00   2.020899e+00   2.950641e+01  
994       1.49592639087e+05   0.000000e+00   2.031417e+00   2.966523e+01  
995       1.51532655612e+05   0.000000e+00   2.028416e+00   2.951194e+01  
996       1.49571567867e+05   0.000000e+00   2.036451e+00   2.966957e+01  
997       1.51512690330e+05   0.000000e+00   2.033830e+00   2.951626e+01  
998       1.49560726806e+05   0.000000e+00   2.035267e+00   2.967450e+01  
999       1.51516856895e+05   0.000000e+00   2.028975e+00   2.951942e+01  
1000      1.49596845270e+05   0.000000e+00   2.045200e+00   2.967345e+01  
1001      1.51430872176e+05   0.000000e+00   2.030484e+00   2.952997e+01  
1002      1.49603148782e+05   0.000000e+00   2.054738e+00   2.967804e+01  
1003      1.51445755957e+05   0.000000e+00   2.044248e+00   2.953187e+01  
1004      1.49559805960e+05   0.000000e+00   2.054952e+00   2.968547e+01  
1005      1.51429502227e+05   0.000000e+00   2.047784e+00   2.953976e+01  
1006      1.49628436864e+05   0.000000e+00   2.060619e+00   2.968408e+01  
1007      1.51470227614e+05   0.000000e+00   2.048353e+00   2.953971e+01  
1008      1.49549315942e+05   0.000000e+00   2.079537e+00   2.969662e+01  
1009      1.51437212193e+05   0.000000e+00   2.072590e+00   2.954587e+01  
1010      1.49597177521e+05   0.000000e+00   2.084542e+00   2.969700e+01  
1011      1.51471913084e+05   0.000000e+00   2.082351e+00   2.954854e+01  
1012      1.49595531312e+05   0.000000e+00   2.083106e+00   2.970079e+01  
1013      1.51624155592e+05   0.000000e+00   2.067169e+00   2.954060e+01  
1014      1.49734563023e+05   0.000000e+00   2.077216e+00   2.969264e+01  
1015      1.51641841531e+05   0.000000e+00   2.069115e+00   2.954286e+01  
1016      1.49685562004e+05   0.000000e+00   2.098050e+00   2.970211e+01  
1017      1.51535624959e+05   0.000000e+00   2.096655e+00   2.955658e+01  
1018      1.49651268880e+05   0.000000e+00   2.100698e+00   2.970690e+01  
1019      1.51785474849e+05   0.000000e+00   2.088372e+00   2.954153e+01  
1020      1.49774050581e+05   0.000000e+00   2.091974e+00   2.970005e+01  
1021      1.51796848074e+05   0.000000e+00   2.092954e+00   2.954559e+01  
1022      1.49883285115e+05   0.000000e+00   2.092590e+00   2.969494e+01  
1023      1.51645315991e+05   0.000000e+00   2.113737e+00   2.956124e+01  
1024      1.49771641993e+05   0.000000e+00   2.120355e+00   2.970472e+01  
1025      1.51577683964e+05   0.000000e+00   2.126712e+00   2.957114e+01  
1026      1.49801716046e+05   0.000000e+00   2.138444e+00   2.970461e+01  
1027      1.51443179272e+05   0.000000e+00   2.131593e+00   2.958550e+01  
1028      1.49875755395e+05   0.000000e+00   2.159949e+00   2.970024e+01  
1029      1.51380602266e+05   0.000000e+00   2.127126e+00   2.959521e+01  
1030      1.50077244575e+05   0.000000e+00   2.151182e+00   2.968930e+01  
1031      1.51309812049e+05   0.000000e+00   2.131788e+00   2.960438e+01  
1032      1.50009363556e+05   0.000000e+00   2.173605e+00   2.969640e+01  
1033      1.51246969492e+05   0.000000e+00   2.152233e+00   2.961371e+01  
1034      1.50080918629e+05   0.000000e+00   2.179750e+00   2.969103e+01  
1035      1.51236065148e+05   0.000000e+00   2.156460e+00   2.962004e+01  
1036      1.50093989206e+05   0.000000e+00   2.177772e+00   2.969412e+01  
1037      1.51196715238e+05   0.000000e+00   2.157282e+00   2.962751e+01  
1038      1.50217351720e+05   0.000000e+00   2.163945e+00   2.968968e+01  
1039      1.51231747554e+05   0.000000e+00   2.150027e+00   2.962784e+01  
1040      1.50291043031e+05   0.000000e+00   2.159478e+00   2.968650e+01  
1041      1.51194940473e+05   0.000000e+00   2.148199e+00   2.963422e+01  
1042      1.50256321176e+05   0.000000e+00   2.156934e+00   2.969419e+01  
1043      1.51163887264e+05   0.000000e+00   2.155712e+00   2.964111e+01  
1044      1.50337896398e+05   0.000000e+00   2.162297e+00   2.969228e+01  
1045      1.51068043664e+05   0.000000e+00   2.147468e+00   2.965138e+01  
1046      1.50537297930e+05   0.000000e+00   2.158146e+00   2.968084e+01  
1047      1.51053986081e+05   0.000000e+00   2.131048e+00   2.965584e+01  
1048      1.50664690835e+05   0.000000e+00   2.144172e+00   2.967366e+01  
1049      1.51035629387e+05   0.000000e+00   2.121587e+00   2.966148e+01  
1050      1.50748573435e+05   0.000000e+00   2.145287e+00   2.967047e+01  
1051      1.50970161472e+05   0.000000e+00   2.123712e+00   2.967087e+01  
1052      1.50794616644e+05   0.000000e+00   2.152294e+00   2.966800e+01  
1053      1.50819097424e+05   0.000000e+00   2.128446e+00   2.968618e+01  
1054      1.50822849130e+05   0.000000e+00   2.155628e+00   2.966908e+01  
1055      1.50850523225e+05   0.000000e+00   2.135225e+00   2.968455e+01  
1056      1.50761450507e+05   0.000000e+00   2.160226e+00   2.967640e+01  
1057      1.50715262806e+05   0.000000e+00   2.147277e+00   2.969872e+01  
1058      1.50776718129e+05   0.000000e+00   2.168328e+00   2.967532e+01  
1059      1.50822430135e+05   0.000000e+00   2.131169e+00   2.969221e+01  
1060      1.50895535798e+05   0.000000e+00   2.153195e+00   2.966555e+01  
1061      1.50835432510e+05   0.000000e+00   2.124326e+00   2.969511e+01  
1062      1.50829761802e+05   0.000000e+00   2.145267e+00   2.967064e+01  
1063      1.50790145623e+05   0.000000e+00   2.128747e+00   2.970013e+01  
1064      1.50814689455e+05   0.000000e+00   2.149214e+00   2.967060e+01  
1065      1.50745507535e+05   0.000000e+00   2.133010e+00   2.970520e+01  
1066      1.50745984086e+05   0.000000e+00   2.152620e+00   2.967572e+01  
1067      1.50785353984e+05   0.000000e+00   2.134399e+00   2.970244e+01  
1068      1.50829414614e+05   0.000000e+00   2.132288e+00   2.966944e+01  
1069      1.50765066149e+05   0.000000e+00   2.141600e+00   2.970493e+01  
1070      1.50750843332e+05   0.000000e+00   2.133905e+00   2.967388e+01  
1071      1.50764946584e+05   0.000000e+00   2.152615e+00   2.970668e+01  
1072      1.50682585951e+05   0.000000e+00   2.142216e+00   2.967775e+01  
1073      1.50633712349e+05   0.000000e+00   2.160902e+00   2.971619e+01  
1074      1.50757214539e+05   0.000000e+00   2.141002e+00   2.967216e+01  
1075      1.50679462436e+05   0.000000e+00   2.147310e+00   2.971275e+01  
1076      1.50778874334e+05   0.000000e+00   2.128032e+00   2.967014e+01  
1077      1.50582473225e+05   0.000000e+00   2.159583e+00   2.971989e+01  
1078      1.50825135886e+05   0.000000e+00   2.132584e+00   2.966651e+01  
1079      1.50527671185e+05   0.000000e+00   2.146342e+00   2.972477e+01  
1080      1.50926774557e+05   0.000000e+00   2.135559e+00   2.965748e+01  
1081      1.50479119034e+05   0.000000e+00   2.156036e+00   2.972831e+01  
1082      1.50953592897e+05   0.000000e+00   2.141277e+00   2.965572e+01  
1083      1.50503089937e+05   0.000000e+00   2.150475e+00   2.972644e+01  
1084      1.50897421935e+05   0.000000e+00   2.146033e+00   2.965886e+01  
1085      1.50533497884e+05   0.000000e+00   2.162704e+00   2.972381e+01  
1086      1.50887816433e+05   0.000000e+00   2.144368e+00   2.965634e+01  
1087      1.50549717550e+05   0.000000e+00   2.156793e+00   2.972335e+01  
1088      1.50913790820e+05   0.000000e+00   2.148173e+00   2.965248e+01  
1089      1.50554204909e+05   0.000000e+00   2.170461e+00   2.972124e+01  
1090      1.50917747436e+05   0.000000e+00   2.151029e+00   2.964970e+01  
1091      1.50600136614e+05   0.000000e+00   2.163886e+00   2.971714e+01  
1092      1.50848898349e+05   0.000000e+00   2.163389e+00   2.965118e+01  
1093      1.50541276681e+05   0.000000e+00   2.179506e+00   2.972109e+01  
1094      1.50753830990e+05   0.000000e+00   2.176114e+00   2.965629e+01  
1095      1.50465342222e+05   0.000000e+00   2.190406e+00   2.972691e+01  
1096      1.50847827964e+05   0.000000e+00   2.163572e+00   2.964612e+01  
1097      1.50512495180e+05   0.000000e+00   2.182932e+00   2.971912e+01  
1098      1.50862881628e+05   0.000000e+00   2.154170e+00   2.964100e+01  
1099      1.50499844458e+05   0.000000e+00   2.191435e+00   2.971869e+01  
1100      1.50863052078e+05   0.000000e+00   2.163149e+00   2.963628e+01  
1101      1.50325257128e+05   0.000000e+00   2.217788e+00   2.973193e+01  
1102      1.50784587349e+05   0.000000e+00   2.181782e+00   2.963894e+01  
1103      1.50327060662e+05   0.000000e+00   2.219973e+00   2.972964e+01  
1104      1.51039938220e+05   0.000000e+00   2.172104e+00   2.961299e+01  
1105      1.50302892062e+05   0.000000e+00   2.203066e+00   2.973132e+01  
1106      1.51058513018e+05   0.000000e+00   2.177198e+00   2.960917e+01  
1107      1.50279127192e+05   0.000000e+00   2.214833e+00   2.973112e+01  
1108      1.50918127755e+05   0.000000e+00   2.205951e+00   2.961616e+01  
1109      1.50217105158e+05   0.000000e+00   2.243164e+00   2.973593e+01  
1110      1.50872517132e+05   0.000000e+00   2.233307e+00   2.961398e+01  
1111      1.50197241310e+05   0.000000e+00   2.257865e+00   2.973732e+01  
1112      1.50895168709e+05   0.000000e+00   2.237750e+00   2.960835e+01  
1113      1.50210141433e+05   0.000000e+00   2.273141e+00   2.973563e+01  
1114      1.50957246548e+05   0.000000e+00   2.241018e+00   2.960158e+01  
1115      1.50281303390e+05   0.000000e+00   2.288089e+00   2.973114e+01  
1116      1.50932898574e+05   0.000000e+00   2.264021e+00   2.959961e+01  
1117      1.50235092027e+05   0.000000e+00   2.315370e+00   2.973333e+01  
1118      1.50864719612e+05   0.000000e+00   2.300379e+00   2.960104e+01  
1119      1.50300367283e+05   0.000000e+00   2.326567e+00   2.972655e+01  
1120      1.50965070250e+05   0.000000e+00   2.300964e+00   2.959159e+01  
1121      1.50279206431e+05   0.000000e+00   2.334308e+00   2.972686e+01  
1122      1.50899190478e+05   0.000000e+00   2.319986e+00   2.959535e+01  
1123      1.50368034169e+05   0.000000e+00   2.337238e+00   2.971730e+01  
1124      1.50945169572e+05   0.000000e+00   2.328448e+00   2.958963e+01  
1125      1.50317737387e+05   0.000000e+00   2.347009e+00   2.971832e+01  
1126      1.50928709180e+05   0.000000e+00   2.360039e+00   2.958826e+01  
1127      1.50260055595e+05   0.000000e+00   2.369259e+00   2.972299e+01  
1128      1.50827567708e+05   0.000000e+00   2.375562e+00   2.959347e+01  
1129      1.50310006461e+05   0.000000e+00   2.387160e+00   2.971769e+01  
1130      1.50692750717e+05   0.000000e+00   2.395408e+00   2.960242e+01  
1131      1.50416338098e+05   0.000000e+00   2.389733e+00   2.970686e+01  
1132      1.50727688109e+05   0.000000e+00   2.390028e+00   2.959946e+01  
1133      1.50494201652e+05   0.000000e+00   2.399819e+00   2.969797e+01  
1134      1.50719966560e+05   0.000000e+00   2.394496e+00   2.959944e+01  
1135      1.50636304149e+05   0.000000e+00   2.400746e+00   2.968534e+01  
1136      1.50796522192e+05   0.000000e+00   2.376423e+00   2.959327e+01  
1137      1.50746832767e+05   0.000000e+00   2.388016e+00   2.967654e+01  
1138      1.50800765144e+05   0.000000e+00   2.380963e+00   2.959199e+01  
1139      1.50757432576e+05   0.000000e+00   2.391902e+00   2.967639e+01  
1140      1.50819909692e+05   0.000000e+00   2.388103e+00   2.959125e+01  
1141      1.50653153529e+05   0.000000e+00   2.413905e+00   2.968479e+01  
1142      1.50777381190e+05   0.000000e+00   2.395672e+00   2.959496e+01  
1143      1.50715900903e+05   0.000000e+00   2.412878e+00   2.968203e+01  
1144      1.50887471129e+05   0.000000e+00   2.394595e+00   2.958654e+01  
1145      1.50763794030e+05   0.000000e+00   2.406739e+00   2.968048e+01  
1146      1.50928746165e+05   0.000000e+00   2.395180e+00   2.958557e+01  
1147      1.50581275047e+05   0.000000e+00   2.415576e+00   2.969793e+01  
1148      1.50913914844e+05   0.000000e+00   2.411460e+00   2.958869e+01  
1149      1.50594378252e+05   0.000000e+00   2.409965e+00   2.969853e+01  
1150      1.50828603829e+05   0.000000e+00   2.406372e+00   2.959938e+01  
1151      1.50633270279e+05   0.000000e+00   2.403469e+00   2.970002e+01  
1152      1.50856627022e+05   0.000000e+00   2.397588e+00   2.960050e+01  
1153      1.50670191773e+05   0.000000e+00   2.395843e+00   2.969913e+01  
1154      1.50858068138e+05   0.000000e+00   2.395093e+00   2.960715e+01  
1155      1.50591028016e+05   0.000000e+00   2.399200e+00   2.971010e+01  
1156      1.50850181637e+05   0.000000e+00   2.404111e+00   2.961261e+01  
1157      1.50537363879e+05   0.000000e+00   2.399577e+00   2.971830e+01  
1158      1.50877528422e+05   0.000000e+00   2.403324e+00   2.961766e+01  
1159      1.50610554080e+05   0.000000e+00   2.389716e+00   2.971725e+01  
1160      1.50910537731e+05   0.000000e+00   2.391373e+00   2.962121e+01  
1161      1.50633499455e+05   0.000000e+00   2.395231e+00   2.971943e+01  
1162      1.50873676972e+05   0.000000e+00   2.402508e+00   2.963084e+01  
1163      1.50599594908e+05   0.000000e+00   2.413147e+00   2.972565e+01  
1164      1.50935438036e+05   0.000000e+00   2.397655e+00   2.963365e+01  
1165      1.50710072460e+05   0.000000e+00   2.415105e+00   2.972077e+01  
1166      1.50960409126e+05   0.000000e+00   2.397268e+00   2.963780e+01  
1167      1.50600459426e+05   0.000000e+00   2.430521e+00   2.973439e+01  
1168      1.51046317719e+05   0.000000e+00   2.405063e+00   2.963667e+01  
1169      1.50495588111e+05   0.000000e+00   2.428808e+00   2.974672e+01  
1170      1.51144875103e+05   0.000000e+00   2.409145e+00   2.963455e+01  
1171      1.50415821510e+05   0.000000e+00   2.431812e+00   2.975610e+01  
1172      1.51291695256e+05   0.000000e+00   2.402280e+00   2.963083e+01  
1173      1.50429504643e+05   0.000000e+00   2.426265e+00   2.975839e+01  
1174      1.51392641922e+05   0.000000e+00   2.391873e+00   2.962763e+01  
1175      1.50545107367e+05   0.000000e+00   2.420129e+00   2.975319e+01  
1176      1.51416235923e+05   0.000000e+00   2.393874e+00   2.963036e+01  
1177      1.50535742727e+05   0.000000e+00   2.421304e+00   2.975860e+01  
1178      1.51378872633e+05   0.000000e+00   2.408018e+00   2.963986e+01  
1179      1.50563182106e+05   0.000000e+00   2.430770e+00   2.976193e+01  
1180      1.51447786113e+05   0.000000e+00   2.393092e+00   2.963901e+01  
1181      1.50680930715e+05   0.000000e+00   2.417219e+00   2.975699e+01  
1182      1.51493582296e+05   0.000000e+00   2.399408e+00   2.964002e+01  
1183      1.50750408879e+05   0.000000e+00   2.413183e+00   2.975436e+01  
1184      1.51453047435e+05   0.000000e+00   2.414114e+00   2.964880e+01  
1185      1.50699241116e+05   0.000000e+00   2.436148e+00   2.976336e+01  
1186      1.51375998277e+05   0.000000e+00   2.431584e+00   2.965993e+01  
1187      1.50748855445e+05   0.000000e+00   2.445079e+00   2.976322e+01  
1188      1.51437922197e+05   0.000000e+00   2.418531e+00   2.966079e+01  
1189      1.50869345259e+05   0.000000e+00   2.442760e+00   2.975772e+01  
1190      1.51557371766e+05   0.000000e+00   2.406891e+00   2.965828e+01  
1191      1.50875167646e+05   0.000000e+00   2.443784e+00   2.976230e+01  
1192      1.51549955549e+05   0.000000e+00   2.415817e+00   2.966590e+01  
1193      1.50834996458e+05   0.000000e+00   2.463457e+00   2.976807e+01  
1194      1.51606016982e+05   0.000000e+00   2.425670e+00   2.966665e+01  
1195      1.50748614677e+05   0.000000e+00   2.473846e+00   2.977940e+01  
1196      1.51567093500e+05   0.000000e+00   2.441314e+00   2.967733e+01  
1197      1.50755600432e+05   0.000000e+00   2.468202e+00   2.978192e+01  
1198      1.51738038746e+05   0.000000e+00   2.430237e+00   2.967122e+01  
1199      1.50694351980e+05   0.000000e+00   2.467742e+00   2.979102e+01  
1200      1.51820301241e+05   0.000000e+00   2.432102e+00   2.967357e+01  
1201      1.50601845755e+05   0.000000e+00   2.475477e+00   2.980143e+01  
1202      1.51769694750e+05   0.000000e+00   2.443774e+00   2.968260e+01  
1203      1.50530149981e+05   0.000000e+00   2.478268e+00   2.981219e+01  
1204      1.51936759699e+05   0.000000e+00   2.444586e+00   2.967422e+01  
1205      1.50532842241e+05   0.000000e+00   2.465519e+00   2.981657e+01  
1206      1.51929918579e+05   0.000000e+00   2.450983e+00   2.968044e+01  
1207      1.50604924979e+05   0.000000e+00   2.466096e+00   2.981408e+01  
1208      1.51936573812e+05   0.000000e+00   2.440219e+00   2.968413e+01  
1209      1.50650144112e+05   0.000000e+00   2.458365e+00   2.981378e+01  
1210      1.51954308176e+05   0.000000e+00   2.446358e+00   2.968630e+01  
1211      1.50576475630e+05   0.000000e+00   2.471235e+00   2.982236e+01  
1212      1.51918809992e+05   0.000000e+00   2.461659e+00   2.969432e+01  
1213      1.50473395069e+05   0.000000e+00   2.483362e+00   2.983276e+01  
1214      1.51955077438e+05   0.000000e+00   2.467725e+00   2.969390e+01  
1215      1.50311250158e+05   0.000000e+00   2.492443e+00   2.984801e+01  
1216      1.51916165722e+05   0.000000e+00   2.484117e+00   2.970032e+01  
1217      1.50269832534e+05   0.000000e+00   2.502696e+00   2.985348e+01  
1218      1.51882607588e+05   0.000000e+00   2.499152e+00   2.970648e+01  
1219      1.50183383162e+05   0.000000e+00   2.521699e+00   2.986142e+01  
1220      1.51969315538e+05   0.000000e+00   2.506923e+00   2.970305e+01  
1221      1.50176409159e+05   0.000000e+00   2.519734e+00   2.986379e+01  
1222      1.51949548239e+05   0.000000e+00   2.512223e+00   2.970881e+01  
1223      1.50126833465e+05   0.000000e+00   2.538850e+00   2.986721e+01  
1224      1.51861756660e+05   0.000000e+00   2.523499e+00   2.971968e+01  
1225      1.50093962420e+05   0.000000e+00   2.554659e+00   2.987009e+01  
1226      1.51750562321e+05   0.000000e+00   2.529146e+00   2.973239e+01  
1227      1.50117632731e+05   0.000000e+00   2.568880e+00   2.986794e+01  
1228      1.51758957968e+05   0.000000e+00   2.521907e+00   2.973513e+01  
1229      1.50231518313e+05   0.000000e+00   2.566946e+00   2.985612e+01  
1230      1.51755856331e+05   0.000000e+00   2.515051e+00   2.973940e+01  
1231      1.50159159054e+05   0.000000e+00   2.577159e+00   2.986021e+01  
1232      1.51642894138e+05   0.000000e+00   2.529893e+00   2.974970e+01  
1233      1.50177772360e+05   0.000000e+00   2.589866e+00   2.985696e+01  
1234      1.51591065137e+05   0.000000e+00   2.539066e+00   2.975531e+01  
1235      1.50175988349e+05   0.000000e+00   2.583762e+00   2.985489e+01  
1236      1.51622897646e+05   0.000000e+00   2.544564e+00   2.975497e+01  
1237      1.50142469054e+05   0.000000e+00   2.578916e+00   2.985449e+01  
1238      1.51649878331e+05   0.000000e+00   2.545183e+00   2.975358e+01  
1239      1.50153677847e+05   0.000000e+00   2.581120e+00   2.985061e+01  
1240      1.51555012219e+05   0.000000e+00   2.560129e+00   2.976391e+01  
1241      1.50110004093e+05   0.000000e+00   2.589029e+00   2.985131e+01  
1242      1.51547335979e+05   0.000000e+00   2.570159e+00   2.976439e+01  
1243      1.50159678860e+05   0.000000e+00   2.582076e+00   2.984408e+01  
1244      1.51622833663e+05   0.000000e+00   2.562162e+00   2.975911e+01  
1245      1.50053548895e+05   0.000000e+00   2.586017e+00   2.985011e+01  
1246      1.51622311055e+05   0.000000e+00   2.572848e+00   2.975758e+01  
1247      1.49991392132e+05   0.000000e+00   2.589745e+00   2.984987e+01  
1248      1.51708067785e+05   0.000000e+00   2.571093e+00   2.975221e+01  
1249      1.49947472429e+05   0.000000e+00   2.584228e+00   2.984731e+01  
1250      1.51815588700e+05   0.000000e+00   2.571341e+00   2.974279e+01  
-------------------------------------------------------------------

Initialization/allocation wall-clock time: 2.872 seconds
Calculation (iterations) wall-clock time : 251.840 seconds

