
**********************************************
Real-time propagation in 3D, OPTION = 2
MPI nodes = 8, OMP threads = 16, cores = 128
**********************************************

Interactions
Contact: Natoms = 1.50000000000e+05, as = 8.800000e+01 * a0, G = 1.580905e+04, G * par = 3.161810e+04
Three-body: K3 =  0.000000e+00, g3 = 0.000000e+00
Regular DDI: add = 1.101000e+02 * a0, GD = 4.721954e+03, GD * par = 9.443909e+03, edd = 1.251136e+00
     Dipolar cutoff Rcut = 1.046777e+01, Lcut = 2.887877e+02

QF = 1: h2 = 1.989378e+05, h4 = 0.000000e+00
        q3 = 0.000000e+00, q5 = 3.514595e+00

GRAD = 0

Trap parameters:
GAMMA = 0.000000e+00, NU = 0.000000e+00, LAMBDA = 0.000000e+00
Parameters of rotation: OMEGA = 0.000000e+00, OMEGA * par = 0.000000e+00

Space discretization: NX = 128, NY = 128, NZ = 128
                      DX = 4.512308e+00, DY = 1.635589e-01, DZ = 1.635589e-01
      Unit of length: aho = 5.552380e-07 m

Time discretization: NITER = 2500 (NSNAP = 1250)
                     DT = 1.337576e-02

Initial state: file ./imag3d-finalpsi.bin
ADD_VORTICES = 0, ADD_RANDOM_PHASE = 0


MUREL = 1.000000e-12, MUEND=1.000000e+05

-------------------------------------------------------------------
Snap      <r>            <x>            <y>            <z>
-------------------------------------------------------------------
0         2.891425e+01   2.887617e+01   1.048986e+00   1.048986e+00  
1         2.891424e+01   2.887617e+01   1.048810e+00   1.048810e+00  
2         2.891422e+01   2.887617e+01   1.048609e+00   1.048609e+00  
3         2.891420e+01   2.887617e+01   1.048386e+00   1.048386e+00  
4         2.891418e+01   2.887616e+01   1.048140e+00   1.048140e+00  
5         2.891416e+01   2.887616e+01   1.047872e+00   1.047872e+00  
6         2.891414e+01   2.887616e+01   1.047582e+00   1.047582e+00  
7         2.891411e+01   2.887616e+01   1.047271e+00   1.047271e+00  
8         2.891409e+01   2.887615e+01   1.046941e+00   1.046941e+00  
9         2.891406e+01   2.887615e+01   1.046592e+00   1.046592e+00  
10        2.891403e+01   2.887615e+01   1.046224e+00   1.046224e+00  
11        2.891400e+01   2.887614e+01   1.045841e+00   1.045841e+00  
12        2.891397e+01   2.887614e+01   1.045441e+00   1.045441e+00  
13        2.891393e+01   2.887614e+01   1.045029e+00   1.045029e+00  
14        2.891390e+01   2.887613e+01   1.044603e+00   1.044603e+00  
15        2.891386e+01   2.887613e+01   1.044168e+00   1.044168e+00  
16        2.891382e+01   2.887612e+01   1.043723e+00   1.043723e+00  
17        2.891379e+01   2.887612e+01   1.043271e+00   1.043271e+00  
18        2.891375e+01   2.887611e+01   1.042814e+00   1.042814e+00  
19        2.891371e+01   2.887611e+01   1.042353e+00   1.042353e+00  
20        2.891367e+01   2.887611e+01   1.041891e+00   1.041891e+00  
21        2.891364e+01   2.887610e+01   1.041428e+00   1.041428e+00  
22        2.891360e+01   2.887610e+01   1.040968e+00   1.040968e+00  
23        2.891356e+01   2.887609e+01   1.040511e+00   1.040511e+00  
24        2.891353e+01   2.887609e+01   1.040059e+00   1.040059e+00  
25        2.891349e+01   2.887609e+01   1.039615e+00   1.039615e+00  
26        2.891346e+01   2.887608e+01   1.039178e+00   1.039178e+00  
27        2.891342e+01   2.887608e+01   1.038751e+00   1.038751e+00  
28        2.891339e+01   2.887608e+01   1.038336e+00   1.038336e+00  
29        2.891336e+01   2.887608e+01   1.037932e+00   1.037932e+00  
30        2.891333e+01   2.887608e+01   1.037542e+00   1.037542e+00  
31        2.891331e+01   2.887608e+01   1.037167e+00   1.037167e+00  
32        2.891328e+01   2.887608e+01   1.036806e+00   1.036806e+00  
33        2.891326e+01   2.887608e+01   1.036462e+00   1.036462e+00  
34        2.891323e+01   2.887608e+01   1.036135e+00   1.036135e+00  
35        2.891321e+01   2.887608e+01   1.035825e+00   1.035825e+00  
36        2.891319e+01   2.887608e+01   1.035533e+00   1.035533e+00  
37        2.891318e+01   2.887608e+01   1.035260e+00   1.035260e+00  
38        2.891316e+01   2.887609e+01   1.035005e+00   1.035005e+00  
39        2.891315e+01   2.887609e+01   1.034770e+00   1.034770e+00  
40        2.891314e+01   2.887609e+01   1.034554e+00   1.034554e+00  
41        2.891313e+01   2.887610e+01   1.034358e+00   1.034358e+00  
42        2.891312e+01   2.887610e+01   1.034181e+00   1.034181e+00  
43        2.891311e+01   2.887611e+01   1.034025e+00   1.034025e+00  
44        2.891311e+01   2.887611e+01   1.033887e+00   1.033887e+00  
45        2.891311e+01   2.887612e+01   1.033770e+00   1.033770e+00  
46        2.891310e+01   2.887613e+01   1.033671e+00   1.033671e+00  
47        2.891311e+01   2.887613e+01   1.033592e+00   1.033592e+00  
48        2.891311e+01   2.887614e+01   1.033532e+00   1.033532e+00  
49        2.891311e+01   2.887615e+01   1.033490e+00   1.033490e+00  
50        2.891312e+01   2.887616e+01   1.033467e+00   1.033467e+00  
51        2.891313e+01   2.887616e+01   1.033462e+00   1.033462e+00  
52        2.891314e+01   2.887617e+01   1.033474e+00   1.033474e+00  
53        2.891315e+01   2.887618e+01   1.033503e+00   1.033503e+00  
54        2.891316e+01   2.887619e+01   1.033549e+00   1.033549e+00  
55        2.891318e+01   2.887620e+01   1.033611e+00   1.033611e+00  
56        2.891319e+01   2.887621e+01   1.033688e+00   1.033688e+00  
57        2.891321e+01   2.887622e+01   1.033781e+00   1.033781e+00  
58        2.891323e+01   2.887623e+01   1.033888e+00   1.033888e+00  
59        2.891324e+01   2.887624e+01   1.034009e+00   1.034009e+00  
60        2.891326e+01   2.887625e+01   1.034143e+00   1.034143e+00  
61        2.891329e+01   2.887626e+01   1.034290e+00   1.034290e+00  
62        2.891331e+01   2.887628e+01   1.034448e+00   1.034448e+00  
63        2.891333e+01   2.887629e+01   1.034618e+00   1.034618e+00  
64        2.891336e+01   2.887630e+01   1.034799e+00   1.034799e+00  
65        2.891338e+01   2.887631e+01   1.034990e+00   1.034990e+00  
66        2.891341e+01   2.887632e+01   1.035190e+00   1.035190e+00  
67        2.891343e+01   2.887633e+01   1.035399e+00   1.035399e+00  
68        2.891346e+01   2.887634e+01   1.035616e+00   1.035616e+00  
69        2.891349e+01   2.887636e+01   1.035841e+00   1.035841e+00  
70        2.891352e+01   2.887637e+01   1.036072e+00   1.036072e+00  
71        2.891355e+01   2.887638e+01   1.036309e+00   1.036309e+00  
72        2.891358e+01   2.887639e+01   1.036552e+00   1.036552e+00  
73        2.891361e+01   2.887640e+01   1.036800e+00   1.036800e+00  
74        2.891364e+01   2.887642e+01   1.037052e+00   1.037052e+00  
75        2.891367e+01   2.887643e+01   1.037307e+00   1.037307e+00  
76        2.891370e+01   2.887644e+01   1.037565e+00   1.037565e+00  
77        2.891373e+01   2.887645e+01   1.037826e+00   1.037826e+00  
78        2.891376e+01   2.887646e+01   1.038088e+00   1.038088e+00  
79        2.891379e+01   2.887648e+01   1.038351e+00   1.038351e+00  
80        2.891382e+01   2.887649e+01   1.038615e+00   1.038615e+00  
81        2.891385e+01   2.887650e+01   1.038879e+00   1.038879e+00  
82        2.891388e+01   2.887651e+01   1.039143e+00   1.039143e+00  
83        2.891391e+01   2.887652e+01   1.039405e+00   1.039405e+00  
84        2.891394e+01   2.887653e+01   1.039666e+00   1.039666e+00  
85        2.891397e+01   2.887654e+01   1.039925e+00   1.039925e+00  
86        2.891400e+01   2.887656e+01   1.040181e+00   1.040181e+00  
87        2.891403e+01   2.887657e+01   1.040434e+00   1.040434e+00  
88        2.891406e+01   2.887658e+01   1.040684e+00   1.040684e+00  
89        2.891409e+01   2.887659e+01   1.040930e+00   1.040930e+00  
90        2.891412e+01   2.887660e+01   1.041172e+00   1.041172e+00  
91        2.891414e+01   2.887661e+01   1.041409e+00   1.041409e+00  
92        2.891417e+01   2.887662e+01   1.041641e+00   1.041641e+00  
93        2.891420e+01   2.887663e+01   1.041867e+00   1.041867e+00  
94        2.891422e+01   2.887664e+01   1.042088e+00   1.042088e+00  
95        2.891425e+01   2.887665e+01   1.042303e+00   1.042303e+00  
96        2.891427e+01   2.887666e+01   1.042511e+00   1.042511e+00  
97        2.891430e+01   2.887667e+01   1.042713e+00   1.042713e+00  
98        2.891432e+01   2.887668e+01   1.042908e+00   1.042908e+00  
99        2.891434e+01   2.887669e+01   1.043095e+00   1.043095e+00  
100       2.891437e+01   2.887670e+01   1.043275e+00   1.043275e+00  
101       2.891439e+01   2.887671e+01   1.043448e+00   1.043448e+00  
102       2.891441e+01   2.887672e+01   1.043612e+00   1.043612e+00  
103       2.891443e+01   2.887672e+01   1.043769e+00   1.043769e+00  
104       2.891445e+01   2.887673e+01   1.043918e+00   1.043918e+00  
105       2.891446e+01   2.887674e+01   1.044058e+00   1.044058e+00  
106       2.891448e+01   2.887675e+01   1.044190e+00   1.044190e+00  
107       2.891450e+01   2.887676e+01   1.044313e+00   1.044313e+00  
108       2.891452e+01   2.887676e+01   1.044428e+00   1.044428e+00  
109       2.891453e+01   2.887677e+01   1.044534e+00   1.044534e+00  
110       2.891455e+01   2.887678e+01   1.044631e+00   1.044631e+00  
111       2.891456e+01   2.887679e+01   1.044719e+00   1.044719e+00  
112       2.891457e+01   2.887680e+01   1.044799e+00   1.044799e+00  
113       2.891458e+01   2.887680e+01   1.044870e+00   1.044870e+00  
114       2.891460e+01   2.887681e+01   1.044932e+00   1.044932e+00  
115       2.891461e+01   2.887682e+01   1.044986e+00   1.044986e+00  
116       2.891462e+01   2.887682e+01   1.045031e+00   1.045031e+00  
117       2.891463e+01   2.887683e+01   1.045067e+00   1.045067e+00  
118       2.891464e+01   2.887684e+01   1.045095e+00   1.045095e+00  
119       2.891464e+01   2.887684e+01   1.045114e+00   1.045114e+00  
120       2.891465e+01   2.887685e+01   1.045125e+00   1.045125e+00  
121       2.891466e+01   2.887686e+01   1.045128e+00   1.045128e+00  
122       2.891466e+01   2.887686e+01   1.045123e+00   1.045123e+00  
123       2.891467e+01   2.887687e+01   1.045110e+00   1.045110e+00  
124       2.891467e+01   2.887688e+01   1.045089e+00   1.045089e+00  
125       2.891468e+01   2.887688e+01   1.045060e+00   1.045060e+00  
126       2.891468e+01   2.887689e+01   1.045024e+00   1.045024e+00  
127       2.891468e+01   2.887689e+01   1.044981e+00   1.044981e+00  
128       2.891469e+01   2.887690e+01   1.044931e+00   1.044931e+00  
129       2.891469e+01   2.887691e+01   1.044874e+00   1.044874e+00  
130       2.891469e+01   2.887691e+01   1.044810e+00   1.044810e+00  
131       2.891469e+01   2.887692e+01   1.044740e+00   1.044740e+00  
132       2.891469e+01   2.887693e+01   1.044663e+00   1.044663e+00  
133       2.891469e+01   2.887693e+01   1.044581e+00   1.044581e+00  
134       2.891469e+01   2.887694e+01   1.044493e+00   1.044493e+00  
135       2.891469e+01   2.887694e+01   1.044400e+00   1.044400e+00  
136       2.891469e+01   2.887695e+01   1.044301e+00   1.044301e+00  
137       2.891469e+01   2.887696e+01   1.044199e+00   1.044199e+00  
138       2.891469e+01   2.887696e+01   1.044091e+00   1.044091e+00  
139       2.891469e+01   2.887697e+01   1.043980e+00   1.043980e+00  
140       2.891469e+01   2.887698e+01   1.043865e+00   1.043865e+00  
141       2.891468e+01   2.887698e+01   1.043747e+00   1.043747e+00  
142       2.891468e+01   2.887699e+01   1.043625e+00   1.043625e+00  
143       2.891468e+01   2.887700e+01   1.043501e+00   1.043501e+00  
144       2.891468e+01   2.887700e+01   1.043374e+00   1.043374e+00  
145       2.891468e+01   2.887701e+01   1.043245e+00   1.043245e+00  
146       2.891467e+01   2.887702e+01   1.043115e+00   1.043115e+00  
147       2.891467e+01   2.887703e+01   1.042982e+00   1.042982e+00  
148       2.891467e+01   2.887703e+01   1.042849e+00   1.042849e+00  
149       2.891467e+01   2.887704e+01   1.042714e+00   1.042714e+00  
150       2.891467e+01   2.887705e+01   1.042579e+00   1.042579e+00  
151       2.891467e+01   2.887706e+01   1.042443e+00   1.042443e+00  
152       2.891467e+01   2.887707e+01   1.042307e+00   1.042307e+00  
153       2.891466e+01   2.887708e+01   1.042171e+00   1.042171e+00  
154       2.891466e+01   2.887709e+01   1.042035e+00   1.042035e+00  
155       2.891466e+01   2.887709e+01   1.041899e+00   1.041899e+00  
156       2.891466e+01   2.887710e+01   1.041764e+00   1.041764e+00  
157       2.891466e+01   2.887711e+01   1.041631e+00   1.041631e+00  
158       2.891466e+01   2.887712e+01   1.041498e+00   1.041498e+00  
159       2.891466e+01   2.887713e+01   1.041367e+00   1.041367e+00  
160       2.891466e+01   2.887714e+01   1.041237e+00   1.041237e+00  
161       2.891466e+01   2.887715e+01   1.041110e+00   1.041110e+00  
162       2.891467e+01   2.887716e+01   1.040985e+00   1.040985e+00  
163       2.891467e+01   2.887718e+01   1.040862e+00   1.040862e+00  
164       2.891467e+01   2.887719e+01   1.040742e+00   1.040742e+00  
165       2.891467e+01   2.887720e+01   1.040625e+00   1.040625e+00  
166       2.891468e+01   2.887721e+01   1.040512e+00   1.040512e+00  
167       2.891468e+01   2.887722e+01   1.040402e+00   1.040402e+00  
168       2.891469e+01   2.887723e+01   1.040296e+00   1.040296e+00  
169       2.891469e+01   2.887725e+01   1.040194e+00   1.040194e+00  
170       2.891470e+01   2.887726e+01   1.040097e+00   1.040097e+00  
171       2.891470e+01   2.887727e+01   1.040004e+00   1.040004e+00  
172       2.891471e+01   2.887729e+01   1.039916e+00   1.039916e+00  
173       2.891472e+01   2.887730e+01   1.039833e+00   1.039833e+00  
174       2.891473e+01   2.887731e+01   1.039755e+00   1.039755e+00  
175       2.891474e+01   2.887733e+01   1.039683e+00   1.039683e+00  
176       2.891475e+01   2.887734e+01   1.039616e+00   1.039616e+00  
177       2.891476e+01   2.887736e+01   1.039554e+00   1.039554e+00  
178       2.891477e+01   2.887737e+01   1.039498e+00   1.039498e+00  
179       2.891478e+01   2.887739e+01   1.039448e+00   1.039448e+00  
180       2.891479e+01   2.887740e+01   1.039403e+00   1.039403e+00  
181       2.891481e+01   2.887742e+01   1.039365e+00   1.039365e+00  
182       2.891482e+01   2.887744e+01   1.039331e+00   1.039331e+00  
183       2.891483e+01   2.887745e+01   1.039304e+00   1.039304e+00  
184       2.891485e+01   2.887747e+01   1.039281e+00   1.039281e+00  
185       2.891487e+01   2.887749e+01   1.039265e+00   1.039265e+00  
186       2.891488e+01   2.887750e+01   1.039253e+00   1.039253e+00  
187       2.891490e+01   2.887752e+01   1.039247e+00   1.039247e+00  
188       2.891492e+01   2.887754e+01   1.039246e+00   1.039246e+00  
189       2.891494e+01   2.887756e+01   1.039251e+00   1.039251e+00  
190       2.891495e+01   2.887758e+01   1.039260e+00   1.039260e+00  
191       2.891497e+01   2.887760e+01   1.039274e+00   1.039274e+00  
192       2.891499e+01   2.887761e+01   1.039293e+00   1.039293e+00  
193       2.891501e+01   2.887763e+01   1.039317e+00   1.039317e+00  
194       2.891504e+01   2.887765e+01   1.039346e+00   1.039346e+00  
195       2.891506e+01   2.887767e+01   1.039379e+00   1.039379e+00  
196       2.891508e+01   2.887769e+01   1.039417e+00   1.039417e+00  
197       2.891510e+01   2.887771e+01   1.039459e+00   1.039459e+00  
198       2.891513e+01   2.887773e+01   1.039506e+00   1.039506e+00  
199       2.891515e+01   2.887775e+01   1.039557e+00   1.039557e+00  
200       2.891517e+01   2.887777e+01   1.039613e+00   1.039613e+00  
201       2.891520e+01   2.887779e+01   1.039672e+00   1.039672e+00  
202       2.891522e+01   2.887781e+01   1.039736e+00   1.039736e+00  
203       2.891525e+01   2.887783e+01   1.039803e+00   1.039803e+00  
204       2.891527e+01   2.887785e+01   1.039873e+00   1.039873e+00  
205       2.891530e+01   2.887787e+01   1.039947e+00   1.039947e+00  
206       2.891533e+01   2.887790e+01   1.040025e+00   1.040025e+00  
207       2.891535e+01   2.887792e+01   1.040105e+00   1.040105e+00  
208       2.891538e+01   2.887794e+01   1.040188e+00   1.040188e+00  
209       2.891541e+01   2.887796e+01   1.040273e+00   1.040273e+00  
210       2.891544e+01   2.887798e+01   1.040360e+00   1.040360e+00  
211       2.891546e+01   2.887800e+01   1.040450e+00   1.040450e+00  
212       2.891549e+01   2.887802e+01   1.040540e+00   1.040540e+00  
213       2.891552e+01   2.887805e+01   1.040632e+00   1.040632e+00  
214       2.891555e+01   2.887807e+01   1.040725e+00   1.040725e+00  
215       2.891558e+01   2.887809e+01   1.040819e+00   1.040819e+00  
216       2.891561e+01   2.887811e+01   1.040913e+00   1.040913e+00  
217       2.891563e+01   2.887813e+01   1.041007e+00   1.041007e+00  
218       2.891566e+01   2.887815e+01   1.041102e+00   1.041102e+00  
219       2.891569e+01   2.887818e+01   1.041195e+00   1.041195e+00  
220       2.891572e+01   2.887820e+01   1.041288e+00   1.041288e+00  
221       2.891575e+01   2.887822e+01   1.041381e+00   1.041381e+00  
222       2.891578e+01   2.887824e+01   1.041472e+00   1.041472e+00  
223       2.891580e+01   2.887826e+01   1.041563e+00   1.041563e+00  
224       2.891583e+01   2.887828e+01   1.041652e+00   1.041652e+00  
225       2.891586e+01   2.887830e+01   1.041739e+00   1.041739e+00  
226       2.891589e+01   2.887832e+01   1.041825e+00   1.041825e+00  
227       2.891591e+01   2.887835e+01   1.041909e+00   1.041909e+00  
228       2.891594e+01   2.887837e+01   1.041991e+00   1.041991e+00  
229       2.891596e+01   2.887839e+01   1.042071e+00   1.042071e+00  
230       2.891599e+01   2.887841e+01   1.042149e+00   1.042149e+00  
231       2.891602e+01   2.887843e+01   1.042225e+00   1.042225e+00  
232       2.891604e+01   2.887845e+01   1.042299e+00   1.042299e+00  
233       2.891607e+01   2.887847e+01   1.042370e+00   1.042370e+00  
234       2.891609e+01   2.887849e+01   1.042440e+00   1.042440e+00  
235       2.891612e+01   2.887851e+01   1.042506e+00   1.042506e+00  
236       2.891614e+01   2.887852e+01   1.042570e+00   1.042570e+00  
237       2.891616e+01   2.887854e+01   1.042632e+00   1.042632e+00  
238       2.891619e+01   2.887856e+01   1.042691e+00   1.042691e+00  
239       2.891621e+01   2.887858e+01   1.042747e+00   1.042747e+00  
240       2.891623e+01   2.887860e+01   1.042801e+00   1.042801e+00  
241       2.891625e+01   2.887862e+01   1.042852e+00   1.042852e+00  
242       2.891627e+01   2.887864e+01   1.042901e+00   1.042901e+00  
243       2.891629e+01   2.887865e+01   1.042946e+00   1.042946e+00  
244       2.891631e+01   2.887867e+01   1.042989e+00   1.042989e+00  
245       2.891633e+01   2.887869e+01   1.043029e+00   1.043029e+00  
246       2.891635e+01   2.887870e+01   1.043067e+00   1.043067e+00  
247       2.891637e+01   2.887872e+01   1.043101e+00   1.043101e+00  
248       2.891639e+01   2.887874e+01   1.043133e+00   1.043133e+00  
249       2.891641e+01   2.887875e+01   1.043162e+00   1.043162e+00  
250       2.891643e+01   2.887877e+01   1.043188e+00   1.043188e+00  
251       2.891645e+01   2.887879e+01   1.043212e+00   1.043212e+00  
252       2.891646e+01   2.887880e+01   1.043233e+00   1.043233e+00  
253       2.891648e+01   2.887882e+01   1.043251e+00   1.043251e+00  
254       2.891649e+01   2.887883e+01   1.043267e+00   1.043267e+00  
255       2.891651e+01   2.887885e+01   1.043280e+00   1.043280e+00  
256       2.891653e+01   2.887886e+01   1.043290e+00   1.043290e+00  
257       2.891654e+01   2.887887e+01   1.043298e+00   1.043298e+00  
258       2.891655e+01   2.887889e+01   1.043304e+00   1.043304e+00  
259       2.891657e+01   2.887890e+01   1.043307e+00   1.043307e+00  
260       2.891658e+01   2.887892e+01   1.043308e+00   1.043308e+00  
261       2.891660e+01   2.887893e+01   1.043307e+00   1.043307e+00  
262       2.891661e+01   2.887894e+01   1.043304e+00   1.043304e+00  
263       2.891662e+01   2.887896e+01   1.043298e+00   1.043298e+00  
264       2.891663e+01   2.887897e+01   1.043290e+00   1.043290e+00  
265       2.891665e+01   2.887898e+01   1.043280e+00   1.043280e+00  
266       2.891666e+01   2.887899e+01   1.043268e+00   1.043268e+00  
267       2.891667e+01   2.887901e+01   1.043254e+00   1.043254e+00  
268       2.891668e+01   2.887902e+01   1.043239e+00   1.043239e+00  
269       2.891669e+01   2.887903e+01   1.043221e+00   1.043221e+00  
270       2.891670e+01   2.887904e+01   1.043201e+00   1.043201e+00  
271       2.891671e+01   2.887905e+01   1.043179e+00   1.043179e+00  
272       2.891672e+01   2.887907e+01   1.043154e+00   1.043154e+00  
273       2.891673e+01   2.887908e+01   1.043128e+00   1.043128e+00  
274       2.891674e+01   2.887909e+01   1.043099e+00   1.043099e+00  
275       2.891675e+01   2.887910e+01   1.043068e+00   1.043068e+00  
276       2.891676e+01   2.887911e+01   1.043035e+00   1.043035e+00  
277       2.891677e+01   2.887912e+01   1.042999e+00   1.042999e+00  
278       2.891678e+01   2.887913e+01   1.042961e+00   1.042961e+00  
279       2.891678e+01   2.887915e+01   1.042920e+00   1.042920e+00  
280       2.891679e+01   2.887916e+01   1.042877e+00   1.042877e+00  
281       2.891680e+01   2.887917e+01   1.042831e+00   1.042831e+00  
282       2.891681e+01   2.887918e+01   1.042783e+00   1.042783e+00  
283       2.891681e+01   2.887919e+01   1.042732e+00   1.042732e+00  
284       2.891682e+01   2.887920e+01   1.042678e+00   1.042678e+00  
285       2.891683e+01   2.887921e+01   1.042622e+00   1.042622e+00  
286       2.891683e+01   2.887922e+01   1.042563e+00   1.042563e+00  
287       2.891684e+01   2.887923e+01   1.042502e+00   1.042502e+00  
288       2.891684e+01   2.887924e+01   1.042439e+00   1.042439e+00  
289       2.891685e+01   2.887925e+01   1.042374e+00   1.042374e+00  
290       2.891686e+01   2.887926e+01   1.042306e+00   1.042306e+00  
291       2.891686e+01   2.887927e+01   1.042236e+00   1.042236e+00  
292       2.891686e+01   2.887928e+01   1.042165e+00   1.042165e+00  
293       2.891687e+01   2.887929e+01   1.042092e+00   1.042092e+00  
294       2.891687e+01   2.887930e+01   1.042017e+00   1.042017e+00  
295       2.891688e+01   2.887931e+01   1.041942e+00   1.041942e+00  
296       2.891688e+01   2.887932e+01   1.041865e+00   1.041865e+00  
297       2.891689e+01   2.887933e+01   1.041787e+00   1.041787e+00  
298       2.891689e+01   2.887934e+01   1.041709e+00   1.041709e+00  
299       2.891690e+01   2.887935e+01   1.041630e+00   1.041630e+00  
300       2.891690e+01   2.887936e+01   1.041551e+00   1.041551e+00  
301       2.891690e+01   2.887937e+01   1.041472e+00   1.041472e+00  
302       2.891691e+01   2.887938e+01   1.041393e+00   1.041393e+00  
303       2.891691e+01   2.887939e+01   1.041315e+00   1.041315e+00  
304       2.891692e+01   2.887940e+01   1.041237e+00   1.041237e+00  
305       2.891692e+01   2.887941e+01   1.041161e+00   1.041161e+00  
306       2.891693e+01   2.887942e+01   1.041086e+00   1.041086e+00  
307       2.891693e+01   2.887943e+01   1.041012e+00   1.041012e+00  
308       2.891694e+01   2.887944e+01   1.040939e+00   1.040939e+00  
309       2.891694e+01   2.887945e+01   1.040869e+00   1.040869e+00  
310       2.891695e+01   2.887946e+01   1.040801e+00   1.040801e+00  
311       2.891696e+01   2.887947e+01   1.040735e+00   1.040735e+00  
312       2.891696e+01   2.887949e+01   1.040671e+00   1.040671e+00  
313       2.891697e+01   2.887950e+01   1.040611e+00   1.040611e+00  
314       2.891698e+01   2.887951e+01   1.040553e+00   1.040553e+00  
315       2.891698e+01   2.887952e+01   1.040498e+00   1.040498e+00  
316       2.891699e+01   2.887953e+01   1.040447e+00   1.040447e+00  
317       2.891700e+01   2.887955e+01   1.040399e+00   1.040399e+00  
318       2.891701e+01   2.887956e+01   1.040355e+00   1.040355e+00  
319       2.891702e+01   2.887957e+01   1.040315e+00   1.040315e+00  
320       2.891703e+01   2.887958e+01   1.040278e+00   1.040278e+00  
321       2.891704e+01   2.887960e+01   1.040246e+00   1.040246e+00  
322       2.891706e+01   2.887961e+01   1.040217e+00   1.040217e+00  
323       2.891707e+01   2.887963e+01   1.040193e+00   1.040193e+00  
324       2.891708e+01   2.887964e+01   1.040174e+00   1.040174e+00  
325       2.891710e+01   2.887966e+01   1.040158e+00   1.040158e+00  
326       2.891711e+01   2.887967e+01   1.040148e+00   1.040148e+00  
327       2.891713e+01   2.887969e+01   1.040141e+00   1.040141e+00  
328       2.891714e+01   2.887970e+01   1.040139e+00   1.040139e+00  
329       2.891716e+01   2.887972e+01   1.040142e+00   1.040142e+00  
330       2.891718e+01   2.887974e+01   1.040149e+00   1.040149e+00  
331       2.891720e+01   2.887976e+01   1.040160e+00   1.040160e+00  
332       2.891722e+01   2.887977e+01   1.040176e+00   1.040176e+00  
333       2.891724e+01   2.887979e+01   1.040196e+00   1.040196e+00  
334       2.891726e+01   2.887981e+01   1.040219e+00   1.040219e+00  
335       2.891728e+01   2.887983e+01   1.040247e+00   1.040247e+00  
336       2.891730e+01   2.887985e+01   1.040279e+00   1.040279e+00  
337       2.891732e+01   2.887987e+01   1.040314e+00   1.040314e+00  
338       2.891735e+01   2.887990e+01   1.040353e+00   1.040353e+00  
339       2.891737e+01   2.887992e+01   1.040396e+00   1.040396e+00  
340       2.891740e+01   2.887994e+01   1.040441e+00   1.040441e+00  
341       2.891743e+01   2.887996e+01   1.040490e+00   1.040490e+00  
342       2.891745e+01   2.887999e+01   1.040542e+00   1.040542e+00  
343       2.891748e+01   2.888001e+01   1.040596e+00   1.040596e+00  
344       2.891751e+01   2.888004e+01   1.040654e+00   1.040654e+00  
345       2.891754e+01   2.888006e+01   1.040713e+00   1.040713e+00  
346       2.891757e+01   2.888009e+01   1.040775e+00   1.040775e+00  
347       2.891760e+01   2.888011e+01   1.040839e+00   1.040839e+00  
348       2.891763e+01   2.888014e+01   1.040905e+00   1.040905e+00  
349       2.891767e+01   2.888017e+01   1.040973e+00   1.040973e+00  
350       2.891770e+01   2.888020e+01   1.041043e+00   1.041043e+00  
351       2.891773e+01   2.888023e+01   1.041114e+00   1.041114e+00  
352       2.891777e+01   2.888026e+01   1.041186e+00   1.041186e+00  
353       2.891780e+01   2.888029e+01   1.041260e+00   1.041260e+00  
354       2.891784e+01   2.888032e+01   1.041335e+00   1.041335e+00  
355       2.891788e+01   2.888035e+01   1.041411e+00   1.041411e+00  
356       2.891792e+01   2.888038e+01   1.041487e+00   1.041487e+00  
357       2.891795e+01   2.888042e+01   1.041565e+00   1.041565e+00  
358       2.891799e+01   2.888045e+01   1.041642e+00   1.041642e+00  
359       2.891803e+01   2.888048e+01   1.041721e+00   1.041721e+00  
360       2.891807e+01   2.888052e+01   1.041799e+00   1.041799e+00  
361       2.891811e+01   2.888055e+01   1.041877e+00   1.041877e+00  
362       2.891816e+01   2.888059e+01   1.041956e+00   1.041956e+00  
363       2.891820e+01   2.888063e+01   1.042034e+00   1.042034e+00  
364       2.891824e+01   2.888066e+01   1.042111e+00   1.042111e+00  
365       2.891828e+01   2.888070e+01   1.042188e+00   1.042188e+00  
366       2.891833e+01   2.888074e+01   1.042264e+00   1.042264e+00  
367       2.891837e+01   2.888078e+01   1.042339e+00   1.042339e+00  
368       2.891842e+01   2.888082e+01   1.042413e+00   1.042413e+00  
369       2.891846e+01   2.888086e+01   1.042485e+00   1.042485e+00  
370       2.891851e+01   2.888090e+01   1.042555e+00   1.042555e+00  
371       2.891855e+01   2.888094e+01   1.042623e+00   1.042623e+00  
372       2.891860e+01   2.888098e+01   1.042688e+00   1.042688e+00  
373       2.891864e+01   2.888102e+01   1.042751e+00   1.042751e+00  
374       2.891869e+01   2.888106e+01   1.042811e+00   1.042811e+00  
375       2.891873e+01   2.888110e+01   1.042867e+00   1.042867e+00  
376       2.891878e+01   2.888114e+01   1.042920e+00   1.042920e+00  
377       2.891883e+01   2.888119e+01   1.042969e+00   1.042969e+00  
378       2.891887e+01   2.888123e+01   1.043014e+00   1.043014e+00  
379       2.891892e+01   2.888127e+01   1.043055e+00   1.043055e+00  
380       2.891896e+01   2.888131e+01   1.043091e+00   1.043091e+00  
381       2.891901e+01   2.888136e+01   1.043122e+00   1.043122e+00  
382       2.891905e+01   2.888140e+01   1.043148e+00   1.043148e+00  
383       2.891910e+01   2.888144e+01   1.043169e+00   1.043169e+00  
384       2.891914e+01   2.888149e+01   1.043184e+00   1.043184e+00  
385       2.891918e+01   2.888153e+01   1.043195e+00   1.043195e+00  
386       2.891923e+01   2.888157e+01   1.043199e+00   1.043199e+00  
387       2.891927e+01   2.888161e+01   1.043198e+00   1.043198e+00  
388       2.891931e+01   2.888166e+01   1.043192e+00   1.043192e+00  
389       2.891935e+01   2.888170e+01   1.043180e+00   1.043180e+00  
390       2.891940e+01   2.888174e+01   1.043163e+00   1.043163e+00  
391       2.891944e+01   2.888178e+01   1.043140e+00   1.043140e+00  
392       2.891948e+01   2.888183e+01   1.043112e+00   1.043112e+00  
393       2.891951e+01   2.888187e+01   1.043078e+00   1.043078e+00  
394       2.891955e+01   2.888191e+01   1.043040e+00   1.043040e+00  
395       2.891959e+01   2.888195e+01   1.042997e+00   1.042997e+00  
396       2.891963e+01   2.888199e+01   1.042949e+00   1.042949e+00  
397       2.891967e+01   2.888203e+01   1.042897e+00   1.042897e+00  
398       2.891970e+01   2.888207e+01   1.042840e+00   1.042840e+00  
399       2.891974e+01   2.888211e+01   1.042779e+00   1.042779e+00  
400       2.891977e+01   2.888215e+01   1.042714e+00   1.042714e+00  
401       2.891981e+01   2.888219e+01   1.042646e+00   1.042646e+00  
402       2.891984e+01   2.888223e+01   1.042574e+00   1.042574e+00  
403       2.891987e+01   2.888227e+01   1.042499e+00   1.042499e+00  
404       2.891990e+01   2.888231e+01   1.042421e+00   1.042421e+00  
405       2.891994e+01   2.888234e+01   1.042340e+00   1.042340e+00  
406       2.891997e+01   2.888238e+01   1.042257e+00   1.042257e+00  
407       2.892000e+01   2.888242e+01   1.042173e+00   1.042173e+00  
408       2.892003e+01   2.888245e+01   1.042086e+00   1.042086e+00  
409       2.892006e+01   2.888249e+01   1.041998e+00   1.041998e+00  
410       2.892008e+01   2.888252e+01   1.041910e+00   1.041910e+00  
411       2.892011e+01   2.888256e+01   1.041820e+00   1.041820e+00  
412       2.892014e+01   2.888259e+01   1.041730e+00   1.041730e+00  
413       2.892017e+01   2.888262e+01   1.041641e+00   1.041641e+00  
414       2.892019e+01   2.888266e+01   1.041552e+00   1.041552e+00  
415       2.892022e+01   2.888269e+01   1.041463e+00   1.041463e+00  
416       2.892024e+01   2.888272e+01   1.041376e+00   1.041376e+00  
417       2.892027e+01   2.888275e+01   1.041290e+00   1.041290e+00  
418       2.892029e+01   2.888278e+01   1.041206e+00   1.041206e+00  
419       2.892032e+01   2.888281e+01   1.041124e+00   1.041124e+00  
420       2.892034e+01   2.888284e+01   1.041044e+00   1.041044e+00  
421       2.892037e+01   2.888287e+01   1.040967e+00   1.040967e+00  
422       2.892039e+01   2.888290e+01   1.040893e+00   1.040893e+00  
423       2.892041e+01   2.888293e+01   1.040822e+00   1.040822e+00  
424       2.892044e+01   2.888296e+01   1.040755e+00   1.040755e+00  
425       2.892046e+01   2.888299e+01   1.040692e+00   1.040692e+00  
426       2.892048e+01   2.888301e+01   1.040632e+00   1.040632e+00  
427       2.892051e+01   2.888304e+01   1.040577e+00   1.040577e+00  
428       2.892053e+01   2.888307e+01   1.040526e+00   1.040526e+00  
429       2.892055e+01   2.888309e+01   1.040480e+00   1.040480e+00  
430       2.892057e+01   2.888312e+01   1.040439e+00   1.040439e+00  
431       2.892060e+01   2.888314e+01   1.040403e+00   1.040403e+00  
432       2.892062e+01   2.888317e+01   1.040373e+00   1.040373e+00  
433       2.892064e+01   2.888319e+01   1.040348e+00   1.040348e+00  
434       2.892066e+01   2.888322e+01   1.040329e+00   1.040329e+00  
435       2.892069e+01   2.888324e+01   1.040317e+00   1.040317e+00  
436       2.892071e+01   2.888327e+01   1.040310e+00   1.040310e+00  
437       2.892074e+01   2.888329e+01   1.040310e+00   1.040310e+00  
438       2.892076e+01   2.888332e+01   1.040316e+00   1.040316e+00  
439       2.892079e+01   2.888334e+01   1.040329e+00   1.040329e+00  
440       2.892081e+01   2.888336e+01   1.040349e+00   1.040349e+00  
441       2.892084e+01   2.888339e+01   1.040376e+00   1.040376e+00  
442       2.892086e+01   2.888341e+01   1.040409e+00   1.040409e+00  
443       2.892089e+01   2.888344e+01   1.040449e+00   1.040449e+00  
444       2.892092e+01   2.888346e+01   1.040495e+00   1.040495e+00  
445       2.892095e+01   2.888349e+01   1.040548e+00   1.040548e+00  
446       2.892098e+01   2.888351e+01   1.040606e+00   1.040606e+00  
447       2.892101e+01   2.888354e+01   1.040671e+00   1.040671e+00  
448       2.892104e+01   2.888356e+01   1.040741e+00   1.040741e+00  
449       2.892107e+01   2.888359e+01   1.040816e+00   1.040816e+00  
450       2.892110e+01   2.888362e+01   1.040896e+00   1.040896e+00  
451       2.892114e+01   2.888364e+01   1.040980e+00   1.040980e+00  
452       2.892117e+01   2.888367e+01   1.041068e+00   1.041068e+00  
453       2.892121e+01   2.888370e+01   1.041159e+00   1.041159e+00  
454       2.892124e+01   2.888373e+01   1.041252e+00   1.041252e+00  
455       2.892128e+01   2.888376e+01   1.041348e+00   1.041348e+00  
456       2.892131e+01   2.888379e+01   1.041446e+00   1.041446e+00  
457       2.892135e+01   2.888382e+01   1.041545e+00   1.041545e+00  
458       2.892139e+01   2.888385e+01   1.041644e+00   1.041644e+00  
459       2.892142e+01   2.888388e+01   1.041744e+00   1.041744e+00  
460       2.892146e+01   2.888391e+01   1.041843e+00   1.041843e+00  
461       2.892150e+01   2.888394e+01   1.041942e+00   1.041942e+00  
462       2.892154e+01   2.888397e+01   1.042039e+00   1.042039e+00  
463       2.892158e+01   2.888401e+01   1.042134e+00   1.042134e+00  
464       2.892162e+01   2.888404e+01   1.042227e+00   1.042227e+00  
465       2.892166e+01   2.888407e+01   1.042318e+00   1.042318e+00  
466       2.892170e+01   2.888411e+01   1.042406e+00   1.042406e+00  
467       2.892175e+01   2.888414e+01   1.042491e+00   1.042491e+00  
468       2.892179e+01   2.888418e+01   1.042572e+00   1.042572e+00  
469       2.892183e+01   2.888422e+01   1.042650e+00   1.042650e+00  
470       2.892187e+01   2.888426e+01   1.042724e+00   1.042724e+00  
471       2.892192e+01   2.888430e+01   1.042793e+00   1.042793e+00  
472       2.892196e+01   2.888433e+01   1.042858e+00   1.042858e+00  
473       2.892201e+01   2.888438e+01   1.042919e+00   1.042919e+00  
474       2.892205e+01   2.888442e+01   1.042975e+00   1.042975e+00  
475       2.892210e+01   2.888446e+01   1.043025e+00   1.043025e+00  
476       2.892215e+01   2.888450e+01   1.043071e+00   1.043071e+00  
477       2.892219e+01   2.888455e+01   1.043112e+00   1.043112e+00  
478       2.892224e+01   2.888459e+01   1.043148e+00   1.043148e+00  
479       2.892229e+01   2.888464e+01   1.043178e+00   1.043178e+00  
480       2.892234e+01   2.888469e+01   1.043202e+00   1.043202e+00  
481       2.892239e+01   2.888474e+01   1.043221e+00   1.043221e+00  
482       2.892244e+01   2.888479e+01   1.043235e+00   1.043235e+00  
483       2.892249e+01   2.888484e+01   1.043242e+00   1.043242e+00  
484       2.892255e+01   2.888489e+01   1.043244e+00   1.043244e+00  
485       2.892260e+01   2.888494e+01   1.043240e+00   1.043240e+00  
486       2.892265e+01   2.888500e+01   1.043230e+00   1.043230e+00  
487       2.892271e+01   2.888506e+01   1.043215e+00   1.043215e+00  
488       2.892277e+01   2.888512e+01   1.043193e+00   1.043193e+00  
489       2.892283e+01   2.888518e+01   1.043166e+00   1.043166e+00  
490       2.892289e+01   2.888524e+01   1.043133e+00   1.043133e+00  
491       2.892295e+01   2.888530e+01   1.043095e+00   1.043095e+00  
492       2.892301e+01   2.888537e+01   1.043051e+00   1.043051e+00  
493       2.892308e+01   2.888544e+01   1.043002e+00   1.043002e+00  
494       2.892314e+01   2.888551e+01   1.042948e+00   1.042948e+00  
495       2.892321e+01   2.888558e+01   1.042889e+00   1.042889e+00  
496       2.892328e+01   2.888566e+01   1.042825e+00   1.042825e+00  
497       2.892336e+01   2.888574e+01   1.042757e+00   1.042757e+00  
498       2.892343e+01   2.888582e+01   1.042686e+00   1.042686e+00  
499       2.892351e+01   2.888590e+01   1.042610e+00   1.042610e+00  
500       2.892359e+01   2.888599e+01   1.042531e+00   1.042531e+00  
501       2.892367e+01   2.888608e+01   1.042449e+00   1.042449e+00  
502       2.892376e+01   2.888617e+01   1.042365e+00   1.042365e+00  
503       2.892385e+01   2.888627e+01   1.042280e+00   1.042280e+00  
504       2.892395e+01   2.888637e+01   1.042192e+00   1.042192e+00  
505       2.892404e+01   2.888647e+01   1.042105e+00   1.042105e+00  
506       2.892414e+01   2.888658e+01   1.042017e+00   1.042017e+00  
507       2.892425e+01   2.888669e+01   1.041930e+00   1.041930e+00  
508       2.892436e+01   2.888680e+01   1.041844e+00   1.041844e+00  
509       2.892447e+01   2.888692e+01   1.041760e+00   1.041760e+00  
510       2.892458e+01   2.888704e+01   1.041680e+00   1.041680e+00  
511       2.892470e+01   2.888717e+01   1.041603e+00   1.041603e+00  
512       2.892483e+01   2.888730e+01   1.041531e+00   1.041531e+00  
513       2.892495e+01   2.888743e+01   1.041465e+00   1.041465e+00  
514       2.892509e+01   2.888757e+01   1.041406e+00   1.041406e+00  
515       2.892522e+01   2.888771e+01   1.041356e+00   1.041356e+00  
516       2.892536e+01   2.888785e+01   1.041315e+00   1.041315e+00  
517       2.892550e+01   2.888799e+01   1.041284e+00   1.041284e+00  
518       2.892564e+01   2.888814e+01   1.041266e+00   1.041266e+00  
519       2.892579e+01   2.888828e+01   1.041261e+00   1.041261e+00  
520       2.892594e+01   2.888843e+01   1.041271e+00   1.041271e+00  
521       2.892609e+01   2.888858e+01   1.041298e+00   1.041298e+00  
522       2.892624e+01   2.888873e+01   1.041343e+00   1.041343e+00  
523       2.892640e+01   2.888888e+01   1.041408e+00   1.041408e+00  
524       2.892655e+01   2.888903e+01   1.041494e+00   1.041494e+00  
525       2.892671e+01   2.888917e+01   1.041603e+00   1.041603e+00  
526       2.892686e+01   2.888932e+01   1.041737e+00   1.041737e+00  
527       2.892702e+01   2.888946e+01   1.041897e+00   1.041897e+00  
528       2.892717e+01   2.888961e+01   1.042085e+00   1.042085e+00  
529       2.892732e+01   2.888974e+01   1.042303e+00   1.042303e+00  
530       2.892748e+01   2.888988e+01   1.042551e+00   1.042551e+00  
531       2.892763e+01   2.889001e+01   1.042831e+00   1.042831e+00  
532       2.892778e+01   2.889014e+01   1.043145e+00   1.043145e+00  
533       2.892793e+01   2.889027e+01   1.043494e+00   1.043494e+00  
534       2.892808e+01   2.889039e+01   1.043879e+00   1.043879e+00  
535       2.892823e+01   2.889051e+01   1.044300e+00   1.044300e+00  
536       2.892838e+01   2.889062e+01   1.044759e+00   1.044759e+00  
537       2.892852e+01   2.889073e+01   1.045256e+00   1.045256e+00  
538       2.892866e+01   2.889083e+01   1.045792e+00   1.045792e+00  
539       2.892879e+01   2.889092e+01   1.046368e+00   1.046368e+00  
540       2.892892e+01   2.889100e+01   1.046985e+00   1.046985e+00  
541       2.892904e+01   2.889107e+01   1.047641e+00   1.047641e+00  
542       2.892915e+01   2.889113e+01   1.048339e+00   1.048339e+00  
543       2.892925e+01   2.889118e+01   1.049077e+00   1.049077e+00  
544       2.892933e+01   2.889121e+01   1.049857e+00   1.049857e+00  
545       2.892940e+01   2.889122e+01   1.050678e+00   1.050678e+00  
546       2.892946e+01   2.889121e+01   1.051540e+00   1.051540e+00  
547       2.892949e+01   2.889118e+01   1.052443e+00   1.052443e+00  
548       2.892951e+01   2.889113e+01   1.053388e+00   1.053388e+00  
549       2.892950e+01   2.889105e+01   1.054373e+00   1.054373e+00  
550       2.892947e+01   2.889094e+01   1.055399e+00   1.055399e+00  
551       2.892941e+01   2.889081e+01   1.056466e+00   1.056466e+00  
552       2.892933e+01   2.889064e+01   1.057573e+00   1.057573e+00  
553       2.892922e+01   2.889045e+01   1.058721e+00   1.058721e+00  
554       2.892908e+01   2.889022e+01   1.059907e+00   1.059907e+00  
555       2.892891e+01   2.888996e+01   1.061134e+00   1.061134e+00  
556       2.892871e+01   2.888967e+01   1.062398e+00   1.062398e+00  
557       2.892848e+01   2.888934e+01   1.063701e+00   1.063701e+00  
558       2.892822e+01   2.888898e+01   1.065042e+00   1.065042e+00  
559       2.892793e+01   2.888859e+01   1.066420e+00   1.066420e+00  
560       2.892760e+01   2.888816e+01   1.067835e+00   1.067835e+00  
561       2.892725e+01   2.888769e+01   1.069285e+00   1.069285e+00  
562       2.892686e+01   2.888720e+01   1.070770e+00   1.070770e+00  
563       2.892644e+01   2.888667e+01   1.072290e+00   1.072290e+00  
564       2.892600e+01   2.888610e+01   1.073843e+00   1.073843e+00  
565       2.892552e+01   2.888551e+01   1.075428e+00   1.075428e+00  
566       2.892502e+01   2.888488e+01   1.077045e+00   1.077045e+00  
567       2.892448e+01   2.888423e+01   1.078693e+00   1.078693e+00  
568       2.892392e+01   2.888354e+01   1.080370e+00   1.080370e+00  
569       2.892333e+01   2.888282e+01   1.082075e+00   1.082075e+00  
570       2.892271e+01   2.888207e+01   1.083808e+00   1.083808e+00  
571       2.892207e+01   2.888129e+01   1.085567e+00   1.085567e+00  
572       2.892139e+01   2.888048e+01   1.087352e+00   1.087352e+00  
573       2.892069e+01   2.887965e+01   1.089160e+00   1.089160e+00  
574       2.891996e+01   2.887878e+01   1.090991e+00   1.090991e+00  
575       2.891921e+01   2.887788e+01   1.092843e+00   1.092843e+00  
576       2.891842e+01   2.887695e+01   1.094716e+00   1.094716e+00  
577       2.891761e+01   2.887599e+01   1.096607e+00   1.096607e+00  
578       2.891676e+01   2.887500e+01   1.098515e+00   1.098515e+00  
579       2.891588e+01   2.887397e+01   1.100438e+00   1.100438e+00  
580       2.891496e+01   2.887291e+01   1.102374e+00   1.102374e+00  
581       2.891401e+01   2.887180e+01   1.104321e+00   1.104321e+00  
582       2.891303e+01   2.887067e+01   1.106276e+00   1.106276e+00  
583       2.891204e+01   2.886953e+01   1.108237e+00   1.108237e+00  
584       2.891118e+01   2.886852e+01   1.110205e+00   1.110205e+00  
585       2.891118e+01   2.886836e+01   1.112202e+00   1.112202e+00  
586       2.891823e+01   2.887525e+01   1.114463e+00   1.114463e+00  
587       2.891578e+01   2.887264e+01   1.116364e+00   1.116364e+00  
588       2.889927e+01   2.885601e+01   1.117755e+00   1.117755e+00  
589       2.890994e+01   2.886650e+01   1.120290e+00   1.120290e+00  
590       2.890867e+01   2.886505e+01   1.122505e+00   1.122505e+00  
591       2.890223e+01   2.885843e+01   1.124710e+00   1.124710e+00  
592       2.889916e+01   2.885516e+01   1.127307e+00   1.127307e+00  
593       2.890187e+01   2.885764e+01   1.130245e+00   1.130245e+00  
594       2.889975e+01   2.885528e+01   1.133297e+00   1.133297e+00  
595       2.889871e+01   2.885398e+01   1.136546e+00   1.136546e+00  
596       2.890055e+01   2.885554e+01   1.140089e+00   1.140089e+00  
597       2.889602e+01   2.885072e+01   1.143696e+00   1.143696e+00  
598       2.890133e+01   2.885572e+01   1.147677e+00   1.147677e+00  
599       2.889551e+01   2.884957e+01   1.151607e+00   1.151607e+00  
600       2.890904e+01   2.886275e+01   1.156274e+00   1.156274e+00  
601       2.890835e+01   2.886170e+01   1.160740e+00   1.160740e+00  
602       2.891329e+01   2.886628e+01   1.165437e+00   1.165437e+00  
603       2.893450e+01   2.888706e+01   1.171119e+00   1.171120e+00  
604       2.887609e+01   2.882835e+01   1.173620e+00   1.173620e+00  
605       2.892530e+01   2.887704e+01   1.180997e+00   1.180997e+00  
606       2.889286e+01   2.884418e+01   1.185431e+00   1.185431e+00  
607       2.890678e+01   2.885758e+01   1.192108e+00   1.192108e+00  
608       2.889232e+01   2.884258e+01   1.198312e+00   1.198312e+00  
609       2.890089e+01   2.885056e+01   1.205585e+00   1.205585e+00  
610       2.889876e+01   2.884776e+01   1.213406e+00   1.213407e+00  
611       2.889089e+01   2.883926e+01   1.220758e+00   1.220758e+00  
612       2.889211e+01   2.883971e+01   1.229853e+00   1.229854e+00  
613       2.892292e+01   2.886974e+01   1.239652e+00   1.239652e+00  
614       2.886202e+01   2.880808e+01   1.247186e+00   1.247186e+00  
615       2.892908e+01   2.887418e+01   1.259645e+00   1.259645e+00  
616       2.888993e+01   2.883408e+01   1.269579e+00   1.269580e+00  
617       2.893348e+01   2.887661e+01   1.282127e+00   1.282127e+00  
618       2.888953e+01   2.883159e+01   1.293159e+00   1.293159e+00  
619       2.892389e+01   2.886482e+01   1.306422e+00   1.306423e+00  
620       2.891685e+01   2.885647e+01   1.320685e+00   1.320685e+00  
621       2.889164e+01   2.883016e+01   1.332067e+00   1.332067e+00  
622       2.890106e+01   2.883802e+01   1.348947e+00   1.348947e+00  
623       2.890527e+01   2.884087e+01   1.363532e+00   1.363532e+00  
624       2.887765e+01   2.881163e+01   1.379993e+00   1.379993e+00  
625       2.889610e+01   2.882853e+01   1.396527e+00   1.396526e+00  
626       2.887826e+01   2.880893e+01   1.414086e+00   1.414085e+00  
627       2.889283e+01   2.882194e+01   1.430288e+00   1.430286e+00  
628       2.887262e+01   2.879981e+01   1.448974e+00   1.448970e+00  
629       2.888726e+01   2.881288e+01   1.464884e+00   1.464878e+00  
630       2.886598e+01   2.879007e+01   1.479372e+00   1.479366e+00  
631       2.888631e+01   2.880943e+01   1.489199e+00   1.489193e+00  
632       2.886052e+01   2.878195e+01   1.504809e+00   1.504808e+00  
633       2.888007e+01   2.879980e+01   1.521534e+00   1.521535e+00  
634       2.885382e+01   2.877205e+01   1.534924e+00   1.534923e+00  
635       2.888421e+01   2.880155e+01   1.544079e+00   1.544074e+00  
636       2.885030e+01   2.876545e+01   1.563382e+00   1.563379e+00  
637       2.887748e+01   2.879067e+01   1.582152e+00   1.582152e+00  
638       2.884663e+01   2.875833e+01   1.594737e+00   1.594735e+00  
639       2.888275e+01   2.879279e+01   1.610678e+00   1.610677e+00  
640       2.884183e+01   2.874943e+01   1.631212e+00   1.631214e+00  
641       2.888353e+01   2.878972e+01   1.644676e+00   1.644676e+00  
642       2.884324e+01   2.874722e+01   1.662794e+00   1.662793e+00  
643       2.888088e+01   2.878276e+01   1.681992e+00   1.681990e+00  
644       2.884082e+01   2.874142e+01   1.691743e+00   1.691740e+00  
645       2.888602e+01   2.878524e+01   1.704791e+00   1.704787e+00  
646       2.883751e+01   2.873510e+01   1.717003e+00   1.717001e+00  
647       2.888672e+01   2.878333e+01   1.726594e+00   1.726592e+00  
648       2.884446e+01   2.873975e+01   1.736325e+00   1.736321e+00  
649       2.889030e+01   2.878448e+01   1.746861e+00   1.746857e+00  
650       2.883833e+01   2.873129e+01   1.755374e+00   1.755374e+00  
651       2.890133e+01   2.879303e+01   1.767510e+00   1.767510e+00  
652       2.884534e+01   2.873654e+01   1.769857e+00   1.769852e+00  
653       2.887836e+01   2.876766e+01   1.786229e+00   1.786215e+00  
654       2.883524e+01   2.872485e+01   1.782449e+00   1.782434e+00  
655       2.888621e+01   2.877598e+01   1.782676e+00   1.782669e+00  
656       2.883306e+01   2.872162e+01   1.790800e+00   1.790792e+00  
657       2.888244e+01   2.877078e+01   1.794099e+00   1.794088e+00  
658       2.883639e+01   2.872452e+01   1.794315e+00   1.794313e+00  
659       2.888301e+01   2.877007e+01   1.804388e+00   1.804384e+00  
660       2.883341e+01   2.872040e+01   1.803381e+00   1.803371e+00  
661       2.888514e+01   2.877222e+01   1.804215e+00   1.804210e+00  
662       2.883733e+01   2.872454e+01   1.801758e+00   1.801752e+00  
663       2.888400e+01   2.877123e+01   1.803074e+00   1.803069e+00  
664       2.884100e+01   2.872896e+01   1.795878e+00   1.795877e+00  
665       2.888215e+01   2.876996e+01   1.798323e+00   1.798319e+00  
666       2.884749e+01   2.873764e+01   1.778401e+00   1.778399e+00  
667       2.888343e+01   2.877202e+01   1.792120e+00   1.792121e+00  
668       2.883298e+01   2.872242e+01   1.783730e+00   1.783729e+00  
669       2.889301e+01   2.878444e+01   1.769474e+00   1.769475e+00  
670       2.884444e+01   2.873434e+01   1.780367e+00   1.780369e+00  
671       2.888777e+01   2.877940e+01   1.767674e+00   1.767677e+00  
672       2.885387e+01   2.874562e+01   1.765697e+00   1.765702e+00  
673       2.888938e+01   2.878147e+01   1.763993e+00   1.763999e+00  
674       2.886230e+01   2.875540e+01   1.754906e+00   1.754912e+00  
675       2.889365e+01   2.878622e+01   1.760153e+00   1.760163e+00  
676       2.886875e+01   2.876305e+01   1.745232e+00   1.745241e+00  
677       2.888870e+01   2.878126e+01   1.760152e+00   1.760162e+00  
678       2.886443e+01   2.875795e+01   1.751529e+00   1.751542e+00  
679       2.890506e+01   2.879905e+01   1.748805e+00   1.748817e+00  
680       2.887280e+01   2.876612e+01   1.753475e+00   1.753490e+00  
681       2.890604e+01   2.879954e+01   1.752921e+00   1.752938e+00  
682       2.886763e+01   2.876026e+01   1.758835e+00   1.758852e+00  
683       2.890080e+01   2.879321e+01   1.761691e+00   1.761713e+00  
684       2.887594e+01   2.876874e+01   1.757696e+00   1.757716e+00  
685       2.890417e+01   2.879568e+01   1.769186e+00   1.769210e+00  
686       2.888668e+01   2.877793e+01   1.770681e+00   1.770705e+00  
687       2.893462e+01   2.882632e+01   1.768590e+00   1.768616e+00  
688       2.890555e+01   2.879580e+01   1.779395e+00   1.779423e+00  
689       2.894149e+01   2.883179e+01   1.780154e+00   1.780181e+00  
690       2.890915e+01   2.879832e+01   1.788206e+00   1.788234e+00  
691       2.893754e+01   2.882658e+01   1.790185e+00   1.790214e+00  
692       2.891048e+01   2.879822e+01   1.799741e+00   1.799769e+00  
693       2.894295e+01   2.883011e+01   1.805427e+00   1.805456e+00  
694       2.893735e+01   2.882454e+01   1.804972e+00   1.804997e+00  
695       2.896258e+01   2.884850e+01   1.815898e+00   1.815919e+00  
696       2.895782e+01   2.884399e+01   1.813755e+00   1.813775e+00  
697       2.897701e+01   2.886270e+01   1.818190e+00   1.818213e+00  
698       2.895669e+01   2.884103e+01   1.828161e+00   1.828180e+00  
699       2.898373e+01   2.886747e+01   1.833800e+00   1.833818e+00  
700       2.897727e+01   2.886058e+01   1.836950e+00   1.836965e+00  
701       2.899040e+01   2.887188e+01   1.851732e+00   1.851751e+00  
702       2.897967e+01   2.885962e+01   1.863238e+00   1.863251e+00  
703       2.900482e+01   2.888461e+01   1.865306e+00   1.865321e+00  
704       2.900988e+01   2.888945e+01   1.867157e+00   1.867170e+00  
705       2.901902e+01   2.889648e+01   1.883772e+00   1.883784e+00  
706       2.902611e+01   2.890369e+01   1.883030e+00   1.883042e+00  
707       2.903190e+01   2.890794e+01   1.894974e+00   1.894985e+00  
708       2.902990e+01   2.890539e+01   1.899163e+00   1.899177e+00  
709       2.904106e+01   2.891507e+01   1.910689e+00   1.910697e+00  
710       2.904667e+01   2.892056e+01   1.911788e+00   1.911800e+00  
711       2.905320e+01   2.892585e+01   1.921435e+00   1.921441e+00  
712       2.905119e+01   2.892286e+01   1.928675e+00   1.928683e+00  
713       2.906613e+01   2.893691e+01   1.935877e+00   1.935880e+00  
714       2.905704e+01   2.892597e+01   1.949345e+00   1.949351e+00  
715       2.908232e+01   2.895176e+01   1.946420e+00   1.946423e+00  
716       2.906351e+01   2.892998e+01   1.967744e+00   1.967746e+00  
717       2.908683e+01   2.895381e+01   1.964774e+00   1.964776e+00  
718       2.907506e+01   2.893884e+01   1.987832e+00   1.987833e+00  
719       2.909128e+01   2.895615e+01   1.980450e+00   1.980454e+00  
720       2.908188e+01   2.894423e+01   1.998451e+00   1.998453e+00  
721       2.910507e+01   2.896833e+01   1.992581e+00   1.992584e+00  
722       2.908558e+01   2.894590e+01   2.013171e+00   2.013174e+00  
723       2.910065e+01   2.896217e+01   2.005085e+00   2.005088e+00  
724       2.910465e+01   2.896449e+01   2.017264e+00   2.017266e+00  
725       2.910442e+01   2.896440e+01   2.016307e+00   2.016308e+00  
726       2.910659e+01   2.896453e+01   2.030992e+00   2.030990e+00  
727       2.910561e+01   2.896402e+01   2.027609e+00   2.027609e+00  
728       2.911095e+01   2.896764e+01   2.040043e+00   2.040045e+00  
729       2.909689e+01   2.895284e+01   2.044706e+00   2.044707e+00  
730       2.911087e+01   2.896646e+01   2.047847e+00   2.047851e+00  
731       2.908637e+01   2.894032e+01   2.058515e+00   2.058515e+00  
732       2.911875e+01   2.897384e+01   2.051601e+00   2.051602e+00  
733       2.909344e+01   2.894671e+01   2.063507e+00   2.063506e+00  
734       2.913497e+01   2.899055e+01   2.048717e+00   2.048720e+00  
735       2.910054e+01   2.895315e+01   2.068395e+00   2.068398e+00  
736       2.914140e+01   2.899618e+01   2.054556e+00   2.054566e+00  
737       2.910578e+01   2.895826e+01   2.069474e+00   2.069476e+00  
738       2.912801e+01   2.898129e+01   2.064713e+00   2.064716e+00  
739       2.910414e+01   2.895724e+01   2.065074e+00   2.065074e+00  
740       2.913487e+01   2.898843e+01   2.062932e+00   2.062936e+00  
741       2.910386e+01   2.895701e+01   2.064751e+00   2.064753e+00  
742       2.914688e+01   2.900134e+01   2.057029e+00   2.057035e+00  
743       2.909727e+01   2.894944e+01   2.071307e+00   2.071310e+00  
744       2.914536e+01   2.899952e+01   2.059099e+00   2.059105e+00  
745       2.910901e+01   2.896234e+01   2.063619e+00   2.063624e+00  
746       2.914114e+01   2.899439e+01   2.065368e+00   2.065377e+00  
747       2.910960e+01   2.896298e+01   2.063349e+00   2.063353e+00  
748       2.913312e+01   2.898563e+01   2.070302e+00   2.070310e+00  
749       2.911700e+01   2.897105e+01   2.058876e+00   2.058884e+00  
750       2.913229e+01   2.898452e+01   2.072208e+00   2.072220e+00  
751       2.910475e+01   2.895824e+01   2.062386e+00   2.062392e+00  
752       2.913747e+01   2.898985e+01   2.071288e+00   2.071300e+00  
753       2.910060e+01   2.895330e+01   2.067768e+00   2.067778e+00  
754       2.913434e+01   2.898636e+01   2.073688e+00   2.073702e+00  
755       2.910267e+01   2.895559e+01   2.066241e+00   2.066252e+00  
756       2.913977e+01   2.899135e+01   2.076925e+00   2.076940e+00  
757       2.910299e+01   2.895527e+01   2.070854e+00   2.070868e+00  
758       2.914247e+01   2.899374e+01   2.079222e+00   2.079239e+00  
759       2.911124e+01   2.896359e+01   2.070583e+00   2.070600e+00  
760       2.914536e+01   2.899570e+01   2.085808e+00   2.085828e+00  
761       2.911497e+01   2.896666e+01   2.075352e+00   2.075373e+00  
762       2.914759e+01   2.899708e+01   2.091793e+00   2.091815e+00  
763       2.911595e+01   2.896659e+01   2.082675e+00   2.082695e+00  
764       2.916140e+01   2.901057e+01   2.094455e+00   2.094479e+00  
765       2.912531e+01   2.897638e+01   2.080064e+00   2.080087e+00  
766       2.914930e+01   2.899669e+01   2.106347e+00   2.106371e+00  
767       2.911052e+01   2.895945e+01   2.094352e+00   2.094374e+00  
768       2.914906e+01   2.899557e+01   2.112444e+00   2.112469e+00  
769       2.910898e+01   2.895752e+01   2.096970e+00   2.096991e+00  
770       2.916888e+01   2.901540e+01   2.113117e+00   2.113142e+00  
771       2.912329e+01   2.897118e+01   2.101963e+00   2.101984e+00  
772       2.918555e+01   2.903176e+01   2.115828e+00   2.115851e+00  
773       2.913432e+01   2.898147e+01   2.107451e+00   2.107470e+00  
774       2.918402e+01   2.902907e+01   2.123644e+00   2.123663e+00  
775       2.911219e+01   2.895692e+01   2.123214e+00   2.123229e+00  
776       2.917500e+01   2.901805e+01   2.137018e+00   2.137036e+00  
777       2.911700e+01   2.896100e+01   2.128351e+00   2.128365e+00  
778       2.918539e+01   2.902812e+01   2.139517e+00   2.139534e+00  
779       2.912708e+01   2.896944e+01   2.139868e+00   2.139881e+00  
780       2.919860e+01   2.904003e+01   2.148840e+00   2.148854e+00  
781       2.913424e+01   2.897640e+01   2.141514e+00   2.141525e+00  
782       2.920653e+01   2.904675e+01   2.157284e+00   2.157298e+00  
783       2.912404e+01   2.896424e+01   2.154372e+00   2.154379e+00  
784       2.920874e+01   2.904864e+01   2.159532e+00   2.159543e+00  
785       2.911767e+01   2.895621e+01   2.165240e+00   2.165245e+00  
786       2.920894e+01   2.904714e+01   2.170946e+00   2.170956e+00  
787       2.910912e+01   2.894615e+01   2.174979e+00   2.174983e+00  
788       2.922244e+01   2.906004e+01   2.175408e+00   2.175414e+00  
789       2.913096e+01   2.896696e+01   2.182673e+00   2.182676e+00  
790       2.921557e+01   2.905157e+01   2.185834e+00   2.185840e+00  
791       2.913309e+01   2.896791e+01   2.190577e+00   2.190578e+00  
792       2.921507e+01   2.904932e+01   2.197416e+00   2.197421e+00  
793       2.913731e+01   2.897080e+01   2.199497e+00   2.199496e+00  
794       2.922324e+01   2.905628e+01   2.205739e+00   2.205742e+00  
795       2.913975e+01   2.897183e+01   2.208825e+00   2.208825e+00  
796       2.922100e+01   2.905204e+01   2.218767e+00   2.218772e+00  
797       2.915204e+01   2.898408e+01   2.209579e+00   2.209579e+00  
798       2.923190e+01   2.906284e+01   2.219843e+00   2.219844e+00  
799       2.914921e+01   2.897957e+01   2.220515e+00   2.220511e+00  
800       2.924144e+01   2.907121e+01   2.227785e+00   2.227787e+00  
801       2.915669e+01   2.898703e+01   2.220905e+00   2.220903e+00  
802       2.924348e+01   2.907236e+01   2.233666e+00   2.233667e+00  
803       2.915959e+01   2.898823e+01   2.232079e+00   2.232079e+00  
804       2.925294e+01   2.908127e+01   2.237611e+00   2.237610e+00  
805       2.916770e+01   2.899589e+01   2.235334e+00   2.235331e+00  
806       2.926094e+01   2.908900e+01   2.239695e+00   2.239693e+00  
807       2.917316e+01   2.900117e+01   2.236691e+00   2.236689e+00  
808       2.927200e+01   2.909926e+01   2.245325e+00   2.245327e+00  
809       2.918127e+01   2.900842e+01   2.242527e+00   2.242525e+00  
810       2.929112e+01   2.911881e+01   2.243272e+00   2.243271e+00  
811       2.919206e+01   2.901915e+01   2.243385e+00   2.243380e+00  
812       2.928696e+01   2.911287e+01   2.254629e+00   2.254625e+00  
813       2.919702e+01   2.902413e+01   2.243407e+00   2.243406e+00  
814       2.928324e+01   2.910851e+01   2.258642e+00   2.258640e+00  
815       2.918968e+01   2.901564e+01   2.250586e+00   2.250583e+00  
816       2.928548e+01   2.911048e+01   2.260430e+00   2.260426e+00  
817       2.919302e+01   2.901884e+01   2.251604e+00   2.251598e+00  
818       2.930064e+01   2.912529e+01   2.263317e+00   2.263316e+00  
819       2.920097e+01   2.902706e+01   2.250167e+00   2.250163e+00  
820       2.930946e+01   2.913354e+01   2.267240e+00   2.267243e+00  
821       2.919937e+01   2.902449e+01   2.256309e+00   2.256311e+00  
822       2.931782e+01   2.914188e+01   2.267787e+00   2.267791e+00  
823       2.919979e+01   2.902346e+01   2.265688e+00   2.265689e+00  
824       2.931698e+01   2.913973e+01   2.276073e+00   2.276072e+00  
825       2.920819e+01   2.903243e+01   2.262314e+00   2.262315e+00  
826       2.932930e+01   2.915221e+01   2.275565e+00   2.275570e+00  
827       2.920345e+01   2.902591e+01   2.273601e+00   2.273604e+00  
828       2.934094e+01   2.916438e+01   2.272579e+00   2.272585e+00  
829       2.921005e+01   2.903248e+01   2.274027e+00   2.274028e+00  
830       2.935022e+01   2.917306e+01   2.276797e+00   2.276806e+00  
831       2.922106e+01   2.904464e+01   2.267047e+00   2.267053e+00  
832       2.935490e+01   2.917686e+01   2.282662e+00   2.282673e+00  
833       2.922513e+01   2.904771e+01   2.273617e+00   2.273622e+00  
834       2.937287e+01   2.919602e+01   2.275755e+00   2.275765e+00  
835       2.922894e+01   2.905140e+01   2.274505e+00   2.274515e+00  
836       2.937291e+01   2.919450e+01   2.285761e+00   2.285774e+00  
837       2.924277e+01   2.906590e+01   2.270764e+00   2.270774e+00  
838       2.937421e+01   2.919494e+01   2.291233e+00   2.291246e+00  
839       2.924808e+01   2.907051e+01   2.275490e+00   2.275503e+00  
840       2.937738e+01   2.919761e+01   2.294549e+00   2.294566e+00  
841       2.925327e+01   2.907501e+01   2.280127e+00   2.280135e+00  
842       2.938430e+01   2.920455e+01   2.294756e+00   2.294770e+00  
843       2.926123e+01   2.908304e+01   2.279957e+00   2.279970e+00  
844       2.938538e+01   2.920478e+01   2.300158e+00   2.300173e+00  
845       2.926905e+01   2.909077e+01   2.280806e+00   2.280815e+00  
846       2.939558e+01   2.921442e+01   2.304106e+00   2.304117e+00  
847       2.928070e+01   2.910180e+01   2.285242e+00   2.285254e+00  
848       2.941012e+01   2.922876e+01   2.305902e+00   2.305914e+00  
849       2.929048e+01   2.911217e+01   2.281865e+00   2.281874e+00  
850       2.941986e+01   2.923850e+01   2.306319e+00   2.306327e+00  
851       2.926916e+01   2.908699e+01   2.305526e+00   2.305537e+00  
852       2.940866e+01   2.922487e+01   2.321244e+00   2.321250e+00  
853       2.927195e+01   2.908898e+01   2.310626e+00   2.310631e+00  
854       2.941638e+01   2.923224e+01   2.323722e+00   2.323728e+00  
855       2.929162e+01   2.910913e+01   2.308400e+00   2.308406e+00  
856       2.943197e+01   2.924748e+01   2.326543e+00   2.326547e+00  
857       2.930120e+01   2.911809e+01   2.312700e+00   2.312704e+00  
858       2.943602e+01   2.925073e+01   2.331727e+00   2.331733e+00  
859       2.929833e+01   2.911320e+01   2.325302e+00   2.325307e+00  
860       2.942707e+01   2.923960e+01   2.344989e+00   2.344992e+00  
861       2.929589e+01   2.910926e+01   2.334512e+00   2.334517e+00  
862       2.944285e+01   2.925576e+01   2.343283e+00   2.343287e+00  
863       2.930799e+01   2.912167e+01   2.333070e+00   2.333069e+00  
864       2.945238e+01   2.926365e+01   2.353911e+00   2.353914e+00  
865       2.931690e+01   2.912932e+01   2.341275e+00   2.341277e+00  
866       2.946213e+01   2.927290e+01   2.357427e+00   2.357427e+00  
867       2.932327e+01   2.913474e+01   2.347429e+00   2.347429e+00  
868       2.946314e+01   2.927270e+01   2.364938e+00   2.364937e+00  
869       2.932496e+01   2.913530e+01   2.354575e+00   2.354576e+00  
870       2.945754e+01   2.926450e+01   2.380736e+00   2.380736e+00  
871       2.933422e+01   2.914395e+01   2.358652e+00   2.358653e+00  
872       2.945730e+01   2.926327e+01   2.386780e+00   2.386776e+00  
873       2.933596e+01   2.914486e+01   2.363861e+00   2.363857e+00  
874       2.947369e+01   2.927959e+01   2.387918e+00   2.387917e+00  
875       2.933226e+01   2.914016e+01   2.369853e+00   2.369850e+00  
876       2.946943e+01   2.927376e+01   2.397353e+00   2.397348e+00  
877       2.933329e+01   2.914013e+01   2.376432e+00   2.376427e+00  
878       2.947799e+01   2.928239e+01   2.397247e+00   2.397240e+00  
879       2.933396e+01   2.914034e+01   2.379314e+00   2.379306e+00  
880       2.947415e+01   2.927639e+01   2.410247e+00   2.410240e+00  
881       2.933423e+01   2.914022e+01   2.381657e+00   2.381650e+00  
882       2.948225e+01   2.928501e+01   2.407369e+00   2.407361e+00  
883       2.933993e+01   2.914539e+01   2.385096e+00   2.385091e+00  
884       2.948285e+01   2.928472e+01   2.412838e+00   2.412829e+00  
885       2.933362e+01   2.913804e+01   2.391188e+00   2.391181e+00  
886       2.949396e+01   2.929616e+01   2.411269e+00   2.411261e+00  
887       2.933097e+01   2.913476e+01   2.394951e+00   2.394946e+00  
888       2.948829e+01   2.928913e+01   2.419302e+00   2.419297e+00  
889       2.933164e+01   2.913520e+01   2.396345e+00   2.396341e+00  
890       2.948136e+01   2.928109e+01   2.425696e+00   2.425691e+00  
891       2.933137e+01   2.913533e+01   2.393891e+00   2.393887e+00  
892       2.948669e+01   2.928615e+01   2.427595e+00   2.427590e+00  
893       2.932826e+01   2.913111e+01   2.400548e+00   2.400544e+00  
894       2.950137e+01   2.930138e+01   2.424868e+00   2.424862e+00  
895       2.933535e+01   2.913774e+01   2.403660e+00   2.403657e+00  
896       2.950575e+01   2.930582e+01   2.424722e+00   2.424717e+00  
897       2.933416e+01   2.913631e+01   2.405087e+00   2.405087e+00  
898       2.950784e+01   2.930708e+01   2.429780e+00   2.429780e+00  
899       2.932462e+01   2.912573e+01   2.410887e+00   2.410890e+00  
900       2.950197e+01   2.930031e+01   2.434964e+00   2.434962e+00  
901       2.932212e+01   2.912231e+01   2.416366e+00   2.416366e+00  
902       2.950541e+01   2.930356e+01   2.436262e+00   2.436261e+00  
903       2.932384e+01   2.912403e+01   2.416421e+00   2.416422e+00  
904       2.950799e+01   2.930645e+01   2.434488e+00   2.434487e+00  
905       2.932489e+01   2.912523e+01   2.415583e+00   2.415588e+00  
906       2.949949e+01   2.929647e+01   2.443045e+00   2.443048e+00  
907       2.932485e+01   2.912448e+01   2.419881e+00   2.419890e+00  
908       2.950389e+01   2.930086e+01   2.443245e+00   2.443248e+00  
909       2.931364e+01   2.911178e+01   2.428344e+00   2.428350e+00  
910       2.950587e+01   2.930309e+01   2.441859e+00   2.441860e+00  
911       2.931888e+01   2.911719e+01   2.427547e+00   2.427555e+00  
912       2.950057e+01   2.929582e+01   2.453426e+00   2.453433e+00  
913       2.931518e+01   2.911243e+01   2.433722e+00   2.433735e+00  
914       2.950726e+01   2.930235e+01   2.454619e+00   2.454627e+00  
915       2.931514e+01   2.911189e+01   2.436739e+00   2.436750e+00  
916       2.950880e+01   2.930331e+01   2.458154e+00   2.458161e+00  
917       2.931620e+01   2.911172e+01   2.444086e+00   2.444098e+00  
918       2.951898e+01   2.931317e+01   2.460512e+00   2.460521e+00  
919       2.932193e+01   2.911766e+01   2.443096e+00   2.443107e+00  
920       2.952733e+01   2.932142e+01   2.461469e+00   2.461475e+00  
921       2.932792e+01   2.912346e+01   2.444494e+00   2.444507e+00  
922       2.952792e+01   2.932034e+01   2.471413e+00   2.471419e+00  
923       2.934129e+01   2.913661e+01   2.446328e+00   2.446339e+00  
924       2.953054e+01   2.932185e+01   2.478096e+00   2.478101e+00  
925       2.933435e+01   2.912805e+01   2.455665e+00   2.455676e+00  
926       2.953307e+01   2.932341e+01   2.483947e+00   2.483953e+00  
927       2.933749e+01   2.912955e+01   2.465552e+00   2.465564e+00  
928       2.953078e+01   2.931995e+01   2.490688e+00   2.490691e+00  
929       2.933875e+01   2.912910e+01   2.475672e+00   2.475685e+00  
930       2.953354e+01   2.932031e+01   2.504933e+00   2.504911e+00  
931       2.935779e+01   2.914680e+01   2.484313e+00   2.484311e+00  
932       2.955241e+01   2.933921e+01   2.505597e+00   2.505544e+00  
933       2.937024e+01   2.915924e+01   2.484933e+00   2.484909e+00  
934       2.955355e+01   2.933883e+01   2.514592e+00   2.514478e+00  
935       2.937423e+01   2.916133e+01   2.496248e+00   2.496176e+00  
936       2.954389e+01   2.932595e+01   2.532857e+00   2.532673e+00  
937       2.936856e+01   2.915290e+01   2.512107e+00   2.512001e+00  
938       2.955630e+01   2.933777e+01   2.536890e+00   2.536653e+00  
939       2.938086e+01   2.916519e+01   2.512698e+00   2.512515e+00  
940       2.957013e+01   2.935086e+01   2.541767e+00   2.541390e+00  
941       2.938283e+01   2.916488e+01   2.526064e+00   2.525772e+00  
942       2.957536e+01   2.935434e+01   2.552143e+00   2.551678e+00  
943       2.937979e+01   2.915889e+01   2.542833e+00   2.542578e+00  
944       2.957879e+01   2.935620e+01   2.561335e+00   2.560789e+00  
945       2.937165e+01   2.914816e+01   2.557405e+00   2.557019e+00  
946       2.957736e+01   2.935303e+01   2.571379e+00   2.570635e+00  
947       2.938292e+01   2.915946e+01   2.557771e+00   2.557335e+00  
948       2.957726e+01   2.935131e+01   2.580618e+00   2.579805e+00  
949       2.939384e+01   2.916914e+01   2.565325e+00   2.564773e+00  
950       2.958163e+01   2.935449e+01   2.587618e+00   2.586708e+00  
951       2.940013e+01   2.917486e+01   2.568876e+00   2.568257e+00  
952       2.959138e+01   2.936414e+01   2.588664e+00   2.587657e+00  
953       2.940772e+01   2.918128e+01   2.575915e+00   2.575168e+00  
954       2.958455e+01   2.935560e+01   2.598172e+00   2.596887e+00  
955       2.941181e+01   2.918365e+01   2.585962e+00   2.584953e+00  
956       2.959011e+01   2.936074e+01   2.600912e+00   2.599375e+00  
957       2.942456e+01   2.919583e+01   2.589761e+00   2.588683e+00  
958       2.959246e+01   2.936236e+01   2.605241e+00   2.603461e+00  
959       2.943332e+01   2.920408e+01   2.593047e+00   2.591912e+00  
960       2.959320e+01   2.936105e+01   2.616881e+00   2.614967e+00  
961       2.943682e+01   2.920593e+01   2.602627e+00   2.601286e+00  
962       2.959165e+01   2.935853e+01   2.622382e+00   2.620270e+00  
963       2.944661e+01   2.921510e+01   2.606568e+00   2.605159e+00  
964       2.959027e+01   2.935543e+01   2.631868e+00   2.629845e+00  
965       2.944817e+01   2.921511e+01   2.615398e+00   2.613743e+00  
966       2.959335e+01   2.935771e+01   2.636421e+00   2.634495e+00  
967       2.945736e+01   2.922464e+01   2.613753e+00   2.612405e+00  
968       2.960869e+01   2.937403e+01   2.631615e+00   2.629705e+00  
969       2.946629e+01   2.923342e+01   2.614893e+00   2.613690e+00  
970       2.960405e+01   2.936769e+01   2.640827e+00   2.639045e+00  
971       2.946556e+01   2.923160e+01   2.620850e+00   2.619883e+00  
972       2.961889e+01   2.938329e+01   2.637355e+00   2.635360e+00  
973       2.946664e+01   2.923254e+01   2.622195e+00   2.620238e+00  
974       2.961415e+01   2.937755e+01   2.643021e+00   2.640466e+00  
975       2.945392e+01   2.921831e+01   2.629515e+00   2.628650e+00  
976       2.962033e+01   2.938404e+01   2.641060e+00   2.639498e+00  
977       2.945901e+01   2.922282e+01   2.633477e+00   2.631463e+00  
978       2.961955e+01   2.938227e+01   2.646734e+00   2.644763e+00  
979       2.946740e+01   2.923181e+01   2.629806e+00   2.629308e+00  
980       2.962858e+01   2.939231e+01   2.641482e+00   2.639508e+00  
981       2.947379e+01   2.923808e+01   2.631144e+00   2.629816e+00  
982       2.962635e+01   2.938908e+01   2.646545e+00   2.645481e+00  
983       2.947830e+01   2.924265e+01   2.631069e+00   2.629712e+00  
984       2.962909e+01   2.939108e+01   2.651007e+00   2.649513e+00  
985       2.948146e+01   2.924470e+01   2.636807e+00   2.636453e+00  
986       2.963392e+01   2.939597e+01   2.650801e+00   2.649438e+00  
987       2.949433e+01   2.925818e+01   2.634166e+00   2.633521e+00  
988       2.964123e+01   2.940343e+01   2.650170e+00   2.649071e+00  
989       2.950197e+01   2.926583e+01   2.634605e+00   2.633638e+00  
990       2.964782e+01   2.940953e+01   2.652943e+00   2.652307e+00  
991       2.950085e+01   2.926318e+01   2.643004e+00   2.642219e+00  
992       2.965806e+01   2.942004e+01   2.651972e+00   2.651238e+00  
993       2.950641e+01   2.926818e+01   2.646333e+00   2.645586e+00  
994       2.966523e+01   2.942742e+01   2.651018e+00   2.650406e+00  
995       2.951194e+01   2.927317e+01   2.649368e+00   2.648923e+00  
996       2.966957e+01   2.943104e+01   2.655315e+00   2.654572e+00  
997       2.951626e+01   2.927641e+01   2.655662e+00   2.655050e+00  
998       2.967450e+01   2.943544e+01   2.658373e+00   2.657743e+00  
999       2.951942e+01   2.927832e+01   2.662749e+00   2.661921e+00  
1000      2.967345e+01   2.943339e+01   2.663836e+00   2.663277e+00  
1001      2.952997e+01   2.928812e+01   2.667578e+00   2.666261e+00  
1002      2.967804e+01   2.943668e+01   2.671149e+00   2.670772e+00  
1003      2.953187e+01   2.928890e+01   2.673903e+00   2.672479e+00  
1004      2.968547e+01   2.944378e+01   2.673221e+00   2.673004e+00  
1005      2.953976e+01   2.929535e+01   2.682177e+00   2.680578e+00  
1006      2.968408e+01   2.944097e+01   2.681183e+00   2.680432e+00  
1007      2.953971e+01   2.929416e+01   2.688429e+00   2.686849e+00  
1008      2.969662e+01   2.945258e+01   2.687228e+00   2.685814e+00  
1009      2.954587e+01   2.929967e+01   2.692121e+00   2.690805e+00  
1010      2.969700e+01   2.945222e+01   2.691225e+00   2.689985e+00  
1011      2.954854e+01   2.930068e+01   2.700698e+00   2.700427e+00  
1012      2.970079e+01   2.945497e+01   2.696883e+00   2.696081e+00  
1013      2.954060e+01   2.929042e+01   2.712910e+00   2.712647e+00  
1014      2.969264e+01   2.944470e+01   2.708189e+00   2.707059e+00  
1015      2.954286e+01   2.929149e+01   2.719629e+00   2.719017e+00  
1016      2.970211e+01   2.945399e+01   2.709477e+00   2.708626e+00  
1017      2.955658e+01   2.930496e+01   2.721583e+00   2.720888e+00  
1018      2.970690e+01   2.945820e+01   2.712786e+00   2.712037e+00  
1019      2.954153e+01   2.928640e+01   2.740026e+00   2.738824e+00  
1020      2.970005e+01   2.944867e+01   2.727092e+00   2.726117e+00  
1021      2.954559e+01   2.928924e+01   2.746619e+00   2.745574e+00  
1022      2.969494e+01   2.944207e+01   2.734627e+00   2.734108e+00  
1023      2.956124e+01   2.930540e+01   2.744537e+00   2.743686e+00  
1024      2.970472e+01   2.945246e+01   2.731878e+00   2.731182e+00  
1025      2.957114e+01   2.931477e+01   2.747783e+00   2.747061e+00  
1026      2.970461e+01   2.945099e+01   2.739275e+00   2.738568e+00  
1027      2.958550e+01   2.932896e+01   2.749526e+00   2.748444e+00  
1028      2.970024e+01   2.944496e+01   2.748133e+00   2.747033e+00  
1029      2.959521e+01   2.933777e+01   2.754556e+00   2.753910e+00  
1030      2.968930e+01   2.943231e+01   2.756723e+00   2.755701e+00  
1031      2.960438e+01   2.934673e+01   2.756356e+00   2.755230e+00  
1032      2.969640e+01   2.943965e+01   2.755809e+00   2.754809e+00  
1033      2.961371e+01   2.935513e+01   2.761897e+00   2.760509e+00  
1034      2.969103e+01   2.943374e+01   2.758524e+00   2.757305e+00  
1035      2.962004e+01   2.936006e+01   2.769577e+00   2.768150e+00  
1036      2.969412e+01   2.943644e+01   2.760686e+00   2.759640e+00  
1037      2.962751e+01   2.936673e+01   2.774342e+00   2.772627e+00  
1038      2.968968e+01   2.943078e+01   2.766929e+00   2.765981e+00  
1039      2.962784e+01   2.936561e+01   2.782120e+00   2.780194e+00  
1040      2.968650e+01   2.942687e+01   2.770790e+00   2.769533e+00  
1041      2.963422e+01   2.937132e+01   2.786023e+00   2.784054e+00  
1042      2.969419e+01   2.943479e+01   2.770112e+00   2.768460e+00  
1043      2.964111e+01   2.937805e+01   2.787002e+00   2.785351e+00  
1044      2.969228e+01   2.943120e+01   2.778864e+00   2.777379e+00  
1045      2.965138e+01   2.938865e+01   2.785907e+00   2.783886e+00  
1046      2.968084e+01   2.941846e+01   2.785273e+00   2.783637e+00  
1047      2.965584e+01   2.939301e+01   2.786809e+00   2.784516e+00  
1048      2.967366e+01   2.940967e+01   2.793529e+00   2.791734e+00  
1049      2.966148e+01   2.939783e+01   2.791308e+00   2.789166e+00  
1050      2.967047e+01   2.940558e+01   2.797888e+00   2.796533e+00  
1051      2.967087e+01   2.940767e+01   2.789268e+00   2.787278e+00  
1052      2.966800e+01   2.940261e+01   2.800315e+00   2.799041e+00  
1053      2.968618e+01   2.942387e+01   2.785261e+00   2.783492e+00  
1054      2.966908e+01   2.940331e+01   2.802244e+00   2.801198e+00  
1055      2.968455e+01   2.942155e+01   2.788756e+00   2.786986e+00  
1056      2.967640e+01   2.941127e+01   2.799148e+00   2.798337e+00  
1057      2.969872e+01   2.943678e+01   2.783733e+00   2.782180e+00  
1058      2.967532e+01   2.940992e+01   2.800599e+00   2.799631e+00  
1059      2.969221e+01   2.942910e+01   2.789657e+00   2.788009e+00  
1060      2.966555e+01   2.939924e+01   2.804830e+00   2.803957e+00  
1061      2.969511e+01   2.943111e+01   2.794191e+00   2.793142e+00  
1062      2.967064e+01   2.940451e+01   2.804185e+00   2.803331e+00  
1063      2.970013e+01   2.943599e+01   2.795185e+00   2.794121e+00  
1064      2.967060e+01   2.940525e+01   2.800183e+00   2.799041e+00  
1065      2.970520e+01   2.944094e+01   2.796133e+00   2.794922e+00  
1066      2.967572e+01   2.941097e+01   2.797037e+00   2.796356e+00  
1067      2.970244e+01   2.943736e+01   2.800164e+00   2.799241e+00  
1068      2.966944e+01   2.940346e+01   2.803329e+00   2.802501e+00  
1069      2.970493e+01   2.943936e+01   2.803021e+00   2.801865e+00  
1070      2.967388e+01   2.940857e+01   2.799631e+00   2.799599e+00  
1071      2.970668e+01   2.944069e+01   2.804967e+00   2.804381e+00  
1072      2.967775e+01   2.941289e+01   2.797699e+00   2.797076e+00  
1073      2.971619e+01   2.945019e+01   2.805540e+00   2.804858e+00  
1074      2.967216e+01   2.940614e+01   2.803155e+00   2.803189e+00  
1075      2.971275e+01   2.944581e+01   2.810198e+00   2.809728e+00  
1076      2.967014e+01   2.940325e+01   2.807782e+00   2.807508e+00  
1077      2.971989e+01   2.945324e+01   2.808842e+00   2.808733e+00  
1078      2.966651e+01   2.939858e+01   2.812741e+00   2.813101e+00  
1079      2.972477e+01   2.945752e+01   2.812401e+00   2.811841e+00  
1080      2.965748e+01   2.938843e+01   2.818003e+00   2.818720e+00  
1081      2.972831e+01   2.946126e+01   2.811370e+00   2.811235e+00  
1082      2.965572e+01   2.938566e+01   2.823210e+00   2.823835e+00  
1083      2.972644e+01   2.945832e+01   2.816982e+00   2.816596e+00  
1084      2.965886e+01   2.938877e+01   2.823283e+00   2.824456e+00  
1085      2.972381e+01   2.945471e+01   2.821784e+00   2.821841e+00  
1086      2.965634e+01   2.938585e+01   2.825425e+00   2.826211e+00  
1087      2.972335e+01   2.945349e+01   2.825393e+00   2.825982e+00  
1088      2.965248e+01   2.938158e+01   2.827233e+00   2.828212e+00  
1089      2.972124e+01   2.945088e+01   2.828139e+00   2.828355e+00  
1090      2.964970e+01   2.937819e+01   2.830328e+00   2.831277e+00  
1091      2.971714e+01   2.944568e+01   2.833808e+00   2.833653e+00  
1092      2.965118e+01   2.937971e+01   2.830519e+00   2.830772e+00  
1093      2.972109e+01   2.944949e+01   2.834782e+00   2.834508e+00  
1094      2.965629e+01   2.938516e+01   2.828958e+00   2.829301e+00  
1095      2.972691e+01   2.945446e+01   2.839690e+00   2.839054e+00  
1096      2.964612e+01   2.937376e+01   2.834642e+00   2.835381e+00  
1097      2.971912e+01   2.944594e+01   2.842897e+00   2.842644e+00  
1098      2.964100e+01   2.936780e+01   2.838841e+00   2.839353e+00  
1099      2.971869e+01   2.944491e+01   2.845741e+00   2.845946e+00  
1100      2.963628e+01   2.936360e+01   2.836084e+00   2.836340e+00  
1101      2.973193e+01   2.945872e+01   2.843643e+00   2.843414e+00  
1102      2.963894e+01   2.936623e+01   2.836371e+00   2.836598e+00  
1103      2.972964e+01   2.945539e+01   2.849020e+00   2.848632e+00  
1104      2.961299e+01   2.933831e+01   2.845524e+00   2.845358e+00  
1105      2.973132e+01   2.945586e+01   2.855419e+00   2.854919e+00  
1106      2.960917e+01   2.933425e+01   2.846971e+00   2.846039e+00  
1107      2.973112e+01   2.945514e+01   2.857828e+00   2.857778e+00  
1108      2.961616e+01   2.934186e+01   2.843615e+00   2.843592e+00  
1109      2.973593e+01   2.946011e+01   2.857439e+00   2.857078e+00  
1110      2.961398e+01   2.934003e+01   2.841907e+00   2.841539e+00  
1111      2.973732e+01   2.946066e+01   2.862135e+00   2.861099e+00  
1112      2.960835e+01   2.933326e+01   2.847354e+00   2.847207e+00  
1113      2.973563e+01   2.945817e+01   2.865774e+00   2.865594e+00  
1114      2.960158e+01   2.932575e+01   2.851164e+00   2.850431e+00  
1115      2.973114e+01   2.945256e+01   2.871445e+00   2.870951e+00  
1116      2.959961e+01   2.932322e+01   2.854047e+00   2.853008e+00  
1117      2.973333e+01   2.945508e+01   2.869675e+00   2.869433e+00  
1118      2.960104e+01   2.932505e+01   2.852125e+00   2.850958e+00  
1119      2.972655e+01   2.944792e+01   2.871689e+00   2.870710e+00  
1120      2.959159e+01   2.931448e+01   2.857136e+00   2.856550e+00  
1121      2.972686e+01   2.944831e+01   2.871024e+00   2.870557e+00  
1122      2.959535e+01   2.931765e+01   2.860788e+00   2.859376e+00  
1123      2.971730e+01   2.943878e+01   2.870461e+00   2.869962e+00  
1124      2.958963e+01   2.931110e+01   2.864499e+00   2.863602e+00  
1125      2.971832e+01   2.944059e+01   2.866554e+00   2.865848e+00  
1126      2.958826e+01   2.930960e+01   2.865343e+00   2.864012e+00  
1127      2.972299e+01   2.944595e+01   2.862895e+00   2.862788e+00  
1128      2.959347e+01   2.931525e+01   2.862947e+00   2.862406e+00  
1129      2.971769e+01   2.944088e+01   2.861880e+00   2.861046e+00  
1130      2.960242e+01   2.932475e+01   2.860691e+00   2.859805e+00  
1131      2.970686e+01   2.942995e+01   2.861614e+00   2.861222e+00  
1132      2.959946e+01   2.932156e+01   2.862085e+00   2.860599e+00  
1133      2.969797e+01   2.942026e+01   2.865463e+00   2.864769e+00  
1134      2.959944e+01   2.932115e+01   2.863636e+00   2.863004e+00  
1135      2.968534e+01   2.940658e+01   2.870232e+00   2.869582e+00  
1136      2.959327e+01   2.931404e+01   2.868368e+00   2.867221e+00  
1137      2.967654e+01   2.939676e+01   2.874985e+00   2.874389e+00  
1138      2.959199e+01   2.931244e+01   2.869884e+00   2.868955e+00  
1139      2.967639e+01   2.939637e+01   2.876658e+00   2.875141e+00  
1140      2.959125e+01   2.931187e+01   2.868586e+00   2.868347e+00  
1141      2.968479e+01   2.940571e+01   2.871943e+00   2.871071e+00  
1142      2.959496e+01   2.931564e+01   2.868872e+00   2.867871e+00  
1143      2.968203e+01   2.940179e+01   2.877698e+00   2.876892e+00  
1144      2.958654e+01   2.930621e+01   2.873532e+00   2.872623e+00  
1145      2.968048e+01   2.939892e+01   2.884436e+00   2.883462e+00  
1146      2.958557e+01   2.930417e+01   2.878737e+00   2.878262e+00  
1147      2.969793e+01   2.941703e+01   2.881626e+00   2.881249e+00  
1148      2.958869e+01   2.930688e+01   2.881247e+00   2.880204e+00  
1149      2.969853e+01   2.941649e+01   2.887462e+00   2.887040e+00  
1150      2.959938e+01   2.931718e+01   2.883571e+00   2.882973e+00  
1151      2.970002e+01   2.941726e+01   2.891356e+00   2.890683e+00  
1152      2.960050e+01   2.931667e+01   2.891776e+00   2.891390e+00  
1153      2.969913e+01   2.941564e+01   2.895076e+00   2.894268e+00  
1154      2.960715e+01   2.932217e+01   2.898202e+00   2.897254e+00  
1155      2.971010e+01   2.942577e+01   2.899507e+00   2.899515e+00  
1156      2.961261e+01   2.932730e+01   2.899983e+00   2.899375e+00  
1157      2.971830e+01   2.943328e+01   2.903739e+00   2.902987e+00  
1158      2.961766e+01   2.933063e+01   2.908962e+00   2.908296e+00  
1159      2.971725e+01   2.943083e+01   2.910816e+00   2.910117e+00  
1160      2.962121e+01   2.933321e+01   2.913875e+00   2.913442e+00  
1161      2.971943e+01   2.943182e+01   2.916829e+00   2.916219e+00  
1162      2.963084e+01   2.934252e+01   2.916240e+00   2.915214e+00  
1163      2.972565e+01   2.943722e+01   2.921336e+00   2.920634e+00  
1164      2.963365e+01   2.934435e+01   2.920977e+00   2.920641e+00  
1165      2.972077e+01   2.943039e+01   2.931273e+00   2.929846e+00  
1166      2.963780e+01   2.934805e+01   2.923469e+00   2.923109e+00  
1167      2.973439e+01   2.944343e+01   2.934670e+00   2.933621e+00  
1168      2.963667e+01   2.934597e+01   2.928261e+00   2.927751e+00  
1169      2.974672e+01   2.945518e+01   2.938292e+00   2.937032e+00  
1170      2.963455e+01   2.934252e+01   2.934745e+00   2.934354e+00  
1171      2.975610e+01   2.946418e+01   2.940366e+00   2.939704e+00  
1172      2.963083e+01   2.933710e+01   2.942860e+00   2.942786e+00  
1173      2.975839e+01   2.946526e+01   2.946802e+00   2.945595e+00  
1174      2.962763e+01   2.933275e+01   2.948153e+00   2.948641e+00  
1175      2.975319e+01   2.945827e+01   2.955141e+00   2.954620e+00  
1176      2.963036e+01   2.933514e+01   2.950361e+00   2.950112e+00  
1177      2.975860e+01   2.946292e+01   2.959147e+00   2.958666e+00  
1178      2.963986e+01   2.934410e+01   2.953393e+00   2.953467e+00  
1179      2.976193e+01   2.946506e+01   2.965625e+00   2.964410e+00  
1180      2.963901e+01   2.934226e+01   2.958392e+00   2.958139e+00  
1181      2.975699e+01   2.945849e+01   2.973346e+00   2.972411e+00  
1182      2.964002e+01   2.934248e+01   2.962157e+00   2.962288e+00  
1183      2.975436e+01   2.945518e+01   2.976588e+00   2.975564e+00  
1184      2.964880e+01   2.935135e+01   2.962087e+00   2.962356e+00  
1185      2.976336e+01   2.946405e+01   2.977730e+00   2.976603e+00  
1186      2.965993e+01   2.936246e+01   2.963424e+00   2.962333e+00  
1187      2.976322e+01   2.946237e+01   2.985193e+00   2.984403e+00  
1188      2.966079e+01   2.936279e+01   2.965528e+00   2.965534e+00  
1189      2.975772e+01   2.945483e+01   2.995100e+00   2.994063e+00  
1190      2.965828e+01   2.935902e+01   2.971815e+00   2.971462e+00  
1191      2.976230e+01   2.945815e+01   3.001638e+00   3.000315e+00  
1192      2.966590e+01   2.936593e+01   2.975955e+00   2.975122e+00  
1193      2.976807e+01   2.946412e+01   3.000637e+00   2.999941e+00  
1194      2.966665e+01   2.936620e+01   2.978009e+00   2.977926e+00  
1195      2.977940e+01   2.947537e+01   3.001955e+00   3.000536e+00  
1196      2.967733e+01   2.937614e+01   2.982378e+00   2.981959e+00  
1197      2.978192e+01   2.947701e+01   3.006140e+00   3.005226e+00  
1198      2.967122e+01   2.936829e+01   2.990379e+00   2.990378e+00  
1199      2.979102e+01   2.948593e+01   3.007761e+00   3.006337e+00  
1200      2.967357e+01   2.936909e+01   2.998262e+00   2.997881e+00  
1201      2.980143e+01   2.949563e+01   3.012134e+00   3.010032e+00  
1202      2.968260e+01   2.937776e+01   3.000426e+00   3.000230e+00  
1203      2.981219e+01   2.950679e+01   3.010294e+00   3.008970e+00  
1204      2.967422e+01   2.936777e+01   3.008274e+00   3.007218e+00  
1205      2.981657e+01   2.951040e+01   3.014322e+00   3.012969e+00  
1206      2.968044e+01   2.937344e+01   3.011017e+00   3.010506e+00  
1207      2.981408e+01   2.950625e+01   3.022209e+00   3.021060e+00  
1208      2.968413e+01   2.937643e+01   3.014897e+00   3.013852e+00  
1209      2.981378e+01   2.950460e+01   3.028623e+00   3.027802e+00  
1210      2.968630e+01   2.937799e+01   3.017708e+00   3.017199e+00  
1211      2.982236e+01   2.951230e+01   3.033310e+00   3.032528e+00  
1212      2.969432e+01   2.938589e+01   3.018960e+00   3.017854e+00  
1213      2.983276e+01   2.952230e+01   3.036007e+00   3.034746e+00  
1214      2.969390e+01   2.938504e+01   3.020789e+00   3.020296e+00  
1215      2.984801e+01   2.953771e+01   3.035808e+00   3.035046e+00  
1216      2.970032e+01   2.939159e+01   3.020669e+00   3.019755e+00  
1217      2.985348e+01   2.954202e+01   3.041389e+00   3.041268e+00  
1218      2.970648e+01   2.939737e+01   3.022585e+00   3.022169e+00  
1219      2.986142e+01   2.954951e+01   3.044009e+00   3.043876e+00  
1220      2.970305e+01   2.939256e+01   3.029125e+00   3.028786e+00  
1221      2.986379e+01   2.955083e+01   3.049319e+00   3.048951e+00  
1222      2.970881e+01   2.939741e+01   3.033970e+00   3.033310e+00  
1223      2.986721e+01   2.955338e+01   3.053641e+00   3.053381e+00  
1224      2.971968e+01   2.940811e+01   3.035175e+00   3.034839e+00  
1225      2.987009e+01   2.955610e+01   3.054289e+00   3.054543e+00  
1226      2.973239e+01   2.941989e+01   3.040313e+00   3.040074e+00  
1227      2.986794e+01   2.955241e+01   3.061759e+00   3.061778e+00  
1228      2.973513e+01   2.942119e+01   3.047552e+00   3.046930e+00  
1229      2.985612e+01   2.953861e+01   3.070674e+00   3.070743e+00  
1230      2.973940e+01   2.942385e+01   3.055469e+00   3.055016e+00  
1231      2.986021e+01   2.954173e+01   3.075032e+00   3.076104e+00  
1232      2.974970e+01   2.943349e+01   3.059262e+00   3.058607e+00  
1233      2.985696e+01   2.953646e+01   3.084897e+00   3.085332e+00  
1234      2.975531e+01   2.943788e+01   3.065090e+00   3.065137e+00  
1235      2.985489e+01   2.953256e+01   3.093397e+00   3.094002e+00  
1236      2.975497e+01   2.943617e+01   3.071478e+00   3.071827e+00  
1237      2.985449e+01   2.953109e+01   3.098680e+00   3.098930e+00  
1238      2.975358e+01   2.943309e+01   3.079543e+00   3.079800e+00  
1239      2.985061e+01   2.952525e+01   3.107749e+00   3.108138e+00  
1240      2.976391e+01   2.944326e+01   3.080467e+00   3.081439e+00  
1241      2.985131e+01   2.952462e+01   3.113888e+00   3.114697e+00  
1242      2.976439e+01   2.944241e+01   3.087015e+00   3.087740e+00  
1243      2.984408e+01   2.951531e+01   3.123496e+00   3.124053e+00  
1244      2.975911e+01   2.943584e+01   3.092756e+00   3.093702e+00  
1245      2.985011e+01   2.952026e+01   3.128475e+00   3.129811e+00  
1246      2.975758e+01   2.943334e+01   3.097284e+00   3.098238e+00  
1247      2.984987e+01   2.951922e+01   3.132439e+00   3.133406e+00  
1248      2.975221e+01   2.942617e+01   3.105750e+00   3.106269e+00  
1249      2.984731e+01   2.951606e+01   3.135066e+00   3.136182e+00  
1250      2.974279e+01   2.941477e+01   3.114514e+00   3.115244e+00  
-------------------------------------------------------------------

