
**********************************************
Real-time propagation in 3D, OPTION = 2
MPI nodes = 8, OMP threads = 16, cores = 128
**********************************************

Interactions
Contact: Natoms = 1.50000000000e+05, as = 8.400000e+01 * a0, G = 1.509046e+04, G * par = 3.018091e+04
Three-body: K3 =  0.000000e+00, g3 = 0.000000e+00
Regular DDI: add = 1.101000e+02 * a0, GD = 4.721954e+03, GD * par =  9.443909e+03, edd = 1.310714e+00
     Dipolar cutoffs Rcut = 8.425678e+00, Lcut = 2.501127e+02

QF = 1, QDEPL = 0: h2 = 1.895472e+05, h4 = 0.000000e+00
        q3 = 0.000000e+00, q5 = 3.761697e+00

GRAD = 0

Trap parameters
GAMMA = 0.000000e+00, NU = 0.000000e+00, LAMBDA = 0.000000e+00
Parameters of rotation: OMEGA = 0.000000e+00, OMEGA * par = 0.000000e+00

Space discretization: NX = 128, NY = 128, NZ = 128
                      DX = 3.908011e+00, DY = 1.316512e-01, DZ = 1.316512e-01
      Unit of length: aho = 5.552380e-07 m

Time discretization: NITER = 2500 (NSNAP = 1250)
                     DT = 8.666022e-03

Initial state: file ./imag3d-finalpsi.bin
ADD_VORTICES = 0, ADD_RANDOM_PHASE = 0


MUREL = 1.000000e-12, MUEND=1.000000e+05

-------------------------------------------------------------------
Snap      Na             QD             mu             <r>
-------------------------------------------------------------------
0         1.50333573231e+05   0.000000e+00   -1.063562e+00  2.503130e+01  
1         1.50333572755e+05   0.000000e+00   -1.063837e+00  2.503128e+01  
2         1.50333572244e+05   0.000000e+00   -1.064119e+00  2.503127e+01  
3         1.50333571718e+05   0.000000e+00   -1.064371e+00  2.503126e+01  
4         1.50333571176e+05   0.000000e+00   -1.064558e+00  2.503124e+01  
5         1.50333570667e+05   0.000000e+00   -1.064656e+00  2.503123e+01  
6         1.50333570186e+05   0.000000e+00   -1.064649e+00  2.503121e+01  
7         1.50333569779e+05   0.000000e+00   -1.064528e+00  2.503119e+01  
8         1.50333569444e+05   0.000000e+00   -1.064294e+00  2.503117e+01  
9         1.50333569214e+05   0.000000e+00   -1.063949e+00  2.503115e+01  
10        1.50333569082e+05   0.000000e+00   -1.063502e+00  2.503112e+01  
11        1.50333569073e+05   0.000000e+00   -1.062957e+00  2.503110e+01  
12        1.50333569183e+05   0.000000e+00   -1.062322e+00  2.503107e+01  
13        1.50333569413e+05   0.000000e+00   -1.061602e+00  2.503104e+01  
14        1.50333569755e+05   0.000000e+00   -1.060801e+00  2.503102e+01  
15        1.50333570238e+05   0.000000e+00   -1.059930e+00  2.503099e+01  
16        1.50333570836e+05   0.000000e+00   -1.058999e+00  2.503096e+01  
17        1.50333571556e+05   0.000000e+00   -1.058027e+00  2.503093e+01  
18        1.50333572395e+05   0.000000e+00   -1.057033e+00  2.503090e+01  
19        1.50333573349e+05   0.000000e+00   -1.056040e+00  2.503087e+01  
20        1.50333574415e+05   0.000000e+00   -1.055072e+00  2.503084e+01  
21        1.50333575594e+05   0.000000e+00   -1.054148e+00  2.503082e+01  
22        1.50333576877e+05   0.000000e+00   -1.053286e+00  2.503079e+01  
23        1.50333578267e+05   0.000000e+00   -1.052499e+00  2.503076e+01  
24        1.50333579754e+05   0.000000e+00   -1.051796e+00  2.503074e+01  
25        1.50333581339e+05   0.000000e+00   -1.051184e+00  2.503071e+01  
26        1.50333583012e+05   0.000000e+00   -1.050663e+00  2.503069e+01  
27        1.50333584771e+05   0.000000e+00   -1.050233e+00  2.503067e+01  
28        1.50333586607e+05   0.000000e+00   -1.049890e+00  2.503065e+01  
29        1.50333588515e+05   0.000000e+00   -1.049630e+00  2.503063e+01  
30        1.50333590484e+05   0.000000e+00   -1.049447e+00  2.503061e+01  
31        1.50333592509e+05   0.000000e+00   -1.049334e+00  2.503060e+01  
32        1.50333594578e+05   0.000000e+00   -1.049285e+00  2.503058e+01  
33        1.50333596682e+05   0.000000e+00   -1.049293e+00  2.503057e+01  
34        1.50333598809e+05   0.000000e+00   -1.049351e+00  2.503056e+01  
35        1.50333600946e+05   0.000000e+00   -1.049455e+00  2.503055e+01  
36        1.50333603080e+05   0.000000e+00   -1.049599e+00  2.503055e+01  
37        1.50333605200e+05   0.000000e+00   -1.049777e+00  2.503054e+01  
38        1.50333607292e+05   0.000000e+00   -1.049986e+00  2.503054e+01  
39        1.50333609343e+05   0.000000e+00   -1.050220e+00  2.503054e+01  
40        1.50333611338e+05   0.000000e+00   -1.050477e+00  2.503054e+01  
41        1.50333613264e+05   0.000000e+00   -1.050753e+00  2.503054e+01  
42        1.50333615106e+05   0.000000e+00   -1.051045e+00  2.503055e+01  
43        1.50333616854e+05   0.000000e+00   -1.051351e+00  2.503055e+01  
44        1.50333618500e+05   0.000000e+00   -1.051667e+00  2.503056e+01  
45        1.50333620041e+05   0.000000e+00   -1.051991e+00  2.503057e+01  
46        1.50333621463e+05   0.000000e+00   -1.052321e+00  2.503058e+01  
47        1.50333622747e+05   0.000000e+00   -1.052656e+00  2.503059e+01  
48        1.50333623870e+05   0.000000e+00   -1.052994e+00  2.503061e+01  
49        1.50333624815e+05   0.000000e+00   -1.053333e+00  2.503062e+01  
50        1.50333625571e+05   0.000000e+00   -1.053671e+00  2.503064e+01  
51        1.50333626126e+05   0.000000e+00   -1.054008e+00  2.503066e+01  
52        1.50333626470e+05   0.000000e+00   -1.054342e+00  2.503068e+01  
53        1.50333626599e+05   0.000000e+00   -1.054673e+00  2.503069e+01  
54        1.50333626506e+05   0.000000e+00   -1.054999e+00  2.503072e+01  
55        1.50333626185e+05   0.000000e+00   -1.055319e+00  2.503074e+01  
56        1.50333625632e+05   0.000000e+00   -1.055634e+00  2.503076e+01  
57        1.50333624840e+05   0.000000e+00   -1.055941e+00  2.503078e+01  
58        1.50333623804e+05   0.000000e+00   -1.056241e+00  2.503080e+01  
59        1.50333622519e+05   0.000000e+00   -1.056532e+00  2.503083e+01  
60        1.50333620979e+05   0.000000e+00   -1.056816e+00  2.503085e+01  
61        1.50333619177e+05   0.000000e+00   -1.057090e+00  2.503088e+01  
62        1.50333617110e+05   0.000000e+00   -1.057355e+00  2.503090e+01  
63        1.50333614770e+05   0.000000e+00   -1.057610e+00  2.503093e+01  
64        1.50333612153e+05   0.000000e+00   -1.057855e+00  2.503095e+01  
65        1.50333609255e+05   0.000000e+00   -1.058091e+00  2.503098e+01  
66        1.50333606076e+05   0.000000e+00   -1.058315e+00  2.503101e+01  
67        1.50333602610e+05   0.000000e+00   -1.058530e+00  2.503103e+01  
68        1.50333598858e+05   0.000000e+00   -1.058733e+00  2.503106e+01  
69        1.50333594818e+05   0.000000e+00   -1.058926e+00  2.503108e+01  
70        1.50333590493e+05   0.000000e+00   -1.059109e+00  2.503111e+01  
71        1.50333585881e+05   0.000000e+00   -1.059281e+00  2.503113e+01  
72        1.50333580989e+05   0.000000e+00   -1.059442e+00  2.503116e+01  
73        1.50333575816e+05   0.000000e+00   -1.059592e+00  2.503118e+01  
74        1.50333570370e+05   0.000000e+00   -1.059730e+00  2.503121e+01  
75        1.50333564653e+05   0.000000e+00   -1.059858e+00  2.503123e+01  
76        1.50333558675e+05   0.000000e+00   -1.059975e+00  2.503125e+01  
77        1.50333552437e+05   0.000000e+00   -1.060082e+00  2.503128e+01  
78        1.50333545950e+05   0.000000e+00   -1.060179e+00  2.503130e+01  
79        1.50333539220e+05   0.000000e+00   -1.060266e+00  2.503132e+01  
80        1.50333532259e+05   0.000000e+00   -1.060343e+00  2.503134e+01  
81        1.50333525071e+05   0.000000e+00   -1.060410e+00  2.503136e+01  
82        1.50333517671e+05   0.000000e+00   -1.060468e+00  2.503138e+01  
83        1.50333510066e+05   0.000000e+00   -1.060516e+00  2.503140e+01  
84        1.50333502270e+05   0.000000e+00   -1.060553e+00  2.503141e+01  
85        1.50333494292e+05   0.000000e+00   -1.060580e+00  2.503143e+01  
86        1.50333486145e+05   0.000000e+00   -1.060596e+00  2.503145e+01  
87        1.50333477839e+05   0.000000e+00   -1.060601e+00  2.503146e+01  
88        1.50333469390e+05   0.000000e+00   -1.060596e+00  2.503147e+01  
89        1.50333460804e+05   0.000000e+00   -1.060584e+00  2.503149e+01  
90        1.50333452101e+05   0.000000e+00   -1.060565e+00  2.503150e+01  
91        1.50333443288e+05   0.000000e+00   -1.060540e+00  2.503151e+01  
92        1.50333434385e+05   0.000000e+00   -1.060511e+00  2.503152e+01  
93        1.50333425402e+05   0.000000e+00   -1.060477e+00  2.503153e+01  
94        1.50333416359e+05   0.000000e+00   -1.060436e+00  2.503154e+01  
95        1.50333407267e+05   0.000000e+00   -1.060387e+00  2.503155e+01  
96        1.50333398145e+05   0.000000e+00   -1.060330e+00  2.503156e+01  
97        1.50333389002e+05   0.000000e+00   -1.060262e+00  2.503156e+01  
98        1.50333379857e+05   0.000000e+00   -1.060185e+00  2.503157e+01  
99        1.50333370718e+05   0.000000e+00   -1.060098e+00  2.503157e+01  
100       1.50333361606e+05   0.000000e+00   -1.060003e+00  2.503158e+01  
101       1.50333352531e+05   0.000000e+00   -1.059902e+00  2.503158e+01  
102       1.50333343510e+05   0.000000e+00   -1.059796e+00  2.503159e+01  
103       1.50333334545e+05   0.000000e+00   -1.059687e+00  2.503159e+01  
104       1.50333325652e+05   0.000000e+00   -1.059577e+00  2.503159e+01  
105       1.50333316857e+05   0.000000e+00   -1.059465e+00  2.503159e+01  
106       1.50333308199e+05   0.000000e+00   -1.059351e+00  2.503159e+01  
107       1.50333299682e+05   0.000000e+00   -1.059234e+00  2.503159e+01  
108       1.50333291294e+05   0.000000e+00   -1.059113e+00  2.503159e+01  
109       1.50333283030e+05   0.000000e+00   -1.058988e+00  2.503159e+01  
110       1.50333274934e+05   0.000000e+00   -1.058859e+00  2.503158e+01  
111       1.50333267052e+05   0.000000e+00   -1.058726e+00  2.503158e+01  
112       1.50333259404e+05   0.000000e+00   -1.058591e+00  2.503158e+01  
113       1.50333251972e+05   0.000000e+00   -1.058454e+00  2.503158e+01  
114       1.50333244754e+05   0.000000e+00   -1.058316e+00  2.503157e+01  
115       1.50333237749e+05   0.000000e+00   -1.058179e+00  2.503157e+01  
116       1.50333230971e+05   0.000000e+00   -1.058045e+00  2.503157e+01  
117       1.50333224426e+05   0.000000e+00   -1.057914e+00  2.503156e+01  
118       1.50333218139e+05   0.000000e+00   -1.057788e+00  2.503156e+01  
119       1.50333212132e+05   0.000000e+00   -1.057666e+00  2.503155e+01  
120       1.50333206433e+05   0.000000e+00   -1.057546e+00  2.503155e+01  
121       1.50333201040e+05   0.000000e+00   -1.057427e+00  2.503154e+01  
122       1.50333195938e+05   0.000000e+00   -1.057306e+00  2.503154e+01  
123       1.50333191101e+05   0.000000e+00   -1.057181e+00  2.503153e+01  
124       1.50333186547e+05   0.000000e+00   -1.057050e+00  2.503153e+01  
125       1.50333182304e+05   0.000000e+00   -1.056913e+00  2.503152e+01  
126       1.50333178409e+05   0.000000e+00   -1.056770e+00  2.503152e+01  
127       1.50333174880e+05   0.000000e+00   -1.056624e+00  2.503152e+01  
128       1.50333171729e+05   0.000000e+00   -1.056475e+00  2.503151e+01  
129       1.50333168949e+05   0.000000e+00   -1.056328e+00  2.503151e+01  
130       1.50333166530e+05   0.000000e+00   -1.056184e+00  2.503150e+01  
131       1.50333164456e+05   0.000000e+00   -1.056045e+00  2.503150e+01  
132       1.50333162730e+05   0.000000e+00   -1.055912e+00  2.503150e+01  
133       1.50333161350e+05   0.000000e+00   -1.055786e+00  2.503150e+01  
134       1.50333160329e+05   0.000000e+00   -1.055668e+00  2.503150e+01  
135       1.50333159675e+05   0.000000e+00   -1.055558e+00  2.503149e+01  
136       1.50333159398e+05   0.000000e+00   -1.055457e+00  2.503149e+01  
137       1.50333159488e+05   0.000000e+00   -1.055369e+00  2.503149e+01  
138       1.50333159939e+05   0.000000e+00   -1.055295e+00  2.503149e+01  
139       1.50333160732e+05   0.000000e+00   -1.055237e+00  2.503149e+01  
140       1.50333161854e+05   0.000000e+00   -1.055197e+00  2.503150e+01  
141       1.50333163276e+05   0.000000e+00   -1.055176e+00  2.503150e+01  
142       1.50333164989e+05   0.000000e+00   -1.055173e+00  2.503150e+01  
143       1.50333166984e+05   0.000000e+00   -1.055186e+00  2.503150e+01  
144       1.50333169268e+05   0.000000e+00   -1.055212e+00  2.503151e+01  
145       1.50333171829e+05   0.000000e+00   -1.055247e+00  2.503151e+01  
146       1.50333174680e+05   0.000000e+00   -1.055285e+00  2.503152e+01  
147       1.50333177819e+05   0.000000e+00   -1.055323e+00  2.503153e+01  
148       1.50333181250e+05   0.000000e+00   -1.055357e+00  2.503153e+01  
149       1.50333184961e+05   0.000000e+00   -1.055383e+00  2.503154e+01  
150       1.50333188953e+05   0.000000e+00   -1.055399e+00  2.503155e+01  
151       1.50333193202e+05   0.000000e+00   -1.055404e+00  2.503156e+01  
152       1.50333197702e+05   0.000000e+00   -1.055398e+00  2.503157e+01  
153       1.50333202433e+05   0.000000e+00   -1.055382e+00  2.503158e+01  
154       1.50333207383e+05   0.000000e+00   -1.055357e+00  2.503159e+01  
155       1.50333212534e+05   0.000000e+00   -1.055327e+00  2.503160e+01  
156       1.50333217885e+05   0.000000e+00   -1.055292e+00  2.503161e+01  
157       1.50333223417e+05   0.000000e+00   -1.055255e+00  2.503163e+01  
158       1.50333229131e+05   0.000000e+00   -1.055219e+00  2.503164e+01  
159       1.50333235007e+05   0.000000e+00   -1.055186e+00  2.503165e+01  
160       1.50333241044e+05   0.000000e+00   -1.055158e+00  2.503167e+01  
161       1.50333247217e+05   0.000000e+00   -1.055140e+00  2.503168e+01  
162       1.50333253516e+05   0.000000e+00   -1.055132e+00  2.503170e+01  
163       1.50333259908e+05   0.000000e+00   -1.055138e+00  2.503172e+01  
164       1.50333266378e+05   0.000000e+00   -1.055160e+00  2.503174e+01  
165       1.50333272880e+05   0.000000e+00   -1.055200e+00  2.503175e+01  
166       1.50333279399e+05   0.000000e+00   -1.055259e+00  2.503177e+01  
167       1.50333285889e+05   0.000000e+00   -1.055337e+00  2.503179e+01  
168       1.50333292330e+05   0.000000e+00   -1.055435e+00  2.503181e+01  
169       1.50333298680e+05   0.000000e+00   -1.055553e+00  2.503183e+01  
170       1.50333304923e+05   0.000000e+00   -1.055690e+00  2.503185e+01  
171       1.50333311025e+05   0.000000e+00   -1.055844e+00  2.503188e+01  
172       1.50333316964e+05   0.000000e+00   -1.056014e+00  2.503190e+01  
173       1.50333322714e+05   0.000000e+00   -1.056195e+00  2.503192e+01  
174       1.50333328259e+05   0.000000e+00   -1.056386e+00  2.503194e+01  
175       1.50333333564e+05   0.000000e+00   -1.056584e+00  2.503197e+01  
176       1.50333338629e+05   0.000000e+00   -1.056785e+00  2.503199e+01  
177       1.50333343412e+05   0.000000e+00   -1.056988e+00  2.503201e+01  
178       1.50333347900e+05   0.000000e+00   -1.057187e+00  2.503204e+01  
179       1.50333352071e+05   0.000000e+00   -1.057377e+00  2.503206e+01  
180       1.50333355930e+05   0.000000e+00   -1.057555e+00  2.503208e+01  
181       1.50333359461e+05   0.000000e+00   -1.057716e+00  2.503211e+01  
182       1.50333362642e+05   0.000000e+00   -1.057858e+00  2.503213e+01  
183       1.50333365422e+05   0.000000e+00   -1.057980e+00  2.503215e+01  
184       1.50333367798e+05   0.000000e+00   -1.058083e+00  2.503218e+01  
185       1.50333369771e+05   0.000000e+00   -1.058168e+00  2.503220e+01  
186       1.50333371355e+05   0.000000e+00   -1.058236e+00  2.503222e+01  
187       1.50333372522e+05   0.000000e+00   -1.058288e+00  2.503225e+01  
188       1.50333373256e+05   0.000000e+00   -1.058324e+00  2.503227e+01  
189       1.50333373534e+05   0.000000e+00   -1.058347e+00  2.503229e+01  
190       1.50333373343e+05   0.000000e+00   -1.058358e+00  2.503231e+01  
191       1.50333372667e+05   0.000000e+00   -1.058359e+00  2.503234e+01  
192       1.50333371521e+05   0.000000e+00   -1.058353e+00  2.503236e+01  
193       1.50333369901e+05   0.000000e+00   -1.058346e+00  2.503238e+01  
194       1.50333367820e+05   0.000000e+00   -1.058342e+00  2.503240e+01  
195       1.50333365214e+05   0.000000e+00   -1.058347e+00  2.503242e+01  
196       1.50333362071e+05   0.000000e+00   -1.058363e+00  2.503244e+01  
197       1.50333358373e+05   0.000000e+00   -1.058394e+00  2.503246e+01  
198       1.50333354158e+05   0.000000e+00   -1.058441e+00  2.503248e+01  
199       1.50333349410e+05   0.000000e+00   -1.058501e+00  2.503250e+01  
200       1.50333344104e+05   0.000000e+00   -1.058573e+00  2.503252e+01  
201       1.50333338192e+05   0.000000e+00   -1.058655e+00  2.503254e+01  
202       1.50333331672e+05   0.000000e+00   -1.058744e+00  2.503255e+01  
203       1.50333324517e+05   0.000000e+00   -1.058837e+00  2.503257e+01  
204       1.50333316749e+05   0.000000e+00   -1.058930e+00  2.503259e+01  
205       1.50333308354e+05   0.000000e+00   -1.059019e+00  2.503260e+01  
206       1.50333299340e+05   0.000000e+00   -1.059102e+00  2.503262e+01  
207       1.50333289662e+05   0.000000e+00   -1.059174e+00  2.503263e+01  
208       1.50333279318e+05   0.000000e+00   -1.059233e+00  2.503265e+01  
209       1.50333268279e+05   0.000000e+00   -1.059274e+00  2.503266e+01  
210       1.50333256555e+05   0.000000e+00   -1.059296e+00  2.503268e+01  
211       1.50333244127e+05   0.000000e+00   -1.059298e+00  2.503269e+01  
212       1.50333231018e+05   0.000000e+00   -1.059279e+00  2.503270e+01  
213       1.50333217198e+05   0.000000e+00   -1.059242e+00  2.503271e+01  
214       1.50333202673e+05   0.000000e+00   -1.059188e+00  2.503272e+01  
215       1.50333187408e+05   0.000000e+00   -1.059121e+00  2.503273e+01  
216       1.50333171423e+05   0.000000e+00   -1.059044e+00  2.503274e+01  
217       1.50333154703e+05   0.000000e+00   -1.058958e+00  2.503275e+01  
218       1.50333137296e+05   0.000000e+00   -1.058864e+00  2.503276e+01  
219       1.50333119214e+05   0.000000e+00   -1.058763e+00  2.503276e+01  
220       1.50333100506e+05   0.000000e+00   -1.058655e+00  2.503277e+01  
221       1.50333081179e+05   0.000000e+00   -1.058542e+00  2.503278e+01  
222       1.50333061262e+05   0.000000e+00   -1.058426e+00  2.503278e+01  
223       1.50333040734e+05   0.000000e+00   -1.058310e+00  2.503279e+01  
224       1.50333019613e+05   0.000000e+00   -1.058196e+00  2.503279e+01  
225       1.50332997878e+05   0.000000e+00   -1.058088e+00  2.503280e+01  
226       1.50332975562e+05   0.000000e+00   -1.057990e+00  2.503280e+01  
227       1.50332952668e+05   0.000000e+00   -1.057904e+00  2.503281e+01  
228       1.50332929255e+05   0.000000e+00   -1.057830e+00  2.503281e+01  
229       1.50332905350e+05   0.000000e+00   -1.057769e+00  2.503281e+01  
230       1.50332881021e+05   0.000000e+00   -1.057719e+00  2.503282e+01  
231       1.50332856300e+05   0.000000e+00   -1.057679e+00  2.503282e+01  
232       1.50332831246e+05   0.000000e+00   -1.057643e+00  2.503282e+01  
233       1.50332805889e+05   0.000000e+00   -1.057610e+00  2.503282e+01  
234       1.50332780287e+05   0.000000e+00   -1.057574e+00  2.503283e+01  
235       1.50332754478e+05   0.000000e+00   -1.057533e+00  2.503283e+01  
236       1.50332728526e+05   0.000000e+00   -1.057485e+00  2.503283e+01  
237       1.50332702477e+05   0.000000e+00   -1.057429e+00  2.503283e+01  
238       1.50332676404e+05   0.000000e+00   -1.057367e+00  2.503283e+01  
239       1.50332650357e+05   0.000000e+00   -1.057301e+00  2.503283e+01  
240       1.50332624403e+05   0.000000e+00   -1.057233e+00  2.503284e+01  
241       1.50332598582e+05   0.000000e+00   -1.057165e+00  2.503284e+01  
242       1.50332572953e+05   0.000000e+00   -1.057099e+00  2.503284e+01  
243       1.50332547540e+05   0.000000e+00   -1.057034e+00  2.503284e+01  
244       1.50332522391e+05   0.000000e+00   -1.056972e+00  2.503285e+01  
245       1.50332497528e+05   0.000000e+00   -1.056910e+00  2.503285e+01  
246       1.50332473000e+05   0.000000e+00   -1.056847e+00  2.503285e+01  
247       1.50332448843e+05   0.000000e+00   -1.056784e+00  2.503285e+01  
248       1.50332425121e+05   0.000000e+00   -1.056721e+00  2.503286e+01  
249       1.50332401877e+05   0.000000e+00   -1.056657e+00  2.503286e+01  
250       1.50332379178e+05   0.000000e+00   -1.056596e+00  2.503286e+01  
251       1.50332357074e+05   0.000000e+00   -1.056539e+00  2.503287e+01  
252       1.50332335640e+05   0.000000e+00   -1.056489e+00  2.503287e+01  
253       1.50332314935e+05   0.000000e+00   -1.056449e+00  2.503288e+01  
254       1.50332295013e+05   0.000000e+00   -1.056418e+00  2.503288e+01  
255       1.50332275885e+05   0.000000e+00   -1.056397e+00  2.503289e+01  
256       1.50332257588e+05   0.000000e+00   -1.056385e+00  2.503290e+01  
257       1.50332240146e+05   0.000000e+00   -1.056381e+00  2.503290e+01  
258       1.50332223619e+05   0.000000e+00   -1.056385e+00  2.503291e+01  
259       1.50332207988e+05   0.000000e+00   -1.056398e+00  2.503292e+01  
260       1.50332193247e+05   0.000000e+00   -1.056422e+00  2.503293e+01  
261       1.50332179379e+05   0.000000e+00   -1.056457e+00  2.503293e+01  
262       1.50332166447e+05   0.000000e+00   -1.056503e+00  2.503294e+01  
263       1.50332154478e+05   0.000000e+00   -1.056559e+00  2.503295e+01  
264       1.50332143500e+05   0.000000e+00   -1.056623e+00  2.503296e+01  
265       1.50332133502e+05   0.000000e+00   -1.056691e+00  2.503297e+01  
266       1.50332124524e+05   0.000000e+00   -1.056760e+00  2.503299e+01  
267       1.50332116584e+05   0.000000e+00   -1.056825e+00  2.503300e+01  
268       1.50332109714e+05   0.000000e+00   -1.056883e+00  2.503301e+01  
269       1.50332103941e+05   0.000000e+00   -1.056930e+00  2.503302e+01  
270       1.50332099335e+05   0.000000e+00   -1.056962e+00  2.503304e+01  
271       1.50332095955e+05   0.000000e+00   -1.056979e+00  2.503305e+01  
272       1.50332093854e+05   0.000000e+00   -1.056981e+00  2.503306e+01  
273       1.50332093050e+05   0.000000e+00   -1.056968e+00  2.503308e+01  
274       1.50332093585e+05   0.000000e+00   -1.056941e+00  2.503309e+01  
275       1.50332095505e+05   0.000000e+00   -1.056903e+00  2.503311e+01  
276       1.50332098884e+05   0.000000e+00   -1.056855e+00  2.503313e+01  
277       1.50332103774e+05   0.000000e+00   -1.056799e+00  2.503314e+01  
278       1.50332110239e+05   0.000000e+00   -1.056737e+00  2.503316e+01  
279       1.50332118322e+05   0.000000e+00   -1.056670e+00  2.503318e+01  
280       1.50332128092e+05   0.000000e+00   -1.056601e+00  2.503320e+01  
281       1.50332139605e+05   0.000000e+00   -1.056531e+00  2.503321e+01  
282       1.50332152949e+05   0.000000e+00   -1.056462e+00  2.503323e+01  
283       1.50332168197e+05   0.000000e+00   -1.056397e+00  2.503325e+01  
284       1.50332185449e+05   0.000000e+00   -1.056338e+00  2.503327e+01  
285       1.50332204804e+05   0.000000e+00   -1.056286e+00  2.503329e+01  
286       1.50332226397e+05   0.000000e+00   -1.056244e+00  2.503332e+01  
287       1.50332250360e+05   0.000000e+00   -1.056213e+00  2.503334e+01  
288       1.50332276858e+05   0.000000e+00   -1.056194e+00  2.503336e+01  
289       1.50332306049e+05   0.000000e+00   -1.056186e+00  2.503338e+01  
290       1.50332338111e+05   0.000000e+00   -1.056189e+00  2.503341e+01  
291       1.50332373205e+05   0.000000e+00   -1.056201e+00  2.503343e+01  
292       1.50332411527e+05   0.000000e+00   -1.056220e+00  2.503345e+01  
293       1.50332453281e+05   0.000000e+00   -1.056244e+00  2.503348e+01  
294       1.50332498710e+05   0.000000e+00   -1.056275e+00  2.503350e+01  
295       1.50332548065e+05   0.000000e+00   -1.056310e+00  2.503353e+01  
296       1.50332601637e+05   0.000000e+00   -1.056351e+00  2.503355e+01  
297       1.50332659715e+05   0.000000e+00   -1.056398e+00  2.503358e+01  
298       1.50332722620e+05   0.000000e+00   -1.056450e+00  2.503360e+01  
299       1.50332790670e+05   0.000000e+00   -1.056508e+00  2.503363e+01  
300       1.50332864233e+05   0.000000e+00   -1.056570e+00  2.503366e+01  
301       1.50332943694e+05   0.000000e+00   -1.056638e+00  2.503368e+01  
302       1.50333029518e+05   0.000000e+00   -1.056710e+00  2.503371e+01  
303       1.50333122199e+05   0.000000e+00   -1.056787e+00  2.503374e+01  
304       1.50333222325e+05   0.000000e+00   -1.056869e+00  2.503376e+01  
305       1.50333330521e+05   0.000000e+00   -1.056957e+00  2.503379e+01  
306       1.50333447483e+05   0.000000e+00   -1.057051e+00  2.503381e+01  
307       1.50333573929e+05   0.000000e+00   -1.057152e+00  2.503384e+01  
308       1.50333710626e+05   0.000000e+00   -1.057257e+00  2.503386e+01  
309       1.50333858334e+05   0.000000e+00   -1.057366e+00  2.503389e+01  
310       1.50334017848e+05   0.000000e+00   -1.057475e+00  2.503391e+01  
311       1.50334189983e+05   0.000000e+00   -1.057581e+00  2.503393e+01  
312       1.50334375635e+05   0.000000e+00   -1.057682e+00  2.503395e+01  
313       1.50334575781e+05   0.000000e+00   -1.057777e+00  2.503398e+01  
314       1.50334791564e+05   0.000000e+00   -1.057865e+00  2.503399e+01  
315       1.50335024279e+05   0.000000e+00   -1.057947e+00  2.503401e+01  
316       1.50335275442e+05   0.000000e+00   -1.058024e+00  2.503403e+01  
317       1.50335546785e+05   0.000000e+00   -1.058098e+00  2.503404e+01  
318       1.50335840265e+05   0.000000e+00   -1.058170e+00  2.503406e+01  
319       1.50336157997e+05   0.000000e+00   -1.058239e+00  2.503407e+01  
320       1.50336502249e+05   0.000000e+00   -1.058303e+00  2.503407e+01  
321       1.50336875334e+05   0.000000e+00   -1.058360e+00  2.503408e+01  
322       1.50337279639e+05   0.000000e+00   -1.058406e+00  2.503408e+01  
323       1.50337717676e+05   0.000000e+00   -1.058436e+00  2.503408e+01  
324       1.50338192154e+05   0.000000e+00   -1.058444e+00  2.503407e+01  
325       1.50338706047e+05   0.000000e+00   -1.058426e+00  2.503406e+01  
326       1.50339262675e+05   0.000000e+00   -1.058374e+00  2.503405e+01  
327       1.50339865697e+05   0.000000e+00   -1.058284e+00  2.503403e+01  
328       1.50340519168e+05   0.000000e+00   -1.058151e+00  2.503401e+01  
329       1.50341227593e+05   0.000000e+00   -1.057971e+00  2.503398e+01  
330       1.50341996068e+05   0.000000e+00   -1.057741e+00  2.503395e+01  
331       1.50342830333e+05   0.000000e+00   -1.057456e+00  2.503390e+01  
332       1.50343736812e+05   0.000000e+00   -1.057112e+00  2.503386e+01  
333       1.50344722411e+05   0.000000e+00   -1.056702e+00  2.503380e+01  
334       1.50345794288e+05   0.000000e+00   -1.056220e+00  2.503373e+01  
335       1.50346959582e+05   0.000000e+00   -1.055657e+00  2.503366e+01  
336       1.50348225202e+05   0.000000e+00   -1.055004e+00  2.503358e+01  
337       1.50349597608e+05   0.000000e+00   -1.054247e+00  2.503348e+01  
338       1.50351082623e+05   0.000000e+00   -1.053371e+00  2.503338e+01  
339       1.50352685304e+05   0.000000e+00   -1.052356e+00  2.503326e+01  
340       1.50354409998e+05   0.000000e+00   -1.051181e+00  2.503313e+01  
341       1.50356260477e+05   0.000000e+00   -1.049822e+00  2.503299e+01  
342       1.50358240176e+05   0.000000e+00   -1.048252e+00  2.503283e+01  
343       1.50360352316e+05   0.000000e+00   -1.046441e+00  2.503266e+01  
344       1.50362599834e+05   0.000000e+00   -1.044357e+00  2.503248e+01  
345       1.50364984791e+05   0.000000e+00   -1.041962e+00  2.503228e+01  
346       1.50367507313e+05   0.000000e+00   -1.039218e+00  2.503207e+01  
347       1.50370164104e+05   0.000000e+00   -1.036082e+00  2.503185e+01  
348       1.50372947007e+05   0.000000e+00   -1.032512e+00  2.503161e+01  
349       1.50375841842e+05   0.000000e+00   -1.028463e+00  2.503135e+01  
350       1.50378827827e+05   0.000000e+00   -1.023894e+00  2.503109e+01  
351       1.50381877378e+05   0.000000e+00   -1.018766e+00  2.503081e+01  
352       1.50384956393e+05   0.000000e+00   -1.013049e+00  2.503053e+01  
353       1.50388024849e+05   0.000000e+00   -1.006720e+00  2.503024e+01  
354       1.50391038008e+05   0.000000e+00   -9.997712e-01  2.502995e+01  
355       1.50393948440e+05   0.000000e+00   -9.922073e-01  2.502967e+01  
356       1.50396709004e+05   0.000000e+00   -9.840495e-01  2.502939e+01  
357       1.50399276576e+05   0.000000e+00   -9.753337e-01  2.502911e+01  
358       1.50401616208e+05   0.000000e+00   -9.661094e-01  2.502885e+01  
359       1.50403704747e+05   0.000000e+00   -9.564365e-01  2.502859e+01  
360       1.50405533665e+05   0.000000e+00   -9.463833e-01  2.502835e+01  
361       1.50407110245e+05   0.000000e+00   -9.360233e-01  2.502812e+01  
362       1.50408457566e+05   0.000000e+00   -9.254322e-01  2.502789e+01  
363       1.50409613160e+05   0.000000e+00   -9.146849e-01  2.502767e+01  
364       1.50410627118e+05   0.000000e+00   -9.038516e-01  2.502745e+01  
365       1.50411560236e+05   0.000000e+00   -8.929959e-01  2.502721e+01  
366       1.50412483053e+05   0.000000e+00   -8.821738e-01  2.502697e+01  
367       1.50413475625e+05   0.000000e+00   -8.714350e-01  2.502670e+01  
368       1.50414627575e+05   0.000000e+00   -8.608231e-01  2.502640e+01  
369       1.50416037149e+05   0.000000e+00   -8.503743e-01  2.502606e+01  
370       1.50417809618e+05   0.000000e+00   -8.401142e-01  2.502568e+01  
371       1.50420054832e+05   0.000000e+00   -8.300546e-01  2.502524e+01  
372       1.50422883937e+05   0.000000e+00   -8.201933e-01  2.502474e+01  
373       1.50426405194e+05   0.000000e+00   -8.105164e-01  2.502416e+01  
374       1.50430719393e+05   0.000000e+00   -8.010027e-01  2.502350e+01  
375       1.50435916160e+05   0.000000e+00   -7.916289e-01  2.502274e+01  
376       1.50442072100e+05   0.000000e+00   -7.823731e-01  2.502190e+01  
377       1.50449249855e+05   0.000000e+00   -7.732174e-01  2.502095e+01  
378       1.50457498032e+05   0.000000e+00   -7.641489e-01  2.501990e+01  
379       1.50466850856e+05   0.000000e+00   -7.551597e-01  2.501874e+01  
380       1.50477328444e+05   0.000000e+00   -7.462451e-01  2.501748e+01  
381       1.50488937100e+05   0.000000e+00   -7.374011e-01  2.501611e+01  
382       1.50501669253e+05   0.000000e+00   -7.286224e-01  2.501463e+01  
383       1.50515502030e+05   0.000000e+00   -7.199015e-01  2.501305e+01  
384       1.50530394618e+05   0.000000e+00   -7.112286e-01  2.501137e+01  
385       1.50546285262e+05   0.000000e+00   -7.025925e-01  2.500959e+01  
386       1.50563089360e+05   0.000000e+00   -6.939811e-01  2.500771e+01  
387       1.50580699130e+05   0.000000e+00   -6.853807e-01  2.500576e+01  
388       1.50598984909e+05   0.000000e+00   -6.767758e-01  2.500372e+01  
389       1.50617797376e+05   0.000000e+00   -6.681489e-01  2.500162e+01  
390       1.50636970836e+05   0.000000e+00   -6.594804e-01  2.499947e+01  
391       1.50656327863e+05   0.000000e+00   -6.507500e-01  2.499727e+01  
392       1.50675685540e+05   0.000000e+00   -6.419371e-01  2.499504e+01  
393       1.50694861478e+05   0.000000e+00   -6.330201e-01  2.499279e+01  
394       1.50713677657e+05   0.000000e+00   -6.239756e-01  2.499053e+01  
395       1.50731960877e+05   0.000000e+00   -6.147792e-01  2.498828e+01  
396       1.50749540761e+05   0.000000e+00   -6.054054e-01  2.498604e+01  
397       1.50766247149e+05   0.000000e+00   -5.958299e-01  2.498384e+01  
398       1.50781908930e+05   0.000000e+00   -5.860302e-01  2.498168e+01  
399       1.50796355395e+05   0.000000e+00   -5.759872e-01  2.497957e+01  
400       1.50809420064e+05   0.000000e+00   -5.656845e-01  2.497754e+01  
401       1.50820945409e+05   0.000000e+00   -5.551092e-01  2.497559e+01  
402       1.50830786707e+05   0.000000e+00   -5.442519e-01  2.497373e+01  
403       1.50838813611e+05   0.000000e+00   -5.331065e-01  2.497198e+01  
404       1.50844909500e+05   0.000000e+00   -5.216693e-01  2.497034e+01  
405       1.50848969664e+05   0.000000e+00   -5.099369e-01  2.496884e+01  
406       1.50850899983e+05   0.000000e+00   -4.979036e-01  2.496748e+01  
407       1.50850617320e+05   0.000000e+00   -4.855587e-01  2.496626e+01  
408       1.50848052310e+05   0.000000e+00   -4.728857e-01  2.496520e+01  
409       1.50843154022e+05   0.000000e+00   -4.598641e-01  2.496431e+01  
410       1.50835895426e+05   0.000000e+00   -4.464732e-01  2.496358e+01  
411       1.50826277414e+05   0.000000e+00   -4.326959e-01  2.496303e+01  
412       1.50814329945e+05   0.000000e+00   -4.185221e-01  2.496265e+01  
413       1.50800109403e+05   0.000000e+00   -4.039492e-01  2.496244e+01  
414       1.50783693442e+05   0.000000e+00   -3.889814e-01  2.496240e+01  
415       1.50765174766e+05   0.000000e+00   -3.736267e-01  2.496254e+01  
416       1.50744656617e+05   0.000000e+00   -3.578944e-01  2.496284e+01  
417       1.50722251323e+05   0.000000e+00   -3.417904e-01  2.496331e+01  
418       1.50698082062e+05   0.000000e+00   -3.253110e-01  2.496393e+01  
419       1.50672285208e+05   0.000000e+00   -3.084338e-01  2.496471e+01  
420       1.50645009824e+05   0.000000e+00   -2.911024e-01  2.496564e+01  
421       1.50616408397e+05   0.000000e+00   -2.732043e-01  2.496672e+01  
422       1.50586610336e+05   0.000000e+00   -2.545289e-01  2.496793e+01  
423       1.50555656113e+05   0.000000e+00   -2.346775e-01  2.496929e+01  
424       1.50523311738e+05   0.000000e+00   -2.128378e-01  2.497081e+01  
425       1.50488345672e+05   0.000000e+00   -1.870702e-01  2.497260e+01  
426       1.50444092941e+05   0.000000e+00   -1.506721e-01  2.497515e+01  
427       1.50335750202e+05   0.000000e+00   2.037684e-02   2.498260e+01  
428       1.50408984191e+05   0.000000e+00   3.066171e-02   2.497652e+01  
429       1.50216176177e+05   0.000000e+00   2.783259e-01   2.499051e+01  
430       1.50402776101e+05   0.000000e+00   1.911136e-01   2.497623e+01  
431       1.50192692720e+05   0.000000e+00   3.672353e-01   2.499234e+01  
432       1.50313199098e+05   0.000000e+00   4.439063e-01   2.498211e+01  
433       1.50119796587e+05   0.000000e+00   5.418422e-01   2.499762e+01  
434       1.49864184152e+05   0.000000e+00   1.690907e+00   2.501786e+01  
435       1.50086676420e+05   0.000000e+00   1.472776e+00   2.500024e+01  
436       1.50470669830e+05   0.000000e+00   1.300274e+00   2.496883e+01  
437       1.50322689720e+05   0.000000e+00   1.206079e+00   2.498134e+01  
438       1.50020351867e+05   0.000000e+00   1.229689e+00   2.500575e+01  
439       1.50101346656e+05   0.000000e+00   1.379907e+00   2.499795e+01  
440       1.49733930701e+05   0.000000e+00   2.757188e+00   2.501125e+01  
441       1.50545352470e+05   0.000000e+00   2.273907e+00   2.497877e+01  
442       1.49615461976e+05   0.000000e+00   2.201203e+00   2.502764e+01  
443       1.49919482171e+05   0.000000e+00   2.737721e+00   2.501463e+01  
444       1.49612725796e+05   0.000000e+00   3.072645e+00   2.503915e+01  
445       1.49742947035e+05   0.000000e+00   3.638219e+00   2.503326e+01  
446       1.49688981963e+05   0.000000e+00   4.477522e+00   2.502358e+01  
447       1.50287920388e+05   0.000000e+00   4.135552e+00   2.500346e+01  
448       1.49946284510e+05   0.000000e+00   3.445340e+00   2.501511e+01  
449       1.50054877868e+05   0.000000e+00   3.284461e+00   2.501626e+01  
450       1.49802580823e+05   0.000000e+00   3.552099e+00   2.502465e+01  
451       1.50136943428e+05   0.000000e+00   3.552388e+00   2.501892e+01  
452       1.49706707014e+05   0.000000e+00   4.060394e+00   2.503475e+01  
453       1.50157125570e+05   0.000000e+00   4.092959e+00   2.501743e+01  
454       1.49735331697e+05   0.000000e+00   3.455347e+00   2.504108e+01  
455       1.50248010623e+05   0.000000e+00   3.504671e+00   2.502284e+01  
456       1.49790950327e+05   0.000000e+00   3.498746e+00   2.504396e+01  
457       1.50261327051e+05   0.000000e+00   3.563288e+00   2.502963e+01  
458       1.49860218288e+05   0.000000e+00   3.563862e+00   2.504671e+01  
459       1.50283381174e+05   0.000000e+00   3.633084e+00   2.503608e+01  
460       1.49946427653e+05   0.000000e+00   3.637190e+00   2.504943e+01  
461       1.50314980828e+05   0.000000e+00   3.709089e+00   2.504282e+01  
462       1.50030224641e+05   0.000000e+00   3.735752e+00   2.505350e+01  
463       1.50307445504e+05   0.000000e+00   3.861123e+00   2.505316e+01  
464       1.50196548268e+05   0.000000e+00   4.039985e+00   2.505345e+01  
465       1.50408001379e+05   0.000000e+00   4.049728e+00   2.505744e+01  
466       1.50156284880e+05   0.000000e+00   4.106218e+00   2.506795e+01  
467       1.50526029721e+05   0.000000e+00   4.187944e+00   2.506130e+01  
468       1.50334950864e+05   0.000000e+00   4.150973e+00   2.506882e+01  
469       1.50757689449e+05   0.000000e+00   4.118444e+00   2.505804e+01  
470       1.50581063000e+05   0.000000e+00   4.101319e+00   2.506545e+01  
471       1.50930778286e+05   0.000000e+00   4.111480e+00   2.505870e+01  
472       1.50735202293e+05   0.000000e+00   4.095968e+00   2.506802e+01  
473       1.51066410711e+05   0.000000e+00   4.096221e+00   2.506163e+01  
474       1.50889766086e+05   0.000000e+00   4.081706e+00   2.507001e+01  
475       1.51239595195e+05   0.000000e+00   4.081801e+00   2.506179e+01  
476       1.51028043514e+05   0.000000e+00   4.084230e+00   2.507292e+01  
477       1.51279405990e+05   0.000000e+00   4.122015e+00   2.507085e+01  
478       1.51101655866e+05   0.000000e+00   4.126920e+00   2.507986e+01  
479       1.51502695784e+05   0.000000e+00   4.124084e+00   2.506635e+01  
480       1.51318476777e+05   0.000000e+00   4.158178e+00   2.507230e+01  
481       1.51558071608e+05   0.000000e+00   4.400090e+00   2.506854e+01  
482       1.51400693602e+05   0.000000e+00   4.712534e+00   2.507888e+01  
483       1.51627214458e+05   0.000000e+00   4.725124e+00   2.506973e+01  
484       1.51541740133e+05   0.000000e+00   4.595093e+00   2.507317e+01  
485       1.51855314209e+05   0.000000e+00   4.378765e+00   2.506818e+01  
486       1.51668491903e+05   0.000000e+00   4.379000e+00   2.507899e+01  
487       1.52041714976e+05   0.000000e+00   4.412029e+00   2.506614e+01  
488       1.51782324505e+05   0.000000e+00   5.157406e+00   2.506924e+01  
489       1.51895033911e+05   0.000000e+00   5.037826e+00   2.507252e+01  
490       1.52046847226e+05   0.000000e+00   4.695047e+00   2.507182e+01  
491       1.52077489824e+05   0.000000e+00   4.656036e+00   2.506592e+01  
492       1.52056820929e+05   0.000000e+00   4.672611e+00   2.506760e+01  
493       1.52129544223e+05   0.000000e+00   4.707337e+00   2.506874e+01  
494       1.52184660682e+05   0.000000e+00   4.717710e+00   2.506284e+01  
495       1.52139299721e+05   0.000000e+00   4.706674e+00   2.506376e+01  
496       1.52123873889e+05   0.000000e+00   4.741543e+00   2.506643e+01  
497       1.52207599745e+05   0.000000e+00   4.744361e+00   2.506505e+01  
498       1.52070199561e+05   0.000000e+00   4.716278e+00   2.506624e+01  
499       1.52325344123e+05   0.000000e+00   4.727487e+00   2.505750e+01  
500       1.52237249829e+05   0.000000e+00   4.727835e+00   2.506008e+01  
501       1.52196642474e+05   0.000000e+00   4.721601e+00   2.506309e+01  
502       1.52312565203e+05   0.000000e+00   4.729392e+00   2.505791e+01  
503       1.52303048333e+05   0.000000e+00   4.726014e+00   2.505780e+01  
504       1.52245856519e+05   0.000000e+00   4.731129e+00   2.506120e+01  
505       1.52372562622e+05   0.000000e+00   4.757126e+00   2.505702e+01  
506       1.52333831917e+05   0.000000e+00   4.741304e+00   2.505620e+01  
507       1.52404498822e+05   0.000000e+00   4.768759e+00   2.505543e+01  
508       1.52482906682e+05   0.000000e+00   4.748698e+00   2.505100e+01  
509       1.52441305016e+05   0.000000e+00   4.761322e+00   2.505294e+01  
510       1.52554620784e+05   0.000000e+00   4.774922e+00   2.504980e+01  
511       1.52518594141e+05   0.000000e+00   4.769866e+00   2.505060e+01  
512       1.52611528522e+05   0.000000e+00   4.786686e+00   2.504882e+01  
513       1.52485119147e+05   0.000000e+00   4.792223e+00   2.505516e+01  
514       1.52634171374e+05   0.000000e+00   4.774707e+00   2.504998e+01  
515       1.52629434397e+05   0.000000e+00   4.791452e+00   2.505111e+01  
516       1.52523884139e+05   0.000000e+00   4.780305e+00   2.506066e+01  
517       1.52553288978e+05   0.000000e+00   4.831305e+00   2.506229e+01  
518       1.52452020204e+05   0.000000e+00   4.791851e+00   2.507317e+01  
519       1.52601011500e+05   0.000000e+00   4.807630e+00   2.506740e+01  
520       1.52693996202e+05   0.000000e+00   4.755356e+00   2.506533e+01  
521       1.52810490950e+05   0.000000e+00   4.745985e+00   2.505899e+01  
522       1.52959251396e+05   0.000000e+00   4.722211e+00   2.505490e+01  
523       1.52663264461e+05   0.000000e+00   4.762501e+00   2.506817e+01  
524       1.52670584779e+05   0.000000e+00   4.797865e+00   2.507272e+01  
525       1.52412875215e+05   0.000000e+00   4.807683e+00   2.508142e+01  
526       1.52716972085e+05   0.000000e+00   4.798695e+00   2.506948e+01  
527       1.52670956311e+05   0.000000e+00   4.751804e+00   2.507249e+01  
528       1.52577937354e+05   0.000000e+00   4.777632e+00   2.508814e+01  
529       1.52340237881e+05   0.000000e+00   4.804950e+00   2.510043e+01  
530       1.52321238238e+05   0.000000e+00   4.831117e+00   2.510166e+01  
531       1.52542399226e+05   0.000000e+00   4.843205e+00   2.509079e+01  
532       1.52321441393e+05   0.000000e+00   4.815927e+00   2.510842e+01  
533       1.52213988441e+05   0.000000e+00   4.874312e+00   2.511425e+01  
534       1.52151117007e+05   0.000000e+00   4.859129e+00   2.511855e+01  
535       1.52145233313e+05   0.000000e+00   4.922475e+00   2.512215e+01  
536       1.52071599192e+05   0.000000e+00   4.870594e+00   2.513136e+01  
537       1.52032110874e+05   0.000000e+00   4.916319e+00   2.513098e+01  
538       1.52097537569e+05   0.000000e+00   4.908754e+00   2.513583e+01  
539       1.51994006854e+05   0.000000e+00   4.929825e+00   2.514278e+01  
540       1.51914107325e+05   0.000000e+00   4.916999e+00   2.514851e+01  
541       1.51854963912e+05   0.000000e+00   4.958380e+00   2.515211e+01  
542       1.51937237229e+05   0.000000e+00   4.962714e+00   2.516259e+01  
543       1.51774129482e+05   0.000000e+00   4.958900e+00   2.516246e+01  
544       1.51824668146e+05   0.000000e+00   4.955880e+00   2.516640e+01  
545       1.51736336963e+05   0.000000e+00   4.997616e+00   2.517673e+01  
546       1.51630250625e+05   0.000000e+00   5.021407e+00   2.518596e+01  
547       1.51534671909e+05   0.000000e+00   5.016076e+00   2.519000e+01  
548       1.51602905960e+05   0.000000e+00   5.060227e+00   2.519586e+01  
549       1.51390670483e+05   0.000000e+00   5.119617e+00   2.520859e+01  
550       1.51441083575e+05   0.000000e+00   5.206596e+00   2.520600e+01  
551       1.51147520281e+05   0.000000e+00   5.813976e+00   2.521842e+01  
552       1.51335682732e+05   0.000000e+00   5.619895e+00   2.522911e+01  
553       1.50786637762e+05   0.000000e+00   5.753048e+00   2.523256e+01  
554       1.51262332549e+05   0.000000e+00   6.135389e+00   2.523109e+01  
555       1.50866751134e+05   0.000000e+00   5.977802e+00   2.524487e+01  
556       1.51481695228e+05   0.000000e+00   5.676785e+00   2.523935e+01  
557       1.50805910810e+05   0.000000e+00   5.725998e+00   2.525006e+01  
558       1.50940485728e+05   0.000000e+00   5.933543e+00   2.524996e+01  
559       1.50888001427e+05   0.000000e+00   5.783870e+00   2.525909e+01  
560       1.51136450978e+05   0.000000e+00   5.753571e+00   2.525828e+01  
561       1.50863379585e+05   0.000000e+00   5.801033e+00   2.527505e+01  
562       1.50915875849e+05   0.000000e+00   5.854598e+00   2.527550e+01  
563       1.51044664926e+05   0.000000e+00   5.961955e+00   2.527981e+01  
564       1.50882465068e+05   0.000000e+00   5.909738e+00   2.528297e+01  
565       1.50782461996e+05   0.000000e+00   6.056942e+00   2.528252e+01  
566       1.50778672817e+05   0.000000e+00   6.136912e+00   2.530150e+01  
567       1.50780855830e+05   0.000000e+00   6.098390e+00   2.529778e+01  
568       1.50731454447e+05   0.000000e+00   6.110253e+00   2.531438e+01  
569       1.50804312118e+05   0.000000e+00   6.082184e+00   2.530270e+01  
570       1.50717880640e+05   0.000000e+00   6.123472e+00   2.532171e+01  
571       1.50736549868e+05   0.000000e+00   6.141830e+00   2.531336e+01  
572       1.50621293238e+05   0.000000e+00   6.170201e+00   2.533192e+01  
573       1.50695185397e+05   0.000000e+00   6.170993e+00   2.532034e+01  
574       1.50525932306e+05   0.000000e+00   6.209973e+00   2.534242e+01  
575       1.50640219806e+05   0.000000e+00   6.227595e+00   2.533166e+01  
576       1.50592786750e+05   0.000000e+00   6.247725e+00   2.534966e+01  
577       1.50616355116e+05   0.000000e+00   6.212126e+00   2.533703e+01  
578       1.50658033939e+05   0.000000e+00   6.251099e+00   2.534861e+01  
579       1.50464580205e+05   0.000000e+00   6.252752e+00   2.534755e+01  
580       1.50727705877e+05   0.000000e+00   6.303216e+00   2.535721e+01  
581       1.50435960915e+05   0.000000e+00   6.290985e+00   2.535358e+01  
582       1.50613331682e+05   0.000000e+00   6.328625e+00   2.536554e+01  
583       1.50383731384e+05   0.000000e+00   6.367267e+00   2.536250e+01  
584       1.50750326992e+05   0.000000e+00   6.377651e+00   2.536699e+01  
585       1.50319034290e+05   0.000000e+00   6.460760e+00   2.536959e+01  
586       1.50674336283e+05   0.000000e+00   6.570774e+00   2.537490e+01  
587       1.50281018391e+05   0.000000e+00   6.607676e+00   2.538075e+01  
588       1.50784605049e+05   0.000000e+00   6.636742e+00   2.537750e+01  
589       1.50249442416e+05   0.000000e+00   6.534691e+00   2.538329e+01  
590       1.50784185585e+05   0.000000e+00   6.567545e+00   2.538587e+01  
591       1.50314685766e+05   0.000000e+00   6.558338e+00   2.539019e+01  
592       1.50765218769e+05   0.000000e+00   6.555120e+00   2.538780e+01  
593       1.50434295418e+05   0.000000e+00   6.578260e+00   2.538857e+01  
594       1.50833238873e+05   0.000000e+00   6.553825e+00   2.539475e+01  
595       1.50636692547e+05   0.000000e+00   6.554700e+00   2.538110e+01  
596       1.50782638527e+05   0.000000e+00   6.530943e+00   2.539315e+01  
597       1.50818852044e+05   0.000000e+00   6.565884e+00   2.537809e+01  
598       1.50837078716e+05   0.000000e+00   6.519665e+00   2.539279e+01  
599       1.50890343685e+05   0.000000e+00   6.542928e+00   2.537441e+01  
600       1.50988834576e+05   0.000000e+00   6.552365e+00   2.538740e+01  
601       1.50676745620e+05   0.000000e+00   6.596197e+00   2.538814e+01  
602       1.50876841840e+05   0.000000e+00   6.588786e+00   2.539892e+01  
603       1.50799459877e+05   0.000000e+00   6.581072e+00   2.538555e+01  
604       1.51068599311e+05   0.000000e+00   6.568842e+00   2.539173e+01  
605       1.51111225094e+05   0.000000e+00   6.564436e+00   2.537104e+01  
606       1.51195159242e+05   0.000000e+00   6.570686e+00   2.538760e+01  
607       1.51220905768e+05   0.000000e+00   6.598534e+00   2.536369e+01  
608       1.50999871426e+05   0.000000e+00   6.613628e+00   2.539703e+01  
609       1.51346511269e+05   0.000000e+00   6.647069e+00   2.535243e+01  
610       1.51070214629e+05   0.000000e+00   6.615692e+00   2.539300e+01  
611       1.51550680030e+05   0.000000e+00   6.642624e+00   2.533802e+01  
612       1.51173572476e+05   0.000000e+00   6.612633e+00   2.539001e+01  
613       1.51618450324e+05   0.000000e+00   6.676479e+00   2.534530e+01  
614       1.51043540337e+05   0.000000e+00   6.686140e+00   2.539622e+01  
615       1.51646662312e+05   0.000000e+00   6.940753e+00   2.533924e+01  
616       1.51430226575e+05   0.000000e+00   7.307474e+00   2.538680e+01  
617       1.51653438776e+05   0.000000e+00   6.759289e+00   2.533844e+01  
618       1.51230076008e+05   0.000000e+00   6.787486e+00   2.540087e+01  
619       1.51609640655e+05   0.000000e+00   6.746098e+00   2.534353e+01  
620       1.51198514891e+05   0.000000e+00   6.773607e+00   2.540073e+01  
621       1.51899545312e+05   0.000000e+00   6.715034e+00   2.533597e+01  
622       1.51148230833e+05   0.000000e+00   6.742887e+00   2.540694e+01  
623       1.51777945946e+05   0.000000e+00   6.715670e+00   2.534612e+01  
624       1.51138644389e+05   0.000000e+00   6.725071e+00   2.540983e+01  
625       1.51882787531e+05   0.000000e+00   6.668786e+00   2.534100e+01  
626       1.51172495100e+05   0.000000e+00   6.699829e+00   2.541841e+01  
627       1.51847060744e+05   0.000000e+00   6.647525e+00   2.534304e+01  
628       1.51181716508e+05   0.000000e+00   6.699949e+00   2.542190e+01  
629       1.51813708181e+05   0.000000e+00   6.645625e+00   2.535092e+01  
630       1.51132404281e+05   0.000000e+00   6.685224e+00   2.542678e+01  
631       1.51897116921e+05   0.000000e+00   6.638284e+00   2.535635e+01  
632       1.51204121318e+05   0.000000e+00   6.645336e+00   2.542792e+01  
633       1.51980237743e+05   0.000000e+00   6.588736e+00   2.536161e+01  
634       1.51198726639e+05   0.000000e+00   6.609862e+00   2.542668e+01  
635       1.52060428893e+05   0.000000e+00   6.577174e+00   2.535635e+01  
636       1.51091741164e+05   0.000000e+00   6.652943e+00   2.543312e+01  
637       1.51783429219e+05   0.000000e+00   6.608731e+00   2.536931e+01  
638       1.51238078874e+05   0.000000e+00   6.637483e+00   2.543256e+01  
639       1.51933360559e+05   0.000000e+00   6.584848e+00   2.536648e+01  
640       1.51203549961e+05   0.000000e+00   6.645601e+00   2.543213e+01  
641       1.51796151799e+05   0.000000e+00   6.620333e+00   2.536229e+01  
642       1.51177715167e+05   0.000000e+00   6.714088e+00   2.543404e+01  
643       1.51899857070e+05   0.000000e+00   6.593627e+00   2.536253e+01  
644       1.51285976671e+05   0.000000e+00   6.658908e+00   2.543345e+01  
645       1.52055201069e+05   0.000000e+00   6.572287e+00   2.535701e+01  
646       1.51218533394e+05   0.000000e+00   6.695014e+00   2.543692e+01  
647       1.51934892420e+05   0.000000e+00   6.620046e+00   2.535659e+01  
648       1.51265947019e+05   0.000000e+00   6.695695e+00   2.542254e+01  
649       1.52002988433e+05   0.000000e+00   6.630493e+00   2.535215e+01  
650       1.51267610013e+05   0.000000e+00   6.675306e+00   2.542137e+01  
651       1.52019970656e+05   0.000000e+00   6.629141e+00   2.535055e+01  
652       1.51317745616e+05   0.000000e+00   6.672196e+00   2.542065e+01  
653       1.52023539774e+05   0.000000e+00   6.625607e+00   2.535038e+01  
654       1.51365578813e+05   0.000000e+00   6.662903e+00   2.541387e+01  
655       1.52028982078e+05   0.000000e+00   6.616320e+00   2.534380e+01  
656       1.51304770102e+05   0.000000e+00   6.661941e+00   2.541277e+01  
657       1.51980687388e+05   0.000000e+00   6.627832e+00   2.534028e+01  
658       1.51415123835e+05   0.000000e+00   6.682150e+00   2.540594e+01  
659       1.51915639024e+05   0.000000e+00   6.655024e+00   2.534097e+01  
660       1.51287678633e+05   0.000000e+00   6.682331e+00   2.540707e+01  
661       1.52036231105e+05   0.000000e+00   6.640295e+00   2.533793e+01  
662       1.51309571151e+05   0.000000e+00   6.672946e+00   2.540186e+01  
663       1.52068314505e+05   0.000000e+00   6.621470e+00   2.532665e+01  
664       1.51302257687e+05   0.000000e+00   6.690620e+00   2.540007e+01  
665       1.52044242388e+05   0.000000e+00   6.647698e+00   2.533608e+01  
666       1.51351993537e+05   0.000000e+00   6.683418e+00   2.539041e+01  
667       1.52155126852e+05   0.000000e+00   6.587600e+00   2.532252e+01  
668       1.51425575896e+05   0.000000e+00   6.681607e+00   2.538999e+01  
669       1.52157843664e+05   0.000000e+00   6.608541e+00   2.532015e+01  
670       1.51447707855e+05   0.000000e+00   6.687052e+00   2.538370e+01  
671       1.52155852432e+05   0.000000e+00   6.623063e+00   2.532540e+01  
672       1.51401728663e+05   0.000000e+00   6.701698e+00   2.537810e+01  
673       1.52237887627e+05   0.000000e+00   6.625671e+00   2.531963e+01  
674       1.51359465749e+05   0.000000e+00   6.697979e+00   2.538605e+01  
675       1.52055243784e+05   0.000000e+00   6.671177e+00   2.532389e+01  
676       1.51248513527e+05   0.000000e+00   6.743899e+00   2.539099e+01  
677       1.52035165908e+05   0.000000e+00   6.686974e+00   2.533055e+01  
678       1.51357530058e+05   0.000000e+00   6.716949e+00   2.538263e+01  
679       1.51957293119e+05   0.000000e+00   6.691328e+00   2.533206e+01  
680       1.51372889194e+05   0.000000e+00   6.717647e+00   2.537967e+01  
681       1.52040542201e+05   0.000000e+00   6.664726e+00   2.532364e+01  
682       1.51402776965e+05   0.000000e+00   6.721435e+00   2.537414e+01  
683       1.51994517065e+05   0.000000e+00   6.689715e+00   2.532121e+01  
684       1.51357066269e+05   0.000000e+00   6.755426e+00   2.538056e+01  
685       1.51901126751e+05   0.000000e+00   6.728745e+00   2.532290e+01  
686       1.51131715288e+05   0.000000e+00   6.784499e+00   2.538611e+01  
687       1.51866953365e+05   0.000000e+00   6.796916e+00   2.533139e+01  
688       1.51117057268e+05   0.000000e+00   6.793145e+00   2.538566e+01  
689       1.52067670142e+05   0.000000e+00   6.765764e+00   2.532549e+01  
690       1.51151963325e+05   0.000000e+00   6.796984e+00   2.538377e+01  
691       1.51943449475e+05   0.000000e+00   6.790384e+00   2.534061e+01  
692       1.51134458055e+05   0.000000e+00   6.815542e+00   2.538689e+01  
693       1.51800959044e+05   0.000000e+00   6.793425e+00   2.534188e+01  
694       1.51184413163e+05   0.000000e+00   6.848479e+00   2.538659e+01  
695       1.51707785254e+05   0.000000e+00   6.788280e+00   2.534996e+01  
696       1.51119105092e+05   0.000000e+00   6.840879e+00   2.538696e+01  
697       1.51735996048e+05   0.000000e+00   6.792901e+00   2.535593e+01  
698       1.51065222654e+05   0.000000e+00   6.822367e+00   2.539604e+01  
699       1.51736511149e+05   0.000000e+00   6.783865e+00   2.535754e+01  
700       1.51096417413e+05   0.000000e+00   6.805239e+00   2.539323e+01  
701       1.51842286115e+05   0.000000e+00   6.763055e+00   2.535653e+01  
702       1.51135193072e+05   0.000000e+00   6.785938e+00   2.539833e+01  
703       1.51640726003e+05   0.000000e+00   6.794225e+00   2.536580e+01  
704       1.51071624011e+05   0.000000e+00   6.838155e+00   2.540566e+01  
705       1.51597519096e+05   0.000000e+00   6.801223e+00   2.536998e+01  
706       1.51197517988e+05   0.000000e+00   6.801103e+00   2.540398e+01  
707       1.51530522974e+05   0.000000e+00   6.818942e+00   2.537886e+01  
708       1.50997100365e+05   0.000000e+00   6.801585e+00   2.541202e+01  
709       1.51448932562e+05   0.000000e+00   6.814643e+00   2.538531e+01  
710       1.51072135277e+05   0.000000e+00   6.806497e+00   2.541025e+01  
711       1.51347146607e+05   0.000000e+00   6.818908e+00   2.539316e+01  
712       1.50877353013e+05   0.000000e+00   6.835069e+00   2.541677e+01  
713       1.51239716883e+05   0.000000e+00   6.844774e+00   2.540175e+01  
714       1.50910974520e+05   0.000000e+00   6.851863e+00   2.541441e+01  
715       1.51144801900e+05   0.000000e+00   6.847303e+00   2.541078e+01  
716       1.50969575208e+05   0.000000e+00   6.832640e+00   2.541936e+01  
717       1.51110276118e+05   0.000000e+00   6.858626e+00   2.541798e+01  
718       1.50954008669e+05   0.000000e+00   6.840358e+00   2.541661e+01  
719       1.51063686574e+05   0.000000e+00   6.847708e+00   2.542406e+01  
720       1.50829099995e+05   0.000000e+00   6.862206e+00   2.542707e+01  
721       1.51018286270e+05   0.000000e+00   6.859929e+00   2.543225e+01  
722       1.50842197811e+05   0.000000e+00   6.858855e+00   2.543022e+01  
723       1.50958607749e+05   0.000000e+00   6.873129e+00   2.544092e+01  
724       1.50681873978e+05   0.000000e+00   6.903548e+00   2.543569e+01  
725       1.50818620151e+05   0.000000e+00   6.938522e+00   2.544229e+01  
726       1.50584152824e+05   0.000000e+00   6.902683e+00   2.544087e+01  
727       1.50827112552e+05   0.000000e+00   6.931128e+00   2.544924e+01  
728       1.50664481486e+05   0.000000e+00   6.867908e+00   2.544490e+01  
729       1.51067013560e+05   0.000000e+00   6.908479e+00   2.544501e+01  
730       1.50479365015e+05   0.000000e+00   6.912272e+00   2.545154e+01  
731       1.50882098620e+05   0.000000e+00   6.952350e+00   2.544968e+01  
732       1.50577473168e+05   0.000000e+00   6.947432e+00   2.544598e+01  
733       1.50876638710e+05   0.000000e+00   6.945603e+00   2.544863e+01  
734       1.50504566296e+05   0.000000e+00   6.949465e+00   2.544743e+01  
735       1.50796026961e+05   0.000000e+00   6.979164e+00   2.545240e+01  
736       1.50467851258e+05   0.000000e+00   6.995854e+00   2.545529e+01  
737       1.50844033510e+05   0.000000e+00   6.965455e+00   2.545517e+01  
738       1.50443037709e+05   0.000000e+00   6.979008e+00   2.545366e+01  
739       1.50902933062e+05   0.000000e+00   6.985666e+00   2.545352e+01  
740       1.50364825524e+05   0.000000e+00   7.003586e+00   2.545850e+01  
741       1.50879363571e+05   0.000000e+00   6.997518e+00   2.545550e+01  
742       1.50461836709e+05   0.000000e+00   7.002313e+00   2.545474e+01  
743       1.50951057109e+05   0.000000e+00   7.017916e+00   2.545954e+01  
744       1.50271303235e+05   0.000000e+00   7.097674e+00   2.546825e+01  
745       1.50861510139e+05   0.000000e+00   7.135666e+00   2.546481e+01  
746       1.50428617351e+05   0.000000e+00   7.276209e+00   2.546192e+01  
747       1.50777745538e+05   0.000000e+00   7.200787e+00   2.547804e+01  
748       1.50364577866e+05   0.000000e+00   7.337833e+00   2.546400e+01  
749       1.50815710296e+05   0.000000e+00   7.151145e+00   2.548064e+01  
750       1.50366437726e+05   0.000000e+00   7.148516e+00   2.547272e+01  
751       1.50980310455e+05   0.000000e+00   7.124072e+00   2.547324e+01  
752       1.50348620049e+05   0.000000e+00   7.143283e+00   2.547078e+01  
753       1.51070861746e+05   0.000000e+00   7.137774e+00   2.547212e+01  
754       1.50267187707e+05   0.000000e+00   7.158673e+00   2.547893e+01  
755       1.51202625447e+05   0.000000e+00   7.122109e+00   2.546931e+01  
756       1.50328311003e+05   0.000000e+00   7.140346e+00   2.547243e+01  
757       1.51092158445e+05   0.000000e+00   7.112474e+00   2.547427e+01  
758       1.50335483348e+05   0.000000e+00   7.189775e+00   2.547445e+01  
759       1.51041669494e+05   0.000000e+00   7.131714e+00   2.548019e+01  
760       1.50173535954e+05   0.000000e+00   7.236927e+00   2.548261e+01  
761       1.51003956462e+05   0.000000e+00   7.130352e+00   2.548726e+01  
762       1.50147031852e+05   0.000000e+00   7.283755e+00   2.549118e+01  
763       1.50970797660e+05   0.000000e+00   7.168463e+00   2.549361e+01  
764       1.50105354799e+05   0.000000e+00   7.240637e+00   2.548943e+01  
765       1.51166901491e+05   0.000000e+00   7.160399e+00   2.549372e+01  
766       1.50158086940e+05   0.000000e+00   7.220923e+00   2.548826e+01  
767       1.51308156870e+05   0.000000e+00   7.135809e+00   2.548933e+01  
768       1.50276447405e+05   0.000000e+00   7.183520e+00   2.548816e+01  
769       1.51248156730e+05   0.000000e+00   7.148146e+00   2.549584e+01  
770       1.50151516476e+05   0.000000e+00   7.233819e+00   2.548930e+01  
771       1.51245738989e+05   0.000000e+00   7.148900e+00   2.549843e+01  
772       1.50208839563e+05   0.000000e+00   7.230092e+00   2.549162e+01  
773       1.51311079240e+05   0.000000e+00   7.151684e+00   2.549619e+01  
774       1.50323707290e+05   0.000000e+00   7.202817e+00   2.549016e+01  
775       1.51493064147e+05   0.000000e+00   7.121463e+00   2.549549e+01  
776       1.50226586309e+05   0.000000e+00   7.215615e+00   2.549219e+01  
777       1.51576491363e+05   0.000000e+00   7.150650e+00   2.549585e+01  
778       1.50200867052e+05   0.000000e+00   7.219628e+00   2.549691e+01  
779       1.51741865714e+05   0.000000e+00   7.132327e+00   2.548283e+01  
780       1.50096109746e+05   0.000000e+00   7.239170e+00   2.550317e+01  
781       1.51731161084e+05   0.000000e+00   7.164823e+00   2.549308e+01  
782       1.50163799546e+05   0.000000e+00   7.244294e+00   2.550016e+01  
783       1.51771957437e+05   0.000000e+00   7.159282e+00   2.548669e+01  
784       1.50166260167e+05   0.000000e+00   7.254972e+00   2.550204e+01  
785       1.51966391660e+05   0.000000e+00   7.119314e+00   2.547877e+01  
786       1.50251371673e+05   0.000000e+00   7.217894e+00   2.549395e+01  
787       1.51980738219e+05   0.000000e+00   7.123015e+00   2.547965e+01  
788       1.50196127106e+05   0.000000e+00   7.285323e+00   2.549543e+01  
789       1.52038786284e+05   0.000000e+00   7.120416e+00   2.547776e+01  
790       1.50353635903e+05   0.000000e+00   7.256930e+00   2.548403e+01  
791       1.52164292350e+05   0.000000e+00   7.117835e+00   2.547319e+01  
792       1.50310879033e+05   0.000000e+00   7.279995e+00   2.548848e+01  
793       1.52121303160e+05   0.000000e+00   7.152155e+00   2.547020e+01  
794       1.50331077841e+05   0.000000e+00   7.311012e+00   2.548408e+01  
795       1.52302938687e+05   0.000000e+00   7.159496e+00   2.546234e+01  
796       1.50318448806e+05   0.000000e+00   7.282782e+00   2.548031e+01  
797       1.52321559367e+05   0.000000e+00   7.155940e+00   2.545744e+01  
798       1.50169226235e+05   0.000000e+00   7.326572e+00   2.548620e+01  
799       1.52489261432e+05   0.000000e+00   7.161804e+00   2.544755e+01  
800       1.50161228593e+05   0.000000e+00   7.328802e+00   2.548782e+01  
801       1.52480482070e+05   0.000000e+00   7.200582e+00   2.544306e+01  
802       1.50093947665e+05   0.000000e+00   7.328202e+00   2.548479e+01  
803       1.52610560371e+05   0.000000e+00   7.176753e+00   2.543076e+01  
804       1.50027782185e+05   0.000000e+00   7.329563e+00   2.548199e+01  
805       1.52744929462e+05   0.000000e+00   7.171141e+00   2.542793e+01  
806       1.49967492683e+05   0.000000e+00   7.319280e+00   2.548496e+01  
807       1.53028090865e+05   0.000000e+00   7.162995e+00   2.541217e+01  
808       1.49907306623e+05   0.000000e+00   7.353793e+00   2.548244e+01  
809       1.52964516373e+05   0.000000e+00   7.205642e+00   2.540655e+01  
810       1.49722486807e+05   0.000000e+00   7.422895e+00   2.548504e+01  
811       1.53073913807e+05   0.000000e+00   7.216706e+00   2.540061e+01  
812       1.49721118041e+05   0.000000e+00   7.406220e+00   2.548402e+01  
813       1.53288962239e+05   0.000000e+00   7.187061e+00   2.539599e+01  
814       1.49731451751e+05   0.000000e+00   7.432906e+00   2.548301e+01  
815       1.53310066103e+05   0.000000e+00   7.208680e+00   2.538851e+01  
816       1.49684056491e+05   0.000000e+00   7.429124e+00   2.548050e+01  
817       1.53473696244e+05   0.000000e+00   7.212787e+00   2.538127e+01  
818       1.49756201725e+05   0.000000e+00   7.422163e+00   2.547299e+01  
819       1.53536598881e+05   0.000000e+00   7.215524e+00   2.537333e+01  
820       1.49768714168e+05   0.000000e+00   7.419893e+00   2.547537e+01  
821       1.53605524831e+05   0.000000e+00   7.235240e+00   2.537323e+01  
822       1.49835461692e+05   0.000000e+00   7.420467e+00   2.546892e+01  
823       1.53644849126e+05   0.000000e+00   7.238046e+00   2.537017e+01  
824       1.49881500363e+05   0.000000e+00   7.431737e+00   2.545925e+01  
825       1.53655696420e+05   0.000000e+00   7.230286e+00   2.536437e+01  
826       1.50110886004e+05   0.000000e+00   7.450156e+00   2.545434e+01  
827       1.53610478430e+05   0.000000e+00   7.238068e+00   2.536728e+01  
828       1.50020871245e+05   0.000000e+00   7.498410e+00   2.545534e+01  
829       1.53638503491e+05   0.000000e+00   7.273210e+00   2.536447e+01  
830       1.50101016201e+05   0.000000e+00   7.497650e+00   2.545287e+01  
831       1.53720998113e+05   0.000000e+00   7.278097e+00   2.536084e+01  
832       1.50091899793e+05   0.000000e+00   7.526819e+00   2.545065e+01  
833       1.53807539011e+05   0.000000e+00   7.328837e+00   2.536159e+01  
834       1.50075153111e+05   0.000000e+00   7.567474e+00   2.545152e+01  
835       1.53742009074e+05   0.000000e+00   7.342727e+00   2.536701e+01  
836       1.50252595511e+05   0.000000e+00   7.589192e+00   2.544510e+01  
837       1.53709862432e+05   0.000000e+00   7.364669e+00   2.537286e+01  
838       1.50189195957e+05   0.000000e+00   7.604565e+00   2.545065e+01  
839       1.53835370608e+05   0.000000e+00   7.350994e+00   2.537273e+01  
840       1.50343713608e+05   0.000000e+00   7.579644e+00   2.544510e+01  
841       1.53813762721e+05   0.000000e+00   7.357398e+00   2.537496e+01  
842       1.50328950872e+05   0.000000e+00   7.580780e+00   2.543927e+01  
843       1.53827294039e+05   0.000000e+00   7.378556e+00   2.537977e+01  
844       1.50240428206e+05   0.000000e+00   7.592408e+00   2.545114e+01  
845       1.53678334323e+05   0.000000e+00   7.399320e+00   2.539191e+01  
846       1.50167525894e+05   0.000000e+00   7.612993e+00   2.545323e+01  
847       1.53511540859e+05   0.000000e+00   7.436957e+00   2.540735e+01  
848       1.50121607798e+05   0.000000e+00   7.633640e+00   2.546317e+01  
849       1.53393191898e+05   0.000000e+00   7.437774e+00   2.541232e+01  
850       1.50179566777e+05   0.000000e+00   7.616468e+00   2.546681e+01  
851       1.53426436527e+05   0.000000e+00   7.403643e+00   2.542138e+01  
852       1.50263211648e+05   0.000000e+00   7.597779e+00   2.547017e+01  
853       1.53352891382e+05   0.000000e+00   7.384695e+00   2.542939e+01  
854       1.50038061797e+05   0.000000e+00   7.642185e+00   2.548193e+01  
855       1.53239512571e+05   0.000000e+00   7.420037e+00   2.544205e+01  
856       1.49991235304e+05   0.000000e+00   7.666949e+00   2.548657e+01  
857       1.53110944709e+05   0.000000e+00   7.405109e+00   2.545466e+01  
858       1.50034334211e+05   0.000000e+00   7.630160e+00   2.548824e+01  
859       1.52981691718e+05   0.000000e+00   7.420949e+00   2.546587e+01  
860       1.49911843831e+05   0.000000e+00   7.649202e+00   2.549846e+01  
861       1.52749715787e+05   0.000000e+00   7.454750e+00   2.547794e+01  
862       1.49891944493e+05   0.000000e+00   7.670047e+00   2.550183e+01  
863       1.52638953974e+05   0.000000e+00   7.484794e+00   2.548658e+01  
864       1.49773375840e+05   0.000000e+00   7.684471e+00   2.550490e+01  
865       1.52498731123e+05   0.000000e+00   7.492422e+00   2.549903e+01  
866       1.49642937050e+05   0.000000e+00   7.725035e+00   2.551651e+01  
867       1.52305405341e+05   0.000000e+00   7.533367e+00   2.550536e+01  
868       1.49557451679e+05   0.000000e+00   7.723515e+00   2.551807e+01  
869       1.52299672592e+05   0.000000e+00   7.544855e+00   2.550587e+01  
870       1.49385385681e+05   0.000000e+00   7.757556e+00   2.552371e+01  
871       1.52134454704e+05   0.000000e+00   7.584955e+00   2.551429e+01  
872       1.49252356584e+05   0.000000e+00   7.777051e+00   2.553408e+01  
873       1.52002547547e+05   0.000000e+00   7.619288e+00   2.551755e+01  
874       1.49163100544e+05   0.000000e+00   7.780523e+00   2.553789e+01  
875       1.52081040889e+05   0.000000e+00   7.599594e+00   2.551717e+01  
876       1.48996503094e+05   0.000000e+00   7.820953e+00   2.554672e+01  
877       1.51926624226e+05   0.000000e+00   7.629937e+00   2.552164e+01  
878       1.48873485534e+05   0.000000e+00   7.862956e+00   2.555678e+01  
879       1.51875960999e+05   0.000000e+00   7.633480e+00   2.552503e+01  
880       1.48892413212e+05   0.000000e+00   7.821484e+00   2.554954e+01  
881       1.51724833518e+05   0.000000e+00   7.651613e+00   2.553813e+01  
882       1.48740697765e+05   0.000000e+00   7.841544e+00   2.556023e+01  
883       1.51653403566e+05   0.000000e+00   7.674880e+00   2.553761e+01  
884       1.48693235640e+05   0.000000e+00   7.870800e+00   2.556550e+01  
885       1.51479312981e+05   0.000000e+00   7.712442e+00   2.554761e+01  
886       1.48500297081e+05   0.000000e+00   7.901139e+00   2.556957e+01  
887       1.51305019727e+05   0.000000e+00   7.719380e+00   2.555145e+01  
888       1.48467068054e+05   0.000000e+00   7.897199e+00   2.557365e+01  
889       1.51239946989e+05   0.000000e+00   7.706902e+00   2.556029e+01  
890       1.48460661710e+05   0.000000e+00   7.866114e+00   2.557835e+01  
891       1.51080041833e+05   0.000000e+00   7.717974e+00   2.556780e+01  
892       1.48505668040e+05   0.000000e+00   7.881388e+00   2.557381e+01  
893       1.50975866642e+05   0.000000e+00   7.722330e+00   2.556143e+01  
894       1.48372716185e+05   0.000000e+00   7.895291e+00   2.557589e+01  
895       1.50752923420e+05   0.000000e+00   7.791032e+00   2.556820e+01  
896       1.48398263623e+05   0.000000e+00   7.885724e+00   2.558149e+01  
897       1.50788456858e+05   0.000000e+00   7.778667e+00   2.556467e+01  
898       1.48439101890e+05   0.000000e+00   7.888495e+00   2.557654e+01  
899       1.50589875942e+05   0.000000e+00   7.825945e+00   2.557161e+01  
900       1.48492742760e+05   0.000000e+00   7.909595e+00   2.556791e+01  
901       1.50524619122e+05   0.000000e+00   7.846955e+00   2.557033e+01  
902       1.48693815623e+05   0.000000e+00   7.923403e+00   2.556119e+01  
903       1.50437187691e+05   0.000000e+00   7.862574e+00   2.557179e+01  
904       1.48899135470e+05   0.000000e+00   7.959505e+00   2.554920e+01  
905       1.50249121716e+05   0.000000e+00   7.904107e+00   2.557715e+01  
906       1.49150583690e+05   0.000000e+00   7.974694e+00   2.553647e+01  
907       1.50276188625e+05   0.000000e+00   7.916890e+00   2.557447e+01  
908       1.49413125071e+05   0.000000e+00   7.971189e+00   2.552049e+01  
909       1.50339394620e+05   0.000000e+00   7.938801e+00   2.556279e+01  
910       1.49564075374e+05   0.000000e+00   8.003994e+00   2.551304e+01  
911       1.50429277611e+05   0.000000e+00   7.966804e+00   2.555886e+01  
912       1.49882992728e+05   0.000000e+00   8.019639e+00   2.549353e+01  
913       1.50403245951e+05   0.000000e+00   7.976604e+00   2.555340e+01  
914       1.50198347912e+05   0.000000e+00   8.014288e+00   2.547410e+01  
915       1.50495433124e+05   0.000000e+00   7.984661e+00   2.554375e+01  
916       1.50576526343e+05   0.000000e+00   7.985410e+00   2.545338e+01  
917       1.50542127748e+05   0.000000e+00   7.986183e+00   2.553423e+01  
918       1.50806880363e+05   0.000000e+00   8.017096e+00   2.543913e+01  
919       1.50568184517e+05   0.000000e+00   8.018250e+00   2.552737e+01  
920       1.51072173946e+05   0.000000e+00   7.993776e+00   2.542586e+01  
921       1.50676173270e+05   0.000000e+00   8.005222e+00   2.552293e+01  
922       1.51126227237e+05   0.000000e+00   8.004076e+00   2.542172e+01  
923       1.50789338255e+05   0.000000e+00   8.045299e+00   2.551872e+01  
924       1.51244307848e+05   0.000000e+00   8.007328e+00   2.542049e+01  
925       1.50934972164e+05   0.000000e+00   8.012001e+00   2.550391e+01  
926       1.51593777254e+05   0.000000e+00   7.982982e+00   2.540416e+01  
927       1.51051010965e+05   0.000000e+00   7.989520e+00   2.549880e+01  
928       1.51783554001e+05   0.000000e+00   7.966693e+00   2.539619e+01  
929       1.51045216005e+05   0.000000e+00   7.988852e+00   2.550034e+01  
930       1.52062456162e+05   0.000000e+00   7.989151e+00   2.538414e+01  
931       1.50977507447e+05   0.000000e+00   8.027777e+00   2.550116e+01  
932       1.52111147504e+05   0.000000e+00   8.018724e+00   2.537920e+01  
933       1.51074555684e+05   0.000000e+00   8.044213e+00   2.549844e+01  
934       1.52361820283e+05   0.000000e+00   7.991596e+00   2.537007e+01  
935       1.51069975697e+05   0.000000e+00   8.019082e+00   2.549695e+01  
936       1.52689054346e+05   0.000000e+00   7.961403e+00   2.535596e+01  
937       1.51121960100e+05   0.000000e+00   8.028362e+00   2.549611e+01  
938       1.52740762187e+05   0.000000e+00   7.979816e+00   2.535440e+01  
939       1.50956579284e+05   0.000000e+00   8.081013e+00   2.549592e+01  
940       1.52909386929e+05   0.000000e+00   7.995193e+00   2.534734e+01  
941       1.50982832701e+05   0.000000e+00   8.082419e+00   2.549673e+01  
942       1.53088017487e+05   0.000000e+00   7.987460e+00   2.534322e+01  
943       1.50867432214e+05   0.000000e+00   8.082291e+00   2.549750e+01  
944       1.53254610915e+05   0.000000e+00   8.003745e+00   2.533983e+01  
945       1.50721758733e+05   0.000000e+00   8.102809e+00   2.550596e+01  
946       1.53379242018e+05   0.000000e+00   7.996500e+00   2.533105e+01  
947       1.50678750684e+05   0.000000e+00   8.102342e+00   2.550808e+01  
948       1.53531419600e+05   0.000000e+00   7.964746e+00   2.532801e+01  
949       1.50670576303e+05   0.000000e+00   8.119307e+00   2.550618e+01  
950       1.53495626059e+05   0.000000e+00   7.982893e+00   2.533484e+01  
951       1.50602776983e+05   0.000000e+00   8.124270e+00   2.551031e+01  
952       1.53549280899e+05   0.000000e+00   7.974177e+00   2.533345e+01  
953       1.50578535406e+05   0.000000e+00   8.138892e+00   2.550525e+01  
954       1.53505931904e+05   0.000000e+00   7.992740e+00   2.533610e+01  
955       1.50509678977e+05   0.000000e+00   8.162186e+00   2.551097e+01  
956       1.53527125513e+05   0.000000e+00   8.006096e+00   2.533429e+01  
957       1.50387134037e+05   0.000000e+00   8.188768e+00   2.551697e+01  
958       1.53474463429e+05   0.000000e+00   8.035896e+00   2.533110e+01  
959       1.50317913044e+05   0.000000e+00   8.206112e+00   2.551784e+01  
960       1.53500808094e+05   0.000000e+00   8.065284e+00   2.532947e+01  
961       1.50108675642e+05   0.000000e+00   8.261637e+00   2.552642e+01  
962       1.53430933839e+05   0.000000e+00   8.097364e+00   2.533261e+01  
963       1.49988656479e+05   0.000000e+00   8.285940e+00   2.553115e+01  
964       1.53281406991e+05   0.000000e+00   8.104418e+00   2.533952e+01  
965       1.49988480186e+05   0.000000e+00   8.278407e+00   2.553373e+01  
966       1.53160933031e+05   0.000000e+00   8.128975e+00   2.535091e+01  
967       1.49836734933e+05   0.000000e+00   8.353338e+00   2.554660e+01  
968       1.53028629494e+05   0.000000e+00   8.178231e+00   2.536090e+01  
969       1.49817964396e+05   0.000000e+00   8.341494e+00   2.554531e+01  
970       1.52915633753e+05   0.000000e+00   8.206510e+00   2.536663e+01  
971       1.49620408072e+05   0.000000e+00   8.374552e+00   2.555255e+01  
972       1.52846972202e+05   0.000000e+00   8.233906e+00   2.537216e+01  
973       1.49578087189e+05   0.000000e+00   8.381032e+00   2.556206e+01  
974       1.52862671827e+05   0.000000e+00   8.204557e+00   2.537631e+01  
975       1.49485749361e+05   0.000000e+00   8.390716e+00   2.557467e+01  
976       1.52852091008e+05   0.000000e+00   8.200594e+00   2.537943e+01  
977       1.49388643760e+05   0.000000e+00   8.402297e+00   2.557345e+01  
978       1.52772686809e+05   0.000000e+00   8.224399e+00   2.538057e+01  
979       1.49265139584e+05   0.000000e+00   8.421063e+00   2.558672e+01  
980       1.52705736048e+05   0.000000e+00   8.235544e+00   2.538623e+01  
981       1.49249636652e+05   0.000000e+00   8.389094e+00   2.559040e+01  
982       1.52773541340e+05   0.000000e+00   8.231709e+00   2.539316e+01  
983       1.49052105673e+05   0.000000e+00   8.421722e+00   2.559746e+01  
984       1.52620026153e+05   0.000000e+00   8.260045e+00   2.540028e+01  
985       1.48936022052e+05   0.000000e+00   8.451629e+00   2.560355e+01  
986       1.52582217741e+05   0.000000e+00   8.237523e+00   2.540531e+01  
987       1.48877377226e+05   0.000000e+00   8.451819e+00   2.560573e+01  
988       1.52303230084e+05   0.000000e+00   8.269985e+00   2.542079e+01  
989       1.48792251934e+05   0.000000e+00   8.473146e+00   2.561405e+01  
990       1.52228146848e+05   0.000000e+00   8.274079e+00   2.542724e+01  
991       1.48698564426e+05   0.000000e+00   8.479797e+00   2.561521e+01  
992       1.52097903763e+05   0.000000e+00   8.289664e+00   2.543698e+01  
993       1.48644184792e+05   0.000000e+00   8.492047e+00   2.561719e+01  
994       1.51986282157e+05   0.000000e+00   8.305342e+00   2.544376e+01  
995       1.48516269470e+05   0.000000e+00   8.518956e+00   2.562733e+01  
996       1.51929002857e+05   0.000000e+00   8.313750e+00   2.545189e+01  
997       1.48534003472e+05   0.000000e+00   8.506866e+00   2.562933e+01  
998       1.51851680230e+05   0.000000e+00   8.298784e+00   2.545192e+01  
999       1.48585946170e+05   0.000000e+00   8.495601e+00   2.563045e+01  
1000      1.51880838560e+05   0.000000e+00   8.285148e+00   2.545539e+01  
1001      1.48658338222e+05   0.000000e+00   8.472139e+00   2.562673e+01  
1002      1.51962168647e+05   0.000000e+00   8.287898e+00   2.544797e+01  
1003      1.48557408411e+05   0.000000e+00   8.494203e+00   2.563516e+01  
1004      1.52049457858e+05   0.000000e+00   8.274805e+00   2.544459e+01  
1005      1.48590477414e+05   0.000000e+00   8.484256e+00   2.563735e+01  
1006      1.52019685000e+05   0.000000e+00   8.289066e+00   2.544975e+01  
1007      1.48389315103e+05   0.000000e+00   8.537020e+00   2.564960e+01  
1008      1.51964195714e+05   0.000000e+00   8.331238e+00   2.545658e+01  
1009      1.48443573847e+05   0.000000e+00   8.524875e+00   2.564970e+01  
1010      1.52135447981e+05   0.000000e+00   8.292584e+00   2.545004e+01  
1011      1.48488845454e+05   0.000000e+00   8.520610e+00   2.565061e+01  
1012      1.52266090061e+05   0.000000e+00   8.289337e+00   2.544698e+01  
1013      1.48512798279e+05   0.000000e+00   8.556462e+00   2.565361e+01  
1014      1.52361771943e+05   0.000000e+00   8.286250e+00   2.544429e+01  
1015      1.48465951245e+05   0.000000e+00   8.586290e+00   2.565578e+01  
1016      1.52434987034e+05   0.000000e+00   8.326760e+00   2.544235e+01  
1017      1.48423679837e+05   0.000000e+00   8.624720e+00   2.565628e+01  
1018      1.52557237176e+05   0.000000e+00   8.322318e+00   2.544410e+01  
1019      1.48626410088e+05   0.000000e+00   8.601933e+00   2.564701e+01  
1020      1.52710555767e+05   0.000000e+00   8.329123e+00   2.544333e+01  
1021      1.48695934789e+05   0.000000e+00   8.610268e+00   2.564767e+01  
1022      1.52752975380e+05   0.000000e+00   8.355841e+00   2.544450e+01  
1023      1.48650638573e+05   0.000000e+00   8.637211e+00   2.565478e+01  
1024      1.52868883379e+05   0.000000e+00   8.379919e+00   2.544236e+01  
1025      1.48773323855e+05   0.000000e+00   8.626319e+00   2.564968e+01  
1026      1.52973474950e+05   0.000000e+00   8.355968e+00   2.544146e+01  
1027      1.48943818088e+05   0.000000e+00   8.620680e+00   2.564826e+01  
1028      1.52940621506e+05   0.000000e+00   8.379193e+00   2.545147e+01  
1029      1.48852151561e+05   0.000000e+00   8.642923e+00   2.565120e+01  
1030      1.52980795667e+05   0.000000e+00   8.391343e+00   2.545571e+01  
1031      1.49073958332e+05   0.000000e+00   8.643623e+00   2.564778e+01  
1032      1.52872424307e+05   0.000000e+00   8.401853e+00   2.546476e+01  
1033      1.49094129740e+05   0.000000e+00   8.649402e+00   2.564992e+01  
1034      1.52925101303e+05   0.000000e+00   8.427338e+00   2.547568e+01  
1035      1.49119317946e+05   0.000000e+00   8.659808e+00   2.565448e+01  
1036      1.52833875116e+05   0.000000e+00   8.442504e+00   2.548321e+01  
1037      1.49235734780e+05   0.000000e+00   8.647078e+00   2.565139e+01  
1038      1.52940109870e+05   0.000000e+00   8.432504e+00   2.548732e+01  
1039      1.49276683782e+05   0.000000e+00   8.649639e+00   2.566021e+01  
1040      1.52838208501e+05   0.000000e+00   8.431538e+00   2.550146e+01  
1041      1.49334651299e+05   0.000000e+00   8.676481e+00   2.566534e+01  
1042      1.52779194866e+05   0.000000e+00   8.452668e+00   2.551271e+01  
1043      1.49436676840e+05   0.000000e+00   8.675389e+00   2.566518e+01  
1044      1.52602157834e+05   0.000000e+00   8.495980e+00   2.552855e+01  
1045      1.49514051843e+05   0.000000e+00   8.689211e+00   2.567397e+01  
1046      1.52536766815e+05   0.000000e+00   8.524242e+00   2.553720e+01  
1047      1.49551957322e+05   0.000000e+00   8.692421e+00   2.567675e+01  
1048      1.52534181376e+05   0.000000e+00   8.523307e+00   2.554555e+01  
1049      1.49678509086e+05   0.000000e+00   8.685776e+00   2.567734e+01  
1050      1.52500282522e+05   0.000000e+00   8.535032e+00   2.555966e+01  
1051      1.49776097610e+05   0.000000e+00   8.705680e+00   2.568254e+01  
1052      1.52512592043e+05   0.000000e+00   8.532964e+00   2.557030e+01  
1053      1.49868250436e+05   0.000000e+00   8.710303e+00   2.568269e+01  
1054      1.52428540977e+05   0.000000e+00   8.552984e+00   2.557861e+01  
1055      1.49889425683e+05   0.000000e+00   8.743355e+00   2.568511e+01  
1056      1.52330873485e+05   0.000000e+00   8.598612e+00   2.559007e+01  
1057      1.49969649147e+05   0.000000e+00   8.752786e+00   2.568634e+01  
1058      1.52465330072e+05   0.000000e+00   8.580693e+00   2.559789e+01  
1059      1.50074788319e+05   0.000000e+00   8.718851e+00   2.568414e+01  
1060      1.52512372584e+05   0.000000e+00   8.600126e+00   2.560460e+01  
1061      1.49969495553e+05   0.000000e+00   8.748713e+00   2.568537e+01  
1062      1.52638256950e+05   0.000000e+00   8.616159e+00   2.560107e+01  
1063      1.49940264356e+05   0.000000e+00   8.771146e+00   2.568727e+01  
1064      1.52561713482e+05   0.000000e+00   8.634520e+00   2.561227e+01  
1065      1.49976868216e+05   0.000000e+00   8.793710e+00   2.568676e+01  
1066      1.52639031754e+05   0.000000e+00   8.610810e+00   2.561312e+01  
1067      1.50015510220e+05   0.000000e+00   8.791987e+00   2.568253e+01  
1068      1.52494301419e+05   0.000000e+00   8.638583e+00   2.562077e+01  
1069      1.49968064269e+05   0.000000e+00   8.791942e+00   2.568282e+01  
1070      1.52578482074e+05   0.000000e+00   8.623135e+00   2.561416e+01  
1071      1.49929708772e+05   0.000000e+00   8.798843e+00   2.568013e+01  
1072      1.52584340856e+05   0.000000e+00   8.636765e+00   2.561205e+01  
1073      1.49875269050e+05   0.000000e+00   8.797626e+00   2.568169e+01  
1074      1.52520037762e+05   0.000000e+00   8.652559e+00   2.560903e+01  
1075      1.49889510526e+05   0.000000e+00   8.776601e+00   2.567447e+01  
1076      1.52693277443e+05   0.000000e+00   8.627438e+00   2.559848e+01  
1077      1.49809684069e+05   0.000000e+00   8.773772e+00   2.567183e+01  
1078      1.52549581359e+05   0.000000e+00   8.642635e+00   2.559446e+01  
1079      1.49789789176e+05   0.000000e+00   8.786338e+00   2.566960e+01  
1080      1.52485394119e+05   0.000000e+00   8.655587e+00   2.559460e+01  
1081      1.49657812712e+05   0.000000e+00   8.804345e+00   2.566766e+01  
1082      1.52374980788e+05   0.000000e+00   8.657414e+00   2.559515e+01  
1083      1.49696539287e+05   0.000000e+00   8.805608e+00   2.566059e+01  
1084      1.52329642293e+05   0.000000e+00   8.648939e+00   2.559346e+01  
1085      1.49714229717e+05   0.000000e+00   8.785464e+00   2.565004e+01  
1086      1.52322814159e+05   0.000000e+00   8.643191e+00   2.559165e+01  
1087      1.49874146681e+05   0.000000e+00   8.741469e+00   2.563224e+01  
1088      1.52280002413e+05   0.000000e+00   8.621896e+00   2.558406e+01  
1089      1.49925467684e+05   0.000000e+00   8.754143e+00   2.562790e+01  
1090      1.52113913949e+05   0.000000e+00   8.665790e+00   2.558569e+01  
1091      1.49893647652e+05   0.000000e+00   8.783529e+00   2.561941e+01  
1092      1.51939729032e+05   0.000000e+00   8.704613e+00   2.558847e+01  
1093      1.49916311190e+05   0.000000e+00   8.789690e+00   2.561146e+01  
1094      1.52075191669e+05   0.000000e+00   8.674684e+00   2.557727e+01  
1095      1.50007443124e+05   0.000000e+00   8.768214e+00   2.559571e+01  
1096      1.52118724270e+05   0.000000e+00   8.676851e+00   2.557033e+01  
1097      1.50050623335e+05   0.000000e+00   8.760961e+00   2.558708e+01  
1098      1.52149457897e+05   0.000000e+00   8.676469e+00   2.556489e+01  
1099      1.49939332282e+05   0.000000e+00   8.786176e+00   2.557980e+01  
1100      1.52129292585e+05   0.000000e+00   8.708464e+00   2.555681e+01  
1101      1.49772380374e+05   0.000000e+00   8.824270e+00   2.557873e+01  
1102      1.52095635220e+05   0.000000e+00   8.726701e+00   2.555183e+01  
1103      1.49813200203e+05   0.000000e+00   8.809523e+00   2.556977e+01  
1104      1.52054452710e+05   0.000000e+00   8.715399e+00   2.554625e+01  
1105      1.49782108839e+05   0.000000e+00   8.826520e+00   2.556275e+01  
1106      1.51915646015e+05   0.000000e+00   8.758124e+00   2.554644e+01  
1107      1.49793317205e+05   0.000000e+00   8.856024e+00   2.555415e+01  
1108      1.51858600493e+05   0.000000e+00   8.727595e+00   2.553842e+01  
1109      1.49980854620e+05   0.000000e+00   8.836318e+00   2.553573e+01  
1110      1.51818315400e+05   0.000000e+00   8.711062e+00   2.553108e+01  
1111      1.50109208055e+05   0.000000e+00   8.814802e+00   2.552290e+01  
1112      1.51663612331e+05   0.000000e+00   8.754041e+00   2.553283e+01  
1113      1.50033765461e+05   0.000000e+00   8.843374e+00   2.551983e+01  
1114      1.51626080159e+05   0.000000e+00   8.766181e+00   2.552148e+01  
1115      1.50066939533e+05   0.000000e+00   8.810213e+00   2.550978e+01  
1116      1.51576675264e+05   0.000000e+00   8.758528e+00   2.552114e+01  
1117      1.49921324168e+05   0.000000e+00   8.830524e+00   2.551232e+01  
1118      1.51381642345e+05   0.000000e+00   8.805368e+00   2.552421e+01  
1119      1.49777382155e+05   0.000000e+00   8.858520e+00   2.551405e+01  
1120      1.51309454181e+05   0.000000e+00   8.813831e+00   2.551834e+01  
1121      1.49875283203e+05   0.000000e+00   8.838355e+00   2.550905e+01  
1122      1.51263950507e+05   0.000000e+00   8.794386e+00   2.550981e+01  
1123      1.49871948163e+05   0.000000e+00   8.826587e+00   2.550590e+01  
1124      1.51264754332e+05   0.000000e+00   8.800921e+00   2.551017e+01  
1125      1.49819758840e+05   0.000000e+00   8.829558e+00   2.551014e+01  
1126      1.51256648575e+05   0.000000e+00   8.803447e+00   2.550590e+01  
1127      1.49747840216e+05   0.000000e+00   8.837551e+00   2.551224e+01  
1128      1.51378151974e+05   0.000000e+00   8.796028e+00   2.550427e+01  
1129      1.49700147454e+05   0.000000e+00   8.859868e+00   2.551861e+01  
1130      1.51147545442e+05   0.000000e+00   8.803136e+00   2.551561e+01  
1131      1.49725215245e+05   0.000000e+00   8.875880e+00   2.551914e+01  
1132      1.51213944779e+05   0.000000e+00   8.808212e+00   2.551645e+01  
1133      1.49699084251e+05   0.000000e+00   8.860522e+00   2.552099e+01  
1134      1.51131487570e+05   0.000000e+00   8.821738e+00   2.552834e+01  
1135      1.49756407981e+05   0.000000e+00   8.872275e+00   2.552854e+01  
1136      1.51087834075e+05   0.000000e+00   8.819874e+00   2.553752e+01  
1137      1.49731881551e+05   0.000000e+00   8.882792e+00   2.552889e+01  
1138      1.51075702146e+05   0.000000e+00   8.827518e+00   2.554171e+01  
1139      1.49648112844e+05   0.000000e+00   8.899719e+00   2.553333e+01  
1140      1.51012726192e+05   0.000000e+00   8.841778e+00   2.554914e+01  
1141      1.49706913644e+05   0.000000e+00   8.896643e+00   2.553417e+01  
1142      1.51033114321e+05   0.000000e+00   8.820079e+00   2.555631e+01  
1143      1.49810832160e+05   0.000000e+00   8.875118e+00   2.553383e+01  
1144      1.50971878865e+05   0.000000e+00   8.805368e+00   2.556131e+01  
1145      1.49874335258e+05   0.000000e+00   8.863014e+00   2.553143e+01  
1146      1.50848586488e+05   0.000000e+00   8.818057e+00   2.556610e+01  
1147      1.49930502138e+05   0.000000e+00   8.882424e+00   2.553105e+01  
1148      1.50750130791e+05   0.000000e+00   8.828472e+00   2.557026e+01  
1149      1.50005644910e+05   0.000000e+00   8.873331e+00   2.553459e+01  
1150      1.50685136307e+05   0.000000e+00   8.826699e+00   2.557759e+01  
1151      1.50041063905e+05   0.000000e+00   8.860737e+00   2.553595e+01  
1152      1.50649764957e+05   0.000000e+00   8.838954e+00   2.558391e+01  
1153      1.50022768612e+05   0.000000e+00   8.880344e+00   2.553935e+01  
1154      1.50472126895e+05   0.000000e+00   8.893332e+00   2.559332e+01  
1155      1.50102649422e+05   0.000000e+00   8.876187e+00   2.554513e+01  
1156      1.50566264866e+05   0.000000e+00   8.856768e+00   2.558884e+01  
1157      1.50145061053e+05   0.000000e+00   8.866447e+00   2.554931e+01  
1158      1.50510722809e+05   0.000000e+00   8.868654e+00   2.559638e+01  
1159      1.50291048898e+05   0.000000e+00   8.856942e+00   2.554317e+01  
1160      1.50646686600e+05   0.000000e+00   8.848564e+00   2.558983e+01  
1161      1.50430035580e+05   0.000000e+00   8.838311e+00   2.554011e+01  
1162      1.50709276165e+05   0.000000e+00   8.858007e+00   2.558913e+01  
1163      1.50495701608e+05   0.000000e+00   8.846720e+00   2.553977e+01  
1164      1.50703560488e+05   0.000000e+00   8.866412e+00   2.558925e+01  
1165      1.50536378614e+05   0.000000e+00   8.873596e+00   2.554367e+01  
1166      1.50766766462e+05   0.000000e+00   8.878355e+00   2.558807e+01  
1167      1.50469826849e+05   0.000000e+00   8.920458e+00   2.554997e+01  
1168      1.50738405774e+05   0.000000e+00   8.914545e+00   2.558976e+01  
1169      1.50576752220e+05   0.000000e+00   8.904337e+00   2.555160e+01  
1170      1.50988368362e+05   0.000000e+00   8.890916e+00   2.558104e+01  
1171      1.50553109879e+05   0.000000e+00   8.909261e+00   2.555258e+01  
1172      1.51184338705e+05   0.000000e+00   8.870429e+00   2.557147e+01  
1173      1.50706549909e+05   0.000000e+00   8.890551e+00   2.554810e+01  
1174      1.51256587972e+05   0.000000e+00   8.866209e+00   2.557246e+01  
1175      1.50532429866e+05   0.000000e+00   8.942137e+00   2.555389e+01  
1176      1.51247116522e+05   0.000000e+00   8.890586e+00   2.557588e+01  
1177      1.50525266689e+05   0.000000e+00   8.951046e+00   2.555639e+01  
1178      1.51316369555e+05   0.000000e+00   8.883996e+00   2.557064e+01  
1179      1.50531397621e+05   0.000000e+00   8.925422e+00   2.555637e+01  
1180      1.51451096945e+05   0.000000e+00   8.861353e+00   2.556603e+01  
1181      1.50526147669e+05   0.000000e+00   8.948680e+00   2.555835e+01  
1182      1.51434156082e+05   0.000000e+00   8.850842e+00   2.556882e+01  
1183      1.50546246898e+05   0.000000e+00   8.955421e+00   2.556047e+01  
1184      1.51518222427e+05   0.000000e+00   8.854086e+00   2.556438e+01  
1185      1.50493751874e+05   0.000000e+00   8.965778e+00   2.555860e+01  
1186      1.51459405897e+05   0.000000e+00   8.868657e+00   2.556955e+01  
1187      1.50574291914e+05   0.000000e+00   8.956515e+00   2.556464e+01  
1188      1.51483256461e+05   0.000000e+00   8.847187e+00   2.556823e+01  
1189      1.50512913760e+05   0.000000e+00   8.965032e+00   2.557145e+01  
1190      1.51358767143e+05   0.000000e+00   8.899856e+00   2.558484e+01  
1191      1.50376627443e+05   0.000000e+00   8.976169e+00   2.558192e+01  
1192      1.51408901183e+05   0.000000e+00   8.911320e+00   2.558725e+01  
1193      1.50371261876e+05   0.000000e+00   8.943639e+00   2.558823e+01  
1194      1.51538235394e+05   0.000000e+00   8.885026e+00   2.558817e+01  
1195      1.50355695166e+05   0.000000e+00   8.942835e+00   2.559757e+01  
1196      1.51483073513e+05   0.000000e+00   8.886140e+00   2.559786e+01  
1197      1.50473939570e+05   0.000000e+00   8.941984e+00   2.559969e+01  
1198      1.51433008066e+05   0.000000e+00   8.856747e+00   2.560116e+01  
1199      1.50659056766e+05   0.000000e+00   8.923428e+00   2.559661e+01  
1200      1.51403548730e+05   0.000000e+00   8.857611e+00   2.560593e+01  
1201      1.50833518438e+05   0.000000e+00   8.913648e+00   2.559269e+01  
1202      1.51147031318e+05   0.000000e+00   8.926061e+00   2.561714e+01  
1203      1.50799777950e+05   0.000000e+00   8.962551e+00   2.559416e+01  
1204      1.51214745863e+05   0.000000e+00   8.919366e+00   2.560833e+01  
1205      1.50904612272e+05   0.000000e+00   8.942267e+00   2.558891e+01  
1206      1.51222672772e+05   0.000000e+00   8.934955e+00   2.560529e+01  
1207      1.51056395616e+05   0.000000e+00   8.959855e+00   2.558094e+01  
1208      1.51174644784e+05   0.000000e+00   8.948152e+00   2.560334e+01  
1209      1.51113239267e+05   0.000000e+00   8.947961e+00   2.557736e+01  
1210      1.51280750645e+05   0.000000e+00   8.933226e+00   2.559547e+01  
1211      1.51357860523e+05   0.000000e+00   8.925762e+00   2.556360e+01  
1212      1.51248059592e+05   0.000000e+00   8.936251e+00   2.558947e+01  
1213      1.51429490982e+05   0.000000e+00   8.928537e+00   2.556162e+01  
1214      1.51223379302e+05   0.000000e+00   8.949168e+00   2.558711e+01  
1215      1.51471081430e+05   0.000000e+00   8.923408e+00   2.555496e+01  
1216      1.51149188451e+05   0.000000e+00   8.951914e+00   2.558475e+01  
1217      1.51490989637e+05   0.000000e+00   8.911452e+00   2.555251e+01  
1218      1.51143382149e+05   0.000000e+00   8.959275e+00   2.558841e+01  
1219      1.51411215216e+05   0.000000e+00   8.930768e+00   2.555816e+01  
1220      1.51002875061e+05   0.000000e+00   8.979836e+00   2.559317e+01  
1221      1.51380022238e+05   0.000000e+00   8.943954e+00   2.556050e+01  
1222      1.50983356119e+05   0.000000e+00   8.982313e+00   2.559571e+01  
1223      1.51254280929e+05   0.000000e+00   8.966852e+00   2.556658e+01  
1224      1.50764248991e+05   0.000000e+00   9.005074e+00   2.560313e+01  
1225      1.51208600250e+05   0.000000e+00   8.994656e+00   2.557458e+01  
1226      1.50706653942e+05   0.000000e+00   9.011914e+00   2.561049e+01  
1227      1.51171493839e+05   0.000000e+00   8.976145e+00   2.557851e+01  
1228      1.50606558196e+05   0.000000e+00   9.024928e+00   2.561854e+01  
1229      1.51264338155e+05   0.000000e+00   8.987944e+00   2.557525e+01  
1230      1.50471942491e+05   0.000000e+00   9.059810e+00   2.562249e+01  
1231      1.51219595137e+05   0.000000e+00   8.997396e+00   2.557655e+01  
1232      1.50598666406e+05   0.000000e+00   9.036764e+00   2.561776e+01  
1233      1.51324824817e+05   0.000000e+00   8.979751e+00   2.557368e+01  
1234      1.50599418851e+05   0.000000e+00   9.014512e+00   2.561165e+01  
1235      1.51399720071e+05   0.000000e+00   8.966079e+00   2.557199e+01  
1236      1.50636171021e+05   0.000000e+00   9.023295e+00   2.560658e+01  
1237      1.51467390378e+05   0.000000e+00   8.946628e+00   2.556637e+01  
1238      1.50657267754e+05   0.000000e+00   9.009732e+00   2.559966e+01  
1239      1.51577205285e+05   0.000000e+00   8.944719e+00   2.556184e+01  
1240      1.50536414409e+05   0.000000e+00   9.029723e+00   2.560208e+01  
1241      1.51591090843e+05   0.000000e+00   8.988379e+00   2.555922e+01  
1242      1.50515223827e+05   0.000000e+00   9.050991e+00   2.560105e+01  
1243      1.51567053356e+05   0.000000e+00   8.980576e+00   2.556124e+01  
1244      1.50558158463e+05   0.000000e+00   9.064516e+00   2.559340e+01  
1245      1.51799079462e+05   0.000000e+00   8.953279e+00   2.554944e+01  
1246      1.50701937974e+05   0.000000e+00   9.035960e+00   2.558358e+01  
1247      1.51833278215e+05   0.000000e+00   8.953201e+00   2.554486e+01  
1248      1.50775760937e+05   0.000000e+00   9.054760e+00   2.557632e+01  
1249      1.51823172042e+05   0.000000e+00   8.951689e+00   2.553994e+01  
1250      1.50969045630e+05   0.000000e+00   9.039699e+00   2.556515e+01  
-------------------------------------------------------------------

Initialization/allocation wall-clock time: 2.905 seconds
Calculation (iterations) wall-clock time : 251.421 seconds

