
**********************************************
Real-time propagation in 3D, OPTION = 2
MPI nodes = 8, OMP threads = 16, cores = 128
**********************************************

Interactions
Contact: Natoms = 1.50000000000e+05, as = 8.400000e+01 * a0, G = 1.509046e+04, G * par = 3.018091e+04
Three-body: K3 =  0.000000e+00, g3 = 0.000000e+00
Regular DDI: add = 1.101000e+02 * a0, GD = 4.721954e+03, GD * par = 9.443909e+03, edd = 1.310714e+00
     Dipolar cutoff Rcut = 8.425678e+00, Lcut = 2.501127e+02

QF = 1: h2 = 1.895472e+05, h4 = 0.000000e+00
        q3 = 0.000000e+00, q5 = 3.761697e+00

GRAD = 0

Trap parameters:
GAMMA = 0.000000e+00, NU = 0.000000e+00, LAMBDA = 0.000000e+00
Parameters of rotation: OMEGA = 0.000000e+00, OMEGA * par = 0.000000e+00

Space discretization: NX = 128, NY = 128, NZ = 128
                      DX = 3.908011e+00, DY = 1.316512e-01, DZ = 1.316512e-01
      Unit of length: aho = 5.552380e-07 m

Time discretization: NITER = 2500 (NSNAP = 1250)
                     DT = 8.666022e-03

Initial state: file ./imag3d-finalpsi.bin
ADD_VORTICES = 0, ADD_RANDOM_PHASE = 0


MUREL = 1.000000e-12, MUEND=1.000000e+05

-------------------------------------------------------------------
Snap      <r>            <x>            <y>            <z>
-------------------------------------------------------------------
0         2.503130e+01   2.500285e+01   8.436463e-01   8.436463e-01  
1         2.503128e+01   2.500284e+01   8.434994e-01   8.434994e-01  
2         2.503127e+01   2.500284e+01   8.433324e-01   8.433324e-01  
3         2.503126e+01   2.500284e+01   8.431458e-01   8.431458e-01  
4         2.503124e+01   2.500284e+01   8.429397e-01   8.429397e-01  
5         2.503123e+01   2.500284e+01   8.427148e-01   8.427148e-01  
6         2.503121e+01   2.500284e+01   8.424715e-01   8.424715e-01  
7         2.503119e+01   2.500284e+01   8.422108e-01   8.422108e-01  
8         2.503117e+01   2.500283e+01   8.419334e-01   8.419334e-01  
9         2.503115e+01   2.500283e+01   8.416403e-01   8.416403e-01  
10        2.503112e+01   2.500283e+01   8.413327e-01   8.413327e-01  
11        2.503110e+01   2.500282e+01   8.410119e-01   8.410119e-01  
12        2.503107e+01   2.500282e+01   8.406792e-01   8.406792e-01  
13        2.503104e+01   2.500282e+01   8.403361e-01   8.403361e-01  
14        2.503102e+01   2.500281e+01   8.399842e-01   8.399842e-01  
15        2.503099e+01   2.500281e+01   8.396252e-01   8.396252e-01  
16        2.503096e+01   2.500280e+01   8.392607e-01   8.392607e-01  
17        2.503093e+01   2.500280e+01   8.388928e-01   8.388928e-01  
18        2.503090e+01   2.500280e+01   8.385231e-01   8.385231e-01  
19        2.503087e+01   2.500279e+01   8.381536e-01   8.381536e-01  
20        2.503084e+01   2.500279e+01   8.377862e-01   8.377862e-01  
21        2.503082e+01   2.500278e+01   8.374229e-01   8.374229e-01  
22        2.503079e+01   2.500278e+01   8.370654e-01   8.370654e-01  
23        2.503076e+01   2.500278e+01   8.367156e-01   8.367156e-01  
24        2.503074e+01   2.500278e+01   8.363751e-01   8.363751e-01  
25        2.503071e+01   2.500277e+01   8.360456e-01   8.360456e-01  
26        2.503069e+01   2.500277e+01   8.357285e-01   8.357285e-01  
27        2.503067e+01   2.500277e+01   8.354253e-01   8.354253e-01  
28        2.503065e+01   2.500277e+01   8.351372e-01   8.351372e-01  
29        2.503063e+01   2.500277e+01   8.348652e-01   8.348652e-01  
30        2.503061e+01   2.500277e+01   8.346104e-01   8.346104e-01  
31        2.503060e+01   2.500277e+01   8.343736e-01   8.343736e-01  
32        2.503058e+01   2.500277e+01   8.341556e-01   8.341556e-01  
33        2.503057e+01   2.500277e+01   8.339568e-01   8.339568e-01  
34        2.503056e+01   2.500277e+01   8.337778e-01   8.337778e-01  
35        2.503055e+01   2.500278e+01   8.336190e-01   8.336190e-01  
36        2.503055e+01   2.500278e+01   8.334804e-01   8.334804e-01  
37        2.503054e+01   2.500278e+01   8.333624e-01   8.333624e-01  
38        2.503054e+01   2.500279e+01   8.332648e-01   8.332648e-01  
39        2.503054e+01   2.500279e+01   8.331876e-01   8.331876e-01  
40        2.503054e+01   2.500280e+01   8.331307e-01   8.331307e-01  
41        2.503054e+01   2.500280e+01   8.330937e-01   8.330937e-01  
42        2.503055e+01   2.500281e+01   8.330764e-01   8.330764e-01  
43        2.503055e+01   2.500281e+01   8.330784e-01   8.330784e-01  
44        2.503056e+01   2.500282e+01   8.330991e-01   8.330991e-01  
45        2.503057e+01   2.500283e+01   8.331381e-01   8.331381e-01  
46        2.503058e+01   2.500283e+01   8.331948e-01   8.331948e-01  
47        2.503059e+01   2.500284e+01   8.332686e-01   8.332686e-01  
48        2.503061e+01   2.500285e+01   8.333587e-01   8.333587e-01  
49        2.503062e+01   2.500286e+01   8.334645e-01   8.334645e-01  
50        2.503064e+01   2.500286e+01   8.335852e-01   8.335852e-01  
51        2.503066e+01   2.500287e+01   8.337199e-01   8.337199e-01  
52        2.503068e+01   2.500288e+01   8.338680e-01   8.338680e-01  
53        2.503069e+01   2.500289e+01   8.340286e-01   8.340286e-01  
54        2.503072e+01   2.500290e+01   8.342008e-01   8.342008e-01  
55        2.503074e+01   2.500291e+01   8.343838e-01   8.343838e-01  
56        2.503076e+01   2.500292e+01   8.345767e-01   8.345767e-01  
57        2.503078e+01   2.500293e+01   8.347786e-01   8.347786e-01  
58        2.503080e+01   2.500294e+01   8.349887e-01   8.349887e-01  
59        2.503083e+01   2.500294e+01   8.352061e-01   8.352061e-01  
60        2.503085e+01   2.500295e+01   8.354299e-01   8.354299e-01  
61        2.503088e+01   2.500296e+01   8.356593e-01   8.356593e-01  
62        2.503090e+01   2.500297e+01   8.358933e-01   8.358933e-01  
63        2.503093e+01   2.500298e+01   8.361311e-01   8.361311e-01  
64        2.503095e+01   2.500299e+01   8.363719e-01   8.363719e-01  
65        2.503098e+01   2.500300e+01   8.366148e-01   8.366148e-01  
66        2.503101e+01   2.500301e+01   8.368590e-01   8.368590e-01  
67        2.503103e+01   2.500302e+01   8.371037e-01   8.371037e-01  
68        2.503106e+01   2.500303e+01   8.373482e-01   8.373482e-01  
69        2.503108e+01   2.500304e+01   8.375917e-01   8.375917e-01  
70        2.503111e+01   2.500305e+01   8.378334e-01   8.378334e-01  
71        2.503113e+01   2.500306e+01   8.380726e-01   8.380726e-01  
72        2.503116e+01   2.500307e+01   8.383087e-01   8.383087e-01  
73        2.503118e+01   2.500308e+01   8.385410e-01   8.385410e-01  
74        2.503121e+01   2.500308e+01   8.387688e-01   8.387688e-01  
75        2.503123e+01   2.500309e+01   8.389916e-01   8.389916e-01  
76        2.503125e+01   2.500310e+01   8.392089e-01   8.392089e-01  
77        2.503128e+01   2.500311e+01   8.394199e-01   8.394199e-01  
78        2.503130e+01   2.500312e+01   8.396244e-01   8.396244e-01  
79        2.503132e+01   2.500313e+01   8.398217e-01   8.398217e-01  
80        2.503134e+01   2.500313e+01   8.400115e-01   8.400115e-01  
81        2.503136e+01   2.500314e+01   8.401933e-01   8.401933e-01  
82        2.503138e+01   2.500315e+01   8.403668e-01   8.403668e-01  
83        2.503140e+01   2.500316e+01   8.405316e-01   8.405316e-01  
84        2.503141e+01   2.500316e+01   8.406874e-01   8.406874e-01  
85        2.503143e+01   2.500317e+01   8.408339e-01   8.408339e-01  
86        2.503145e+01   2.500318e+01   8.409709e-01   8.409709e-01  
87        2.503146e+01   2.500318e+01   8.410982e-01   8.410982e-01  
88        2.503147e+01   2.500319e+01   8.412156e-01   8.412156e-01  
89        2.503149e+01   2.500319e+01   8.413229e-01   8.413229e-01  
90        2.503150e+01   2.500320e+01   8.414200e-01   8.414200e-01  
91        2.503151e+01   2.500321e+01   8.415069e-01   8.415069e-01  
92        2.503152e+01   2.500321e+01   8.415835e-01   8.415835e-01  
93        2.503153e+01   2.500322e+01   8.416497e-01   8.416497e-01  
94        2.503154e+01   2.500322e+01   8.417055e-01   8.417055e-01  
95        2.503155e+01   2.500323e+01   8.417510e-01   8.417510e-01  
96        2.503156e+01   2.500323e+01   8.417863e-01   8.417863e-01  
97        2.503156e+01   2.500324e+01   8.418113e-01   8.418113e-01  
98        2.503157e+01   2.500324e+01   8.418262e-01   8.418262e-01  
99        2.503157e+01   2.500325e+01   8.418312e-01   8.418312e-01  
100       2.503158e+01   2.500325e+01   8.418264e-01   8.418264e-01  
101       2.503158e+01   2.500326e+01   8.418120e-01   8.418120e-01  
102       2.503159e+01   2.500326e+01   8.417882e-01   8.417882e-01  
103       2.503159e+01   2.500326e+01   8.417552e-01   8.417552e-01  
104       2.503159e+01   2.500327e+01   8.417133e-01   8.417133e-01  
105       2.503159e+01   2.500327e+01   8.416628e-01   8.416628e-01  
106       2.503159e+01   2.500328e+01   8.416040e-01   8.416040e-01  
107       2.503159e+01   2.500328e+01   8.415371e-01   8.415371e-01  
108       2.503159e+01   2.500329e+01   8.414625e-01   8.414625e-01  
109       2.503159e+01   2.500329e+01   8.413805e-01   8.413805e-01  
110       2.503158e+01   2.500329e+01   8.412915e-01   8.412915e-01  
111       2.503158e+01   2.500330e+01   8.411959e-01   8.411959e-01  
112       2.503158e+01   2.500330e+01   8.410939e-01   8.410939e-01  
113       2.503158e+01   2.500331e+01   8.409861e-01   8.409861e-01  
114       2.503157e+01   2.500331e+01   8.408727e-01   8.408727e-01  
115       2.503157e+01   2.500331e+01   8.407543e-01   8.407543e-01  
116       2.503157e+01   2.500332e+01   8.406313e-01   8.406313e-01  
117       2.503156e+01   2.500332e+01   8.405040e-01   8.405040e-01  
118       2.503156e+01   2.500333e+01   8.403729e-01   8.403729e-01  
119       2.503155e+01   2.500333e+01   8.402385e-01   8.402385e-01  
120       2.503155e+01   2.500334e+01   8.401012e-01   8.401012e-01  
121       2.503154e+01   2.500334e+01   8.399614e-01   8.399614e-01  
122       2.503154e+01   2.500335e+01   8.398195e-01   8.398195e-01  
123       2.503153e+01   2.500335e+01   8.396761e-01   8.396761e-01  
124       2.503153e+01   2.500336e+01   8.395314e-01   8.395314e-01  
125       2.503152e+01   2.500336e+01   8.393861e-01   8.393861e-01  
126       2.503152e+01   2.500337e+01   8.392405e-01   8.392405e-01  
127       2.503152e+01   2.500337e+01   8.390951e-01   8.390951e-01  
128       2.503151e+01   2.500338e+01   8.389503e-01   8.389503e-01  
129       2.503151e+01   2.500338e+01   8.388067e-01   8.388067e-01  
130       2.503150e+01   2.500339e+01   8.386645e-01   8.386645e-01  
131       2.503150e+01   2.500340e+01   8.385242e-01   8.385242e-01  
132       2.503150e+01   2.500340e+01   8.383862e-01   8.383862e-01  
133       2.503150e+01   2.500341e+01   8.382510e-01   8.382510e-01  
134       2.503150e+01   2.500342e+01   8.381189e-01   8.381189e-01  
135       2.503149e+01   2.500342e+01   8.379903e-01   8.379903e-01  
136       2.503149e+01   2.500343e+01   8.378656e-01   8.378656e-01  
137       2.503149e+01   2.500344e+01   8.377450e-01   8.377450e-01  
138       2.503149e+01   2.500345e+01   8.376289e-01   8.376289e-01  
139       2.503149e+01   2.500346e+01   8.375177e-01   8.375177e-01  
140       2.503150e+01   2.500347e+01   8.374114e-01   8.374114e-01  
141       2.503150e+01   2.500347e+01   8.373105e-01   8.373105e-01  
142       2.503150e+01   2.500348e+01   8.372151e-01   8.372151e-01  
143       2.503150e+01   2.500349e+01   8.371254e-01   8.371254e-01  
144       2.503151e+01   2.500350e+01   8.370416e-01   8.370416e-01  
145       2.503151e+01   2.500351e+01   8.369639e-01   8.369639e-01  
146       2.503152e+01   2.500352e+01   8.368922e-01   8.368922e-01  
147       2.503153e+01   2.500353e+01   8.368269e-01   8.368269e-01  
148       2.503153e+01   2.500354e+01   8.367679e-01   8.367679e-01  
149       2.503154e+01   2.500356e+01   8.367154e-01   8.367154e-01  
150       2.503155e+01   2.500357e+01   8.366693e-01   8.366693e-01  
151       2.503156e+01   2.500358e+01   8.366299e-01   8.366299e-01  
152       2.503157e+01   2.500359e+01   8.365970e-01   8.365970e-01  
153       2.503158e+01   2.500360e+01   8.365708e-01   8.365708e-01  
154       2.503159e+01   2.500361e+01   8.365512e-01   8.365512e-01  
155       2.503160e+01   2.500363e+01   8.365384e-01   8.365384e-01  
156       2.503161e+01   2.500364e+01   8.365323e-01   8.365323e-01  
157       2.503163e+01   2.500365e+01   8.365329e-01   8.365329e-01  
158       2.503164e+01   2.500367e+01   8.365403e-01   8.365403e-01  
159       2.503165e+01   2.500368e+01   8.365544e-01   8.365544e-01  
160       2.503167e+01   2.500369e+01   8.365752e-01   8.365752e-01  
161       2.503168e+01   2.500371e+01   8.366027e-01   8.366027e-01  
162       2.503170e+01   2.500372e+01   8.366367e-01   8.366367e-01  
163       2.503172e+01   2.500374e+01   8.366773e-01   8.366773e-01  
164       2.503174e+01   2.500375e+01   8.367242e-01   8.367242e-01  
165       2.503175e+01   2.500377e+01   8.367773e-01   8.367773e-01  
166       2.503177e+01   2.500378e+01   8.368365e-01   8.368365e-01  
167       2.503179e+01   2.500380e+01   8.369015e-01   8.369015e-01  
168       2.503181e+01   2.500381e+01   8.369721e-01   8.369721e-01  
169       2.503183e+01   2.500383e+01   8.370480e-01   8.370480e-01  
170       2.503185e+01   2.500384e+01   8.371290e-01   8.371290e-01  
171       2.503188e+01   2.500386e+01   8.372148e-01   8.372148e-01  
172       2.503190e+01   2.500388e+01   8.373050e-01   8.373050e-01  
173       2.503192e+01   2.500389e+01   8.373992e-01   8.373992e-01  
174       2.503194e+01   2.500391e+01   8.374971e-01   8.374971e-01  
175       2.503197e+01   2.500392e+01   8.375984e-01   8.375984e-01  
176       2.503199e+01   2.500394e+01   8.377025e-01   8.377025e-01  
177       2.503201e+01   2.500396e+01   8.378092e-01   8.378092e-01  
178       2.503204e+01   2.500397e+01   8.379179e-01   8.379179e-01  
179       2.503206e+01   2.500399e+01   8.380282e-01   8.380282e-01  
180       2.503208e+01   2.500400e+01   8.381399e-01   8.381399e-01  
181       2.503211e+01   2.500402e+01   8.382523e-01   8.382523e-01  
182       2.503213e+01   2.500404e+01   8.383652e-01   8.383652e-01  
183       2.503215e+01   2.500405e+01   8.384781e-01   8.384781e-01  
184       2.503218e+01   2.500407e+01   8.385907e-01   8.385907e-01  
185       2.503220e+01   2.500408e+01   8.387027e-01   8.387027e-01  
186       2.503222e+01   2.500410e+01   8.388136e-01   8.388136e-01  
187       2.503225e+01   2.500412e+01   8.389234e-01   8.389234e-01  
188       2.503227e+01   2.500413e+01   8.390315e-01   8.390315e-01  
189       2.503229e+01   2.500415e+01   8.391379e-01   8.391379e-01  
190       2.503231e+01   2.500416e+01   8.392422e-01   8.392422e-01  
191       2.503234e+01   2.500418e+01   8.393442e-01   8.393442e-01  
192       2.503236e+01   2.500419e+01   8.394437e-01   8.394437e-01  
193       2.503238e+01   2.500421e+01   8.395406e-01   8.395406e-01  
194       2.503240e+01   2.500422e+01   8.396346e-01   8.396346e-01  
195       2.503242e+01   2.500424e+01   8.397256e-01   8.397256e-01  
196       2.503244e+01   2.500425e+01   8.398134e-01   8.398134e-01  
197       2.503246e+01   2.500426e+01   8.398978e-01   8.398978e-01  
198       2.503248e+01   2.500428e+01   8.399787e-01   8.399787e-01  
199       2.503250e+01   2.500429e+01   8.400560e-01   8.400560e-01  
200       2.503252e+01   2.500431e+01   8.401293e-01   8.401293e-01  
201       2.503254e+01   2.500432e+01   8.401986e-01   8.401986e-01  
202       2.503255e+01   2.500433e+01   8.402635e-01   8.402635e-01  
203       2.503257e+01   2.500435e+01   8.403240e-01   8.403240e-01  
204       2.503259e+01   2.500436e+01   8.403799e-01   8.403799e-01  
205       2.503260e+01   2.500437e+01   8.404310e-01   8.404310e-01  
206       2.503262e+01   2.500438e+01   8.404772e-01   8.404772e-01  
207       2.503263e+01   2.500440e+01   8.405182e-01   8.405182e-01  
208       2.503265e+01   2.500441e+01   8.405540e-01   8.405540e-01  
209       2.503266e+01   2.500442e+01   8.405845e-01   8.405845e-01  
210       2.503268e+01   2.500443e+01   8.406095e-01   8.406095e-01  
211       2.503269e+01   2.500444e+01   8.406292e-01   8.406292e-01  
212       2.503270e+01   2.500445e+01   8.406433e-01   8.406433e-01  
213       2.503271e+01   2.500446e+01   8.406520e-01   8.406520e-01  
214       2.503272e+01   2.500447e+01   8.406553e-01   8.406553e-01  
215       2.503273e+01   2.500448e+01   8.406532e-01   8.406532e-01  
216       2.503274e+01   2.500449e+01   8.406458e-01   8.406458e-01  
217       2.503275e+01   2.500450e+01   8.406333e-01   8.406333e-01  
218       2.503276e+01   2.500451e+01   8.406158e-01   8.406158e-01  
219       2.503276e+01   2.500452e+01   8.405934e-01   8.405934e-01  
220       2.503277e+01   2.500453e+01   8.405663e-01   8.405663e-01  
221       2.503278e+01   2.500454e+01   8.405348e-01   8.405348e-01  
222       2.503278e+01   2.500455e+01   8.404991e-01   8.404991e-01  
223       2.503279e+01   2.500456e+01   8.404593e-01   8.404593e-01  
224       2.503279e+01   2.500456e+01   8.404157e-01   8.404157e-01  
225       2.503280e+01   2.500457e+01   8.403685e-01   8.403685e-01  
226       2.503280e+01   2.500458e+01   8.403180e-01   8.403180e-01  
227       2.503281e+01   2.500459e+01   8.402644e-01   8.402644e-01  
228       2.503281e+01   2.500459e+01   8.402080e-01   8.402080e-01  
229       2.503281e+01   2.500460e+01   8.401488e-01   8.401488e-01  
230       2.503282e+01   2.500461e+01   8.400873e-01   8.400873e-01  
231       2.503282e+01   2.500461e+01   8.400235e-01   8.400235e-01  
232       2.503282e+01   2.500462e+01   8.399577e-01   8.399577e-01  
233       2.503282e+01   2.500463e+01   8.398901e-01   8.398901e-01  
234       2.503283e+01   2.500463e+01   8.398209e-01   8.398209e-01  
235       2.503283e+01   2.500464e+01   8.397503e-01   8.397503e-01  
236       2.503283e+01   2.500465e+01   8.396783e-01   8.396783e-01  
237       2.503283e+01   2.500465e+01   8.396054e-01   8.396054e-01  
238       2.503283e+01   2.500466e+01   8.395316e-01   8.395316e-01  
239       2.503283e+01   2.500467e+01   8.394572e-01   8.394572e-01  
240       2.503284e+01   2.500468e+01   8.393825e-01   8.393825e-01  
241       2.503284e+01   2.500468e+01   8.393075e-01   8.393075e-01  
242       2.503284e+01   2.500469e+01   8.392326e-01   8.392326e-01  
243       2.503284e+01   2.500470e+01   8.391580e-01   8.391580e-01  
244       2.503285e+01   2.500470e+01   8.390837e-01   8.390837e-01  
245       2.503285e+01   2.500471e+01   8.390100e-01   8.390100e-01  
246       2.503285e+01   2.500472e+01   8.389372e-01   8.389372e-01  
247       2.503285e+01   2.500473e+01   8.388652e-01   8.388652e-01  
248       2.503286e+01   2.500473e+01   8.387944e-01   8.387944e-01  
249       2.503286e+01   2.500474e+01   8.387249e-01   8.387249e-01  
250       2.503286e+01   2.500475e+01   8.386569e-01   8.386569e-01  
251       2.503287e+01   2.500476e+01   8.385906e-01   8.385906e-01  
252       2.503287e+01   2.500477e+01   8.385261e-01   8.385261e-01  
253       2.503288e+01   2.500478e+01   8.384636e-01   8.384636e-01  
254       2.503288e+01   2.500479e+01   8.384032e-01   8.384032e-01  
255       2.503289e+01   2.500480e+01   8.383451e-01   8.383451e-01  
256       2.503290e+01   2.500481e+01   8.382895e-01   8.382895e-01  
257       2.503290e+01   2.500482e+01   8.382363e-01   8.382363e-01  
258       2.503291e+01   2.500483e+01   8.381858e-01   8.381858e-01  
259       2.503292e+01   2.500484e+01   8.381379e-01   8.381379e-01  
260       2.503293e+01   2.500485e+01   8.380928e-01   8.380928e-01  
261       2.503293e+01   2.500486e+01   8.380504e-01   8.380504e-01  
262       2.503294e+01   2.500487e+01   8.380109e-01   8.380109e-01  
263       2.503295e+01   2.500489e+01   8.379743e-01   8.379743e-01  
264       2.503296e+01   2.500490e+01   8.379406e-01   8.379406e-01  
265       2.503297e+01   2.500491e+01   8.379097e-01   8.379097e-01  
266       2.503299e+01   2.500493e+01   8.378818e-01   8.378818e-01  
267       2.503300e+01   2.500494e+01   8.378567e-01   8.378567e-01  
268       2.503301e+01   2.500495e+01   8.378345e-01   8.378345e-01  
269       2.503302e+01   2.500497e+01   8.378151e-01   8.378151e-01  
270       2.503304e+01   2.500498e+01   8.377987e-01   8.377987e-01  
271       2.503305e+01   2.500500e+01   8.377851e-01   8.377851e-01  
272       2.503306e+01   2.500501e+01   8.377743e-01   8.377743e-01  
273       2.503308e+01   2.500503e+01   8.377665e-01   8.377665e-01  
274       2.503309e+01   2.500504e+01   8.377615e-01   8.377615e-01  
275       2.503311e+01   2.500506e+01   8.377595e-01   8.377595e-01  
276       2.503313e+01   2.500507e+01   8.377604e-01   8.377604e-01  
277       2.503314e+01   2.500509e+01   8.377642e-01   8.377642e-01  
278       2.503316e+01   2.500511e+01   8.377711e-01   8.377711e-01  
279       2.503318e+01   2.500512e+01   8.377811e-01   8.377811e-01  
280       2.503320e+01   2.500514e+01   8.377941e-01   8.377941e-01  
281       2.503321e+01   2.500516e+01   8.378103e-01   8.378103e-01  
282       2.503323e+01   2.500518e+01   8.378297e-01   8.378297e-01  
283       2.503325e+01   2.500520e+01   8.378523e-01   8.378523e-01  
284       2.503327e+01   2.500521e+01   8.378782e-01   8.378782e-01  
285       2.503329e+01   2.500523e+01   8.379074e-01   8.379074e-01  
286       2.503332e+01   2.500525e+01   8.379398e-01   8.379398e-01  
287       2.503334e+01   2.500527e+01   8.379756e-01   8.379756e-01  
288       2.503336e+01   2.500529e+01   8.380146e-01   8.380146e-01  
289       2.503338e+01   2.500531e+01   8.380568e-01   8.380568e-01  
290       2.503341e+01   2.500533e+01   8.381022e-01   8.381022e-01  
291       2.503343e+01   2.500535e+01   8.381507e-01   8.381507e-01  
292       2.503345e+01   2.500537e+01   8.382022e-01   8.382022e-01  
293       2.503348e+01   2.500539e+01   8.382565e-01   8.382565e-01  
294       2.503350e+01   2.500541e+01   8.383136e-01   8.383136e-01  
295       2.503353e+01   2.500543e+01   8.383733e-01   8.383733e-01  
296       2.503355e+01   2.500546e+01   8.384355e-01   8.384355e-01  
297       2.503358e+01   2.500548e+01   8.385000e-01   8.385000e-01  
298       2.503360e+01   2.500550e+01   8.385667e-01   8.385667e-01  
299       2.503363e+01   2.500552e+01   8.386353e-01   8.386353e-01  
300       2.503366e+01   2.500554e+01   8.387057e-01   8.387057e-01  
301       2.503368e+01   2.500556e+01   8.387776e-01   8.387776e-01  
302       2.503371e+01   2.500558e+01   8.388508e-01   8.388508e-01  
303       2.503374e+01   2.500561e+01   8.389251e-01   8.389251e-01  
304       2.503376e+01   2.500563e+01   8.390003e-01   8.390003e-01  
305       2.503379e+01   2.500565e+01   8.390761e-01   8.390761e-01  
306       2.503381e+01   2.500567e+01   8.391522e-01   8.391522e-01  
307       2.503384e+01   2.500569e+01   8.392283e-01   8.392283e-01  
308       2.503386e+01   2.500571e+01   8.393042e-01   8.393042e-01  
309       2.503389e+01   2.500573e+01   8.393796e-01   8.393796e-01  
310       2.503391e+01   2.500575e+01   8.394541e-01   8.394541e-01  
311       2.503393e+01   2.500576e+01   8.395274e-01   8.395274e-01  
312       2.503395e+01   2.500578e+01   8.395994e-01   8.395994e-01  
313       2.503398e+01   2.500580e+01   8.396696e-01   8.396696e-01  
314       2.503399e+01   2.500581e+01   8.397378e-01   8.397378e-01  
315       2.503401e+01   2.500582e+01   8.398037e-01   8.398037e-01  
316       2.503403e+01   2.500584e+01   8.398670e-01   8.398670e-01  
317       2.503404e+01   2.500585e+01   8.399275e-01   8.399275e-01  
318       2.503406e+01   2.500586e+01   8.399848e-01   8.399848e-01  
319       2.503407e+01   2.500586e+01   8.400388e-01   8.400388e-01  
320       2.503407e+01   2.500587e+01   8.400892e-01   8.400892e-01  
321       2.503408e+01   2.500587e+01   8.401357e-01   8.401357e-01  
322       2.503408e+01   2.500587e+01   8.401782e-01   8.401782e-01  
323       2.503408e+01   2.500586e+01   8.402165e-01   8.402165e-01  
324       2.503407e+01   2.500585e+01   8.402504e-01   8.402504e-01  
325       2.503406e+01   2.500584e+01   8.402797e-01   8.402797e-01  
326       2.503405e+01   2.500583e+01   8.403042e-01   8.403042e-01  
327       2.503403e+01   2.500581e+01   8.403239e-01   8.403239e-01  
328       2.503401e+01   2.500578e+01   8.403387e-01   8.403387e-01  
329       2.503398e+01   2.500576e+01   8.403484e-01   8.403484e-01  
330       2.503395e+01   2.500572e+01   8.403532e-01   8.403532e-01  
331       2.503390e+01   2.500568e+01   8.403530e-01   8.403530e-01  
332       2.503386e+01   2.500563e+01   8.403478e-01   8.403478e-01  
333       2.503380e+01   2.500557e+01   8.403379e-01   8.403379e-01  
334       2.503373e+01   2.500551e+01   8.403233e-01   8.403233e-01  
335       2.503366e+01   2.500544e+01   8.403043e-01   8.403043e-01  
336       2.503358e+01   2.500535e+01   8.402810e-01   8.402810e-01  
337       2.503348e+01   2.500526e+01   8.402538e-01   8.402538e-01  
338       2.503338e+01   2.500516e+01   8.402231e-01   8.402231e-01  
339       2.503326e+01   2.500504e+01   8.401892e-01   8.401892e-01  
340       2.503313e+01   2.500492e+01   8.401526e-01   8.401526e-01  
341       2.503299e+01   2.500478e+01   8.401140e-01   8.401140e-01  
342       2.503283e+01   2.500462e+01   8.400739e-01   8.400739e-01  
343       2.503266e+01   2.500446e+01   8.400332e-01   8.400332e-01  
344       2.503248e+01   2.500428e+01   8.399926e-01   8.399926e-01  
345       2.503228e+01   2.500408e+01   8.399533e-01   8.399533e-01  
346       2.503207e+01   2.500387e+01   8.399162e-01   8.399162e-01  
347       2.503185e+01   2.500365e+01   8.398827e-01   8.398827e-01  
348       2.503161e+01   2.500341e+01   8.398542e-01   8.398542e-01  
349       2.503135e+01   2.500316e+01   8.398325e-01   8.398325e-01  
350       2.503109e+01   2.500289e+01   8.398192e-01   8.398192e-01  
351       2.503081e+01   2.500262e+01   8.398166e-01   8.398166e-01  
352       2.503053e+01   2.500234e+01   8.398268e-01   8.398268e-01  
353       2.503024e+01   2.500205e+01   8.398523e-01   8.398523e-01  
354       2.502995e+01   2.500176e+01   8.398960e-01   8.398960e-01  
355       2.502967e+01   2.500146e+01   8.399608e-01   8.399608e-01  
356       2.502939e+01   2.500118e+01   8.400497e-01   8.400497e-01  
357       2.502911e+01   2.500089e+01   8.401661e-01   8.401661e-01  
358       2.502885e+01   2.500062e+01   8.403133e-01   8.403133e-01  
359       2.502859e+01   2.500035e+01   8.404947e-01   8.404947e-01  
360       2.502835e+01   2.500010e+01   8.407136e-01   8.407136e-01  
361       2.502812e+01   2.499985e+01   8.409735e-01   8.409735e-01  
362       2.502789e+01   2.499960e+01   8.412773e-01   8.412774e-01  
363       2.502767e+01   2.499935e+01   8.416283e-01   8.416283e-01  
364       2.502745e+01   2.499910e+01   8.420291e-01   8.420291e-01  
365       2.502721e+01   2.499884e+01   8.424822e-01   8.424822e-01  
366       2.502697e+01   2.499856e+01   8.429899e-01   8.429899e-01  
367       2.502670e+01   2.499825e+01   8.435541e-01   8.435541e-01  
368       2.502640e+01   2.499791e+01   8.441764e-01   8.441764e-01  
369       2.502606e+01   2.499753e+01   8.448579e-01   8.448579e-01  
370       2.502568e+01   2.499709e+01   8.455996e-01   8.455996e-01  
371       2.502524e+01   2.499660e+01   8.464019e-01   8.464020e-01  
372       2.502474e+01   2.499603e+01   8.472652e-01   8.472652e-01  
373       2.502416e+01   2.499539e+01   8.481893e-01   8.481893e-01  
374       2.502350e+01   2.499466e+01   8.491739e-01   8.491740e-01  
375       2.502274e+01   2.499384e+01   8.502186e-01   8.502186e-01  
376       2.502190e+01   2.499292e+01   8.513226e-01   8.513227e-01  
377       2.502095e+01   2.499189e+01   8.524852e-01   8.524853e-01  
378       2.501990e+01   2.499075e+01   8.537054e-01   8.537055e-01  
379       2.501874e+01   2.498951e+01   8.549821e-01   8.549822e-01  
380       2.501748e+01   2.498815e+01   8.563141e-01   8.563142e-01  
381       2.501611e+01   2.498668e+01   8.577002e-01   8.577003e-01  
382       2.501463e+01   2.498511e+01   8.591390e-01   8.591392e-01  
383       2.501305e+01   2.498342e+01   8.606293e-01   8.606295e-01  
384       2.501137e+01   2.498163e+01   8.621696e-01   8.621697e-01  
385       2.500959e+01   2.497974e+01   8.637584e-01   8.637586e-01  
386       2.500771e+01   2.497775e+01   8.653942e-01   8.653944e-01  
387       2.500576e+01   2.497567e+01   8.670755e-01   8.670757e-01  
388       2.500372e+01   2.497351e+01   8.688006e-01   8.688009e-01  
389       2.500162e+01   2.497129e+01   8.705679e-01   8.705682e-01  
390       2.499947e+01   2.496900e+01   8.723757e-01   8.723760e-01  
391       2.499727e+01   2.496667e+01   8.742223e-01   8.742226e-01  
392       2.499504e+01   2.496431e+01   8.761062e-01   8.761065e-01  
393       2.499279e+01   2.496192e+01   8.780257e-01   8.780260e-01  
394       2.499053e+01   2.495952e+01   8.799793e-01   8.799797e-01  
395       2.498828e+01   2.495713e+01   8.819656e-01   8.819660e-01  
396       2.498604e+01   2.495475e+01   8.839828e-01   8.839832e-01  
397       2.498384e+01   2.495240e+01   8.860295e-01   8.860299e-01  
398       2.498168e+01   2.495009e+01   8.881040e-01   8.881044e-01  
399       2.497957e+01   2.494783e+01   8.902046e-01   8.902050e-01  
400       2.497754e+01   2.494564e+01   8.923298e-01   8.923302e-01  
401       2.497559e+01   2.494353e+01   8.944780e-01   8.944785e-01  
402       2.497373e+01   2.494151e+01   8.966481e-01   8.966486e-01  
403       2.497198e+01   2.493960e+01   8.988386e-01   8.988391e-01  
404       2.497034e+01   2.493781e+01   9.010485e-01   9.010490e-01  
405       2.496884e+01   2.493614e+01   9.032764e-01   9.032769e-01  
406       2.496748e+01   2.493461e+01   9.055209e-01   9.055214e-01  
407       2.496626e+01   2.493323e+01   9.077805e-01   9.077810e-01  
408       2.496520e+01   2.493201e+01   9.100535e-01   9.100541e-01  
409       2.496431e+01   2.493094e+01   9.123385e-01   9.123391e-01  
410       2.496358e+01   2.493005e+01   9.146343e-01   9.146348e-01  
411       2.496303e+01   2.492932e+01   9.169399e-01   9.169404e-01  
412       2.496265e+01   2.492877e+01   9.192548e-01   9.192553e-01  
413       2.496244e+01   2.492839e+01   9.215788e-01   9.215793e-01  
414       2.496240e+01   2.492819e+01   9.239115e-01   9.239120e-01  
415       2.496254e+01   2.492815e+01   9.262525e-01   9.262530e-01  
416       2.496284e+01   2.492827e+01   9.286011e-01   9.286016e-01  
417       2.496331e+01   2.492856e+01   9.309565e-01   9.309570e-01  
418       2.496393e+01   2.492901e+01   9.333177e-01   9.333181e-01  
419       2.496471e+01   2.492962e+01   9.356836e-01   9.356840e-01  
420       2.496564e+01   2.493037e+01   9.380535e-01   9.380539e-01  
421       2.496672e+01   2.493127e+01   9.404265e-01   9.404268e-01  
422       2.496793e+01   2.493230e+01   9.428019e-01   9.428022e-01  
423       2.496929e+01   2.493348e+01   9.451791e-01   9.451793e-01  
424       2.497081e+01   2.493483e+01   9.475578e-01   9.475579e-01  
425       2.497260e+01   2.493644e+01   9.499400e-01   9.499401e-01  
426       2.497515e+01   2.493881e+01   9.523434e-01   9.523434e-01  
427       2.498260e+01   2.494607e+01   9.549356e-01   9.549356e-01  
428       2.497652e+01   2.493983e+01   9.569501e-01   9.569500e-01  
429       2.499051e+01   2.495362e+01   9.598184e-01   9.598183e-01  
430       2.497623e+01   2.493918e+01   9.615778e-01   9.615777e-01  
431       2.499234e+01   2.495508e+01   9.645921e-01   9.645909e-01  
432       2.498211e+01   2.494467e+01   9.667304e-01   9.667280e-01  
433       2.499762e+01   2.495997e+01   9.698472e-01   9.698425e-01  
434       2.501786e+01   2.497995e+01   9.735595e-01   9.735362e-01  
435       2.500024e+01   2.496214e+01   9.755903e-01   9.755631e-01  
436       2.496883e+01   2.493051e+01   9.777619e-01   9.776878e-01  
437       2.498134e+01   2.494276e+01   9.814570e-01   9.813709e-01  
438       2.500575e+01   2.496678e+01   9.867596e-01   9.866262e-01  
439       2.499795e+01   2.495868e+01   9.904605e-01   9.903227e-01  
440       2.501125e+01   2.497148e+01   9.970855e-01   9.969363e-01  
441       2.497877e+01   2.493877e+01   9.993203e-01   9.991166e-01  
442       2.502764e+01   2.498692e+01   1.009156e+00   1.008950e+00  
443       2.501463e+01   2.497347e+01   1.014426e+00   1.014142e+00  
444       2.503915e+01   2.499727e+01   1.023667e+00   1.023379e+00  
445       2.503326e+01   2.499077e+01   1.031123e+00   1.030731e+00  
446       2.502358e+01   2.498024e+01   1.041152e+00   1.040733e+00  
447       2.500346e+01   2.495946e+01   1.048753e+00   1.048180e+00  
448       2.501511e+01   2.497003e+01   1.061689e+00   1.061091e+00  
449       2.501626e+01   2.497022e+01   1.073080e+00   1.072441e+00  
450       2.502465e+01   2.497734e+01   1.087844e+00   1.087168e+00  
451       2.501892e+01   2.497048e+01   1.100551e+00   1.100028e+00  
452       2.503475e+01   2.498478e+01   1.118149e+00   1.117612e+00  
453       2.501743e+01   2.496610e+01   1.132650e+00   1.132513e+00  
454       2.504108e+01   2.498800e+01   1.152403e+00   1.152191e+00  
455       2.502284e+01   2.496818e+01   1.168742e+00   1.169188e+00  
456       2.504396e+01   2.498727e+01   1.190730e+00   1.190980e+00  
457       2.502963e+01   2.497108e+01   1.209214e+00   1.210447e+00  
458       2.504671e+01   2.498591e+01   1.232870e+00   1.233712e+00  
459       2.503608e+01   2.497314e+01   1.253425e+00   1.255606e+00  
460       2.504943e+01   2.498401e+01   1.278562e+00   1.280138e+00  
461       2.504282e+01   2.497497e+01   1.301069e+00   1.304295e+00  
462       2.505350e+01   2.498293e+01   1.327607e+00   1.330031e+00  
463       2.505316e+01   2.497983e+01   1.352179e+00   1.356577e+00  
464       2.505345e+01   2.497717e+01   1.379648e+00   1.382998e+00  
465       2.505744e+01   2.497808e+01   1.406236e+00   1.411911e+00  
466       2.506795e+01   2.498534e+01   1.435693e+00   1.440016e+00  
467       2.506130e+01   2.497544e+01   1.462163e+00   1.469085e+00  
468       2.506882e+01   2.497962e+01   1.491298e+00   1.496632e+00  
469       2.505804e+01   2.496541e+01   1.517984e+00   1.526153e+00  
470       2.506545e+01   2.496925e+01   1.548177e+00   1.554570e+00  
471       2.505870e+01   2.495873e+01   1.576499e+00   1.585855e+00  
472       2.506802e+01   2.496448e+01   1.605697e+00   1.613149e+00  
473       2.506163e+01   2.495448e+01   1.631573e+00   1.642373e+00  
474       2.507001e+01   2.495931e+01   1.659844e+00   1.668287e+00  
475       2.506179e+01   2.494743e+01   1.685202e+00   1.696829e+00  
476       2.507292e+01   2.495583e+01   1.707033e+00   1.715789e+00  
477       2.507085e+01   2.495123e+01   1.723096e+00   1.736251e+00  
478       2.507986e+01   2.495741e+01   1.744011e+00   1.756556e+00  
479       2.506635e+01   2.493978e+01   1.769643e+00   1.788186e+00  
480       2.507230e+01   2.494284e+01   1.791287e+00   1.807268e+00  
481       2.506854e+01   2.493681e+01   1.805351e+00   1.824213e+00  
482       2.507888e+01   2.494546e+01   1.819605e+00   1.833959e+00  
483       2.506973e+01   2.493325e+01   1.838405e+00   1.856008e+00  
484       2.507317e+01   2.493508e+01   1.850639e+00   1.865600e+00  
485       2.506818e+01   2.492906e+01   1.854923e+00   1.874780e+00  
486       2.507899e+01   2.493910e+01   1.862978e+00   1.877944e+00  
487       2.506614e+01   2.492355e+01   1.879986e+00   1.895626e+00  
488       2.506924e+01   2.492555e+01   1.890459e+00   1.900003e+00  
489       2.507252e+01   2.492987e+01   1.880636e+00   1.896378e+00  
490       2.507182e+01   2.492983e+01   1.878568e+00   1.889699e+00  
491       2.506592e+01   2.492248e+01   1.889422e+00   1.897512e+00  
492       2.506760e+01   2.492599e+01   1.881297e+00   1.881499e+00  
493       2.506874e+01   2.492586e+01   1.888049e+00   1.891646e+00  
494       2.506284e+01   2.492002e+01   1.889733e+00   1.888823e+00  
495       2.506376e+01   2.492237e+01   1.881498e+00   1.878172e+00  
496       2.506643e+01   2.492508e+01   1.884155e+00   1.875094e+00  
497       2.506505e+01   2.492354e+01   1.883592e+00   1.877842e+00  
498       2.506624e+01   2.492660e+01   1.873942e+00   1.862622e+00  
499       2.505750e+01   2.491616e+01   1.887438e+00   1.871015e+00  
500       2.506008e+01   2.491963e+01   1.883679e+00   1.863160e+00  
501       2.506309e+01   2.492366e+01   1.876508e+00   1.857101e+00  
502       2.505791e+01   2.491778e+01   1.883858e+00   1.858643e+00  
503       2.505780e+01   2.491843e+01   1.879199e+00   1.853042e+00  
504       2.506120e+01   2.492281e+01   1.874099e+00   1.845176e+00  
505       2.505702e+01   2.491799e+01   1.878111e+00   1.849570e+00  
506       2.505620e+01   2.491834e+01   1.871085e+00   1.840822e+00  
507       2.505543e+01   2.491707e+01   1.873829e+00   1.844767e+00  
508       2.505100e+01   2.491294e+01   1.874190e+00   1.839915e+00  
509       2.505294e+01   2.491560e+01   1.868698e+00   1.835957e+00  
510       2.504980e+01   2.491207e+01   1.872890e+00   1.836727e+00  
511       2.505060e+01   2.491288e+01   1.872574e+00   1.836970e+00  
512       2.504882e+01   2.491096e+01   1.874234e+00   1.837110e+00  
513       2.505516e+01   2.491760e+01   1.872051e+00   1.835769e+00  
514       2.504998e+01   2.491207e+01   1.875016e+00   1.837061e+00  
515       2.505111e+01   2.491223e+01   1.882520e+00   1.842536e+00  
516       2.506066e+01   2.492252e+01   1.877175e+00   1.838692e+00  
517       2.506229e+01   2.492274e+01   1.887207e+00   1.847730e+00  
518       2.507317e+01   2.493396e+01   1.885089e+00   1.846107e+00  
519       2.506740e+01   2.492685e+01   1.894314e+00   1.854298e+00  
520       2.506533e+01   2.492398e+01   1.898854e+00   1.860195e+00  
521       2.505899e+01   2.491707e+01   1.903636e+00   1.862503e+00  
522       2.505490e+01   2.491136e+01   1.913380e+00   1.873823e+00  
523       2.506817e+01   2.492502e+01   1.911663e+00   1.871372e+00  
524       2.507272e+01   2.492823e+01   1.920394e+00   1.880646e+00  
525       2.508142e+01   2.493724e+01   1.919324e+00   1.878381e+00  
526       2.506948e+01   2.492361e+01   1.929254e+00   1.889607e+00  
527       2.507249e+01   2.492570e+01   1.935857e+00   1.895130e+00  
528       2.508814e+01   2.494073e+01   1.940651e+00   1.899667e+00  
529       2.510043e+01   2.495263e+01   1.942517e+00   1.903834e+00  
530       2.510166e+01   2.495399e+01   1.942001e+00   1.902806e+00  
531       2.509079e+01   2.494064e+01   1.952325e+00   1.923640e+00  
532       2.510842e+01   2.495852e+01   1.953210e+00   1.920973e+00  
533       2.511425e+01   2.496343e+01   1.956744e+00   1.929744e+00  
534       2.511855e+01   2.496681e+01   1.966654e+00   1.931815e+00  
535       2.512215e+01   2.496901e+01   1.973813e+00   1.943006e+00  
536       2.513136e+01   2.497679e+01   1.982050e+00   1.953619e+00  
537       2.513098e+01   2.497578e+01   1.983970e+00   1.959639e+00  
538       2.513583e+01   2.497862e+01   1.995498e+00   1.973994e+00  
539       2.514278e+01   2.498399e+01   2.008881e+00   1.980891e+00  
540       2.514851e+01   2.498860e+01   2.013127e+00   1.991109e+00  
541       2.515211e+01   2.499049e+01   2.024762e+00   2.001094e+00  
542       2.516259e+01   2.499874e+01   2.034479e+00   2.019857e+00  
543       2.516246e+01   2.499713e+01   2.047516e+00   2.024927e+00  
544       2.516640e+01   2.499930e+01   2.054507e+00   2.040032e+00  
545       2.517673e+01   2.500721e+01   2.071348e+00   2.053442e+00  
546       2.518596e+01   2.501527e+01   2.075461e+00   2.064255e+00  
547       2.519000e+01   2.501708e+01   2.091358e+00   2.075587e+00  
548       2.519586e+01   2.502052e+01   2.103877e+00   2.092569e+00  
549       2.520859e+01   2.503192e+01   2.111995e+00   2.101336e+00  
550       2.520600e+01   2.502703e+01   2.124247e+00   2.116024e+00  
551       2.521842e+01   2.503705e+01   2.138692e+00   2.130952e+00  
552       2.522911e+01   2.504705e+01   2.142125e+00   2.136455e+00  
553       2.523256e+01   2.504812e+01   2.154271e+00   2.152429e+00  
554       2.523109e+01   2.504477e+01   2.166334e+00   2.162067e+00  
555       2.524487e+01   2.505714e+01   2.172337e+00   2.173526e+00  
556       2.523935e+01   2.505059e+01   2.177270e+00   2.179920e+00  
557       2.525006e+01   2.505891e+01   2.191152e+00   2.194318e+00  
558       2.524996e+01   2.505782e+01   2.196487e+00   2.200399e+00  
559       2.525909e+01   2.506576e+01   2.201691e+00   2.209545e+00  
560       2.525828e+01   2.506381e+01   2.208908e+00   2.215061e+00  
561       2.527505e+01   2.507959e+01   2.213356e+00   2.223346e+00  
562       2.527550e+01   2.507952e+01   2.215827e+00   2.226706e+00  
563       2.527981e+01   2.508221e+01   2.224380e+00   2.236891e+00  
564       2.528297e+01   2.508532e+01   2.225090e+00   2.237004e+00  
565       2.528252e+01   2.508336e+01   2.232678e+00   2.246284e+00  
566       2.530150e+01   2.510397e+01   2.226551e+00   2.235888e+00  
567       2.529778e+01   2.509877e+01   2.232961e+00   2.245745e+00  
568       2.531438e+01   2.511644e+01   2.229504e+00   2.238614e+00  
569       2.530270e+01   2.510290e+01   2.239117e+00   2.248873e+00  
570       2.532171e+01   2.512295e+01   2.234589e+00   2.243416e+00  
571       2.531336e+01   2.511286e+01   2.244280e+00   2.252495e+00  
572       2.533192e+01   2.513193e+01   2.243481e+00   2.249193e+00  
573       2.532034e+01   2.511873e+01   2.251460e+00   2.258365e+00  
574       2.534242e+01   2.514245e+01   2.244791e+00   2.248564e+00  
575       2.533166e+01   2.512985e+01   2.254641e+00   2.258410e+00  
576       2.534966e+01   2.514871e+01   2.251715e+00   2.253335e+00  
577       2.533703e+01   2.513368e+01   2.265612e+00   2.264970e+00  
578       2.534861e+01   2.514553e+01   2.265061e+00   2.263567e+00  
579       2.534755e+01   2.514389e+01   2.269343e+00   2.265655e+00  
580       2.535721e+01   2.515299e+01   2.272232e+00   2.269836e+00  
581       2.535358e+01   2.514899e+01   2.274275e+00   2.271537e+00  
582       2.536554e+01   2.516026e+01   2.278711e+00   2.275856e+00  
583       2.536250e+01   2.515691e+01   2.282383e+00   2.275282e+00  
584       2.536699e+01   2.515977e+01   2.290586e+00   2.285448e+00  
585       2.536959e+01   2.516241e+01   2.291363e+00   2.284430e+00  
586       2.537490e+01   2.516631e+01   2.298413e+00   2.293408e+00  
587       2.538075e+01   2.517245e+01   2.299546e+00   2.289576e+00  
588       2.537750e+01   2.516635e+01   2.312767e+00   2.307257e+00  
589       2.538329e+01   2.517352e+01   2.307506e+00   2.297999e+00  
590       2.538587e+01   2.517232e+01   2.326541e+00   2.320224e+00  
591       2.539019e+01   2.517819e+01   2.320409e+00   2.309975e+00  
592       2.538780e+01   2.517281e+01   2.333939e+00   2.328606e+00  
593       2.538857e+01   2.517415e+01   2.333289e+00   2.323219e+00  
594       2.539475e+01   2.517744e+01   2.347071e+00   2.341131e+00  
595       2.538110e+01   2.516376e+01   2.348827e+00   2.338461e+00  
596       2.539315e+01   2.517475e+01   2.353189e+00   2.346662e+00  
597       2.537809e+01   2.515824e+01   2.362485e+00   2.351331e+00  
598       2.539279e+01   2.517238e+01   2.363575e+00   2.357727e+00  
599       2.537441e+01   2.515269e+01   2.371543e+00   2.361927e+00  
600       2.538740e+01   2.516490e+01   2.375152e+00   2.367766e+00  
601       2.538814e+01   2.516608e+01   2.373607e+00   2.364741e+00  
602       2.539892e+01   2.517563e+01   2.379520e+00   2.372880e+00  
603       2.538555e+01   2.516234e+01   2.379147e+00   2.371178e+00  
604       2.539173e+01   2.516763e+01   2.383371e+00   2.377008e+00  
605       2.537104e+01   2.514613e+01   2.386334e+00   2.380608e+00  
606       2.538760e+01   2.516264e+01   2.386619e+00   2.382392e+00  
607       2.536369e+01   2.513834e+01   2.387795e+00   2.383031e+00  
608       2.539703e+01   2.517230e+01   2.385039e+00   2.382445e+00  
609       2.535243e+01   2.512609e+01   2.392567e+00   2.387638e+00  
610       2.539300e+01   2.516779e+01   2.388384e+00   2.383737e+00  
611       2.533802e+01   2.511078e+01   2.397515e+00   2.390733e+00  
612       2.539001e+01   2.516362e+01   2.394951e+00   2.389417e+00  
613       2.534530e+01   2.511678e+01   2.404626e+00   2.397787e+00  
614       2.539622e+01   2.516933e+01   2.398311e+00   2.391833e+00  
615       2.533924e+01   2.510977e+01   2.408796e+00   2.402962e+00  
616       2.538680e+01   2.515584e+01   2.417422e+00   2.414413e+00  
617       2.533844e+01   2.510696e+01   2.418265e+00   2.414399e+00  
618       2.540087e+01   2.516884e+01   2.423181e+00   2.421060e+00  
619       2.534353e+01   2.511028e+01   2.428301e+00   2.423077e+00  
620       2.540073e+01   2.516635e+01   2.436310e+00   2.432383e+00  
621       2.533597e+01   2.509867e+01   2.448644e+00   2.443889e+00  
622       2.540694e+01   2.517010e+01   2.446815e+00   2.447779e+00  
623       2.534612e+01   2.510672e+01   2.458746e+00   2.456168e+00  
624       2.540983e+01   2.516954e+01   2.464008e+00   2.466281e+00  
625       2.534100e+01   2.509837e+01   2.474047e+00   2.473338e+00  
626       2.541841e+01   2.517534e+01   2.478520e+00   2.480906e+00  
627       2.534304e+01   2.509820e+01   2.484501e+00   2.485383e+00  
628       2.542190e+01   2.517613e+01   2.490806e+00   2.496350e+00  
629       2.535092e+01   2.510419e+01   2.494527e+00   2.495251e+00  
630       2.542678e+01   2.517980e+01   2.497777e+00   2.502031e+00  
631       2.535635e+01   2.510702e+01   2.507344e+00   2.508986e+00  
632       2.542792e+01   2.517852e+01   2.508000e+00   2.516164e+00  
633       2.536161e+01   2.511060e+01   2.515068e+00   2.518674e+00  
634       2.542668e+01   2.517528e+01   2.518520e+00   2.525573e+00  
635       2.535635e+01   2.510262e+01   2.526743e+00   2.533469e+00  
636       2.543312e+01   2.518079e+01   2.521670e+00   2.532388e+00  
637       2.536931e+01   2.511572e+01   2.526591e+00   2.533619e+00  
638       2.543256e+01   2.517770e+01   2.534471e+00   2.544637e+00  
639       2.536648e+01   2.511106e+01   2.534460e+00   2.543575e+00  
640       2.543213e+01   2.517664e+01   2.536845e+00   2.548387e+00  
641       2.536229e+01   2.510664e+01   2.536578e+00   2.543277e+00  
642       2.543404e+01   2.517744e+01   2.542708e+00   2.553741e+00  
643       2.536253e+01   2.510680e+01   2.537099e+00   2.543594e+00  
644       2.543345e+01   2.517607e+01   2.546783e+00   2.557229e+00  
645       2.535701e+01   2.509947e+01   2.546426e+00   2.551569e+00  
646       2.543692e+01   2.517885e+01   2.550015e+00   2.561236e+00  
647       2.535659e+01   2.509896e+01   2.547608e+00   2.551170e+00  
648       2.542254e+01   2.516272e+01   2.559777e+00   2.567290e+00  
649       2.535215e+01   2.509298e+01   2.555243e+00   2.558181e+00  
650       2.542137e+01   2.516093e+01   2.563458e+00   2.569466e+00  
651       2.535055e+01   2.509032e+01   2.560361e+00   2.563408e+00  
652       2.542065e+01   2.515916e+01   2.569568e+00   2.573685e+00  
653       2.535038e+01   2.508939e+01   2.564390e+00   2.566735e+00  
654       2.541387e+01   2.515077e+01   2.578902e+00   2.579316e+00  
655       2.534380e+01   2.508108e+01   2.571666e+00   2.575717e+00  
656       2.541277e+01   2.514890e+01   2.582378e+00   2.583271e+00  
657       2.534028e+01   2.507706e+01   2.575893e+00   2.576033e+00  
658       2.540594e+01   2.514074e+01   2.589857e+00   2.588041e+00  
659       2.534097e+01   2.507689e+01   2.579571e+00   2.580746e+00  
660       2.540707e+01   2.514105e+01   2.594204e+00   2.591665e+00  
661       2.533793e+01   2.507233e+01   2.586784e+00   2.587940e+00  
662       2.540186e+01   2.513399e+01   2.602535e+00   2.600695e+00  
663       2.532665e+01   2.505923e+01   2.598064e+00   2.593067e+00  
664       2.540007e+01   2.513071e+01   2.609917e+00   2.607566e+00  
665       2.533608e+01   2.506750e+01   2.602364e+00   2.600954e+00  
666       2.539041e+01   2.511876e+01   2.620285e+00   2.618184e+00  
667       2.532252e+01   2.505129e+01   2.615654e+00   2.611818e+00  
668       2.538999e+01   2.511642e+01   2.629731e+00   2.627118e+00  
669       2.532015e+01   2.504670e+01   2.626900e+00   2.621468e+00  
670       2.538370e+01   2.510818e+01   2.637446e+00   2.637251e+00  
671       2.532540e+01   2.505077e+01   2.632269e+00   2.628005e+00  
672       2.537810e+01   2.510115e+01   2.646398e+00   2.641377e+00  
673       2.531963e+01   2.504246e+01   2.644350e+00   2.639313e+00  
674       2.538605e+01   2.510785e+01   2.652201e+00   2.648295e+00  
675       2.532389e+01   2.504626e+01   2.646728e+00   2.641791e+00  
676       2.539099e+01   2.511201e+01   2.655550e+00   2.652820e+00  
677       2.533055e+01   2.505131e+01   2.655195e+00   2.649325e+00  
678       2.538263e+01   2.510183e+01   2.663964e+00   2.660638e+00  
679       2.533206e+01   2.505219e+01   2.656713e+00   2.653925e+00  
680       2.537967e+01   2.509772e+01   2.670709e+00   2.664418e+00  
681       2.532364e+01   2.504189e+01   2.665444e+00   2.661908e+00  
682       2.537414e+01   2.509131e+01   2.672499e+00   2.670408e+00  
683       2.532121e+01   2.503864e+01   2.670491e+00   2.664278e+00  
684       2.538056e+01   2.509621e+01   2.680479e+00   2.677362e+00  
685       2.532290e+01   2.503918e+01   2.675923e+00   2.669884e+00  
686       2.538611e+01   2.510171e+01   2.680761e+00   2.678131e+00  
687       2.533139e+01   2.504648e+01   2.681916e+00   2.675938e+00  
688       2.538566e+01   2.509944e+01   2.688835e+00   2.686969e+00  
689       2.532549e+01   2.503837e+01   2.692178e+00   2.685575e+00  
690       2.538377e+01   2.509614e+01   2.693367e+00   2.695413e+00  
691       2.534061e+01   2.505173e+01   2.700954e+00   2.694830e+00  
692       2.538689e+01   2.509753e+01   2.702020e+00   2.703225e+00  
693       2.534188e+01   2.505181e+01   2.704584e+00   2.702382e+00  
694       2.538659e+01   2.509485e+01   2.713677e+00   2.713564e+00  
695       2.534996e+01   2.505774e+01   2.714817e+00   2.712923e+00  
696       2.538696e+01   2.509374e+01   2.719528e+00   2.721419e+00  
697       2.535593e+01   2.506139e+01   2.725283e+00   2.724511e+00  
698       2.539604e+01   2.510082e+01   2.728145e+00   2.732129e+00  
699       2.535754e+01   2.506079e+01   2.735229e+00   2.734944e+00  
700       2.539323e+01   2.509592e+01   2.737660e+00   2.741622e+00  
701       2.535653e+01   2.505703e+01   2.746211e+00   2.749031e+00  
702       2.539833e+01   2.509907e+01   2.746391e+00   2.751234e+00  
703       2.536580e+01   2.506588e+01   2.746634e+00   2.753492e+00  
704       2.540566e+01   2.510563e+01   2.750471e+00   2.754900e+00  
705       2.536998e+01   2.506844e+01   2.756240e+00   2.759053e+00  
706       2.540398e+01   2.510188e+01   2.759580e+00   2.764504e+00  
707       2.537886e+01   2.507611e+01   2.759745e+00   2.767547e+00  
708       2.541202e+01   2.510980e+01   2.758860e+00   2.767184e+00  
709       2.538531e+01   2.508192e+01   2.762093e+00   2.771606e+00  
710       2.541025e+01   2.510623e+01   2.767471e+00   2.774790e+00  
711       2.539316e+01   2.508889e+01   2.767171e+00   2.775358e+00  
712       2.541677e+01   2.511338e+01   2.764124e+00   2.773071e+00  
713       2.540175e+01   2.509778e+01   2.763451e+00   2.777402e+00  
714       2.541441e+01   2.511092e+01   2.764274e+00   2.773546e+00  
715       2.541078e+01   2.510702e+01   2.765453e+00   2.774434e+00  
716       2.541936e+01   2.511583e+01   2.764439e+00   2.774295e+00  
717       2.541798e+01   2.511476e+01   2.762960e+00   2.772875e+00  
718       2.541661e+01   2.511383e+01   2.760924e+00   2.770722e+00  
719       2.542406e+01   2.512065e+01   2.765333e+00   2.772849e+00  
720       2.542707e+01   2.512506e+01   2.759733e+00   2.766083e+00  
721       2.543225e+01   2.512931e+01   2.763400e+00   2.771422e+00  
722       2.543022e+01   2.512790e+01   2.759064e+00   2.769897e+00  
723       2.544092e+01   2.513836e+01   2.762856e+00   2.769473e+00  
724       2.543569e+01   2.513361e+01   2.761268e+00   2.766167e+00  
725       2.544229e+01   2.514008e+01   2.761518e+00   2.767715e+00  
726       2.544087e+01   2.513954e+01   2.756440e+00   2.764676e+00  
727       2.544924e+01   2.514669e+01   2.764723e+00   2.768458e+00  
728       2.544490e+01   2.514284e+01   2.762150e+00   2.766101e+00  
729       2.544501e+01   2.514160e+01   2.767487e+00   2.772936e+00  
730       2.545154e+01   2.515006e+01   2.760941e+00   2.762738e+00  
731       2.544968e+01   2.514746e+01   2.762110e+00   2.768080e+00  
732       2.544598e+01   2.514403e+01   2.763808e+00   2.763507e+00  
733       2.544863e+01   2.514677e+01   2.761447e+00   2.765363e+00  
734       2.544743e+01   2.514574e+01   2.762363e+00   2.762809e+00  
735       2.545240e+01   2.515156e+01   2.757851e+00   2.760062e+00  
736       2.545529e+01   2.515371e+01   2.763009e+00   2.761984e+00  
737       2.545517e+01   2.515396e+01   2.759572e+00   2.762071e+00  
738       2.545366e+01   2.515174e+01   2.764667e+00   2.763193e+00  
739       2.545352e+01   2.515178e+01   2.762656e+00   2.763601e+00  
740       2.545850e+01   2.515695e+01   2.763761e+00   2.761328e+00  
741       2.545550e+01   2.515370e+01   2.762570e+00   2.764459e+00  
742       2.545474e+01   2.515165e+01   2.771818e+00   2.766848e+00  
743       2.545954e+01   2.515708e+01   2.765989e+00   2.767506e+00  
744       2.546825e+01   2.516491e+01   2.773965e+00   2.768458e+00  
745       2.546481e+01   2.516328e+01   2.761461e+00   2.764173e+00  
746       2.546192e+01   2.515752e+01   2.777397e+00   2.773899e+00  
747       2.547804e+01   2.517681e+01   2.762879e+00   2.761376e+00  
748       2.546400e+01   2.515892e+01   2.781021e+00   2.776709e+00  
749       2.548064e+01   2.517894e+01   2.764700e+00   2.764099e+00  
750       2.547272e+01   2.516741e+01   2.782857e+00   2.777875e+00  
751       2.547324e+01   2.517097e+01   2.766787e+00   2.766422e+00  
752       2.547078e+01   2.516510e+01   2.784519e+00   2.779297e+00  
753       2.547212e+01   2.516968e+01   2.768042e+00   2.766541e+00  
754       2.547893e+01   2.517317e+01   2.785458e+00   2.780053e+00  
755       2.546931e+01   2.516659e+01   2.768439e+00   2.768447e+00  
756       2.547243e+01   2.516680e+01   2.783427e+00   2.780200e+00  
757       2.547427e+01   2.517212e+01   2.766874e+00   2.765443e+00  
758       2.547445e+01   2.516827e+01   2.786023e+00   2.782728e+00  
759       2.548019e+01   2.517861e+01   2.763950e+00   2.763750e+00  
760       2.548261e+01   2.517760e+01   2.781027e+00   2.778091e+00  
761       2.548726e+01   2.518538e+01   2.765829e+00   2.765405e+00  
762       2.549118e+01   2.518561e+01   2.783575e+00   2.781580e+00  
763       2.549361e+01   2.519202e+01   2.764334e+00   2.764925e+00  
764       2.548943e+01   2.518400e+01   2.782138e+00   2.781498e+00  
765       2.549372e+01   2.519048e+01   2.772420e+00   2.771923e+00  
766       2.548826e+01   2.518162e+01   2.787616e+00   2.786867e+00  
767       2.548933e+01   2.518512e+01   2.776581e+00   2.776005e+00  
768       2.548816e+01   2.517999e+01   2.793662e+00   2.794620e+00  
769       2.549584e+01   2.519134e+01   2.778326e+00   2.777596e+00  
770       2.548930e+01   2.518058e+01   2.796236e+00   2.797161e+00  
771       2.549843e+01   2.519339e+01   2.780804e+00   2.780352e+00  
772       2.549162e+01   2.518083e+01   2.804370e+00   2.807862e+00  
773       2.549619e+01   2.518984e+01   2.785936e+00   2.786849e+00  
774       2.549016e+01   2.517739e+01   2.813295e+00   2.816476e+00  
775       2.549549e+01   2.518715e+01   2.794140e+00   2.796486e+00  
776       2.549219e+01   2.517868e+01   2.817384e+00   2.819268e+00  
777       2.549585e+01   2.518667e+01   2.797483e+00   2.800764e+00  
778       2.549691e+01   2.518213e+01   2.823933e+00   2.824633e+00  
779       2.548283e+01   2.517236e+01   2.802057e+00   2.806398e+00  
780       2.550317e+01   2.518794e+01   2.825529e+00   2.827698e+00  
781       2.549308e+01   2.518169e+01   2.805833e+00   2.811928e+00  
782       2.550016e+01   2.518421e+01   2.828137e+00   2.831088e+00  
783       2.548669e+01   2.517504e+01   2.806539e+00   2.812826e+00  
784       2.550204e+01   2.518501e+01   2.833229e+00   2.835819e+00  
785       2.547877e+01   2.516584e+01   2.811958e+00   2.818014e+00  
786       2.549395e+01   2.517665e+01   2.832847e+00   2.837779e+00  
787       2.547965e+01   2.516737e+01   2.806774e+00   2.817450e+00  
788       2.549543e+01   2.517838e+01   2.831579e+00   2.836981e+00  
789       2.547776e+01   2.516622e+01   2.805804e+00   2.811597e+00  
790       2.548403e+01   2.516641e+01   2.832683e+00   2.839650e+00  
791       2.547319e+01   2.516239e+01   2.801563e+00   2.808753e+00  
792       2.548848e+01   2.517165e+01   2.828464e+00   2.837399e+00  
793       2.547020e+01   2.516084e+01   2.794356e+00   2.802695e+00  
794       2.548408e+01   2.516772e+01   2.826915e+00   2.834184e+00  
795       2.546234e+01   2.515293e+01   2.795711e+00   2.800926e+00  
796       2.548031e+01   2.516475e+01   2.823330e+00   2.830241e+00  
797       2.545744e+01   2.514883e+01   2.791651e+00   2.797169e+00  
798       2.548620e+01   2.517215e+01   2.816695e+00   2.824124e+00  
799       2.544755e+01   2.513939e+01   2.790365e+00   2.793263e+00  
800       2.548782e+01   2.517400e+01   2.816540e+00   2.822384e+00  
801       2.544306e+01   2.513605e+01   2.784279e+00   2.788604e+00  
802       2.548479e+01   2.517180e+01   2.812490e+00   2.818590e+00  
803       2.543076e+01   2.512401e+01   2.783923e+00   2.785233e+00  
804       2.548199e+01   2.516939e+01   2.811552e+00   2.815846e+00  
805       2.542793e+01   2.512199e+01   2.780192e+00   2.781291e+00  
806       2.548496e+01   2.517294e+01   2.808455e+00   2.814029e+00  
807       2.541217e+01   2.510605e+01   2.780129e+00   2.781262e+00  
808       2.548244e+01   2.517078e+01   2.807374e+00   2.811647e+00  
809       2.540655e+01   2.510171e+01   2.775260e+00   2.774005e+00  
810       2.548504e+01   2.517473e+01   2.802405e+00   2.804813e+00  
811       2.540061e+01   2.509646e+01   2.770810e+00   2.771555e+00  
812       2.548402e+01   2.517355e+01   2.802858e+00   2.805641e+00  
813       2.539599e+01   2.509123e+01   2.773919e+00   2.773421e+00  
814       2.548301e+01   2.517274e+01   2.803522e+00   2.803048e+00  
815       2.538851e+01   2.508389e+01   2.772315e+00   2.772971e+00  
816       2.548050e+01   2.517025e+01   2.803627e+00   2.802571e+00  
817       2.538127e+01   2.507617e+01   2.774431e+00   2.774375e+00  
818       2.547299e+01   2.516262e+01   2.803851e+00   2.802575e+00  
819       2.537333e+01   2.506804e+01   2.775206e+00   2.774394e+00  
820       2.547537e+01   2.516487e+01   2.804613e+00   2.803226e+00  
821       2.537323e+01   2.506734e+01   2.777586e+00   2.777415e+00  
822       2.546892e+01   2.515781e+01   2.806437e+00   2.806110e+00  
823       2.537017e+01   2.506423e+01   2.778835e+00   2.776324e+00  
824       2.545925e+01   2.514847e+01   2.804378e+00   2.804187e+00  
825       2.536437e+01   2.505844e+01   2.778757e+00   2.775696e+00  
826       2.545434e+01   2.514215e+01   2.810823e+00   2.809772e+00  
827       2.536728e+01   2.506064e+01   2.783381e+00   2.777742e+00  
828       2.545534e+01   2.514378e+01   2.806488e+00   2.808547e+00  
829       2.536447e+01   2.505818e+01   2.781693e+00   2.775985e+00  
830       2.545287e+01   2.514133e+01   2.806351e+00   2.808243e+00  
831       2.536084e+01   2.505334e+01   2.785822e+00   2.782428e+00  
832       2.545065e+01   2.513914e+01   2.807058e+00   2.807026e+00  
833       2.536159e+01   2.505366e+01   2.788316e+00   2.783798e+00  
834       2.545152e+01   2.513967e+01   2.808882e+00   2.808372e+00  
835       2.536701e+01   2.505917e+01   2.787574e+00   2.784376e+00  
836       2.544510e+01   2.513198e+01   2.814727e+00   2.813113e+00  
837       2.537286e+01   2.506467e+01   2.789579e+00   2.786165e+00  
838       2.545065e+01   2.513679e+01   2.819171e+00   2.816031e+00  
839       2.537273e+01   2.506320e+01   2.795630e+00   2.792100e+00  
840       2.544510e+01   2.512987e+01   2.823721e+00   2.823015e+00  
841       2.537496e+01   2.506464e+01   2.799747e+00   2.795357e+00  
842       2.543927e+01   2.512261e+01   2.830145e+00   2.828636e+00  
843       2.537977e+01   2.506806e+01   2.805827e+00   2.802234e+00  
844       2.545114e+01   2.513368e+01   2.834639e+00   2.832572e+00  
845       2.539191e+01   2.507926e+01   2.811707e+00   2.806096e+00  
846       2.545323e+01   2.513487e+01   2.837239e+00   2.838186e+00  
847       2.540735e+01   2.509388e+01   2.815938e+00   2.810846e+00  
848       2.546317e+01   2.514355e+01   2.844159e+00   2.843546e+00  
849       2.541232e+01   2.509760e+01   2.821167e+00   2.817377e+00  
850       2.546681e+01   2.514520e+01   2.853723e+00   2.851903e+00  
851       2.542138e+01   2.510472e+01   2.830409e+00   2.826339e+00  
852       2.547017e+01   2.514735e+01   2.858656e+00   2.858060e+00  
853       2.542939e+01   2.511175e+01   2.835104e+00   2.831301e+00  
854       2.548193e+01   2.515915e+01   2.859528e+00   2.858165e+00  
855       2.544205e+01   2.512318e+01   2.840266e+00   2.838374e+00  
856       2.548657e+01   2.516361e+01   2.860081e+00   2.859689e+00  
857       2.545466e+01   2.513515e+01   2.841777e+00   2.843989e+00  
858       2.548824e+01   2.516425e+01   2.864237e+00   2.864788e+00  
859       2.546587e+01   2.514592e+01   2.844199e+00   2.846688e+00  
860       2.549846e+01   2.517414e+01   2.866819e+00   2.866271e+00  
861       2.547794e+01   2.515823e+01   2.844791e+00   2.845368e+00  
862       2.550183e+01   2.517719e+01   2.868546e+00   2.867722e+00  
863       2.548658e+01   2.516678e+01   2.846129e+00   2.845713e+00  
864       2.550490e+01   2.518098e+01   2.863480e+00   2.866851e+00  
865       2.549903e+01   2.517913e+01   2.846971e+00   2.847184e+00  
866       2.551651e+01   2.519300e+01   2.863144e+00   2.864796e+00  
867       2.550536e+01   2.518600e+01   2.845614e+00   2.844493e+00  
868       2.551807e+01   2.519518e+01   2.861263e+00   2.861516e+00  
869       2.550587e+01   2.518629e+01   2.848463e+00   2.843601e+00  
870       2.552371e+01   2.520180e+01   2.857538e+00   2.857170e+00  
871       2.551429e+01   2.519578e+01   2.843481e+00   2.840121e+00  
872       2.553408e+01   2.521225e+01   2.858293e+00   2.856902e+00  
873       2.551755e+01   2.519896e+01   2.845400e+00   2.839309e+00  
874       2.553789e+01   2.521635e+01   2.857578e+00   2.855479e+00  
875       2.551717e+01   2.519819e+01   2.848117e+00   2.840001e+00  
876       2.554672e+01   2.522597e+01   2.854496e+00   2.852633e+00  
877       2.552164e+01   2.520309e+01   2.846403e+00   2.838399e+00  
878       2.555678e+01   2.523610e+01   2.854488e+00   2.853056e+00  
879       2.552503e+01   2.520633e+01   2.847311e+00   2.839187e+00  
880       2.554954e+01   2.522821e+01   2.858377e+00   2.854190e+00  
881       2.553813e+01   2.521969e+01   2.847605e+00   2.838006e+00  
882       2.556023e+01   2.523901e+01   2.858668e+00   2.854045e+00  
883       2.553761e+01   2.521901e+01   2.848375e+00   2.838651e+00  
884       2.556550e+01   2.524382e+01   2.862241e+00   2.855143e+00  
885       2.554761e+01   2.522921e+01   2.847855e+00   2.838442e+00  
886       2.556957e+01   2.524828e+01   2.860215e+00   2.854192e+00  
887       2.555145e+01   2.523283e+01   2.850682e+00   2.838007e+00  
888       2.557365e+01   2.525175e+01   2.863285e+00   2.856989e+00  
889       2.556029e+01   2.524096e+01   2.853960e+00   2.842050e+00  
890       2.557835e+01   2.525545e+01   2.866821e+00   2.862784e+00  
891       2.556780e+01   2.524765e+01   2.859105e+00   2.845020e+00  
892       2.557381e+01   2.525033e+01   2.870264e+00   2.863950e+00  
893       2.556143e+01   2.524034e+01   2.862429e+00   2.849308e+00  
894       2.557589e+01   2.525228e+01   2.869762e+00   2.865807e+00  
895       2.556820e+01   2.524714e+01   2.863227e+00   2.848983e+00  
896       2.558149e+01   2.525713e+01   2.873710e+00   2.869158e+00  
897       2.556467e+01   2.524202e+01   2.868997e+00   2.856829e+00  
898       2.557654e+01   2.525153e+01   2.875501e+00   2.872474e+00  
899       2.557161e+01   2.524857e+01   2.872107e+00   2.857986e+00  
900       2.556791e+01   2.524267e+01   2.876335e+00   2.872747e+00  
901       2.557033e+01   2.524625e+01   2.877149e+00   2.861891e+00  
902       2.556119e+01   2.523568e+01   2.876279e+00   2.874366e+00  
903       2.557179e+01   2.524656e+01   2.882049e+00   2.867303e+00  
904       2.554920e+01   2.522291e+01   2.879847e+00   2.876304e+00  
905       2.557715e+01   2.525183e+01   2.882408e+00   2.868352e+00  
906       2.553647e+01   2.520925e+01   2.882594e+00   2.880260e+00  
907       2.557447e+01   2.524836e+01   2.885508e+00   2.871851e+00  
908       2.552049e+01   2.519243e+01   2.885311e+00   2.883027e+00  
909       2.556279e+01   2.523598e+01   2.887726e+00   2.874417e+00  
910       2.551304e+01   2.518404e+01   2.888842e+00   2.886897e+00  
911       2.555886e+01   2.523071e+01   2.893711e+00   2.879738e+00  
912       2.549353e+01   2.516325e+01   2.893292e+00   2.891322e+00  
913       2.555340e+01   2.522419e+01   2.897114e+00   2.884987e+00  
914       2.547410e+01   2.514238e+01   2.897868e+00   2.897055e+00  
915       2.554375e+01   2.521327e+01   2.901659e+00   2.890437e+00  
916       2.545338e+01   2.511894e+01   2.908467e+00   2.907602e+00  
917       2.553423e+01   2.520188e+01   2.908762e+00   2.898467e+00  
918       2.543913e+01   2.510312e+01   2.914378e+00   2.913641e+00  
919       2.552737e+01   2.519356e+01   2.913378e+00   2.905757e+00  
920       2.542586e+01   2.508781e+01   2.922175e+00   2.921836e+00  
921       2.552293e+01   2.518717e+01   2.922044e+00   2.913423e+00  
922       2.542172e+01   2.508269e+01   2.924957e+00   2.927010e+00  
923       2.551872e+01   2.518060e+01   2.932213e+00   2.923131e+00  
924       2.542049e+01   2.508042e+01   2.930314e+00   2.930346e+00  
925       2.550391e+01   2.516321e+01   2.941125e+00   2.934592e+00  
926       2.540416e+01   2.506161e+01   2.937711e+00   2.942193e+00  
927       2.549880e+01   2.515508e+01   2.953584e+00   2.947390e+00  
928       2.539619e+01   2.505217e+01   2.944434e+00   2.947148e+00  
929       2.550034e+01   2.515503e+01   2.960814e+00   2.953860e+00  
930       2.538414e+01   2.503885e+01   2.948418e+00   2.952499e+00  
931       2.550116e+01   2.515457e+01   2.964567e+00   2.961123e+00  
932       2.537920e+01   2.503293e+01   2.951845e+00   2.956823e+00  
933       2.549844e+01   2.514986e+01   2.973683e+00   2.968536e+00  
934       2.537007e+01   2.502217e+01   2.957877e+00   2.963527e+00  
935       2.549695e+01   2.514668e+01   2.980989e+00   2.975298e+00  
936       2.535596e+01   2.500614e+01   2.964628e+00   2.971322e+00  
937       2.549611e+01   2.514452e+01   2.987362e+00   2.980013e+00  
938       2.535440e+01   2.500389e+01   2.967318e+00   2.974221e+00  
939       2.549592e+01   2.514361e+01   2.990502e+00   2.982902e+00  
940       2.534734e+01   2.499586e+01   2.970181e+00   2.978721e+00  
941       2.549673e+01   2.514344e+01   2.993321e+00   2.988422e+00  
942       2.534322e+01   2.499122e+01   2.973398e+00   2.979395e+00  
943       2.549750e+01   2.514338e+01   2.997804e+00   2.991006e+00  
944       2.533983e+01   2.498666e+01   2.978761e+00   2.983401e+00  
945       2.550596e+01   2.515116e+01   3.001666e+00   2.993865e+00  
946       2.533105e+01   2.497677e+01   2.984475e+00   2.986012e+00  
947       2.550808e+01   2.515229e+01   3.005978e+00   2.998030e+00  
948       2.532801e+01   2.497246e+01   2.989756e+00   2.990923e+00  
949       2.550618e+01   2.514921e+01   3.009735e+00   3.004040e+00  
950       2.533484e+01   2.497837e+01   2.995359e+00   2.993831e+00  
951       2.551031e+01   2.515196e+01   3.017364e+00   3.008366e+00  
952       2.533345e+01   2.497587e+01   2.999865e+00   2.998480e+00  
953       2.550525e+01   2.514512e+01   3.024776e+00   3.015195e+00  
954       2.533610e+01   2.497744e+01   3.005403e+00   3.002131e+00  
955       2.551097e+01   2.514997e+01   3.028851e+00   3.019005e+00  
956       2.533429e+01   2.497429e+01   3.010628e+00   3.007793e+00  
957       2.551697e+01   2.515387e+01   3.038069e+00   3.028000e+00  
958       2.533110e+01   2.497023e+01   3.013806e+00   3.011453e+00  
959       2.551784e+01   2.515334e+01   3.045034e+00   3.032795e+00  
960       2.532947e+01   2.496726e+01   3.019577e+00   3.016605e+00  
961       2.552642e+01   2.516081e+01   3.049505e+00   3.038463e+00  
962       2.533261e+01   2.496908e+01   3.025470e+00   3.021982e+00  
963       2.553115e+01   2.516403e+01   3.055529e+00   3.045499e+00  
964       2.533952e+01   2.497508e+01   3.029744e+00   3.026115e+00  
965       2.553373e+01   2.516482e+01   3.063621e+00   3.052437e+00  
966       2.535091e+01   2.498544e+01   3.035566e+00   3.030196e+00  
967       2.554660e+01   2.517594e+01   3.072205e+00   3.059802e+00  
968       2.536090e+01   2.499433e+01   3.039838e+00   3.036090e+00  
969       2.554531e+01   2.517295e+01   3.079281e+00   3.066503e+00  
970       2.536663e+01   2.499887e+01   3.047047e+00   3.039455e+00  
971       2.555255e+01   2.517905e+01   3.084518e+00   3.071498e+00  
972       2.537216e+01   2.500364e+01   3.049369e+00   3.044020e+00  
973       2.556206e+01   2.518630e+01   3.093899e+00   3.081687e+00  
974       2.537631e+01   2.500583e+01   3.058239e+00   3.051678e+00  
975       2.557467e+01   2.519716e+01   3.102242e+00   3.089154e+00  
976       2.537943e+01   2.500742e+01   3.064863e+00   3.057985e+00  
977       2.557345e+01   2.519423e+01   3.109532e+00   3.095582e+00  
978       2.538057e+01   2.500730e+01   3.070334e+00   3.062891e+00  
979       2.558672e+01   2.520641e+01   3.114798e+00   3.100858e+00  
980       2.538623e+01   2.501093e+01   3.079499e+00   3.070981e+00  
981       2.559040e+01   2.520819e+01   3.123633e+00   3.107879e+00  
982       2.539316e+01   2.501575e+01   3.087743e+00   3.080696e+00  
983       2.559746e+01   2.521405e+01   3.128365e+00   3.113667e+00  
984       2.540028e+01   2.502175e+01   3.093522e+00   3.084853e+00  
985       2.560355e+01   2.521887e+01   3.134071e+00   3.118938e+00  
986       2.540531e+01   2.502485e+01   3.102174e+00   3.092498e+00  
987       2.560573e+01   2.521925e+01   3.139979e+00   3.127842e+00  
988       2.542079e+01   2.503901e+01   3.109489e+00   3.097757e+00  
989       2.561405e+01   2.522540e+01   3.149123e+00   3.137150e+00  
990       2.542724e+01   2.504367e+01   3.116825e+00   3.105548e+00  
991       2.561521e+01   2.522471e+01   3.155879e+00   3.145406e+00  
992       2.543698e+01   2.505174e+01   3.124182e+00   3.112846e+00  
993       2.561719e+01   2.522445e+01   3.165258e+00   3.154163e+00  
994       2.544376e+01   2.505690e+01   3.130948e+00   3.119932e+00  
995       2.562733e+01   2.523321e+01   3.171420e+00   3.160248e+00  
996       2.545189e+01   2.506333e+01   3.137231e+00   3.128287e+00  
997       2.562933e+01   2.523303e+01   3.181475e+00   3.167837e+00  
998       2.545192e+01   2.506094e+01   3.146431e+00   3.138421e+00  
999       2.563045e+01   2.523196e+01   3.190616e+00   3.176208e+00  
1000      2.545539e+01   2.506168e+01   3.156810e+00   3.150156e+00  
1001      2.562673e+01   2.522529e+01   3.201511e+00   3.188153e+00  
1002      2.544797e+01   2.505198e+01   3.164886e+00   3.159273e+00  
1003      2.563516e+01   2.523191e+01   3.209719e+00   3.195258e+00  
1004      2.544459e+01   2.504655e+01   3.172172e+00   3.167784e+00  
1005      2.563735e+01   2.523277e+01   3.214171e+00   3.201591e+00  
1006      2.544975e+01   2.505098e+01   3.175296e+00   3.171069e+00  
1007      2.564960e+01   2.524447e+01   3.216929e+00   3.204709e+00  
1008      2.545658e+01   2.505663e+01   3.179126e+00   3.177443e+00  
1009      2.564970e+01   2.524298e+01   3.224364e+00   3.209719e+00  
1010      2.545004e+01   2.504823e+01   3.185663e+00   3.184666e+00  
1011      2.565061e+01   2.524273e+01   3.227269e+00   3.216070e+00  
1012      2.544698e+01   2.504392e+01   3.191072e+00   3.188763e+00  
1013      2.565361e+01   2.524496e+01   3.231980e+00   3.217728e+00  
1014      2.544429e+01   2.504076e+01   3.193205e+00   3.189868e+00  
1015      2.565578e+01   2.524698e+01   3.231050e+00   3.220165e+00  
1016      2.544235e+01   2.503784e+01   3.195574e+00   3.194991e+00  
1017      2.565628e+01   2.524742e+01   3.231089e+00   3.220707e+00  
1018      2.544410e+01   2.503889e+01   3.198768e+00   3.197563e+00  
1019      2.564701e+01   2.523726e+01   3.234256e+00   3.223241e+00  
1020      2.544333e+01   2.503701e+01   3.202735e+00   3.202135e+00  
1021      2.564767e+01   2.523715e+01   3.238176e+00   3.225430e+00  
1022      2.544450e+01   2.503726e+01   3.208204e+00   3.203940e+00  
1023      2.565478e+01   2.524445e+01   3.238323e+00   3.224693e+00  
1024      2.544236e+01   2.503406e+01   3.211597e+00   3.208563e+00  
1025      2.564968e+01   2.523850e+01   3.240573e+00   3.228460e+00  
1026      2.544146e+01   2.503231e+01   3.215424e+00   3.211327e+00  
1027      2.564826e+01   2.523622e+01   3.244523e+00   3.231041e+00  
1028      2.545147e+01   2.504166e+01   3.218777e+00   3.214282e+00  
1029      2.565120e+01   2.523878e+01   3.246400e+00   3.232483e+00  
1030      2.545571e+01   2.504519e+01   3.222531e+00   3.216694e+00  
1031      2.564778e+01   2.523400e+01   3.250948e+00   3.238076e+00  
1032      2.546476e+01   2.505429e+01   3.224000e+00   3.215948e+00  
1033      2.564992e+01   2.523576e+01   3.252294e+00   3.239971e+00  
1034      2.547568e+01   2.506424e+01   3.227698e+00   3.221169e+00  
1035      2.565448e+01   2.523992e+01   3.254042e+00   3.241900e+00  
1036      2.548321e+01   2.507139e+01   3.230132e+00   3.222623e+00  
1037      2.565139e+01   2.523626e+01   3.255710e+00   3.244309e+00  
1038      2.548732e+01   2.507472e+01   3.234114e+00   3.225225e+00  
1039      2.566021e+01   2.524422e+01   3.259702e+00   3.248112e+00  
1040      2.550146e+01   2.508824e+01   3.237293e+00   3.228763e+00  
1041      2.566534e+01   2.524841e+01   3.263180e+00   3.252532e+00  
1042      2.551271e+01   2.509894e+01   3.239887e+00   3.231839e+00  
1043      2.566518e+01   2.524698e+01   3.268933e+00   3.256674e+00  
1044      2.552855e+01   2.511490e+01   3.241235e+00   3.231602e+00  
1045      2.567397e+01   2.525485e+01   3.273036e+00   3.260752e+00  
1046      2.553720e+01   2.512332e+01   3.241804e+00   3.233867e+00  
1047      2.567675e+01   2.525654e+01   3.276307e+00   3.266303e+00  
1048      2.554555e+01   2.513140e+01   3.242838e+00   3.235991e+00  
1049      2.567734e+01   2.525632e+01   3.279155e+00   3.269732e+00  
1050      2.555966e+01   2.514503e+01   3.246500e+00   3.237893e+00  
1051      2.568254e+01   2.526020e+01   3.284650e+00   3.275091e+00  
1052      2.557030e+01   2.515481e+01   3.248897e+00   3.243518e+00  
1053      2.568269e+01   2.525970e+01   3.286965e+00   3.277801e+00  
1054      2.557861e+01   2.516243e+01   3.252509e+00   3.246320e+00  
1055      2.568511e+01   2.526207e+01   3.287611e+00   3.277920e+00  
1056      2.559007e+01   2.517285e+01   3.257398e+00   3.250942e+00  
1057      2.568634e+01   2.526253e+01   3.289351e+00   3.282201e+00  
1058      2.559789e+01   2.517898e+01   3.263873e+00   3.258549e+00  
1059      2.568414e+01   2.525972e+01   3.292017e+00   3.283943e+00  
1060      2.560460e+01   2.518399e+01   3.271295e+00   3.265057e+00  
1061      2.568537e+01   2.526132e+01   3.290037e+00   3.283215e+00  
1062      2.560107e+01   2.517869e+01   3.277198e+00   3.272413e+00  
1063      2.568727e+01   2.526265e+01   3.292680e+00   3.285195e+00  
1064      2.561227e+01   2.518858e+01   3.282547e+00   3.278457e+00  
1065      2.568676e+01   2.526103e+01   3.297464e+00   3.288928e+00  
1066      2.561312e+01   2.518802e+01   3.287717e+00   3.284309e+00  
1067      2.568253e+01   2.525546e+01   3.300164e+00   3.295880e+00  
1068      2.562077e+01   2.519480e+01   3.291761e+00   3.287868e+00  
1069      2.568282e+01   2.525417e+01   3.306752e+00   3.301443e+00  
1070      2.561416e+01   2.518616e+01   3.299002e+00   3.295307e+00  
1071      2.568013e+01   2.524980e+01   3.311664e+00   3.309068e+00  
1072      2.561205e+01   2.518270e+01   3.302830e+00   3.301482e+00  
1073      2.568169e+01   2.524980e+01   3.317509e+00   3.315237e+00  
1074      2.560903e+01   2.517849e+01   3.306670e+00   3.306328e+00  
1075      2.567447e+01   2.524051e+01   3.324937e+00   3.322640e+00  
1076      2.559848e+01   2.516592e+01   3.312920e+00   3.314075e+00  
1077      2.567183e+01   2.523618e+01   3.330287e+00   3.329704e+00  
1078      2.559446e+01   2.516086e+01   3.316582e+00   3.317856e+00  
1079      2.566960e+01   2.523264e+01   3.334712e+00   3.334905e+00  
1080      2.559460e+01   2.516049e+01   3.317700e+00   3.320546e+00  
1081      2.566766e+01   2.523019e+01   3.337012e+00   3.336255e+00  
1082      2.559515e+01   2.515988e+01   3.322411e+00   3.324666e+00  
1083      2.566059e+01   2.522194e+01   3.341064e+00   3.340211e+00  
1084      2.559346e+01   2.515726e+01   3.325145e+00   3.328798e+00  
1085      2.565004e+01   2.521051e+01   3.343612e+00   3.342862e+00  
1086      2.559165e+01   2.515400e+01   3.330515e+00   3.334112e+00  
1087      2.563224e+01   2.519137e+01   3.347983e+00   3.346258e+00  
1088      2.558406e+01   2.514514e+01   3.334804e+00   3.338401e+00  
1089      2.562790e+01   2.518682e+01   3.348162e+00   3.347136e+00  
1090      2.558569e+01   2.514683e+01   3.333506e+00   3.339487e+00  
1091      2.561941e+01   2.517837e+01   3.347508e+00   3.346383e+00  
1092      2.558847e+01   2.514980e+01   3.333635e+00   3.338268e+00  
1093      2.561146e+01   2.517017e+01   3.348554e+00   3.346123e+00  
1094      2.557727e+01   2.513733e+01   3.338472e+00   3.341569e+00  
1095      2.559571e+01   2.515368e+01   3.350181e+00   3.348021e+00  
1096      2.557033e+01   2.512966e+01   3.341375e+00   3.343253e+00  
1097      2.558708e+01   2.514437e+01   3.353504e+00   3.348594e+00  
1098      2.556489e+01   2.512337e+01   3.344920e+00   3.345403e+00  
1099      2.557980e+01   2.513621e+01   3.356711e+00   3.351091e+00  
1100      2.555681e+01   2.511437e+01   3.347660e+00   3.348456e+00  
1101      2.557873e+01   2.513506e+01   3.357337e+00   3.350897e+00  
1102      2.555183e+01   2.510857e+01   3.350814e+00   3.350785e+00  
1103      2.556977e+01   2.512517e+01   3.360114e+00   3.353842e+00  
1104      2.554625e+01   2.510265e+01   3.352106e+00   3.351271e+00  
1105      2.556275e+01   2.511765e+01   3.362397e+00   3.354437e+00  
1106      2.554644e+01   2.510184e+01   3.356138e+00   3.354748e+00  
1107      2.555415e+01   2.510800e+01   3.366451e+00   3.357084e+00  
1108      2.553842e+01   2.509316e+01   3.357152e+00   3.357670e+00  
1109      2.553573e+01   2.508815e+01   3.371428e+00   3.360322e+00  
1110      2.553108e+01   2.508508e+01   3.358892e+00   3.360483e+00  
1111      2.552290e+01   2.507373e+01   3.377156e+00   3.364699e+00  
1112      2.553283e+01   2.508650e+01   3.359578e+00   3.362489e+00  
1113      2.551983e+01   2.506975e+01   3.380552e+00   3.367716e+00  
1114      2.552148e+01   2.507408e+01   3.362793e+00   3.365721e+00  
1115      2.550978e+01   2.505817e+01   3.385722e+00   3.372564e+00  
1116      2.552114e+01   2.507260e+01   3.367687e+00   3.369237e+00  
1117      2.551232e+01   2.506007e+01   3.387809e+00   3.375521e+00  
1118      2.552421e+01   2.507515e+01   3.369303e+00   3.371928e+00  
1119      2.551405e+01   2.506114e+01   3.389356e+00   3.379130e+00  
1120      2.551834e+01   2.506847e+01   3.373019e+00   3.373472e+00  
1121      2.550905e+01   2.505517e+01   3.391041e+00   3.383926e+00  
1122      2.550981e+01   2.505949e+01   3.374520e+00   3.374194e+00  
1123      2.550590e+01   2.505111e+01   3.395323e+00   3.385945e+00  
1124      2.551017e+01   2.505874e+01   3.378189e+00   3.378751e+00  
1125      2.551014e+01   2.505464e+01   3.397051e+00   3.390082e+00  
1126      2.550590e+01   2.505353e+01   3.381300e+00   3.382048e+00  
1127      2.551224e+01   2.505662e+01   3.397151e+00   3.391069e+00  
1128      2.550427e+01   2.505081e+01   3.386063e+00   3.385176e+00  
1129      2.551861e+01   2.506241e+01   3.399074e+00   3.394290e+00  
1130      2.551561e+01   2.506218e+01   3.386664e+00   3.385829e+00  
1131      2.551914e+01   2.506221e+01   3.400980e+00   3.397879e+00  
1132      2.551645e+01   2.506168e+01   3.391461e+00   3.391064e+00  
1133      2.552099e+01   2.506351e+01   3.402779e+00   3.400347e+00  
1134      2.552834e+01   2.507325e+01   3.393084e+00   3.393408e+00  
1135      2.552854e+01   2.507002e+01   3.407395e+00   3.404421e+00  
1136      2.553752e+01   2.508147e+01   3.397355e+00   3.397523e+00  
1137      2.552889e+01   2.506994e+01   3.408287e+00   3.406781e+00  
1138      2.554171e+01   2.508452e+01   3.401191e+00   3.402610e+00  
1139      2.553333e+01   2.507417e+01   3.409964e+00   3.407245e+00  
1140      2.554914e+01   2.509029e+01   3.407841e+00   3.409178e+00  
1141      2.553417e+01   2.507383e+01   3.413207e+00   3.412788e+00  
1142      2.555631e+01   2.509586e+01   3.413953e+00   3.415821e+00  
1143      2.553383e+01   2.507212e+01   3.418761e+00   3.417227e+00  
1144      2.556131e+01   2.509924e+01   3.419127e+00   3.423194e+00  
1145      2.553143e+01   2.506874e+01   3.422193e+00   3.420647e+00  
1146      2.556610e+01   2.510274e+01   3.423646e+00   3.428790e+00  
1147      2.553105e+01   2.506686e+01   3.427940e+00   3.425856e+00  
1148      2.557026e+01   2.510626e+01   3.425713e+00   3.432007e+00  
1149      2.553459e+01   2.506861e+01   3.434324e+00   3.432976e+00  
1150      2.557759e+01   2.511295e+01   3.427902e+00   3.435442e+00  
1151      2.553595e+01   2.506923e+01   3.436974e+00   3.435884e+00  
1152      2.558391e+01   2.511892e+01   3.428958e+00   3.437864e+00  
1153      2.553935e+01   2.507203e+01   3.438366e+00   3.439385e+00  
1154      2.559332e+01   2.512829e+01   3.429397e+00   3.438958e+00  
1155      2.554513e+01   2.507685e+01   3.442431e+00   3.443058e+00  
1156      2.558884e+01   2.512269e+01   3.432707e+00   3.443245e+00  
1157      2.554931e+01   2.508057e+01   3.444091e+00   3.445356e+00  
1158      2.559638e+01   2.513016e+01   3.434024e+00   3.443375e+00  
1159      2.554317e+01   2.507404e+01   3.445391e+00   3.446032e+00  
1160      2.558983e+01   2.512260e+01   3.437589e+00   3.446370e+00  
1161      2.554011e+01   2.507042e+01   3.446409e+00   3.448689e+00  
1162      2.558913e+01   2.512175e+01   3.438240e+00   3.446676e+00  
1163      2.553977e+01   2.507035e+01   3.444561e+00   3.448585e+00  
1164      2.558925e+01   2.512247e+01   3.435885e+00   3.444700e+00  
1165      2.554367e+01   2.507500e+01   3.441292e+00   3.446865e+00  
1166      2.558807e+01   2.512135e+01   3.437460e+00   3.442505e+00  
1167      2.554997e+01   2.508276e+01   3.435584e+00   3.442809e+00  
1168      2.558976e+01   2.512366e+01   3.436286e+00   3.439394e+00  
1169      2.555160e+01   2.508502e+01   3.433089e+00   3.440952e+00  
1170      2.558104e+01   2.511447e+01   3.440343e+00   3.437619e+00  
1171      2.555258e+01   2.508727e+01   3.427795e+00   3.437045e+00  
1172      2.557147e+01   2.510514e+01   3.439362e+00   3.435496e+00  
1173      2.554810e+01   2.508273e+01   3.428105e+00   3.436609e+00  
1174      2.557246e+01   2.510678e+01   3.437586e+00   3.432624e+00  
1175      2.555389e+01   2.508967e+01   3.422980e+00   3.434038e+00  
1176      2.557588e+01   2.511074e+01   3.436013e+00   3.430773e+00  
1177      2.555639e+01   2.509258e+01   3.422134e+00   3.432273e+00  
1178      2.557064e+01   2.510660e+01   3.432744e+00   3.425289e+00  
1179      2.555637e+01   2.509299e+01   3.421102e+00   3.430130e+00  
1180      2.556603e+01   2.510266e+01   3.429740e+00   3.422764e+00  
1181      2.555835e+01   2.509516e+01   3.421378e+00   3.428773e+00  
1182      2.556882e+01   2.510637e+01   3.426254e+00   3.419880e+00  
1183      2.556047e+01   2.509718e+01   3.423298e+00   3.427912e+00  
1184      2.556438e+01   2.510229e+01   3.424152e+00   3.418736e+00  
1185      2.555860e+01   2.509501e+01   3.424747e+00   3.428373e+00  
1186      2.556955e+01   2.510820e+01   3.421699e+00   3.416467e+00  
1187      2.556464e+01   2.510135e+01   3.424040e+00   3.427735e+00  
1188      2.556823e+01   2.510755e+01   3.419802e+00   3.413238e+00  
1189      2.557145e+01   2.510808e+01   3.425154e+00   3.428080e+00  
1190      2.558484e+01   2.512463e+01   3.419405e+00   3.412401e+00  
1191      2.558192e+01   2.511936e+01   3.423109e+00   3.425629e+00  
1192      2.558725e+01   2.512660e+01   3.420150e+00   3.415267e+00  
1193      2.558823e+01   2.512609e+01   3.421862e+00   3.424580e+00  
1194      2.558817e+01   2.512684e+01   3.423363e+00   3.417114e+00  
1195      2.559757e+01   2.513617e+01   3.419648e+00   3.422705e+00  
1196      2.559786e+01   2.513615e+01   3.424555e+00   3.420046e+00  
1197      2.559969e+01   2.513783e+01   3.420713e+00   3.425254e+00  
1198      2.560116e+01   2.513939e+01   3.424593e+00   3.420930e+00  
1199      2.559661e+01   2.513508e+01   3.420029e+00   3.423070e+00  
1200      2.560593e+01   2.514386e+01   3.425509e+00   3.422851e+00  
1201      2.559269e+01   2.513124e+01   3.419116e+00   3.422929e+00  
1202      2.561714e+01   2.515617e+01   3.422451e+00   3.419341e+00  
1203      2.559416e+01   2.513325e+01   3.417660e+00   3.420556e+00  
1204      2.560833e+01   2.514737e+01   3.419860e+00   3.420689e+00  
1205      2.558891e+01   2.512806e+01   3.417470e+00   3.419605e+00  
1206      2.560529e+01   2.514424e+01   3.419235e+00   3.421546e+00  
1207      2.558094e+01   2.511986e+01   3.418305e+00   3.419361e+00  
1208      2.560334e+01   2.514246e+01   3.418598e+00   3.420717e+00  
1209      2.557736e+01   2.511577e+01   3.419733e+00   3.421265e+00  
1210      2.559547e+01   2.513376e+01   3.420765e+00   3.423507e+00  
1211      2.556360e+01   2.510144e+01   3.420836e+00   3.422483e+00  
1212      2.558947e+01   2.512779e+01   3.420897e+00   3.422386e+00  
1213      2.556162e+01   2.509902e+01   3.422537e+00   3.423737e+00  
1214      2.558711e+01   2.512485e+01   3.422058e+00   3.425214e+00  
1215      2.555496e+01   2.509208e+01   3.422861e+00   3.424575e+00  
1216      2.558475e+01   2.512184e+01   3.424033e+00   3.427580e+00  
1217      2.555251e+01   2.508921e+01   3.424020e+00   3.426104e+00  
1218      2.558841e+01   2.512466e+01   3.426778e+00   3.431515e+00  
1219      2.555816e+01   2.509493e+01   3.423453e+00   3.426921e+00  
1220      2.559317e+01   2.512962e+01   3.426856e+00   3.430645e+00  
1221      2.556050e+01   2.509685e+01   3.424264e+00   3.429479e+00  
1222      2.559571e+01   2.513152e+01   3.428887e+00   3.433633e+00  
1223      2.556658e+01   2.510305e+01   3.422854e+00   3.430885e+00  
1224      2.560313e+01   2.513921e+01   3.429101e+00   3.432436e+00  
1225      2.557458e+01   2.511082e+01   3.423686e+00   3.432827e+00  
1226      2.561049e+01   2.514622e+01   3.431056e+00   3.433986e+00  
1227      2.557851e+01   2.511482e+01   3.423116e+00   3.433427e+00  
1228      2.561854e+01   2.515438e+01   3.430062e+00   3.435376e+00  
1229      2.557525e+01   2.511167e+01   3.422687e+00   3.432570e+00  
1230      2.562249e+01   2.515850e+01   3.428827e+00   3.435847e+00  
1231      2.557655e+01   2.511304e+01   3.422725e+00   3.432169e+00  
1232      2.561776e+01   2.515290e+01   3.431802e+00   3.438565e+00  
1233      2.557368e+01   2.510970e+01   3.423544e+00   3.434433e+00  
1234      2.561165e+01   2.514717e+01   3.428423e+00   3.438354e+00  
1235      2.557199e+01   2.510840e+01   3.422484e+00   3.432360e+00  
1236      2.560658e+01   2.514206e+01   3.427838e+00   3.438551e+00  
1237      2.556637e+01   2.510291e+01   3.422924e+00   3.430261e+00  
1238      2.559966e+01   2.513507e+01   3.425638e+00   3.440303e+00  
1239      2.556184e+01   2.509867e+01   3.420705e+00   3.429755e+00  
1240      2.560208e+01   2.513887e+01   3.420260e+00   3.435882e+00  
1241      2.555922e+01   2.509699e+01   3.418592e+00   3.424655e+00  
1242      2.560105e+01   2.513863e+01   3.416689e+00   3.433540e+00  
1243      2.556124e+01   2.509968e+01   3.416298e+00   3.422310e+00  
1244      2.559340e+01   2.513133e+01   3.415076e+00   3.431517e+00  
1245      2.554944e+01   2.508780e+01   3.416772e+00   3.420827e+00  
1246      2.558358e+01   2.512142e+01   3.414790e+00   3.431165e+00  
1247      2.554486e+01   2.508403e+01   3.412856e+00   3.418134e+00  
1248      2.557632e+01   2.511501e+01   3.411067e+00   3.427730e+00  
1249      2.553994e+01   2.507971e+01   3.410339e+00   3.415578e+00  
1250      2.556515e+01   2.510376e+01   3.410987e+00   3.426810e+00  
-------------------------------------------------------------------

