
**********************************************
Real-time propagation in 3D, OPTION = 2
MPI nodes = 8, OMP threads = 16, cores = 128
**********************************************

Interactions
Contact: Natoms = 1.50000000000e+05, as = 8.300000e+01 * a0, G = 1.491081e+04, G * par = 2.982162e+04
Three-body: K3 =  0.000000e+00, g3 = 0.000000e+00
Regular DDI: add = 1.101000e+02 * a0, GD = 4.721954e+03, GD * par = 9.443909e+03, edd = 1.326506e+00
     Dipolar cutoff Rcut = 8.035941e+00, Lcut = 2.422133e+02

QF = 1: h2 = 1.872535e+05, h4 = 0.000000e+00
        q3 = 0.000000e+00, q5 = 3.829123e+00

GRAD = 0

Trap parameters:
GAMMA = 0.000000e+00, NU = 0.000000e+00, LAMBDA = 0.000000e+00
Parameters of rotation: OMEGA = 0.000000e+00, OMEGA * par = 0.000000e+00

Space discretization: NX = 128, NY = 128, NZ = 128
                      DX = 3.784583e+00, DY = 1.255616e-01, DZ = 1.255616e-01
      Unit of length: aho = 5.552380e-07 m

Time discretization: NITER = 2500 (NSNAP = 1250)
                     DT = 7.882855e-03

Initial state: file ./imag3d-finalpsi.bin
ADD_VORTICES = 0, ADD_RANDOM_PHASE = 0


MUREL = 1.000000e-12, MUEND=1.000000e+05

-------------------------------------------------------------------
Snap      <r>            <x>            <y>            <z>
-------------------------------------------------------------------
0         2.425152e+01   2.422482e+01   8.043725e-01   8.043725e-01  
1         2.425151e+01   2.422482e+01   8.042310e-01   8.042310e-01  
2         2.425149e+01   2.422482e+01   8.040700e-01   8.040700e-01  
3         2.425148e+01   2.422482e+01   8.038899e-01   8.038899e-01  
4         2.425147e+01   2.422482e+01   8.036910e-01   8.036910e-01  
5         2.425145e+01   2.422482e+01   8.034738e-01   8.034738e-01  
6         2.425143e+01   2.422481e+01   8.032390e-01   8.032390e-01  
7         2.425141e+01   2.422481e+01   8.029872e-01   8.029872e-01  
8         2.425139e+01   2.422481e+01   8.027193e-01   8.027193e-01  
9         2.425137e+01   2.422481e+01   8.024365e-01   8.024365e-01  
10        2.425135e+01   2.422480e+01   8.021399e-01   8.021399e-01  
11        2.425132e+01   2.422480e+01   8.018307e-01   8.018307e-01  
12        2.425130e+01   2.422479e+01   8.015104e-01   8.015104e-01  
13        2.425127e+01   2.422479e+01   8.011805e-01   8.011805e-01  
14        2.425125e+01   2.422479e+01   8.008425e-01   8.008425e-01  
15        2.425122e+01   2.422478e+01   8.004982e-01   8.004982e-01  
16        2.425119e+01   2.422478e+01   8.001493e-01   8.001493e-01  
17        2.425117e+01   2.422477e+01   7.997978e-01   7.997978e-01  
18        2.425114e+01   2.422477e+01   7.994454e-01   7.994454e-01  
19        2.425111e+01   2.422477e+01   7.990941e-01   7.990941e-01  
20        2.425108e+01   2.422476e+01   7.987459e-01   7.987459e-01  
21        2.425106e+01   2.422476e+01   7.984027e-01   7.984027e-01  
22        2.425103e+01   2.422475e+01   7.980663e-01   7.980663e-01  
23        2.425101e+01   2.422475e+01   7.977385e-01   7.977385e-01  
24        2.425098e+01   2.422475e+01   7.974211e-01   7.974211e-01  
25        2.425096e+01   2.422474e+01   7.971157e-01   7.971157e-01  
26        2.425094e+01   2.422474e+01   7.968237e-01   7.968237e-01  
27        2.425092e+01   2.422474e+01   7.965465e-01   7.965465e-01  
28        2.425090e+01   2.422474e+01   7.962853e-01   7.962853e-01  
29        2.425088e+01   2.422474e+01   7.960412e-01   7.960412e-01  
30        2.425087e+01   2.422474e+01   7.958151e-01   7.958151e-01  
31        2.425085e+01   2.422474e+01   7.956079e-01   7.956079e-01  
32        2.425084e+01   2.422474e+01   7.954201e-01   7.954201e-01  
33        2.425083e+01   2.422474e+01   7.952522e-01   7.952522e-01  
34        2.425082e+01   2.422474e+01   7.951046e-01   7.951046e-01  
35        2.425082e+01   2.422474e+01   7.949777e-01   7.949777e-01  
36        2.425081e+01   2.422475e+01   7.948714e-01   7.948714e-01  
37        2.425081e+01   2.422475e+01   7.947859e-01   7.947859e-01  
38        2.425081e+01   2.422475e+01   7.947210e-01   7.947210e-01  
39        2.425081e+01   2.422475e+01   7.946765e-01   7.946765e-01  
40        2.425081e+01   2.422476e+01   7.946522e-01   7.946522e-01  
41        2.425082e+01   2.422476e+01   7.946477e-01   7.946477e-01  
42        2.425082e+01   2.422477e+01   7.946625e-01   7.946625e-01  
43        2.425083e+01   2.422477e+01   7.946962e-01   7.946962e-01  
44        2.425084e+01   2.422478e+01   7.947481e-01   7.947481e-01  
45        2.425085e+01   2.422478e+01   7.948177e-01   7.948177e-01  
46        2.425086e+01   2.422479e+01   7.949041e-01   7.949041e-01  
47        2.425087e+01   2.422480e+01   7.950067e-01   7.950067e-01  
48        2.425089e+01   2.422480e+01   7.951247e-01   7.951247e-01  
49        2.425090e+01   2.422481e+01   7.952572e-01   7.952572e-01  
50        2.425092e+01   2.422482e+01   7.954034e-01   7.954034e-01  
51        2.425094e+01   2.422482e+01   7.955624e-01   7.955624e-01  
52        2.425096e+01   2.422483e+01   7.957333e-01   7.957333e-01  
53        2.425098e+01   2.422484e+01   7.959152e-01   7.959152e-01  
54        2.425100e+01   2.422485e+01   7.961071e-01   7.961071e-01  
55        2.425102e+01   2.422485e+01   7.963082e-01   7.963082e-01  
56        2.425104e+01   2.422486e+01   7.965175e-01   7.965175e-01  
57        2.425106e+01   2.422487e+01   7.967340e-01   7.967340e-01  
58        2.425108e+01   2.422488e+01   7.969568e-01   7.969568e-01  
59        2.425111e+01   2.422489e+01   7.971850e-01   7.971850e-01  
60        2.425113e+01   2.422489e+01   7.974177e-01   7.974177e-01  
61        2.425115e+01   2.422490e+01   7.976539e-01   7.976539e-01  
62        2.425118e+01   2.422491e+01   7.978927e-01   7.978927e-01  
63        2.425120e+01   2.422492e+01   7.981332e-01   7.981332e-01  
64        2.425122e+01   2.422492e+01   7.983747e-01   7.983747e-01  
65        2.425125e+01   2.422493e+01   7.986162e-01   7.986162e-01  
66        2.425127e+01   2.422494e+01   7.988568e-01   7.988568e-01  
67        2.425129e+01   2.422495e+01   7.990959e-01   7.990959e-01  
68        2.425131e+01   2.422495e+01   7.993326e-01   7.993326e-01  
69        2.425134e+01   2.422496e+01   7.995662e-01   7.995662e-01  
70        2.425136e+01   2.422497e+01   7.997960e-01   7.997960e-01  
71        2.425138e+01   2.422497e+01   8.000212e-01   8.000212e-01  
72        2.425140e+01   2.422498e+01   8.002413e-01   8.002413e-01  
73        2.425142e+01   2.422499e+01   8.004555e-01   8.004555e-01  
74        2.425144e+01   2.422499e+01   8.006633e-01   8.006633e-01  
75        2.425146e+01   2.422500e+01   8.008642e-01   8.008642e-01  
76        2.425148e+01   2.422501e+01   8.010577e-01   8.010577e-01  
77        2.425150e+01   2.422501e+01   8.012432e-01   8.012432e-01  
78        2.425151e+01   2.422502e+01   8.014203e-01   8.014203e-01  
79        2.425153e+01   2.422502e+01   8.015886e-01   8.015886e-01  
80        2.425155e+01   2.422503e+01   8.017478e-01   8.017478e-01  
81        2.425156e+01   2.422503e+01   8.018975e-01   8.018975e-01  
82        2.425158e+01   2.422504e+01   8.020374e-01   8.020374e-01  
83        2.425159e+01   2.422504e+01   8.021673e-01   8.021673e-01  
84        2.425160e+01   2.422504e+01   8.022869e-01   8.022869e-01  
85        2.425161e+01   2.422505e+01   8.023961e-01   8.023961e-01  
86        2.425162e+01   2.422505e+01   8.024947e-01   8.024947e-01  
87        2.425163e+01   2.422506e+01   8.025826e-01   8.025826e-01  
88        2.425164e+01   2.422506e+01   8.026597e-01   8.026597e-01  
89        2.425165e+01   2.422506e+01   8.027259e-01   8.027259e-01  
90        2.425165e+01   2.422507e+01   8.027814e-01   8.027814e-01  
91        2.425166e+01   2.422507e+01   8.028261e-01   8.028261e-01  
92        2.425167e+01   2.422507e+01   8.028600e-01   8.028600e-01  
93        2.425167e+01   2.422507e+01   8.028832e-01   8.028832e-01  
94        2.425167e+01   2.422508e+01   8.028959e-01   8.028959e-01  
95        2.425168e+01   2.422508e+01   8.028982e-01   8.028982e-01  
96        2.425168e+01   2.422508e+01   8.028902e-01   8.028902e-01  
97        2.425168e+01   2.422508e+01   8.028722e-01   8.028722e-01  
98        2.425168e+01   2.422509e+01   8.028444e-01   8.028444e-01  
99        2.425168e+01   2.422509e+01   8.028070e-01   8.028070e-01  
100       2.425168e+01   2.422509e+01   8.027604e-01   8.027604e-01  
101       2.425167e+01   2.422509e+01   8.027047e-01   8.027047e-01  
102       2.425167e+01   2.422509e+01   8.026405e-01   8.026405e-01  
103       2.425167e+01   2.422509e+01   8.025679e-01   8.025679e-01  
104       2.425166e+01   2.422510e+01   8.024875e-01   8.024875e-01  
105       2.425166e+01   2.422510e+01   8.023995e-01   8.023995e-01  
106       2.425165e+01   2.422510e+01   8.023044e-01   8.023044e-01  
107       2.425165e+01   2.422510e+01   8.022025e-01   8.022025e-01  
108       2.425164e+01   2.422510e+01   8.020943e-01   8.020943e-01  
109       2.425164e+01   2.422510e+01   8.019802e-01   8.019802e-01  
110       2.425163e+01   2.422510e+01   8.018607e-01   8.018607e-01  
111       2.425162e+01   2.422511e+01   8.017362e-01   8.017362e-01  
112       2.425162e+01   2.422511e+01   8.016071e-01   8.016071e-01  
113       2.425161e+01   2.422511e+01   8.014741e-01   8.014741e-01  
114       2.425160e+01   2.422511e+01   8.013374e-01   8.013374e-01  
115       2.425160e+01   2.422511e+01   8.011977e-01   8.011977e-01  
116       2.425159e+01   2.422511e+01   8.010555e-01   8.010555e-01  
117       2.425158e+01   2.422512e+01   8.009111e-01   8.009111e-01  
118       2.425157e+01   2.422512e+01   8.007651e-01   8.007651e-01  
119       2.425157e+01   2.422512e+01   8.006180e-01   8.006180e-01  
120       2.425156e+01   2.422512e+01   8.004703e-01   8.004703e-01  
121       2.425155e+01   2.422512e+01   8.003224e-01   8.003224e-01  
122       2.425154e+01   2.422513e+01   8.001749e-01   8.001749e-01  
123       2.425154e+01   2.422513e+01   8.000281e-01   8.000281e-01  
124       2.425153e+01   2.422513e+01   7.998826e-01   7.998826e-01  
125       2.425152e+01   2.422514e+01   7.997387e-01   7.997387e-01  
126       2.425152e+01   2.422514e+01   7.995971e-01   7.995971e-01  
127       2.425151e+01   2.422514e+01   7.994580e-01   7.994580e-01  
128       2.425151e+01   2.422515e+01   7.993220e-01   7.993220e-01  
129       2.425150e+01   2.422515e+01   7.991895e-01   7.991895e-01  
130       2.425150e+01   2.422515e+01   7.990609e-01   7.990609e-01  
131       2.425149e+01   2.422516e+01   7.989365e-01   7.989365e-01  
132       2.425149e+01   2.422516e+01   7.988168e-01   7.988168e-01  
133       2.425149e+01   2.422517e+01   7.987020e-01   7.987020e-01  
134       2.425149e+01   2.422517e+01   7.985925e-01   7.985925e-01  
135       2.425148e+01   2.422518e+01   7.984885e-01   7.984885e-01  
136       2.425148e+01   2.422518e+01   7.983905e-01   7.983905e-01  
137       2.425148e+01   2.422519e+01   7.982986e-01   7.982986e-01  
138       2.425148e+01   2.422520e+01   7.982131e-01   7.982131e-01  
139       2.425148e+01   2.422520e+01   7.981341e-01   7.981341e-01  
140       2.425149e+01   2.422521e+01   7.980619e-01   7.980619e-01  
141       2.425149e+01   2.422522e+01   7.979965e-01   7.979965e-01  
142       2.425149e+01   2.422522e+01   7.979380e-01   7.979380e-01  
143       2.425150e+01   2.422523e+01   7.978866e-01   7.978866e-01  
144       2.425150e+01   2.422524e+01   7.978424e-01   7.978424e-01  
145       2.425151e+01   2.422525e+01   7.978053e-01   7.978053e-01  
146       2.425151e+01   2.422525e+01   7.977753e-01   7.977753e-01  
147       2.425152e+01   2.422526e+01   7.977525e-01   7.977525e-01  
148       2.425153e+01   2.422527e+01   7.977369e-01   7.977369e-01  
149       2.425154e+01   2.422528e+01   7.977283e-01   7.977283e-01  
150       2.425154e+01   2.422529e+01   7.977268e-01   7.977268e-01  
151       2.425155e+01   2.422530e+01   7.977323e-01   7.977323e-01  
152       2.425156e+01   2.422531e+01   7.977448e-01   7.977448e-01  
153       2.425157e+01   2.422532e+01   7.977641e-01   7.977641e-01  
154       2.425159e+01   2.422533e+01   7.977902e-01   7.977902e-01  
155       2.425160e+01   2.422534e+01   7.978230e-01   7.978230e-01  
156       2.425161e+01   2.422535e+01   7.978623e-01   7.978623e-01  
157       2.425162e+01   2.422536e+01   7.979082e-01   7.979082e-01  
158       2.425164e+01   2.422537e+01   7.979604e-01   7.979604e-01  
159       2.425165e+01   2.422538e+01   7.980188e-01   7.980188e-01  
160       2.425167e+01   2.422539e+01   7.980832e-01   7.980832e-01  
161       2.425168e+01   2.422540e+01   7.981535e-01   7.981535e-01  
162       2.425170e+01   2.422541e+01   7.982294e-01   7.982294e-01  
163       2.425172e+01   2.422542e+01   7.983106e-01   7.983106e-01  
164       2.425173e+01   2.422543e+01   7.983970e-01   7.983970e-01  
165       2.425175e+01   2.422545e+01   7.984882e-01   7.984882e-01  
166       2.425177e+01   2.422546e+01   7.985838e-01   7.985838e-01  
167       2.425179e+01   2.422547e+01   7.986836e-01   7.986836e-01  
168       2.425180e+01   2.422548e+01   7.987871e-01   7.987871e-01  
169       2.425182e+01   2.422549e+01   7.988939e-01   7.988939e-01  
170       2.425184e+01   2.422550e+01   7.990037e-01   7.990037e-01  
171       2.425186e+01   2.422551e+01   7.991160e-01   7.991160e-01  
172       2.425188e+01   2.422553e+01   7.992304e-01   7.992304e-01  
173       2.425190e+01   2.422554e+01   7.993464e-01   7.993464e-01  
174       2.425192e+01   2.422555e+01   7.994636e-01   7.994636e-01  
175       2.425194e+01   2.422556e+01   7.995814e-01   7.995814e-01  
176       2.425196e+01   2.422557e+01   7.996996e-01   7.996996e-01  
177       2.425197e+01   2.422558e+01   7.998175e-01   7.998175e-01  
178       2.425199e+01   2.422559e+01   7.999348e-01   7.999348e-01  
179       2.425201e+01   2.422560e+01   8.000510e-01   8.000510e-01  
180       2.425203e+01   2.422562e+01   8.001657e-01   8.001657e-01  
181       2.425205e+01   2.422563e+01   8.002785e-01   8.002785e-01  
182       2.425207e+01   2.422564e+01   8.003890e-01   8.003890e-01  
183       2.425208e+01   2.422565e+01   8.004970e-01   8.004970e-01  
184       2.425210e+01   2.422566e+01   8.006021e-01   8.006021e-01  
185       2.425212e+01   2.422567e+01   8.007039e-01   8.007039e-01  
186       2.425213e+01   2.422568e+01   8.008023e-01   8.008023e-01  
187       2.425215e+01   2.422569e+01   8.008971e-01   8.008971e-01  
188       2.425216e+01   2.422570e+01   8.009879e-01   8.009879e-01  
189       2.425218e+01   2.422570e+01   8.010746e-01   8.010746e-01  
190       2.425219e+01   2.422571e+01   8.011570e-01   8.011570e-01  
191       2.425221e+01   2.422572e+01   8.012351e-01   8.012351e-01  
192       2.425222e+01   2.422573e+01   8.013086e-01   8.013086e-01  
193       2.425223e+01   2.422574e+01   8.013775e-01   8.013775e-01  
194       2.425225e+01   2.422575e+01   8.014417e-01   8.014417e-01  
195       2.425226e+01   2.422575e+01   8.015010e-01   8.015010e-01  
196       2.425227e+01   2.422576e+01   8.015554e-01   8.015554e-01  
197       2.425228e+01   2.422577e+01   8.016048e-01   8.016048e-01  
198       2.425229e+01   2.422578e+01   8.016491e-01   8.016491e-01  
199       2.425230e+01   2.422578e+01   8.016883e-01   8.016883e-01  
200       2.425231e+01   2.422579e+01   8.017222e-01   8.017222e-01  
201       2.425232e+01   2.422580e+01   8.017508e-01   8.017508e-01  
202       2.425232e+01   2.422580e+01   8.017739e-01   8.017739e-01  
203       2.425233e+01   2.422581e+01   8.017915e-01   8.017915e-01  
204       2.425234e+01   2.422581e+01   8.018036e-01   8.018036e-01  
205       2.425234e+01   2.422582e+01   8.018101e-01   8.018101e-01  
206       2.425235e+01   2.422582e+01   8.018110e-01   8.018110e-01  
207       2.425235e+01   2.422583e+01   8.018063e-01   8.018063e-01  
208       2.425236e+01   2.422583e+01   8.017960e-01   8.017960e-01  
209       2.425236e+01   2.422584e+01   8.017803e-01   8.017803e-01  
210       2.425236e+01   2.422584e+01   8.017590e-01   8.017590e-01  
211       2.425236e+01   2.422585e+01   8.017325e-01   8.017325e-01  
212       2.425236e+01   2.422585e+01   8.017007e-01   8.017007e-01  
213       2.425237e+01   2.422585e+01   8.016640e-01   8.016640e-01  
214       2.425237e+01   2.422586e+01   8.016224e-01   8.016224e-01  
215       2.425237e+01   2.422586e+01   8.015762e-01   8.015762e-01  
216       2.425236e+01   2.422586e+01   8.015256e-01   8.015256e-01  
217       2.425236e+01   2.422586e+01   8.014709e-01   8.014709e-01  
218       2.425236e+01   2.422586e+01   8.014123e-01   8.014123e-01  
219       2.425236e+01   2.422587e+01   8.013501e-01   8.013501e-01  
220       2.425236e+01   2.422587e+01   8.012847e-01   8.012847e-01  
221       2.425235e+01   2.422587e+01   8.012163e-01   8.012163e-01  
222       2.425235e+01   2.422587e+01   8.011452e-01   8.011452e-01  
223       2.425235e+01   2.422587e+01   8.010719e-01   8.010719e-01  
224       2.425234e+01   2.422587e+01   8.009965e-01   8.009965e-01  
225       2.425234e+01   2.422588e+01   8.009194e-01   8.009194e-01  
226       2.425234e+01   2.422588e+01   8.008409e-01   8.008409e-01  
227       2.425233e+01   2.422588e+01   8.007612e-01   8.007612e-01  
228       2.425233e+01   2.422588e+01   8.006807e-01   8.006807e-01  
229       2.425232e+01   2.422588e+01   8.005996e-01   8.005996e-01  
230       2.425232e+01   2.422588e+01   8.005181e-01   8.005181e-01  
231       2.425232e+01   2.422588e+01   8.004366e-01   8.004366e-01  
232       2.425231e+01   2.422589e+01   8.003552e-01   8.003552e-01  
233       2.425231e+01   2.422589e+01   8.002741e-01   8.002741e-01  
234       2.425231e+01   2.422589e+01   8.001936e-01   8.001936e-01  
235       2.425230e+01   2.422589e+01   8.001138e-01   8.001138e-01  
236       2.425230e+01   2.422589e+01   8.000351e-01   8.000351e-01  
237       2.425230e+01   2.422590e+01   7.999576e-01   7.999576e-01  
238       2.425229e+01   2.422590e+01   7.998816e-01   7.998816e-01  
239       2.425229e+01   2.422590e+01   7.998073e-01   7.998073e-01  
240       2.425229e+01   2.422590e+01   7.997349e-01   7.997349e-01  
241       2.425229e+01   2.422591e+01   7.996647e-01   7.996647e-01  
242       2.425229e+01   2.422591e+01   7.995968e-01   7.995968e-01  
243       2.425229e+01   2.422591e+01   7.995314e-01   7.995314e-01  
244       2.425229e+01   2.422592e+01   7.994687e-01   7.994687e-01  
245       2.425229e+01   2.422592e+01   7.994087e-01   7.994087e-01  
246       2.425229e+01   2.422593e+01   7.993518e-01   7.993518e-01  
247       2.425229e+01   2.422593e+01   7.992979e-01   7.992979e-01  
248       2.425229e+01   2.422594e+01   7.992472e-01   7.992472e-01  
249       2.425229e+01   2.422594e+01   7.991999e-01   7.991999e-01  
250       2.425230e+01   2.422595e+01   7.991559e-01   7.991559e-01  
251       2.425230e+01   2.422595e+01   7.991156e-01   7.991156e-01  
252       2.425230e+01   2.422596e+01   7.990788e-01   7.990788e-01  
253       2.425231e+01   2.422597e+01   7.990457e-01   7.990457e-01  
254       2.425231e+01   2.422598e+01   7.990164e-01   7.990164e-01  
255       2.425232e+01   2.422598e+01   7.989908e-01   7.989908e-01  
256       2.425233e+01   2.422599e+01   7.989691e-01   7.989691e-01  
257       2.425233e+01   2.422600e+01   7.989511e-01   7.989511e-01  
258       2.425234e+01   2.422601e+01   7.989369e-01   7.989369e-01  
259       2.425235e+01   2.422602e+01   7.989265e-01   7.989265e-01  
260       2.425236e+01   2.422603e+01   7.989198e-01   7.989198e-01  
261       2.425237e+01   2.422604e+01   7.989167e-01   7.989167e-01  
262       2.425238e+01   2.422605e+01   7.989172e-01   7.989172e-01  
263       2.425239e+01   2.422606e+01   7.989212e-01   7.989212e-01  
264       2.425240e+01   2.422607e+01   7.989287e-01   7.989287e-01  
265       2.425241e+01   2.422608e+01   7.989394e-01   7.989394e-01  
266       2.425242e+01   2.422609e+01   7.989534e-01   7.989534e-01  
267       2.425244e+01   2.422610e+01   7.989705e-01   7.989705e-01  
268       2.425245e+01   2.422611e+01   7.989907e-01   7.989907e-01  
269       2.425246e+01   2.422613e+01   7.990138e-01   7.990138e-01  
270       2.425248e+01   2.422614e+01   7.990399e-01   7.990399e-01  
271       2.425249e+01   2.422615e+01   7.990688e-01   7.990688e-01  
272       2.425251e+01   2.422616e+01   7.991004e-01   7.991004e-01  
273       2.425252e+01   2.422618e+01   7.991348e-01   7.991348e-01  
274       2.425254e+01   2.422619e+01   7.991718e-01   7.991718e-01  
275       2.425255e+01   2.422620e+01   7.992114e-01   7.992114e-01  
276       2.425257e+01   2.422622e+01   7.992535e-01   7.992535e-01  
277       2.425259e+01   2.422623e+01   7.992981e-01   7.992981e-01  
278       2.425260e+01   2.422624e+01   7.993451e-01   7.993451e-01  
279       2.425262e+01   2.422626e+01   7.993946e-01   7.993946e-01  
280       2.425264e+01   2.422627e+01   7.994464e-01   7.994464e-01  
281       2.425266e+01   2.422629e+01   7.995004e-01   7.995004e-01  
282       2.425268e+01   2.422630e+01   7.995567e-01   7.995567e-01  
283       2.425269e+01   2.422632e+01   7.996152e-01   7.996152e-01  
284       2.425271e+01   2.422633e+01   7.996757e-01   7.996757e-01  
285       2.425273e+01   2.422635e+01   7.997382e-01   7.997382e-01  
286       2.425275e+01   2.422636e+01   7.998025e-01   7.998025e-01  
287       2.425277e+01   2.422638e+01   7.998684e-01   7.998684e-01  
288       2.425279e+01   2.422639e+01   7.999360e-01   7.999360e-01  
289       2.425281e+01   2.422641e+01   8.000048e-01   8.000048e-01  
290       2.425283e+01   2.422642e+01   8.000749e-01   8.000749e-01  
291       2.425285e+01   2.422643e+01   8.001458e-01   8.001458e-01  
292       2.425287e+01   2.422645e+01   8.002175e-01   8.002175e-01  
293       2.425288e+01   2.422646e+01   8.002896e-01   8.002896e-01  
294       2.425290e+01   2.422647e+01   8.003620e-01   8.003620e-01  
295       2.425292e+01   2.422649e+01   8.004344e-01   8.004344e-01  
296       2.425294e+01   2.422650e+01   8.005066e-01   8.005066e-01  
297       2.425295e+01   2.422651e+01   8.005783e-01   8.005783e-01  
298       2.425297e+01   2.422652e+01   8.006492e-01   8.006492e-01  
299       2.425298e+01   2.422653e+01   8.007192e-01   8.007192e-01  
300       2.425300e+01   2.422654e+01   8.007879e-01   8.007879e-01  
301       2.425301e+01   2.422655e+01   8.008552e-01   8.008552e-01  
302       2.425302e+01   2.422656e+01   8.009207e-01   8.009207e-01  
303       2.425303e+01   2.422656e+01   8.009842e-01   8.009842e-01  
304       2.425304e+01   2.422657e+01   8.010455e-01   8.010455e-01  
305       2.425305e+01   2.422657e+01   8.011043e-01   8.011043e-01  
306       2.425305e+01   2.422657e+01   8.011605e-01   8.011605e-01  
307       2.425305e+01   2.422657e+01   8.012137e-01   8.012137e-01  
308       2.425305e+01   2.422657e+01   8.012639e-01   8.012639e-01  
309       2.425305e+01   2.422656e+01   8.013107e-01   8.013107e-01  
310       2.425304e+01   2.422655e+01   8.013541e-01   8.013541e-01  
311       2.425304e+01   2.422654e+01   8.013940e-01   8.013940e-01  
312       2.425302e+01   2.422653e+01   8.014303e-01   8.014303e-01  
313       2.425301e+01   2.422651e+01   8.014629e-01   8.014629e-01  
314       2.425299e+01   2.422649e+01   8.014919e-01   8.014919e-01  
315       2.425297e+01   2.422646e+01   8.015173e-01   8.015173e-01  
316       2.425294e+01   2.422643e+01   8.015394e-01   8.015394e-01  
317       2.425290e+01   2.422640e+01   8.015584e-01   8.015584e-01  
318       2.425287e+01   2.422636e+01   8.015745e-01   8.015745e-01  
319       2.425282e+01   2.422632e+01   8.015881e-01   8.015881e-01  
320       2.425278e+01   2.422627e+01   8.015999e-01   8.015999e-01  
321       2.425272e+01   2.422621e+01   8.016105e-01   8.016105e-01  
322       2.425267e+01   2.422616e+01   8.016207e-01   8.016207e-01  
323       2.425260e+01   2.422609e+01   8.016316e-01   8.016316e-01  
324       2.425254e+01   2.422602e+01   8.016443e-01   8.016443e-01  
325       2.425246e+01   2.422595e+01   8.016603e-01   8.016603e-01  
326       2.425239e+01   2.422587e+01   8.016812e-01   8.016812e-01  
327       2.425231e+01   2.422579e+01   8.017089e-01   8.017089e-01  
328       2.425223e+01   2.422571e+01   8.017456e-01   8.017456e-01  
329       2.425215e+01   2.422563e+01   8.017939e-01   8.017939e-01  
330       2.425207e+01   2.422554e+01   8.018564e-01   8.018564e-01  
331       2.425198e+01   2.422545e+01   8.019361e-01   8.019361e-01  
332       2.425191e+01   2.422537e+01   8.020365e-01   8.020365e-01  
333       2.425183e+01   2.422528e+01   8.021609e-01   8.021609e-01  
334       2.425175e+01   2.422520e+01   8.023132e-01   8.023132e-01  
335       2.425168e+01   2.422511e+01   8.024972e-01   8.024972e-01  
336       2.425161e+01   2.422503e+01   8.027170e-01   8.027170e-01  
337       2.425154e+01   2.422494e+01   8.029766e-01   8.029766e-01  
338       2.425147e+01   2.422485e+01   8.032801e-01   8.032801e-01  
339       2.425140e+01   2.422475e+01   8.036314e-01   8.036314e-01  
340       2.425132e+01   2.422465e+01   8.040343e-01   8.040343e-01  
341       2.425123e+01   2.422453e+01   8.044925e-01   8.044925e-01  
342       2.425112e+01   2.422439e+01   8.050092e-01   8.050092e-01  
343       2.425100e+01   2.422422e+01   8.055873e-01   8.055873e-01  
344       2.425085e+01   2.422403e+01   8.062293e-01   8.062293e-01  
345       2.425067e+01   2.422380e+01   8.069373e-01   8.069373e-01  
346       2.425046e+01   2.422354e+01   8.077130e-01   8.077129e-01  
347       2.425021e+01   2.422323e+01   8.085572e-01   8.085572e-01  
348       2.424992e+01   2.422289e+01   8.094707e-01   8.094707e-01  
349       2.424960e+01   2.422250e+01   8.104534e-01   8.104534e-01  
350       2.424923e+01   2.422206e+01   8.115048e-01   8.115047e-01  
351       2.424883e+01   2.422158e+01   8.126238e-01   8.126238e-01  
352       2.424838e+01   2.422105e+01   8.138090e-01   8.138090e-01  
353       2.424790e+01   2.422049e+01   8.150585e-01   8.150585e-01  
354       2.424738e+01   2.421988e+01   8.163700e-01   8.163700e-01  
355       2.424682e+01   2.421923e+01   8.177410e-01   8.177410e-01  
356       2.424623e+01   2.421854e+01   8.191686e-01   8.191686e-01  
357       2.424562e+01   2.421782e+01   8.206498e-01   8.206498e-01  
358       2.424498e+01   2.421708e+01   8.221815e-01   8.221814e-01  
359       2.424432e+01   2.421631e+01   8.237605e-01   8.237604e-01  
360       2.424364e+01   2.421552e+01   8.253836e-01   8.253836e-01  
361       2.424295e+01   2.421472e+01   8.270479e-01   8.270478e-01  
362       2.424225e+01   2.421391e+01   8.287501e-01   8.287500e-01  
363       2.424156e+01   2.421309e+01   8.304874e-01   8.304873e-01  
364       2.424087e+01   2.421228e+01   8.322571e-01   8.322570e-01  
365       2.424019e+01   2.421148e+01   8.340566e-01   8.340565e-01  
366       2.423954e+01   2.421069e+01   8.358834e-01   8.358834e-01  
367       2.423890e+01   2.420993e+01   8.377356e-01   8.377355e-01  
368       2.423830e+01   2.420920e+01   8.396111e-01   8.396111e-01  
369       2.423773e+01   2.420850e+01   8.415083e-01   8.415082e-01  
370       2.423720e+01   2.420783e+01   8.434256e-01   8.434255e-01  
371       2.423672e+01   2.420722e+01   8.453617e-01   8.453616e-01  
372       2.423629e+01   2.420665e+01   8.473154e-01   8.473153e-01  
373       2.423592e+01   2.420614e+01   8.492856e-01   8.492855e-01  
374       2.423561e+01   2.420569e+01   8.512716e-01   8.512715e-01  
375       2.423536e+01   2.420530e+01   8.532725e-01   8.532724e-01  
376       2.423518e+01   2.420498e+01   8.552876e-01   8.552875e-01  
377       2.423508e+01   2.420473e+01   8.573164e-01   8.573163e-01  
378       2.423504e+01   2.420455e+01   8.593582e-01   8.593581e-01  
379       2.423509e+01   2.420445e+01   8.614123e-01   8.614123e-01  
380       2.423521e+01   2.420443e+01   8.634782e-01   8.634782e-01  
381       2.423542e+01   2.420449e+01   8.655553e-01   8.655553e-01  
382       2.423571e+01   2.420463e+01   8.676430e-01   8.676430e-01  
383       2.423608e+01   2.420485e+01   8.697410e-01   8.697410e-01  
384       2.423654e+01   2.420516e+01   8.718488e-01   8.718489e-01  
385       2.423708e+01   2.420555e+01   8.739665e-01   8.739666e-01  
386       2.423771e+01   2.420602e+01   8.760940e-01   8.760940e-01  
387       2.423841e+01   2.420657e+01   8.782311e-01   8.782311e-01  
388       2.423919e+01   2.420719e+01   8.803778e-01   8.803779e-01  
389       2.424004e+01   2.420789e+01   8.825338e-01   8.825338e-01  
390       2.424097e+01   2.420866e+01   8.846986e-01   8.846987e-01  
391       2.424197e+01   2.420950e+01   8.868719e-01   8.868720e-01  
392       2.424303e+01   2.421041e+01   8.890529e-01   8.890530e-01  
393       2.424416e+01   2.421138e+01   8.912414e-01   8.912415e-01  
394       2.424535e+01   2.421240e+01   8.934368e-01   8.934369e-01  
395       2.424659e+01   2.421348e+01   8.956389e-01   8.956390e-01  
396       2.424788e+01   2.421461e+01   8.978473e-01   8.978475e-01  
397       2.424921e+01   2.421578e+01   9.000615e-01   9.000617e-01  
398       2.425058e+01   2.421699e+01   9.022803e-01   9.022805e-01  
399       2.425199e+01   2.421823e+01   9.045020e-01   9.045022e-01  
400       2.425342e+01   2.421950e+01   9.067246e-01   9.067248e-01  
401       2.425491e+01   2.422082e+01   9.089461e-01   9.089463e-01  
402       2.425650e+01   2.422225e+01   9.111664e-01   9.111666e-01  
403       2.425871e+01   2.422430e+01   9.134010e-01   9.134012e-01  
404       2.426785e+01   2.423326e+01   9.158818e-01   9.158820e-01  
405       2.427606e+01   2.424130e+01   9.183214e-01   9.183216e-01  
406       2.426624e+01   2.423132e+01   9.201022e-01   9.201025e-01  
407       2.427654e+01   2.424145e+01   9.226629e-01   9.226640e-01  
408       2.426665e+01   2.423140e+01   9.245259e-01   9.245287e-01  
409       2.427408e+01   2.423864e+01   9.271804e-01   9.271864e-01  
410       2.429909e+01   2.426340e+01   9.308352e-01   9.308423e-01  
411       2.428534e+01   2.424950e+01   9.326323e-01   9.326368e-01  
412       2.428924e+01   2.425317e+01   9.357484e-01   9.357198e-01  
413       2.429933e+01   2.426302e+01   9.390429e-01   9.390239e-01  
414       2.428612e+01   2.424954e+01   9.421661e-01   9.420673e-01  
415       2.427057e+01   2.423376e+01   9.449764e-01   9.449035e-01  
416       2.428687e+01   2.424966e+01   9.503608e-01   9.501731e-01  
417       2.429862e+01   2.426100e+01   9.558932e-01   9.557479e-01  
418       2.429239e+01   2.425437e+01   9.607853e-01   9.604859e-01  
419       2.430011e+01   2.426157e+01   9.675620e-01   9.673247e-01  
420       2.428101e+01   2.424204e+01   9.725418e-01   9.721138e-01  
421       2.429889e+01   2.425929e+01   9.807103e-01   9.803592e-01  
422       2.428356e+01   2.424342e+01   9.871975e-01   9.866198e-01  
423       2.431178e+01   2.427086e+01   9.972312e-01   9.967482e-01  
424       2.428818e+01   2.424663e+01   1.004530e+00   1.003783e+00  
425       2.431131e+01   2.426885e+01   1.015936e+00   1.015308e+00  
426       2.428547e+01   2.424227e+01   1.024314e+00   1.023386e+00  
427       2.429906e+01   2.425477e+01   1.037351e+00   1.036565e+00  
428       2.429714e+01   2.425195e+01   1.047943e+00   1.046822e+00  
429       2.430022e+01   2.425376e+01   1.062503e+00   1.061551e+00  
430       2.430643e+01   2.425888e+01   1.075187e+00   1.073869e+00  
431       2.430460e+01   2.425568e+01   1.090416e+00   1.089289e+00  
432       2.431353e+01   2.426336e+01   1.104632e+00   1.103117e+00  
433       2.432017e+01   2.426839e+01   1.122181e+00   1.120872e+00  
434       2.432927e+01   2.427612e+01   1.137433e+00   1.135718e+00  
435       2.431669e+01   2.426178e+01   1.155683e+00   1.154190e+00  
436       2.430628e+01   2.424987e+01   1.171280e+00   1.169368e+00  
437       2.432691e+01   2.426842e+01   1.192902e+00   1.191227e+00  
438       2.432780e+01   2.426760e+01   1.210526e+00   1.208432e+00  
439       2.434965e+01   2.428713e+01   1.233978e+00   1.232160e+00  
440       2.433930e+01   2.427488e+01   1.252479e+00   1.250213e+00  
441       2.436174e+01   2.429473e+01   1.277793e+00   1.275876e+00  
442       2.436241e+01   2.429320e+01   1.298769e+00   1.296358e+00  
443       2.436911e+01   2.429702e+01   1.325456e+00   1.323427e+00  
444       2.434906e+01   2.427457e+01   1.347005e+00   1.344486e+00  
445       2.436885e+01   2.429111e+01   1.376311e+00   1.374370e+00  
446       2.436418e+01   2.428373e+01   1.400022e+00   1.397717e+00  
447       2.436486e+01   2.428105e+01   1.428526e+00   1.426979e+00  
448       2.437184e+01   2.428524e+01   1.452453e+00   1.450592e+00  
449       2.439025e+01   2.430050e+01   1.478843e+00   1.477476e+00  
450       2.437928e+01   2.428715e+01   1.498237e+00   1.496388e+00  
451       2.439978e+01   2.430445e+01   1.524167e+00   1.523104e+00  
452       2.440213e+01   2.430369e+01   1.548713e+00   1.547868e+00  
453       2.441824e+01   2.431697e+01   1.570860e+00   1.570960e+00  
454       2.441723e+01   2.431396e+01   1.586480e+00   1.586053e+00  
455       2.440852e+01   2.430255e+01   1.606506e+00   1.606514e+00  
456       2.441460e+01   2.430513e+01   1.632990e+00   1.633128e+00  
457       2.443108e+01   2.431895e+01   1.652780e+00   1.653621e+00  
458       2.441688e+01   2.430281e+01   1.666777e+00   1.667166e+00  
459       2.444352e+01   2.432631e+01   1.690102e+00   1.691061e+00  
460       2.441813e+01   2.429752e+01   1.713347e+00   1.714596e+00  
461       2.444971e+01   2.432641e+01   1.733416e+00   1.734800e+00  
462       2.443557e+01   2.431008e+01   1.748161e+00   1.749573e+00  
463       2.444961e+01   2.432149e+01   1.766646e+00   1.768570e+00  
464       2.442703e+01   2.429600e+01   1.785705e+00   1.787607e+00  
465       2.445877e+01   2.432706e+01   1.791179e+00   1.793660e+00  
466       2.444014e+01   2.430626e+01   1.805085e+00   1.807761e+00  
467       2.445874e+01   2.432179e+01   1.826227e+00   1.829083e+00  
468       2.444233e+01   2.430432e+01   1.832558e+00   1.835463e+00  
469       2.448046e+01   2.434144e+01   1.840578e+00   1.843828e+00  
470       2.444710e+01   2.430457e+01   1.862220e+00   1.865683e+00  
471       2.448032e+01   2.433611e+01   1.874240e+00   1.878013e+00  
472       2.445582e+01   2.430967e+01   1.885714e+00   1.889689e+00  
473       2.448779e+01   2.434008e+01   1.897028e+00   1.901008e+00  
474       2.445973e+01   2.430924e+01   1.913337e+00   1.917924e+00  
475       2.449415e+01   2.434297e+01   1.919030e+00   1.923646e+00  
476       2.447020e+01   2.431819e+01   1.923063e+00   1.928287e+00  
477       2.449707e+01   2.434265e+01   1.939325e+00   1.944506e+00  
478       2.446990e+01   2.431501e+01   1.940452e+00   1.946962e+00  
479       2.450912e+01   2.435392e+01   1.944483e+00   1.949969e+00  
480       2.447377e+01   2.431655e+01   1.955747e+00   1.961001e+00  
481       2.451679e+01   2.436070e+01   1.950871e+00   1.955330e+00  
482       2.447450e+01   2.431594e+01   1.963807e+00   1.969715e+00  
483       2.450734e+01   2.434897e+01   1.964211e+00   1.969507e+00  
484       2.448730e+01   2.432944e+01   1.959788e+00   1.965991e+00  
485       2.450934e+01   2.435063e+01   1.967263e+00   1.970883e+00  
486       2.448611e+01   2.432757e+01   1.964875e+00   1.969296e+00  
487       2.450300e+01   2.434311e+01   1.974167e+00   1.977942e+00  
488       2.448330e+01   2.432437e+01   1.966580e+00   1.972151e+00  
489       2.451684e+01   2.435823e+01   1.966943e+00   1.970606e+00  
490       2.447965e+01   2.431948e+01   1.974749e+00   1.978999e+00  
491       2.450881e+01   2.435009e+01   1.967584e+00   1.970579e+00  
492       2.448720e+01   2.432890e+01   1.963494e+00   1.967747e+00  
493       2.450506e+01   2.434635e+01   1.967445e+00   1.970421e+00  
494       2.449099e+01   2.433255e+01   1.964133e+00   1.969135e+00  
495       2.452184e+01   2.436525e+01   1.954647e+00   1.958255e+00  
496       2.450294e+01   2.434563e+01   1.957879e+00   1.962446e+00  
497       2.451627e+01   2.435901e+01   1.958907e+00   1.961868e+00  
498       2.451227e+01   2.435704e+01   1.945324e+00   1.949831e+00  
499       2.452592e+01   2.437058e+01   1.947310e+00   1.950299e+00  
500       2.449504e+01   2.433978e+01   1.944703e+00   1.949311e+00  
501       2.451059e+01   2.435567e+01   1.944042e+00   1.946972e+00  
502       2.449233e+01   2.433772e+01   1.940306e+00   1.945452e+00  
503       2.452286e+01   2.436956e+01   1.934108e+00   1.937710e+00  
504       2.450294e+01   2.434968e+01   1.932486e+00   1.937086e+00  
505       2.451034e+01   2.435660e+01   1.936960e+00   1.939328e+00  
506       2.452219e+01   2.437097e+01   1.921142e+00   1.924288e+00  
507       2.452395e+01   2.437180e+01   1.926938e+00   1.930329e+00  
508       2.451613e+01   2.436470e+01   1.921898e+00   1.925717e+00  
509       2.452707e+01   2.437496e+01   1.927351e+00   1.929827e+00  
510       2.452372e+01   2.437299e+01   1.918247e+00   1.921075e+00  
511       2.451852e+01   2.436585e+01   1.930543e+00   1.932991e+00  
512       2.450674e+01   2.435511e+01   1.923151e+00   1.926127e+00  
513       2.451210e+01   2.435865e+01   1.936064e+00   1.936676e+00  
514       2.450692e+01   2.435464e+01   1.927411e+00   1.930254e+00  
515       2.451310e+01   2.435946e+01   1.937376e+00   1.937842e+00  
516       2.448338e+01   2.432800e+01   1.946637e+00   1.948064e+00  
517       2.452452e+01   2.437005e+01   1.943689e+00   1.942918e+00  
518       2.450968e+01   2.435470e+01   1.945636e+00   1.946130e+00  
519       2.452546e+01   2.436877e+01   1.958317e+00   1.956047e+00  
520       2.450867e+01   2.435171e+01   1.958517e+00   1.957920e+00  
521       2.452104e+01   2.436258e+01   1.969093e+00   1.966856e+00  
522       2.450338e+01   2.434414e+01   1.972040e+00   1.972236e+00  
523       2.451858e+01   2.435771e+01   1.983356e+00   1.982154e+00  
524       2.452373e+01   2.436297e+01   1.981937e+00   1.982707e+00  
525       2.452460e+01   2.436130e+01   1.998718e+00   1.997025e+00  
526       2.452121e+01   2.435791e+01   1.997263e+00   1.998184e+00  
527       2.452955e+01   2.436405e+01   2.012699e+00   2.010145e+00  
528       2.452531e+01   2.435976e+01   2.011289e+00   2.011918e+00  
529       2.452683e+01   2.435884e+01   2.027768e+00   2.024892e+00  
530       2.452303e+01   2.435529e+01   2.024453e+00   2.024858e+00  
531       2.452734e+01   2.435694e+01   2.041813e+00   2.039769e+00  
532       2.452329e+01   2.435279e+01   2.041475e+00   2.041048e+00  
533       2.453176e+01   2.435913e+01   2.055461e+00   2.053060e+00  
534       2.452824e+01   2.435494e+01   2.058720e+00   2.057431e+00  
535       2.452940e+01   2.435421e+01   2.069803e+00   2.068793e+00  
536       2.452440e+01   2.434817e+01   2.076274e+00   2.074106e+00  
537       2.453050e+01   2.435222e+01   2.088250e+00   2.086592e+00  
538       2.452675e+01   2.434751e+01   2.093825e+00   2.091843e+00  
539       2.453834e+01   2.435774e+01   2.101572e+00   2.100938e+00  
540       2.453881e+01   2.435751e+01   2.106462e+00   2.104225e+00  
541       2.453355e+01   2.435062e+01   2.115479e+00   2.113656e+00  
542       2.453025e+01   2.434626e+01   2.120925e+00   2.120023e+00  
543       2.454390e+01   2.435947e+01   2.124593e+00   2.122484e+00  
544       2.455771e+01   2.437324e+01   2.125028e+00   2.123758e+00  
545       2.454321e+01   2.435639e+01   2.138768e+00   2.135756e+00  
546       2.454073e+01   2.435285e+01   2.143199e+00   2.143108e+00  
547       2.455940e+01   2.437095e+01   2.149254e+00   2.145159e+00  
548       2.454843e+01   2.435872e+01   2.153797e+00   2.153918e+00  
549       2.455142e+01   2.436053e+01   2.162372e+00   2.158996e+00  
550       2.455120e+01   2.435946e+01   2.165238e+00   2.165645e+00  
551       2.454893e+01   2.435641e+01   2.171735e+00   2.167669e+00  
552       2.455973e+01   2.436688e+01   2.171507e+00   2.172638e+00  
553       2.454470e+01   2.435087e+01   2.178370e+00   2.175324e+00  
554       2.455196e+01   2.435779e+01   2.178547e+00   2.179612e+00  
555       2.455612e+01   2.436219e+01   2.179156e+00   2.176680e+00  
556       2.455812e+01   2.436344e+01   2.181747e+00   2.182649e+00  
557       2.454671e+01   2.435180e+01   2.184011e+00   2.181987e+00  
558       2.457169e+01   2.437757e+01   2.179180e+00   2.180242e+00  
559       2.455826e+01   2.436413e+01   2.180206e+00   2.178179e+00  
560       2.457087e+01   2.437603e+01   2.183185e+00   2.184098e+00  
561       2.455568e+01   2.436147e+01   2.180320e+00   2.178633e+00  
562       2.458207e+01   2.438818e+01   2.178811e+00   2.178965e+00  
563       2.455702e+01   2.436273e+01   2.181277e+00   2.178728e+00  
564       2.459188e+01   2.439875e+01   2.174782e+00   2.175298e+00  
565       2.455636e+01   2.436233e+01   2.179577e+00   2.177397e+00  
566       2.458967e+01   2.439637e+01   2.175513e+00   2.176226e+00  
567       2.456280e+01   2.436988e+01   2.173823e+00   2.171349e+00  
568       2.458863e+01   2.439582e+01   2.173050e+00   2.173144e+00  
569       2.456846e+01   2.437669e+01   2.167360e+00   2.165365e+00  
570       2.460512e+01   2.441428e+01   2.162702e+00   2.162863e+00  
571       2.455604e+01   2.436417e+01   2.167109e+00   2.165640e+00  
572       2.460736e+01   2.441759e+01   2.156602e+00   2.157010e+00  
573       2.456310e+01   2.437264e+01   2.159780e+00   2.157630e+00  
574       2.460693e+01   2.441784e+01   2.152611e+00   2.153261e+00  
575       2.455641e+01   2.436672e+01   2.154918e+00   2.153201e+00  
576       2.460244e+01   2.441372e+01   2.150488e+00   2.150690e+00  
577       2.455328e+01   2.436426e+01   2.151093e+00   2.149255e+00  
578       2.459892e+01   2.441061e+01   2.147986e+00   2.148291e+00  
579       2.455857e+01   2.437047e+01   2.145743e+00   2.144684e+00  
580       2.460174e+01   2.441426e+01   2.143059e+00   2.144059e+00  
581       2.456266e+01   2.437533e+01   2.141653e+00   2.140214e+00  
582       2.460756e+01   2.442092e+01   2.138589e+00   2.139359e+00  
583       2.456711e+01   2.438058e+01   2.137548e+00   2.135620e+00  
584       2.460337e+01   2.441692e+01   2.137125e+00   2.138351e+00  
585       2.455759e+01   2.437036e+01   2.140841e+00   2.139499e+00  
586       2.459570e+01   2.440833e+01   2.142076e+00   2.143176e+00  
587       2.454687e+01   2.435856e+01   2.146411e+00   2.145225e+00  
588       2.459990e+01   2.441295e+01   2.139853e+00   2.141092e+00  
589       2.455126e+01   2.436245e+01   2.149360e+00   2.148363e+00  
590       2.459035e+01   2.440123e+01   2.151338e+00   2.153319e+00  
591       2.456076e+01   2.437113e+01   2.154422e+00   2.153556e+00  
592       2.460921e+01   2.441955e+01   2.155280e+00   2.157256e+00  
593       2.458090e+01   2.439047e+01   2.159756e+00   2.158927e+00  
594       2.460577e+01   2.441310e+01   2.171610e+00   2.174572e+00  
595       2.459655e+01   2.440423e+01   2.170962e+00   2.170337e+00  
596       2.459144e+01   2.439803e+01   2.174812e+00   2.178323e+00  
597       2.457332e+01   2.437931e+01   2.179087e+00   2.179130e+00  
598       2.458120e+01   2.438550e+01   2.187017e+00   2.190901e+00  
599       2.456403e+01   2.436766e+01   2.191415e+00   2.192346e+00  
600       2.458700e+01   2.439001e+01   2.193982e+00   2.198726e+00  
601       2.455493e+01   2.435498e+01   2.210808e+00   2.211812e+00  
602       2.460028e+01   2.440123e+01   2.206022e+00   2.210750e+00  
603       2.456889e+01   2.436887e+01   2.211079e+00   2.213528e+00  
604       2.460030e+01   2.440026e+01   2.211388e+00   2.216261e+00  
605       2.456268e+01   2.435926e+01   2.229321e+00   2.231966e+00  
606       2.458660e+01   2.438252e+01   2.232466e+00   2.238329e+00  
607       2.455988e+01   2.435636e+01   2.229060e+00   2.233152e+00  
608       2.459939e+01   2.439382e+01   2.240984e+00   2.247145e+00  
609       2.457190e+01   2.436526e+01   2.245353e+00   2.251806e+00  
610       2.459144e+01   2.438238e+01   2.259067e+00   2.266081e+00  
611       2.458519e+01   2.437709e+01   2.253717e+00   2.260433e+00  
612       2.457796e+01   2.436570e+01   2.275180e+00   2.283053e+00  
613       2.458659e+01   2.437542e+01   2.269412e+00   2.277986e+00  
614       2.459348e+01   2.437934e+01   2.285547e+00   2.294243e+00  
615       2.458603e+01   2.437200e+01   2.283943e+00   2.293949e+00  
616       2.459531e+01   2.437798e+01   2.301828e+00   2.311946e+00  
617       2.459071e+01   2.437384e+01   2.298451e+00   2.309987e+00  
618       2.460672e+01   2.438854e+01   2.306081e+00   2.317616e+00  
619       2.459765e+01   2.437734e+01   2.316606e+00   2.328770e+00  
620       2.459834e+01   2.437618e+01   2.325902e+00   2.338786e+00  
621       2.459971e+01   2.437619e+01   2.332687e+00   2.346441e+00  
622       2.460882e+01   2.438407e+01   2.339375e+00   2.353414e+00  
623       2.460198e+01   2.437509e+01   2.349074e+00   2.365231e+00  
624       2.460675e+01   2.437849e+01   2.356773e+00   2.372124e+00  
625       2.460440e+01   2.437515e+01   2.361026e+00   2.377932e+00  
626       2.459903e+01   2.436777e+01   2.370927e+00   2.388086e+00  
627       2.461540e+01   2.438409e+01   2.371156e+00   2.389878e+00  
628       2.460735e+01   2.437386e+01   2.381692e+00   2.400931e+00  
629       2.461832e+01   2.438509e+01   2.379939e+00   2.401051e+00  
630       2.461621e+01   2.438130e+01   2.388284e+00   2.409639e+00  
631       2.461870e+01   2.438311e+01   2.390370e+00   2.414596e+00  
632       2.461664e+01   2.437827e+01   2.404887e+00   2.428055e+00  
633       2.462807e+01   2.439239e+01   2.391015e+00   2.415799e+00  
634       2.462571e+01   2.438660e+01   2.408208e+00   2.433120e+00  
635       2.462131e+01   2.438280e+01   2.405616e+00   2.429216e+00  
636       2.462801e+01   2.438728e+01   2.417743e+00   2.440057e+00  
637       2.462564e+01   2.438662e+01   2.407917e+00   2.432375e+00  
638       2.463239e+01   2.439082e+01   2.421652e+00   2.445099e+00  
639       2.461852e+01   2.437832e+01   2.414533e+00   2.437056e+00  
640       2.463813e+01   2.439615e+01   2.424325e+00   2.446987e+00  
641       2.462449e+01   2.438370e+01   2.417942e+00   2.440053e+00  
642       2.463754e+01   2.439478e+01   2.428554e+00   2.450517e+00  
643       2.461533e+01   2.437371e+01   2.422236e+00   2.443271e+00  
644       2.464477e+01   2.440188e+01   2.429706e+00   2.451416e+00  
645       2.461764e+01   2.437544e+01   2.425375e+00   2.446165e+00  
646       2.464361e+01   2.439969e+01   2.436012e+00   2.455300e+00  
647       2.461540e+01   2.437390e+01   2.422943e+00   2.441394e+00  
648       2.465773e+01   2.441523e+01   2.428557e+00   2.449968e+00  
649       2.460709e+01   2.436418e+01   2.428675e+00   2.448823e+00  
650       2.465675e+01   2.441399e+01   2.430708e+00   2.450281e+00  
651       2.461847e+01   2.437769e+01   2.420136e+00   2.437282e+00  
652       2.466640e+01   2.442453e+01   2.426772e+00   2.446283e+00  
653       2.461598e+01   2.437454e+01   2.423876e+00   2.439919e+00  
654       2.467939e+01   2.443838e+01   2.423119e+00   2.442620e+00  
655       2.462337e+01   2.438323e+01   2.418667e+00   2.432833e+00  
656       2.468352e+01   2.444287e+01   2.421504e+00   2.441114e+00  
657       2.462797e+01   2.438755e+01   2.420297e+00   2.434460e+00  
658       2.468140e+01   2.444048e+01   2.423697e+00   2.441392e+00  
659       2.463145e+01   2.439104e+01   2.420345e+00   2.434660e+00  
660       2.468567e+01   2.444438e+01   2.426399e+00   2.442832e+00  
661       2.461883e+01   2.437692e+01   2.427481e+00   2.441279e+00  
662       2.469051e+01   2.444839e+01   2.431944e+00   2.446031e+00  
663       2.462411e+01   2.438180e+01   2.429731e+00   2.443584e+00  
664       2.468982e+01   2.444672e+01   2.437081e+00   2.450593e+00  
665       2.462359e+01   2.438026e+01   2.435698e+00   2.447784e+00  
666       2.471204e+01   2.446928e+01   2.435849e+00   2.450760e+00  
667       2.462512e+01   2.438079e+01   2.440898e+00   2.452656e+00  
668       2.471840e+01   2.447359e+01   2.447218e+00   2.460362e+00  
669       2.462153e+01   2.437598e+01   2.446995e+00   2.458387e+00  
670       2.471448e+01   2.446658e+01   2.463436e+00   2.474542e+00  
671       2.462324e+01   2.437592e+01   2.456239e+00   2.466789e+00  
672       2.470661e+01   2.445743e+01   2.468740e+00   2.481097e+00  
673       2.461269e+01   2.436312e+01   2.467237e+00   2.477041e+00  
674       2.471636e+01   2.446552e+01   2.477166e+00   2.490021e+00  
675       2.460036e+01   2.434797e+01   2.480586e+00   2.490220e+00  
676       2.471999e+01   2.446764e+01   2.486102e+00   2.496326e+00  
677       2.460495e+01   2.435272e+01   2.479709e+00   2.489927e+00  
678       2.472725e+01   2.447333e+01   2.494029e+00   2.504569e+00  
679       2.460862e+01   2.435446e+01   2.489878e+00   2.498984e+00  
680       2.473296e+01   2.447824e+01   2.497205e+00   2.509786e+00  
681       2.459686e+01   2.434145e+01   2.494938e+00   2.504975e+00  
682       2.474405e+01   2.448850e+01   2.501757e+00   2.514448e+00  
683       2.458478e+01   2.432644e+01   2.509140e+00   2.517855e+00  
684       2.474234e+01   2.448448e+01   2.513413e+00   2.525124e+00  
685       2.459039e+01   2.433073e+01   2.514304e+00   2.526078e+00  
686       2.475948e+01   2.450094e+01   2.517491e+00   2.529458e+00  
687       2.459021e+01   2.432937e+01   2.520820e+00   2.530946e+00  
688       2.475749e+01   2.449719e+01   2.525212e+00   2.538622e+00  
689       2.459626e+01   2.433397e+01   2.527863e+00   2.538448e+00  
690       2.474841e+01   2.448506e+01   2.540063e+00   2.552195e+00  
691       2.458647e+01   2.432172e+01   2.538618e+00   2.550350e+00  
692       2.475684e+01   2.449235e+01   2.546732e+00   2.557320e+00  
693       2.459832e+01   2.433341e+01   2.538316e+00   2.553345e+00  
694       2.477164e+01   2.450482e+01   2.557908e+00   2.570031e+00  
695       2.458759e+01   2.431919e+01   2.554521e+00   2.569210e+00  
696       2.477762e+01   2.450831e+01   2.571024e+00   2.581279e+00  
697       2.458604e+01   2.431609e+01   2.560719e+00   2.577527e+00  
698       2.476728e+01   2.449511e+01   2.583006e+00   2.595417e+00  
699       2.458812e+01   2.431531e+01   2.574703e+00   2.590802e+00  
700       2.477373e+01   2.449953e+01   2.593147e+00   2.605105e+00  
701       2.458763e+01   2.431332e+01   2.580776e+00   2.598796e+00  
702       2.477179e+01   2.449567e+01   2.600786e+00   2.615308e+00  
703       2.459195e+01   2.431536e+01   2.590778e+00   2.610590e+00  
704       2.476901e+01   2.449131e+01   2.607916e+00   2.622647e+00  
705       2.459365e+01   2.431602e+01   2.596089e+00   2.615148e+00  
706       2.477232e+01   2.449208e+01   2.618830e+00   2.635887e+00  
707       2.459100e+01   2.431174e+01   2.602593e+00   2.623558e+00  
708       2.477604e+01   2.449465e+01   2.623869e+00   2.641857e+00  
709       2.459417e+01   2.431439e+01   2.605650e+00   2.625670e+00  
710       2.477404e+01   2.449134e+01   2.630389e+00   2.647367e+00  
711       2.459853e+01   2.431817e+01   2.608664e+00   2.628474e+00  
712       2.478131e+01   2.449821e+01   2.632320e+00   2.649923e+00  
713       2.459286e+01   2.431173e+01   2.613199e+00   2.630562e+00  
714       2.479798e+01   2.451555e+01   2.630401e+00   2.647414e+00  
715       2.459906e+01   2.431851e+01   2.610492e+00   2.628569e+00  
716       2.479341e+01   2.450942e+01   2.637566e+00   2.654207e+00  
717       2.460268e+01   2.432145e+01   2.613942e+00   2.631697e+00  
718       2.481406e+01   2.453086e+01   2.635792e+00   2.650940e+00  
719       2.460365e+01   2.432164e+01   2.617351e+00   2.635656e+00  
720       2.481477e+01   2.453094e+01   2.638808e+00   2.653757e+00  
721       2.460849e+01   2.432644e+01   2.617616e+00   2.636348e+00  
722       2.481754e+01   2.453401e+01   2.638597e+00   2.651484e+00  
723       2.461731e+01   2.433558e+01   2.617421e+00   2.634433e+00  
724       2.482278e+01   2.453937e+01   2.638183e+00   2.651317e+00  
725       2.461510e+01   2.433363e+01   2.616310e+00   2.632996e+00  
726       2.483104e+01   2.454834e+01   2.635162e+00   2.648606e+00  
727       2.461684e+01   2.433580e+01   2.614328e+00   2.631153e+00  
728       2.483311e+01   2.455034e+01   2.635982e+00   2.648760e+00  
729       2.461820e+01   2.433710e+01   2.616135e+00   2.630036e+00  
730       2.484169e+01   2.455870e+01   2.638440e+00   2.649242e+00  
731       2.462779e+01   2.434727e+01   2.613208e+00   2.628647e+00  
732       2.484914e+01   2.456668e+01   2.635917e+00   2.647612e+00  
733       2.461888e+01   2.433777e+01   2.615775e+00   2.630562e+00  
734       2.485961e+01   2.457669e+01   2.639110e+00   2.649827e+00  
735       2.463496e+01   2.435429e+01   2.614657e+00   2.629333e+00  
736       2.485529e+01   2.457132e+01   2.643810e+00   2.654423e+00  
737       2.465180e+01   2.437100e+01   2.617052e+00   2.629929e+00  
738       2.487606e+01   2.459173e+01   2.646556e+00   2.657231e+00  
739       2.465382e+01   2.437249e+01   2.619600e+00   2.632541e+00  
740       2.488255e+01   2.459696e+01   2.652304e+00   2.663915e+00  
741       2.467656e+01   2.439530e+01   2.621141e+00   2.632796e+00  
742       2.490122e+01   2.461561e+01   2.653629e+00   2.664680e+00  
743       2.467236e+01   2.438871e+01   2.632203e+00   2.643437e+00  
744       2.491054e+01   2.462307e+01   2.662170e+00   2.674347e+00  
745       2.468628e+01   2.440165e+01   2.637527e+00   2.648662e+00  
746       2.490329e+01   2.461304e+01   2.675749e+00   2.685573e+00  
747       2.468104e+01   2.439274e+01   2.654315e+00   2.665101e+00  
748       2.492011e+01   2.462902e+01   2.680629e+00   2.690190e+00  
749       2.469268e+01   2.440425e+01   2.655912e+00   2.665880e+00  
750       2.491865e+01   2.462522e+01   2.690994e+00   2.701124e+00  
751       2.471398e+01   2.442489e+01   2.659637e+00   2.670568e+00  
752       2.493532e+01   2.464145e+01   2.693163e+00   2.704790e+00  
753       2.471860e+01   2.442714e+01   2.671386e+00   2.681021e+00  
754       2.493757e+01   2.464266e+01   2.698653e+00   2.709047e+00  
755       2.472789e+01   2.443561e+01   2.675408e+00   2.685499e+00  
756       2.493713e+01   2.464115e+01   2.704145e+00   2.713312e+00  
757       2.473384e+01   2.444049e+01   2.679883e+00   2.691426e+00  
758       2.494195e+01   2.464559e+01   2.706073e+00   2.715360e+00  
759       2.473037e+01   2.443508e+01   2.688360e+00   2.700135e+00  
760       2.494853e+01   2.465112e+01   2.711448e+00   2.720220e+00  
761       2.474130e+01   2.444521e+01   2.692346e+00   2.704584e+00  
762       2.495100e+01   2.465205e+01   2.718786e+00   2.727076e+00  
763       2.475545e+01   2.445863e+01   2.696761e+00   2.708371e+00  
764       2.496556e+01   2.466539e+01   2.724357e+00   2.734127e+00  
765       2.474946e+01   2.445160e+01   2.701270e+00   2.712536e+00  
766       2.496262e+01   2.466124e+01   2.730235e+00   2.738877e+00  
767       2.476109e+01   2.446168e+01   2.709142e+00   2.719940e+00  
768       2.496072e+01   2.465686e+01   2.741419e+00   2.749811e+00  
769       2.476622e+01   2.446613e+01   2.711734e+00   2.724147e+00  
770       2.497573e+01   2.467131e+01   2.744229e+00   2.753661e+00  
771       2.476193e+01   2.446075e+01   2.715768e+00   2.729349e+00  
772       2.498542e+01   2.467976e+01   2.749733e+00   2.760387e+00  
773       2.475659e+01   2.445284e+01   2.727062e+00   2.740593e+00  
774       2.497781e+01   2.466960e+01   2.760926e+00   2.771168e+00  
775       2.476155e+01   2.445690e+01   2.731327e+00   2.744837e+00  
776       2.497856e+01   2.466900e+01   2.766066e+00   2.778041e+00  
777       2.476784e+01   2.446272e+01   2.733532e+00   2.747562e+00  
778       2.499017e+01   2.468024e+01   2.768379e+00   2.780401e+00  
779       2.477933e+01   2.447389e+01   2.735172e+00   2.750052e+00  
780       2.498638e+01   2.467519e+01   2.772266e+00   2.787262e+00  
781       2.477903e+01   2.447262e+01   2.738912e+00   2.754871e+00  
782       2.499584e+01   2.468445e+01   2.774132e+00   2.788146e+00  
783       2.479466e+01   2.448873e+01   2.737593e+00   2.753635e+00  
784       2.499586e+01   2.468371e+01   2.777422e+00   2.791733e+00  
785       2.479111e+01   2.448478e+01   2.738395e+00   2.756003e+00  
786       2.500492e+01   2.469414e+01   2.771539e+00   2.786328e+00  
787       2.480646e+01   2.450085e+01   2.736793e+00   2.752876e+00  
788       2.499842e+01   2.468699e+01   2.774360e+00   2.788686e+00  
789       2.480917e+01   2.450362e+01   2.736757e+00   2.752759e+00  
790       2.501562e+01   2.470514e+01   2.771848e+00   2.784616e+00  
791       2.481100e+01   2.450438e+01   2.741615e+00   2.757593e+00  
792       2.501624e+01   2.470592e+01   2.770321e+00   2.784858e+00  
793       2.482305e+01   2.451755e+01   2.737635e+00   2.752973e+00  
794       2.501697e+01   2.470658e+01   2.771429e+00   2.784374e+00  
795       2.482918e+01   2.452378e+01   2.737991e+00   2.752404e+00  
796       2.502551e+01   2.471549e+01   2.770495e+00   2.783018e+00  
797       2.483204e+01   2.452682e+01   2.736880e+00   2.752173e+00  
798       2.502787e+01   2.471874e+01   2.767775e+00   2.778054e+00  
799       2.483752e+01   2.453349e+01   2.732199e+00   2.746901e+00  
800       2.503323e+01   2.472560e+01   2.761370e+00   2.771715e+00  
801       2.484063e+01   2.453728e+01   2.729820e+00   2.743507e+00  
802       2.502962e+01   2.472204e+01   2.760965e+00   2.771220e+00  
803       2.485628e+01   2.455409e+01   2.725812e+00   2.738787e+00  
804       2.503421e+01   2.472819e+01   2.753195e+00   2.765556e+00  
805       2.485689e+01   2.455538e+01   2.723139e+00   2.735487e+00  
806       2.504160e+01   2.473695e+01   2.748289e+00   2.758915e+00  
807       2.486098e+01   2.455970e+01   2.722144e+00   2.734886e+00  
808       2.504815e+01   2.474446e+01   2.744489e+00   2.754886e+00  
809       2.486526e+01   2.456315e+01   2.726276e+00   2.738689e+00  
810       2.504208e+01   2.473930e+01   2.739489e+00   2.750949e+00  
811       2.486031e+01   2.455840e+01   2.725385e+00   2.737147e+00  
812       2.505602e+01   2.475360e+01   2.739000e+00   2.749795e+00  
813       2.486665e+01   2.456426e+01   2.727855e+00   2.739731e+00  
814       2.504809e+01   2.474491e+01   2.742004e+00   2.752772e+00  
815       2.487466e+01   2.457245e+01   2.728148e+00   2.738688e+00  
816       2.505564e+01   2.475214e+01   2.744607e+00   2.753877e+00  
817       2.487604e+01   2.457286e+01   2.731736e+00   2.744005e+00  
818       2.505398e+01   2.475047e+01   2.744805e+00   2.753599e+00  
819       2.488020e+01   2.457619e+01   2.735623e+00   2.748059e+00  
820       2.505465e+01   2.474877e+01   2.755174e+00   2.764576e+00  
821       2.488798e+01   2.458299e+01   2.740462e+00   2.752800e+00  
822       2.505214e+01   2.474519e+01   2.759853e+00   2.769199e+00  
823       2.489151e+01   2.458575e+01   2.743603e+00   2.756998e+00  
824       2.505875e+01   2.475059e+01   2.765772e+00   2.774855e+00  
825       2.490185e+01   2.459569e+01   2.746109e+00   2.759205e+00  
826       2.506145e+01   2.475377e+01   2.763161e+00   2.773513e+00  
827       2.490860e+01   2.460215e+01   2.748141e+00   2.760495e+00  
828       2.506898e+01   2.476009e+01   2.769170e+00   2.779150e+00  
829       2.491061e+01   2.460254e+01   2.754178e+00   2.769111e+00  
830       2.505737e+01   2.474725e+01   2.773925e+00   2.784064e+00  
831       2.490711e+01   2.459718e+01   2.762311e+00   2.777188e+00  
832       2.504879e+01   2.473717e+01   2.780042e+00   2.790291e+00  
833       2.490930e+01   2.459792e+01   2.768285e+00   2.784339e+00  
834       2.504588e+01   2.473384e+01   2.781166e+00   2.792621e+00  
835       2.491579e+01   2.460381e+01   2.771530e+00   2.787062e+00  
836       2.505353e+01   2.474076e+01   2.784014e+00   2.797059e+00  
837       2.490741e+01   2.459366e+01   2.777502e+00   2.795763e+00  
838       2.505513e+01   2.474147e+01   2.788582e+00   2.800570e+00  
839       2.491728e+01   2.460269e+01   2.781755e+00   2.800059e+00  
840       2.504760e+01   2.473285e+01   2.792765e+00   2.805158e+00  
841       2.492152e+01   2.460588e+01   2.785730e+00   2.805814e+00  
842       2.504267e+01   2.472693e+01   2.796955e+00   2.809169e+00  
843       2.491750e+01   2.460144e+01   2.786565e+00   2.808224e+00  
844       2.503347e+01   2.471555e+01   2.805458e+00   2.818839e+00  
845       2.493214e+01   2.461534e+01   2.789937e+00   2.812943e+00  
846       2.502844e+01   2.470965e+01   2.808843e+00   2.822522e+00  
847       2.493055e+01   2.461253e+01   2.795121e+00   2.818320e+00  
848       2.502745e+01   2.470830e+01   2.809100e+00   2.825283e+00  
849       2.492934e+01   2.460998e+01   2.800872e+00   2.824202e+00  
850       2.501293e+01   2.469215e+01   2.815614e+00   2.831381e+00  
851       2.491503e+01   2.459330e+01   2.809547e+00   2.834545e+00  
852       2.500941e+01   2.468697e+01   2.821974e+00   2.839112e+00  
853       2.491368e+01   2.459177e+01   2.809892e+00   2.835675e+00  
854       2.501350e+01   2.469138e+01   2.820532e+00   2.838263e+00  
855       2.491050e+01   2.458770e+01   2.813729e+00   2.839167e+00  
856       2.501141e+01   2.468882e+01   2.821366e+00   2.841285e+00  
857       2.490059e+01   2.457696e+01   2.816571e+00   2.842431e+00  
858       2.500131e+01   2.467758e+01   2.825407e+00   2.846028e+00  
859       2.488563e+01   2.456077e+01   2.820581e+00   2.847370e+00  
860       2.499275e+01   2.466820e+01   2.829071e+00   2.848452e+00  
861       2.489375e+01   2.457030e+01   2.814910e+00   2.841758e+00  
862       2.498576e+01   2.466209e+01   2.824620e+00   2.844460e+00  
863       2.487737e+01   2.455277e+01   2.818993e+00   2.845764e+00  
864       2.498033e+01   2.465680e+01   2.823724e+00   2.843510e+00  
865       2.486769e+01   2.454303e+01   2.818708e+00   2.845382e+00  
866       2.496885e+01   2.464469e+01   2.825996e+00   2.845435e+00  
867       2.487433e+01   2.455004e+01   2.817685e+00   2.844003e+00  
868       2.495910e+01   2.463450e+01   2.828341e+00   2.845786e+00  
869       2.486160e+01   2.453751e+01   2.815143e+00   2.843350e+00  
870       2.495891e+01   2.463515e+01   2.824231e+00   2.842520e+00  
871       2.486131e+01   2.453764e+01   2.813795e+00   2.841032e+00  
872       2.494903e+01   2.462515e+01   2.824852e+00   2.841922e+00  
873       2.486325e+01   2.454001e+01   2.812505e+00   2.838831e+00  
874       2.494385e+01   2.462067e+01   2.821423e+00   2.838590e+00  
875       2.485438e+01   2.453102e+01   2.812167e+00   2.839217e+00  
876       2.495181e+01   2.462964e+01   2.818153e+00   2.834029e+00  
877       2.486160e+01   2.453888e+01   2.809284e+00   2.837345e+00  
878       2.493613e+01   2.461467e+01   2.813824e+00   2.830389e+00  
879       2.487310e+01   2.455078e+01   2.808868e+00   2.835635e+00  
880       2.493953e+01   2.461852e+01   2.811905e+00   2.828797e+00  
881       2.487651e+01   2.455403e+01   2.810163e+00   2.836027e+00  
882       2.492548e+01   2.460422e+01   2.812067e+00   2.829142e+00  
883       2.488312e+01   2.456146e+01   2.807363e+00   2.832564e+00  
884       2.492776e+01   2.460742e+01   2.809159e+00   2.824284e+00  
885       2.488272e+01   2.455961e+01   2.814416e+00   2.838045e+00  
886       2.492022e+01   2.459958e+01   2.810612e+00   2.824686e+00  
887       2.488646e+01   2.456299e+01   2.815426e+00   2.840519e+00  
888       2.492023e+01   2.459992e+01   2.808695e+00   2.823724e+00  
889       2.488703e+01   2.456255e+01   2.820639e+00   2.844185e+00  
890       2.491442e+01   2.459403e+01   2.809470e+00   2.822938e+00  
891       2.489326e+01   2.456789e+01   2.825399e+00   2.847822e+00  
892       2.490650e+01   2.458467e+01   2.815134e+00   2.828955e+00  
893       2.490392e+01   2.457750e+01   2.830983e+00   2.852589e+00  
894       2.490711e+01   2.458557e+01   2.814183e+00   2.827405e+00  
895       2.489951e+01   2.457178e+01   2.836865e+00   2.857527e+00  
896       2.490636e+01   2.458362e+01   2.818669e+00   2.833241e+00  
897       2.491216e+01   2.458291e+01   2.844222e+00   2.864701e+00  
898       2.490929e+01   2.458534e+01   2.825285e+00   2.837530e+00  
899       2.491243e+01   2.458242e+01   2.847412e+00   2.868099e+00  
900       2.490918e+01   2.458534e+01   2.825093e+00   2.836783e+00  
901       2.492637e+01   2.459581e+01   2.850748e+00   2.871084e+00  
902       2.491052e+01   2.458568e+01   2.830145e+00   2.840569e+00  
903       2.493144e+01   2.459893e+01   2.859877e+00   2.879322e+00  
904       2.490304e+01   2.457750e+01   2.831853e+00   2.844099e+00  
905       2.494411e+01   2.460954e+01   2.870163e+00   2.888127e+00  
906       2.490460e+01   2.457723e+01   2.839983e+00   2.851885e+00  
907       2.494689e+01   2.461098e+01   2.876066e+00   2.894000e+00  
908       2.489458e+01   2.456599e+01   2.844875e+00   2.856371e+00  
909       2.496425e+01   2.462764e+01   2.880659e+00   2.897335e+00  
910       2.490160e+01   2.457350e+01   2.842638e+00   2.855138e+00  
911       2.498147e+01   2.464510e+01   2.880561e+00   2.897470e+00  
912       2.490275e+01   2.457420e+01   2.844303e+00   2.857561e+00  
913       2.500314e+01   2.466572e+01   2.886026e+00   2.903484e+00  
914       2.490315e+01   2.457276e+01   2.852689e+00   2.865050e+00  
915       2.498991e+01   2.465071e+01   2.892743e+00   2.910273e+00  
916       2.490567e+01   2.457472e+01   2.855138e+00   2.867682e+00  
917       2.499809e+01   2.465731e+01   2.900262e+00   2.917161e+00  
918       2.489862e+01   2.456554e+01   2.863721e+00   2.876584e+00  
919       2.501577e+01   2.467423e+01   2.904212e+00   2.921718e+00  
920       2.489212e+01   2.455854e+01   2.865175e+00   2.878648e+00  
921       2.502420e+01   2.468141e+01   2.909907e+00   2.927633e+00  
922       2.490120e+01   2.456709e+01   2.867705e+00   2.881653e+00  
923       2.503176e+01   2.468809e+01   2.913275e+00   2.932641e+00  
924       2.489753e+01   2.456268e+01   2.871044e+00   2.884258e+00  
925       2.504353e+01   2.469873e+01   2.918968e+00   2.937798e+00  
926       2.490224e+01   2.456633e+01   2.875680e+00   2.889159e+00  
927       2.503896e+01   2.469234e+01   2.925891e+00   2.945697e+00  
928       2.490076e+01   2.456378e+01   2.879494e+00   2.894319e+00  
929       2.505715e+01   2.470986e+01   2.929396e+00   2.949945e+00  
930       2.491054e+01   2.457329e+01   2.881163e+00   2.896086e+00  
931       2.506412e+01   2.471676e+01   2.928860e+00   2.951901e+00  
932       2.492053e+01   2.458379e+01   2.880261e+00   2.893796e+00  
933       2.506919e+01   2.472061e+01   2.934339e+00   2.957262e+00  
934       2.491367e+01   2.457648e+01   2.880909e+00   2.896254e+00  
935       2.507563e+01   2.472688e+01   2.935323e+00   2.958486e+00  
936       2.490796e+01   2.457011e+01   2.883239e+00   2.898811e+00  
937       2.508733e+01   2.473935e+01   2.933544e+00   2.955176e+00  
938       2.491205e+01   2.457453e+01   2.882421e+00   2.897309e+00  
939       2.510865e+01   2.476207e+01   2.929178e+00   2.950263e+00  
940       2.492535e+01   2.458782e+01   2.882514e+00   2.898822e+00  
941       2.510366e+01   2.475677e+01   2.930110e+00   2.951397e+00  
942       2.492843e+01   2.459037e+01   2.884697e+00   2.901591e+00  
943       2.510398e+01   2.475652e+01   2.931958e+00   2.954320e+00  
944       2.492764e+01   2.458945e+01   2.885434e+00   2.901814e+00  
945       2.511858e+01   2.477177e+01   2.930486e+00   2.952084e+00  
946       2.493388e+01   2.459635e+01   2.883292e+00   2.899099e+00  
947       2.512583e+01   2.477965e+01   2.928814e+00   2.949219e+00  
948       2.492838e+01   2.459073e+01   2.883336e+00   2.899412e+00  
949       2.514102e+01   2.479519e+01   2.928927e+00   2.947989e+00  
950       2.493056e+01   2.459264e+01   2.883862e+00   2.901377e+00  
951       2.514975e+01   2.480414e+01   2.928583e+00   2.947572e+00  
952       2.493197e+01   2.459384e+01   2.884830e+00   2.902424e+00  
953       2.515010e+01   2.480483e+01   2.926862e+00   2.946341e+00  
954       2.493682e+01   2.459888e+01   2.884382e+00   2.901783e+00  
955       2.516007e+01   2.481522e+01   2.926428e+00   2.944505e+00  
956       2.493306e+01   2.459500e+01   2.885252e+00   2.901476e+00  
957       2.515988e+01   2.481477e+01   2.927414e+00   2.945708e+00  
958       2.492250e+01   2.458331e+01   2.889319e+00   2.905748e+00  
959       2.516353e+01   2.481852e+01   2.927589e+00   2.945115e+00  
960       2.492421e+01   2.458469e+01   2.891457e+00   2.906685e+00  
961       2.517459e+01   2.482998e+01   2.926693e+00   2.943964e+00  
962       2.493712e+01   2.459737e+01   2.893657e+00   2.907967e+00  
963       2.516957e+01   2.482407e+01   2.928895e+00   2.948623e+00  
964       2.494722e+01   2.460675e+01   2.897122e+00   2.911797e+00  
965       2.518930e+01   2.484398e+01   2.931263e+00   2.947057e+00  
966       2.494579e+01   2.460444e+01   2.900759e+00   2.915437e+00  
967       2.519555e+01   2.484939e+01   2.935120e+00   2.951003e+00  
968       2.494490e+01   2.460229e+01   2.906447e+00   2.920313e+00  
969       2.521073e+01   2.486345e+01   2.940701e+00   2.956661e+00  
970       2.494866e+01   2.460408e+01   2.915083e+00   2.928688e+00  
971       2.522172e+01   2.487328e+01   2.946021e+00   2.962443e+00  
972       2.494044e+01   2.459413e+01   2.921812e+00   2.935576e+00  
973       2.523601e+01   2.488605e+01   2.952951e+00   2.969915e+00  
974       2.495080e+01   2.460362e+01   2.926370e+00   2.939483e+00  
975       2.523606e+01   2.488408e+01   2.962603e+00   2.977331e+00  
976       2.495189e+01   2.460304e+01   2.933512e+00   2.946437e+00  
977       2.525520e+01   2.490261e+01   2.966383e+00   2.980870e+00  
978       2.495240e+01   2.460232e+01   2.939251e+00   2.951082e+00  
979       2.524210e+01   2.488716e+01   2.975063e+00   2.990248e+00  
980       2.496683e+01   2.461600e+01   2.944499e+00   2.953883e+00  
981       2.524743e+01   2.489022e+01   2.984284e+00   3.000619e+00  
982       2.496743e+01   2.461437e+01   2.953839e+00   2.963100e+00  
983       2.524861e+01   2.489005e+01   2.989979e+00   3.006214e+00  
984       2.497186e+01   2.461840e+01   2.955980e+00   2.964780e+00  
985       2.525913e+01   2.489999e+01   2.993197e+00   3.009161e+00  
986       2.496816e+01   2.461292e+01   2.963097e+00   2.972117e+00  
987       2.526644e+01   2.490618e+01   2.998471e+00   3.014012e+00  
988       2.497985e+01   2.462383e+01   2.966392e+00   2.976659e+00  
989       2.525697e+01   2.489443e+01   3.008286e+00   3.021927e+00  
990       2.498188e+01   2.462334e+01   2.976544e+00   2.987643e+00  
991       2.525684e+01   2.489226e+01   3.017054e+00   3.030017e+00  
992       2.497622e+01   2.461560e+01   2.985629e+00   2.995008e+00  
993       2.524616e+01   2.487992e+01   3.022969e+00   3.036372e+00  
994       2.498090e+01   2.461920e+01   2.990115e+00   2.999909e+00  
995       2.526465e+01   2.489800e+01   3.025467e+00   3.039488e+00  
996       2.498688e+01   2.462407e+01   2.995356e+00   3.004541e+00  
997       2.526159e+01   2.489355e+01   3.031138e+00   3.044897e+00  
998       2.500573e+01   2.464156e+01   3.002290e+00   3.011108e+00  
999       2.525674e+01   2.488674e+01   3.038292e+00   3.053183e+00  
1000      2.500656e+01   2.464075e+01   3.009186e+00   3.017631e+00  
1001      2.525928e+01   2.488799e+01   3.043907e+00   3.058433e+00  
1002      2.501260e+01   2.464540e+01   3.015587e+00   3.023356e+00  
1003      2.525981e+01   2.488663e+01   3.051145e+00   3.066628e+00  
1004      2.501027e+01   2.464143e+01   3.022360e+00   3.029687e+00  
1005      2.525456e+01   2.488077e+01   3.051928e+00   3.070185e+00  
1006      2.502004e+01   2.464979e+01   3.028770e+00   3.035900e+00  
1007      2.525562e+01   2.488106e+01   3.053344e+00   3.075143e+00  
1008      2.503131e+01   2.466163e+01   3.027840e+00   3.033584e+00  
1009      2.525361e+01   2.487875e+01   3.054743e+00   3.075880e+00  
1010      2.503497e+01   2.466493e+01   3.029229e+00   3.035577e+00  
1011      2.524162e+01   2.486495e+01   3.062146e+00   3.081662e+00  
1012      2.503647e+01   2.466559e+01   3.032505e+00   3.039372e+00  
1013      2.523929e+01   2.486196e+01   3.065727e+00   3.083251e+00  
1014      2.505138e+01   2.468101e+01   3.030740e+00   3.038758e+00  
1015      2.524864e+01   2.487119e+01   3.067197e+00   3.083867e+00  
1016      2.505345e+01   2.468293e+01   3.032153e+00   3.038795e+00  
1017      2.524950e+01   2.487302e+01   3.063608e+00   3.079669e+00  
1018      2.505331e+01   2.468185e+01   3.035884e+00   3.042720e+00  
1019      2.524175e+01   2.486469e+01   3.065562e+00   3.081492e+00  
1020      2.505671e+01   2.468477e+01   3.038446e+00   3.044475e+00  
1021      2.523187e+01   2.485549e+01   3.062408e+00   3.077969e+00  
1022      2.506375e+01   2.469193e+01   3.038243e+00   3.044538e+00  
1023      2.524450e+01   2.486904e+01   3.060800e+00   3.073615e+00  
1024      2.506572e+01   2.469401e+01   3.037216e+00   3.044958e+00  
1025      2.523144e+01   2.485597e+01   3.061376e+00   3.071556e+00  
1026      2.507424e+01   2.470255e+01   3.037121e+00   3.045930e+00  
1027      2.521166e+01   2.483590e+01   3.061829e+00   3.070983e+00  
1028      2.507127e+01   2.469862e+01   3.040565e+00   3.049817e+00  
1029      2.522302e+01   2.484864e+01   3.056879e+00   3.066088e+00  
1030      2.507478e+01   2.470194e+01   3.042452e+00   3.050006e+00  
1031      2.520060e+01   2.482562e+01   3.058626e+00   3.066520e+00  
1032      2.508127e+01   2.470931e+01   3.039938e+00   3.046072e+00  
1033      2.520183e+01   2.482757e+01   3.055222e+00   3.064294e+00  
1034      2.508099e+01   2.470784e+01   3.045801e+00   3.049855e+00  
1035      2.520500e+01   2.483115e+01   3.053396e+00   3.063075e+00  
1036      2.509052e+01   2.471775e+01   3.045363e+00   3.048371e+00  
1037      2.521178e+01   2.483806e+01   3.052878e+00   3.063383e+00  
1038      2.508986e+01   2.471613e+01   3.049393e+00   3.052080e+00  
1039      2.521403e+01   2.483983e+01   3.055195e+00   3.065261e+00  
1040      2.510730e+01   2.473378e+01   3.049542e+00   3.052324e+00  
1041      2.521175e+01   2.483673e+01   3.058469e+00   3.068386e+00  
1042      2.510861e+01   2.473371e+01   3.055603e+00   3.057653e+00  
1043      2.521042e+01   2.483556e+01   3.057827e+00   3.067538e+00  
1044      2.512252e+01   2.474604e+01   3.063547e+00   3.064223e+00  
1045      2.520658e+01   2.483095e+01   3.061168e+00   3.069932e+00  
1046      2.513663e+01   2.475981e+01   3.065945e+00   3.066264e+00  
1047      2.520103e+01   2.482375e+01   3.066952e+00   3.076877e+00  
1048      2.515157e+01   2.477464e+01   3.067150e+00   3.067776e+00  
1049      2.519938e+01   2.482152e+01   3.069796e+00   3.078525e+00  
1050      2.516074e+01   2.478301e+01   3.071633e+00   3.070920e+00  
1051      2.519377e+01   2.481537e+01   3.071429e+00   3.080599e+00  
1052      2.515862e+01   2.477931e+01   3.078301e+00   3.076669e+00  
1053      2.519884e+01   2.482011e+01   3.073282e+00   3.081972e+00  
1054      2.516161e+01   2.478118e+01   3.082568e+00   3.081845e+00  
1055      2.519360e+01   2.481370e+01   3.079134e+00   3.084861e+00  
1056      2.516948e+01   2.478826e+01   3.085007e+00   3.086718e+00  
1057      2.518624e+01   2.480578e+01   3.081921e+00   3.085735e+00  
1058      2.517360e+01   2.479128e+01   3.089356e+00   3.091715e+00  
1059      2.519464e+01   2.481325e+01   3.085576e+00   3.090573e+00  
1060      2.517862e+01   2.479569e+01   3.091534e+00   3.094985e+00  
1061      2.519366e+01   2.481151e+01   3.089250e+00   3.092940e+00  
1062      2.518476e+01   2.480099e+01   3.094986e+00   3.099082e+00  
1063      2.520360e+01   2.482089e+01   3.092399e+00   3.095465e+00  
1064      2.518511e+01   2.479927e+01   3.102784e+00   3.107842e+00  
1065      2.520312e+01   2.481849e+01   3.101225e+00   3.101953e+00  
1066      2.518629e+01   2.479872e+01   3.108698e+00   3.115916e+00  
1067      2.520942e+01   2.482411e+01   3.104686e+00   3.104720e+00  
1068      2.518588e+01   2.479660e+01   3.115652e+00   3.122450e+00  
1069      2.520498e+01   2.481956e+01   3.104378e+00   3.105366e+00  
1070      2.519180e+01   2.480173e+01   3.118841e+00   3.126245e+00  
1071      2.521500e+01   2.482900e+01   3.106888e+00   3.108695e+00  
1072      2.520842e+01   2.481834e+01   3.119689e+00   3.127619e+00  
1073      2.521159e+01   2.482516e+01   3.108506e+00   3.110123e+00  
1074      2.521336e+01   2.482179e+01   3.125756e+00   3.133935e+00  
1075      2.521183e+01   2.482425e+01   3.112909e+00   3.114945e+00  
1076      2.520857e+01   2.481498e+01   3.132677e+00   3.142531e+00  
1077      2.519966e+01   2.481134e+01   3.115769e+00   3.116426e+00  
1078      2.522188e+01   2.482795e+01   3.133736e+00   3.145745e+00  
1079      2.519633e+01   2.480737e+01   3.118518e+00   3.118408e+00  
1080      2.522199e+01   2.482673e+01   3.138559e+00   3.151423e+00  
1081      2.520992e+01   2.482203e+01   3.113902e+00   3.116110e+00  
1082      2.521466e+01   2.481833e+01   3.141463e+00   3.156014e+00  
1083      2.520723e+01   2.481883e+01   3.114929e+00   3.118837e+00  
1084      2.522729e+01   2.483144e+01   3.139739e+00   3.155557e+00  
1085      2.520237e+01   2.481351e+01   3.115372e+00   3.121476e+00  
1086      2.521476e+01   2.481789e+01   3.143562e+00   3.158280e+00  
1087      2.519983e+01   2.481004e+01   3.119927e+00   3.124047e+00  
1088      2.521487e+01   2.481759e+01   3.144752e+00   3.160256e+00  
1089      2.519280e+01   2.480319e+01   3.118759e+00   3.122898e+00  
1090      2.521144e+01   2.481363e+01   3.146249e+00   3.162484e+00  
1091      2.519926e+01   2.480988e+01   3.118310e+00   3.122346e+00  
1092      2.521580e+01   2.481758e+01   3.148618e+00   3.163924e+00  
1093      2.519293e+01   2.480424e+01   3.113835e+00   3.120460e+00  
1094      2.520677e+01   2.480788e+01   3.151137e+00   3.165549e+00  
1095      2.518591e+01   2.479622e+01   3.116787e+00   3.124592e+00  
1096      2.520791e+01   2.481000e+01   3.147287e+00   3.161798e+00  
1097      2.517461e+01   2.478438e+01   3.118541e+00   3.125739e+00  
1098      2.521282e+01   2.481468e+01   3.148869e+00   3.162661e+00  
1099      2.518208e+01   2.479278e+01   3.115170e+00   3.122669e+00  
1100      2.521432e+01   2.481651e+01   3.147341e+00   3.161799e+00  
1101      2.518385e+01   2.479433e+01   3.116335e+00   3.123437e+00  
1102      2.521048e+01   2.481252e+01   3.147116e+00   3.162765e+00  
1103      2.517668e+01   2.478672e+01   3.117448e+00   3.124959e+00  
1104      2.520781e+01   2.481038e+01   3.144914e+00   3.160414e+00  
1105      2.517363e+01   2.478373e+01   3.117130e+00   3.124395e+00  
1106      2.521529e+01   2.481806e+01   3.144150e+00   3.160543e+00  
1107      2.517907e+01   2.478919e+01   3.117582e+00   3.124439e+00  
1108      2.522082e+01   2.482342e+01   3.144891e+00   3.161845e+00  
1109      2.518051e+01   2.479071e+01   3.117776e+00   3.123767e+00  
1110      2.520646e+01   2.480796e+01   3.148342e+00   3.165173e+00  
1111      2.518834e+01   2.479817e+01   3.119296e+00   3.126228e+00  
1112      2.520646e+01   2.480645e+01   3.154678e+00   3.170790e+00  
1113      2.519743e+01   2.480707e+01   3.119841e+00   3.128342e+00  
1114      2.520919e+01   2.480840e+01   3.158270e+00   3.173606e+00  
1115      2.518989e+01   2.479830e+01   3.124343e+00   3.132611e+00  
1116      2.520287e+01   2.480093e+01   3.162250e+00   3.177845e+00  
1117      2.519311e+01   2.480141e+01   3.125399e+00   3.132831e+00  
1118      2.520152e+01   2.479771e+01   3.170178e+00   3.184353e+00  
1119      2.520327e+01   2.481103e+01   3.127582e+00   3.136260e+00  
1120      2.520367e+01   2.479886e+01   3.174329e+00   3.188222e+00  
1121      2.519517e+01   2.480154e+01   3.132929e+00   3.140823e+00  
1122      2.520359e+01   2.479680e+01   3.182160e+00   3.195880e+00  
1123      2.520640e+01   2.481213e+01   3.134666e+00   3.145595e+00  
1124      2.521192e+01   2.480419e+01   3.187139e+00   3.199205e+00  
1125      2.520091e+01   2.480497e+01   3.140623e+00   3.152106e+00  
1126      2.520970e+01   2.480085e+01   3.190227e+00   3.204530e+00  
1127      2.521221e+01   2.481580e+01   3.144252e+00   3.153626e+00  
1128      2.520046e+01   2.478967e+01   3.197115e+00   3.211551e+00  
1129      2.522670e+01   2.482917e+01   3.150012e+00   3.158478e+00  
1130      2.521313e+01   2.480214e+01   3.198540e+00   3.213306e+00  
1131      2.522071e+01   2.482229e+01   3.152518e+00   3.162273e+00  
1132      2.520776e+01   2.479530e+01   3.203908e+00   3.218625e+00  
1133      2.523956e+01   2.484036e+01   3.156732e+00   3.166479e+00  
1134      2.521685e+01   2.480431e+01   3.204512e+00   3.219733e+00  
1135      2.523345e+01   2.483234e+01   3.164526e+00   3.172885e+00  
1136      2.522054e+01   2.480698e+01   3.208288e+00   3.224314e+00  
1137      2.523636e+01   2.483375e+01   3.169862e+00   3.179744e+00  
1138      2.522110e+01   2.480596e+01   3.214632e+00   3.230181e+00  
1139      2.524190e+01   2.483809e+01   3.175232e+00   3.184401e+00  
1140      2.522523e+01   2.480870e+01   3.220653e+00   3.235377e+00  
1141      2.524079e+01   2.483557e+01   3.180791e+00   3.189799e+00  
1142      2.522082e+01   2.480331e+01   3.223903e+00   3.239109e+00  
1143      2.524245e+01   2.483688e+01   3.181412e+00   3.192125e+00  
1144      2.523091e+01   2.481284e+01   3.225835e+00   3.242733e+00  
1145      2.525005e+01   2.484320e+01   3.187593e+00   3.196813e+00  
1146      2.522727e+01   2.480855e+01   3.228150e+00   3.244959e+00  
1147      2.525393e+01   2.484666e+01   3.189466e+00   3.198749e+00  
1148      2.522888e+01   2.480901e+01   3.232098e+00   3.250073e+00  
1149      2.525205e+01   2.484293e+01   3.196440e+00   3.205861e+00  
1150      2.522645e+01   2.480509e+01   3.238390e+00   3.254873e+00  
1151      2.525117e+01   2.484061e+01   3.201719e+00   3.211608e+00  
1152      2.521230e+01   2.478976e+01   3.242405e+00   3.257997e+00  
1153      2.524741e+01   2.483627e+01   3.202500e+00   3.214868e+00  
1154      2.520944e+01   2.478684e+01   3.242408e+00   3.258130e+00  
1155      2.524912e+01   2.483732e+01   3.204360e+00   3.218342e+00  
1156      2.522382e+01   2.480215e+01   3.239875e+00   3.255401e+00  
1157      2.525392e+01   2.484186e+01   3.205218e+00   3.220081e+00  
1158      2.522478e+01   2.480382e+01   3.236517e+00   3.253512e+00  
1159      2.525125e+01   2.483852e+01   3.207368e+00   3.222780e+00  
1160      2.522360e+01   2.480265e+01   3.237109e+00   3.252627e+00  
1161      2.524249e+01   2.482927e+01   3.208627e+00   3.224210e+00  
1162      2.521225e+01   2.479051e+01   3.239653e+00   3.254665e+00  
1163      2.524293e+01   2.483001e+01   3.207729e+00   3.222866e+00  
1164      2.521625e+01   2.479515e+01   3.237061e+00   3.252895e+00  
1165      2.523677e+01   2.482344e+01   3.209538e+00   3.223415e+00  
1166      2.521718e+01   2.479697e+01   3.233408e+00   3.249820e+00  
1167      2.523247e+01   2.481957e+01   3.206696e+00   3.222308e+00  
1168      2.522120e+01   2.480166e+01   3.232165e+00   3.246471e+00  
1169      2.523817e+01   2.482615e+01   3.202870e+00   3.220130e+00  
1170      2.521935e+01   2.480029e+01   3.230370e+00   3.244362e+00  
1171      2.522715e+01   2.481525e+01   3.201869e+00   3.218759e+00  
1172      2.521661e+01   2.479846e+01   3.227186e+00   3.240229e+00  
1173      2.522086e+01   2.480990e+01   3.198474e+00   3.214080e+00  
1174      2.522175e+01   2.480421e+01   3.225108e+00   3.238257e+00  
1175      2.522744e+01   2.481770e+01   3.194166e+00   3.209860e+00  
1176      2.521660e+01   2.479982e+01   3.222061e+00   3.234876e+00  
1177      2.523223e+01   2.482357e+01   3.191294e+00   3.204838e+00  
1178      2.521950e+01   2.480415e+01   3.216088e+00   3.230125e+00  
1179      2.522480e+01   2.481648e+01   3.188716e+00   3.203905e+00  
1180      2.520534e+01   2.479010e+01   3.215390e+00   3.228259e+00  
1181      2.522492e+01   2.481783e+01   3.183663e+00   3.199403e+00  
1182      2.520977e+01   2.479563e+01   3.212309e+00   3.223384e+00  
1183      2.521660e+01   2.480906e+01   3.184471e+00   3.200987e+00  
1184      2.520540e+01   2.479152e+01   3.211405e+00   3.221756e+00  
1185      2.523326e+01   2.482675e+01   3.181721e+00   3.197910e+00  
1186      2.519120e+01   2.477745e+01   3.210517e+00   3.219837e+00  
1187      2.522197e+01   2.481482e+01   3.183515e+00   3.199667e+00  
1188      2.519261e+01   2.477878e+01   3.210964e+00   3.220155e+00  
1189      2.522529e+01   2.481786e+01   3.184750e+00   3.200995e+00  
1190      2.518417e+01   2.477007e+01   3.211787e+00   3.220315e+00  
1191      2.523215e+01   2.482492e+01   3.183968e+00   3.201098e+00  
1192      2.518601e+01   2.477204e+01   3.211917e+00   3.219377e+00  
1193      2.523068e+01   2.482286e+01   3.185902e+00   3.203594e+00  
1194      2.518595e+01   2.477178e+01   3.213024e+00   3.219825e+00  
1195      2.523294e+01   2.482434e+01   3.188908e+00   3.206897e+00  
1196      2.519236e+01   2.477790e+01   3.214783e+00   3.221197e+00  
1197      2.524025e+01   2.483085e+01   3.192823e+00   3.210093e+00  
1198      2.519379e+01   2.477900e+01   3.216362e+00   3.222323e+00  
1199      2.523917e+01   2.482899e+01   3.196065e+00   3.212807e+00  
1200      2.519110e+01   2.477538e+01   3.219839e+00   3.225620e+00  
1201      2.522787e+01   2.481598e+01   3.201268e+00   3.219387e+00  
1202      2.520064e+01   2.478492e+01   3.220205e+00   3.226467e+00  
1203      2.523617e+01   2.482469e+01   3.200435e+00   3.218154e+00  
1204      2.518944e+01   2.477227e+01   3.225715e+00   3.230657e+00  
1205      2.523716e+01   2.482427e+01   3.206542e+00   3.223049e+00  
1206      2.518510e+01   2.476637e+01   3.231047e+00   3.236734e+00  
1207      2.524492e+01   2.483253e+01   3.205586e+00   3.221187e+00  
1208      2.518454e+01   2.476518e+01   3.233174e+00   3.239419e+00  
1209      2.525148e+01   2.483827e+01   3.209333e+00   3.224529e+00  
1210      2.517820e+01   2.475786e+01   3.236947e+00   3.242308e+00  
1211      2.525505e+01   2.484074e+01   3.214732e+00   3.228131e+00  
1212      2.517957e+01   2.475835e+01   3.240765e+00   3.245354e+00  
1213      2.526250e+01   2.484747e+01   3.218180e+00   3.231170e+00  
1214      2.517774e+01   2.475602e+01   3.242897e+00   3.246757e+00  
1215      2.526274e+01   2.484631e+01   3.223724e+00   3.236423e+00  
1216      2.518197e+01   2.475920e+01   3.247251e+00   3.250980e+00  
1217      2.526912e+01   2.485207e+01   3.227072e+00   3.238692e+00  
1218      2.519375e+01   2.477121e+01   3.246743e+00   3.251319e+00  
1219      2.526967e+01   2.485190e+01   3.230283e+00   3.241078e+00  
1220      2.520327e+01   2.478064e+01   3.247257e+00   3.252694e+00  
1221      2.527632e+01   2.485744e+01   3.235482e+00   3.245231e+00  
1222      2.520682e+01   2.478371e+01   3.249333e+00   3.254742e+00  
1223      2.528699e+01   2.486713e+01   3.239777e+00   3.249797e+00  
1224      2.521789e+01   2.479437e+01   3.252281e+00   3.256359e+00  
1225      2.527672e+01   2.485562e+01   3.243311e+00   3.254518e+00  
1226      2.521176e+01   2.478724e+01   3.255411e+00   3.259982e+00  
1227      2.528809e+01   2.486721e+01   3.242140e+00   3.255443e+00  
1228      2.521491e+01   2.479054e+01   3.254905e+00   3.259818e+00  
1229      2.527769e+01   2.485609e+01   3.243767e+00   3.257965e+00  
1230      2.522566e+01   2.480238e+01   3.252380e+00   3.255463e+00  
1231      2.528353e+01   2.486213e+01   3.242504e+00   3.258420e+00  
1232      2.522580e+01   2.480273e+01   3.251300e+00   3.254952e+00  
1233      2.529100e+01   2.487045e+01   3.240013e+00   3.255415e+00  
1234      2.523132e+01   2.480873e+01   3.249632e+00   3.253651e+00  
1235      2.528920e+01   2.486760e+01   3.243922e+00   3.259374e+00  
1236      2.522058e+01   2.479814e+01   3.248906e+00   3.251858e+00  
1237      2.528557e+01   2.486392e+01   3.243972e+00   3.259143e+00  
1238      2.521737e+01   2.479493e+01   3.248790e+00   3.251531e+00  
1239      2.527790e+01   2.485586e+01   3.244983e+00   3.260117e+00  
1240      2.522840e+01   2.480747e+01   3.243974e+00   3.246237e+00  
1241      2.528548e+01   2.486379e+01   3.244106e+00   3.259376e+00  
1242      2.522719e+01   2.480614e+01   3.244027e+00   3.246959e+00  
1243      2.529878e+01   2.487807e+01   3.241152e+00   3.256487e+00  
1244      2.522415e+01   2.480366e+01   3.241244e+00   3.245125e+00  
1245      2.530354e+01   2.488352e+01   3.239442e+00   3.253562e+00  
1246      2.522364e+01   2.480366e+01   3.238794e+00   3.243593e+00  
1247      2.530178e+01   2.488146e+01   3.241615e+00   3.253461e+00  
1248      2.523300e+01   2.481413e+01   3.234677e+00   3.240356e+00  
1249      2.529858e+01   2.487889e+01   3.239355e+00   3.250468e+00  
1250      2.522987e+01   2.481160e+01   3.232399e+00   3.237697e+00  
-------------------------------------------------------------------

