
**********************************************
Real-time propagation in 3D, OPTION = 2
MPI nodes = 8, OMP threads = 16, cores = 128
**********************************************

Interactions
Contact: Natoms = 1.50000000000e+05, as = 6.900000e+01 * a0, G = 1.239573e+04, G * par = 2.479146e+04
Three-body: K3 =  0.000000e+00, g3 = 0.000000e+00
Regular DDI: add = 1.101000e+02 * a0, GD = 4.721954e+03, GD * par = 9.443909e+03, edd = 1.595652e+00
     Dipolar cutoff Rcut = 4.825015e+00, Lcut = 1.677432e+02

QF = 1: h2 = 1.573046e+05, h4 = 0.000000e+00
        q3 = 0.000000e+00, q5 = 5.104853e+00

GRAD = 0

Trap parameters:
GAMMA = 0.000000e+00, NU = 0.000000e+00, LAMBDA = 0.000000e+00
Parameters of rotation: OMEGA = 0.000000e+00, OMEGA * par = 0.000000e+00

Space discretization: NX = 128, NY = 128, NZ = 128
                      DX = 2.620988e+00, DY = 7.539086e-02, DZ = 7.539086e-02
      Unit of length: aho = 5.552380e-07 m

Time discretization: NITER = 2500 (NSNAP = 1250)
                     DT = 2.841891e-03

Initial state: file ./imag3d-finalpsi.bin
ADD_VORTICES = 0, ADD_RANDOM_PHASE = 0


MUREL = 1.000000e-12, MUEND=1.000000e+05

-------------------------------------------------------------------
Snap      <r>            <x>            <y>            <z>
-------------------------------------------------------------------
0         1.676105e+01   1.674713e+01   4.829765e-01   4.829765e-01  
1         1.676105e+01   1.674713e+01   4.828754e-01   4.828754e-01  
2         1.676104e+01   1.674713e+01   4.827567e-01   4.827567e-01  
3         1.676103e+01   1.674713e+01   4.826208e-01   4.826208e-01  
4         1.676102e+01   1.674713e+01   4.824681e-01   4.824681e-01  
5         1.676101e+01   1.674712e+01   4.822995e-01   4.822995e-01  
6         1.676100e+01   1.674712e+01   4.821162e-01   4.821162e-01  
7         1.676098e+01   1.674712e+01   4.819197e-01   4.819197e-01  
8         1.676097e+01   1.674712e+01   4.817115e-01   4.817115e-01  
9         1.676095e+01   1.674711e+01   4.814936e-01   4.814936e-01  
10        1.676093e+01   1.674711e+01   4.812681e-01   4.812681e-01  
11        1.676092e+01   1.674710e+01   4.810372e-01   4.810372e-01  
12        1.676090e+01   1.674710e+01   4.808030e-01   4.808030e-01  
13        1.676088e+01   1.674710e+01   4.805680e-01   4.805680e-01  
14        1.676086e+01   1.674709e+01   4.803345e-01   4.803345e-01  
15        1.676084e+01   1.674709e+01   4.801046e-01   4.801046e-01  
16        1.676083e+01   1.674708e+01   4.798808e-01   4.798808e-01  
17        1.676081e+01   1.674708e+01   4.796654e-01   4.796654e-01  
18        1.676079e+01   1.674707e+01   4.794605e-01   4.794605e-01  
19        1.676078e+01   1.674707e+01   4.792687e-01   4.792687e-01  
20        1.676077e+01   1.674707e+01   4.790921e-01   4.790921e-01  
21        1.676075e+01   1.674706e+01   4.789330e-01   4.789330e-01  
22        1.676074e+01   1.674706e+01   4.787934e-01   4.787934e-01  
23        1.676073e+01   1.674706e+01   4.786752e-01   4.786752e-01  
24        1.676073e+01   1.674706e+01   4.785799e-01   4.785799e-01  
25        1.676072e+01   1.674705e+01   4.785088e-01   4.785088e-01  
26        1.676072e+01   1.674705e+01   4.784627e-01   4.784627e-01  
27        1.676072e+01   1.674705e+01   4.784423e-01   4.784423e-01  
28        1.676072e+01   1.674705e+01   4.784476e-01   4.784476e-01  
29        1.676072e+01   1.674705e+01   4.784784e-01   4.784784e-01  
30        1.676072e+01   1.674705e+01   4.785342e-01   4.785342e-01  
31        1.676073e+01   1.674706e+01   4.786142e-01   4.786142e-01  
32        1.676074e+01   1.674706e+01   4.787171e-01   4.787171e-01  
33        1.676075e+01   1.674706e+01   4.788415e-01   4.788415e-01  
34        1.676076e+01   1.674706e+01   4.789859e-01   4.789859e-01  
35        1.676077e+01   1.674707e+01   4.791484e-01   4.791484e-01  
36        1.676078e+01   1.674707e+01   4.793270e-01   4.793270e-01  
37        1.676080e+01   1.674707e+01   4.795198e-01   4.795198e-01  
38        1.676082e+01   1.674708e+01   4.797245e-01   4.797245e-01  
39        1.676083e+01   1.674708e+01   4.799390e-01   4.799390e-01  
40        1.676085e+01   1.674709e+01   4.801611e-01   4.801611e-01  
41        1.676087e+01   1.674709e+01   4.803885e-01   4.803885e-01  
42        1.676088e+01   1.674710e+01   4.806191e-01   4.806191e-01  
43        1.676090e+01   1.674710e+01   4.808505e-01   4.808505e-01  
44        1.676092e+01   1.674711e+01   4.810807e-01   4.810807e-01  
45        1.676094e+01   1.674711e+01   4.813077e-01   4.813077e-01  
46        1.676095e+01   1.674712e+01   4.815294e-01   4.815294e-01  
47        1.676097e+01   1.674712e+01   4.817440e-01   4.817440e-01  
48        1.676099e+01   1.674712e+01   4.819497e-01   4.819497e-01  
49        1.676100e+01   1.674713e+01   4.821449e-01   4.821449e-01  
50        1.676102e+01   1.674713e+01   4.823281e-01   4.823281e-01  
51        1.676103e+01   1.674714e+01   4.824978e-01   4.824978e-01  
52        1.676104e+01   1.674714e+01   4.826528e-01   4.826528e-01  
53        1.676106e+01   1.674714e+01   4.827919e-01   4.827919e-01  
54        1.676107e+01   1.674715e+01   4.829143e-01   4.829143e-01  
55        1.676107e+01   1.674715e+01   4.830191e-01   4.830191e-01  
56        1.676108e+01   1.674715e+01   4.831057e-01   4.831057e-01  
57        1.676109e+01   1.674715e+01   4.831737e-01   4.831737e-01  
58        1.676109e+01   1.674716e+01   4.832227e-01   4.832227e-01  
59        1.676110e+01   1.674716e+01   4.832527e-01   4.832527e-01  
60        1.676110e+01   1.674716e+01   4.832636e-01   4.832636e-01  
61        1.676110e+01   1.674716e+01   4.832557e-01   4.832557e-01  
62        1.676110e+01   1.674716e+01   4.832293e-01   4.832293e-01  
63        1.676110e+01   1.674716e+01   4.831849e-01   4.831849e-01  
64        1.676110e+01   1.674717e+01   4.831231e-01   4.831231e-01  
65        1.676109e+01   1.674717e+01   4.830446e-01   4.830446e-01  
66        1.676109e+01   1.674717e+01   4.829504e-01   4.829504e-01  
67        1.676108e+01   1.674717e+01   4.828414e-01   4.828414e-01  
68        1.676108e+01   1.674717e+01   4.827187e-01   4.827187e-01  
69        1.676107e+01   1.674717e+01   4.825836e-01   4.825836e-01  
70        1.676106e+01   1.674717e+01   4.824372e-01   4.824372e-01  
71        1.676105e+01   1.674717e+01   4.822810e-01   4.822810e-01  
72        1.676104e+01   1.674717e+01   4.821164e-01   4.821164e-01  
73        1.676104e+01   1.674717e+01   4.819449e-01   4.819449e-01  
74        1.676103e+01   1.674717e+01   4.817680e-01   4.817680e-01  
75        1.676102e+01   1.674717e+01   4.815872e-01   4.815872e-01  
76        1.676101e+01   1.674717e+01   4.814041e-01   4.814041e-01  
77        1.676100e+01   1.674718e+01   4.812204e-01   4.812204e-01  
78        1.676099e+01   1.674718e+01   4.810376e-01   4.810376e-01  
79        1.676098e+01   1.674718e+01   4.808573e-01   4.808573e-01  
80        1.676097e+01   1.674718e+01   4.806809e-01   4.806809e-01  
81        1.676097e+01   1.674718e+01   4.805100e-01   4.805100e-01  
82        1.676096e+01   1.674719e+01   4.803461e-01   4.803461e-01  
83        1.676095e+01   1.674719e+01   4.801904e-01   4.801904e-01  
84        1.676095e+01   1.674719e+01   4.800442e-01   4.800442e-01  
85        1.676095e+01   1.674720e+01   4.799089e-01   4.799089e-01  
86        1.676094e+01   1.674720e+01   4.797853e-01   4.797853e-01  
87        1.676094e+01   1.674721e+01   4.796747e-01   4.796747e-01  
88        1.676094e+01   1.674721e+01   4.795777e-01   4.795777e-01  
89        1.676094e+01   1.674722e+01   4.794953e-01   4.794953e-01  
90        1.676095e+01   1.674723e+01   4.794280e-01   4.794280e-01  
91        1.676095e+01   1.674723e+01   4.793763e-01   4.793763e-01  
92        1.676096e+01   1.674724e+01   4.793407e-01   4.793407e-01  
93        1.676096e+01   1.674725e+01   4.793213e-01   4.793213e-01  
94        1.676097e+01   1.674726e+01   4.793183e-01   4.793183e-01  
95        1.676098e+01   1.674727e+01   4.793316e-01   4.793316e-01  
96        1.676100e+01   1.674728e+01   4.793609e-01   4.793609e-01  
97        1.676101e+01   1.674729e+01   4.794060e-01   4.794060e-01  
98        1.676103e+01   1.674731e+01   4.794663e-01   4.794663e-01  
99        1.676105e+01   1.674732e+01   4.795413e-01   4.795413e-01  
100       1.676107e+01   1.674734e+01   4.796302e-01   4.796302e-01  
101       1.676109e+01   1.674735e+01   4.797323e-01   4.797323e-01  
102       1.676112e+01   1.674737e+01   4.798467e-01   4.798467e-01  
103       1.676114e+01   1.674739e+01   4.799724e-01   4.799724e-01  
104       1.676117e+01   1.674742e+01   4.801086e-01   4.801086e-01  
105       1.676121e+01   1.674744e+01   4.802541e-01   4.802541e-01  
106       1.676125e+01   1.674747e+01   4.804080e-01   4.804080e-01  
107       1.676129e+01   1.674751e+01   4.805692e-01   4.805692e-01  
108       1.676134e+01   1.674755e+01   4.807366e-01   4.807366e-01  
109       1.676140e+01   1.674760e+01   4.809096e-01   4.809096e-01  
110       1.676147e+01   1.674765e+01   4.810876e-01   4.810876e-01  
111       1.676155e+01   1.674773e+01   4.812704e-01   4.812704e-01  
112       1.676166e+01   1.674782e+01   4.814585e-01   4.814585e-01  
113       1.676180e+01   1.674795e+01   4.816532e-01   4.816532e-01  
114       1.676199e+01   1.674813e+01   4.818570e-01   4.818570e-01  
115       1.676224e+01   1.674837e+01   4.820742e-01   4.820742e-01  
116       1.676259e+01   1.674871e+01   4.823106e-01   4.823106e-01  
117       1.676306e+01   1.674916e+01   4.825743e-01   4.825743e-01  
118       1.676366e+01   1.674975e+01   4.828757e-01   4.828757e-01  
119       1.676442e+01   1.675048e+01   4.832275e-01   4.832275e-01  
120       1.676533e+01   1.675137e+01   4.836450e-01   4.836450e-01  
121       1.676638e+01   1.675240e+01   4.841457e-01   4.841457e-01  
122       1.676756e+01   1.675354e+01   4.847494e-01   4.847494e-01  
123       1.676884e+01   1.675478e+01   4.854770e-01   4.854770e-01  
124       1.677018e+01   1.675606e+01   4.863509e-01   4.863509e-01  
125       1.677155e+01   1.675738e+01   4.873932e-01   4.873932e-01  
126       1.677295e+01   1.675871e+01   4.886248e-01   4.886248e-01  
127       1.677432e+01   1.676000e+01   4.900641e-01   4.900641e-01  
128       1.677566e+01   1.676124e+01   4.917267e-01   4.917267e-01  
129       1.677694e+01   1.676241e+01   4.936251e-01   4.936251e-01  
130       1.677820e+01   1.676355e+01   4.957684e-01   4.957684e-01  
131       1.677952e+01   1.676472e+01   4.981630e-01   4.981630e-01  
132       1.678112e+01   1.676617e+01   5.008148e-01   5.008148e-01  
133       1.678389e+01   1.676876e+01   5.037441e-01   5.037441e-01  
134       1.679362e+01   1.677830e+01   5.071148e-01   5.071148e-01  
135       1.679254e+01   1.677701e+01   5.103975e-01   5.103975e-01  
136       1.679459e+01   1.677885e+01   5.140120e-01   5.140120e-01  
137       1.677753e+01   1.676158e+01   5.172373e-01   5.172373e-01  
138       1.678859e+01   1.677237e+01   5.216451e-01   5.216451e-01  
139       1.678186e+01   1.676538e+01   5.257504e-01   5.257504e-01  
140       1.678952e+01   1.677275e+01   5.305607e-01   5.305607e-01  
141       1.679075e+01   1.677366e+01   5.355630e-01   5.355630e-01  
142       1.678720e+01   1.676978e+01   5.405666e-01   5.405666e-01  
143       1.678726e+01   1.676951e+01   5.456866e-01   5.456866e-01  
144       1.678524e+01   1.676714e+01   5.511312e-01   5.511312e-01  
145       1.679262e+01   1.677410e+01   5.575119e-01   5.575119e-01  
146       1.679380e+01   1.677487e+01   5.637598e-01   5.637598e-01  
147       1.679948e+01   1.678009e+01   5.705796e-01   5.705796e-01  
148       1.679753e+01   1.677768e+01   5.772975e-01   5.772975e-01  
149       1.680594e+01   1.678558e+01   5.847500e-01   5.847500e-01  
150       1.679680e+01   1.677596e+01   5.914339e-01   5.914339e-01  
151       1.680772e+01   1.678633e+01   5.993495e-01   5.993495e-01  
152       1.679692e+01   1.677501e+01   6.064814e-01   6.064815e-01  
153       1.681189e+01   1.678939e+01   6.149096e-01   6.149096e-01  
154       1.679530e+01   1.677224e+01   6.220746e-01   6.220746e-01  
155       1.681210e+01   1.678841e+01   6.308673e-01   6.308673e-01  
156       1.679542e+01   1.677113e+01   6.385356e-01   6.385356e-01  
157       1.681367e+01   1.678870e+01   6.477381e-01   6.477381e-01  
158       1.679511e+01   1.676949e+01   6.556627e-01   6.556627e-01  
159       1.681400e+01   1.678766e+01   6.652414e-01   6.652414e-01  
160       1.679321e+01   1.676619e+01   6.733443e-01   6.733443e-01  
161       1.681286e+01   1.678507e+01   6.832958e-01   6.832958e-01  
162       1.679001e+01   1.676150e+01   6.915339e-01   6.915339e-01  
163       1.680998e+01   1.678064e+01   7.018850e-01   7.018850e-01  
164       1.678563e+01   1.675555e+01   7.102517e-01   7.102517e-01  
165       1.680545e+01   1.677449e+01   7.209881e-01   7.209881e-01  
166       1.678062e+01   1.674887e+01   7.295320e-01   7.295320e-01  
167       1.679927e+01   1.676659e+01   7.406503e-01   7.406503e-01  
168       1.677553e+01   1.674202e+01   7.494562e-01   7.494562e-01  
169       1.679169e+01   1.675717e+01   7.609703e-01   7.609703e-01  
170       1.677070e+01   1.673528e+01   7.703030e-01   7.703030e-01  
171       1.678273e+01   1.674622e+01   7.823270e-01   7.823270e-01  
172       1.676616e+01   1.672866e+01   7.924259e-01   7.924259e-01  
173       1.677282e+01   1.673420e+01   8.043492e-01   8.043492e-01  
174       1.676302e+01   1.672346e+01   8.138251e-01   8.138251e-01  
175       1.676413e+01   1.672362e+01   8.236147e-01   8.236147e-01  
176       1.676158e+01   1.672019e+01   8.323943e-01   8.323943e-01  
177       1.675530e+01   1.671292e+01   8.421286e-01   8.421286e-01  
178       1.675968e+01   1.671635e+01   8.515903e-01   8.515903e-01  
179       1.674964e+01   1.670547e+01   8.595960e-01   8.595960e-01  
180       1.676034e+01   1.671538e+01   8.674817e-01   8.674817e-01  
181       1.674291e+01   1.669719e+01   8.743464e-01   8.743464e-01  
182       1.676471e+01   1.671819e+01   8.824555e-01   8.824555e-01  
183       1.674154e+01   1.669459e+01   8.859501e-01   8.859500e-01  
184       1.675921e+01   1.671167e+01   8.919830e-01   8.919830e-01  
185       1.673785e+01   1.668972e+01   8.968982e-01   8.968982e-01  
186       1.675591e+01   1.670756e+01   8.994979e-01   8.994978e-01  
187       1.674367e+01   1.669528e+01   8.994446e-01   8.994446e-01  
188       1.675380e+01   1.670467e+01   9.065279e-01   9.065278e-01  
189       1.674019e+01   1.669014e+01   9.146862e-01   9.146862e-01  
190       1.675259e+01   1.670243e+01   9.160014e-01   9.160014e-01  
191       1.674578e+01   1.669543e+01   9.175376e-01   9.175375e-01  
192       1.674578e+01   1.669455e+01   9.254834e-01   9.254834e-01  
193       1.674325e+01   1.669153e+01   9.298907e-01   9.298907e-01  
194       1.676692e+01   1.671531e+01   9.295899e-01   9.295899e-01  
195       1.674797e+01   1.669578e+01   9.342020e-01   9.342020e-01  
196       1.677103e+01   1.671755e+01   9.463186e-01   9.463185e-01  
197       1.678586e+01   1.673248e+01   9.458522e-01   9.458521e-01  
198       1.676888e+01   1.671493e+01   9.504131e-01   9.504130e-01  
199       1.677173e+01   1.671663e+01   9.605945e-01   9.605945e-01  
200       1.677486e+01   1.671945e+01   9.632860e-01   9.632859e-01  
201       1.676507e+01   1.670856e+01   9.725489e-01   9.725488e-01  
202       1.677232e+01   1.671486e+01   9.808909e-01   9.808908e-01  
203       1.678645e+01   1.672833e+01   9.868620e-01   9.868619e-01  
204       1.677247e+01   1.671264e+01   1.000864e+00   1.000864e+00  
205       1.679464e+01   1.673450e+01   1.004028e+00   1.004028e+00  
206       1.679550e+01   1.673343e+01   1.020074e+00   1.020074e+00  
207       1.679786e+01   1.673505e+01   1.026186e+00   1.026186e+00  
208       1.680692e+01   1.674252e+01   1.039378e+00   1.039378e+00  
209       1.679394e+01   1.672782e+01   1.052728e+00   1.052728e+00  
210       1.681405e+01   1.674666e+01   1.063373e+00   1.063372e+00  
211       1.680148e+01   1.673229e+01   1.077084e+00   1.077084e+00  
212       1.682885e+01   1.675780e+01   1.092265e+00   1.092265e+00  
213       1.680647e+01   1.673408e+01   1.101814e+00   1.101814e+00  
214       1.682713e+01   1.675186e+01   1.124206e+00   1.124206e+00  
215       1.681149e+01   1.673535e+01   1.130146e+00   1.130145e+00  
216       1.682801e+01   1.674832e+01   1.156697e+00   1.156697e+00  
217       1.680486e+01   1.672441e+01   1.161357e+00   1.161357e+00  
218       1.683153e+01   1.674760e+01   1.187078e+00   1.187078e+00  
219       1.681693e+01   1.673183e+01   1.194770e+00   1.194770e+00  
220       1.684069e+01   1.675230e+01   1.218449e+00   1.218448e+00  
221       1.680039e+01   1.670964e+01   1.233114e+00   1.233113e+00  
222       1.684241e+01   1.674892e+01   1.253131e+00   1.253131e+00  
223       1.680877e+01   1.671266e+01   1.269145e+00   1.269145e+00  
224       1.685148e+01   1.675273e+01   1.288149e+00   1.288149e+00  
225       1.681780e+01   1.671685e+01   1.301052e+00   1.301052e+00  
226       1.685467e+01   1.675027e+01   1.324495e+00   1.324495e+00  
227       1.682267e+01   1.671622e+01   1.336051e+00   1.336051e+00  
228       1.682468e+01   1.671424e+01   1.360902e+00   1.360902e+00  
229       1.680181e+01   1.668966e+01   1.370439e+00   1.370439e+00  
230       1.688430e+01   1.676653e+01   1.407686e+00   1.407686e+00  
231       1.682030e+01   1.670142e+01   1.411620e+00   1.411620e+00  
232       1.685976e+01   1.673614e+01   1.441049e+00   1.441048e+00  
233       1.682881e+01   1.670351e+01   1.449394e+00   1.449394e+00  
234       1.684422e+01   1.671369e+01   1.479925e+00   1.479925e+00  
235       1.684152e+01   1.670955e+01   1.487927e+00   1.487926e+00  
236       1.685094e+01   1.671366e+01   1.517846e+00   1.517845e+00  
237       1.683947e+01   1.670073e+01   1.525349e+00   1.525348e+00  
238       1.686209e+01   1.671932e+01   1.548320e+00   1.548319e+00  
239       1.684324e+01   1.669882e+01   1.556311e+00   1.556311e+00  
240       1.686574e+01   1.671701e+01   1.580309e+00   1.580308e+00  
241       1.685362e+01   1.670400e+01   1.584431e+00   1.584429e+00  
242       1.688059e+01   1.672742e+01   1.604336e+00   1.604334e+00  
243       1.685945e+01   1.670497e+01   1.610128e+00   1.610126e+00  
244       1.687968e+01   1.672096e+01   1.632947e+00   1.632946e+00  
245       1.686300e+01   1.670364e+01   1.635424e+00   1.635425e+00  
246       1.689209e+01   1.672910e+01   1.655244e+00   1.655244e+00  
247       1.687527e+01   1.671238e+01   1.653960e+00   1.653959e+00  
248       1.689505e+01   1.672749e+01   1.678389e+00   1.678389e+00  
249       1.687370e+01   1.670604e+01   1.677776e+00   1.677776e+00  
250       1.689799e+01   1.672657e+01   1.697612e+00   1.697610e+00  
251       1.689034e+01   1.671910e+01   1.696355e+00   1.696355e+00  
252       1.691378e+01   1.673870e+01   1.716353e+00   1.716353e+00  
253       1.688365e+01   1.670834e+01   1.715950e+00   1.715949e+00  
254       1.692275e+01   1.674416e+01   1.733900e+00   1.733900e+00  
255       1.688319e+01   1.670430e+01   1.733296e+00   1.733297e+00  
256       1.692339e+01   1.674121e+01   1.751157e+00   1.751156e+00  
257       1.689834e+01   1.671605e+01   1.750345e+00   1.750346e+00  
258       1.693371e+01   1.674879e+01   1.764741e+00   1.764740e+00  
259       1.688647e+01   1.670103e+01   1.764702e+00   1.764702e+00  
260       1.694066e+01   1.675381e+01   1.774238e+00   1.774237e+00  
261       1.688355e+01   1.669579e+01   1.775517e+00   1.775518e+00  
262       1.691118e+01   1.672203e+01   1.783490e+00   1.783490e+00  
263       1.689917e+01   1.670959e+01   1.784906e+00   1.784907e+00  
264       1.692148e+01   1.673000e+01   1.794913e+00   1.794912e+00  
265       1.690096e+01   1.670980e+01   1.792374e+00   1.792376e+00  
266       1.692173e+01   1.672811e+01   1.804907e+00   1.804906e+00  
267       1.689965e+01   1.670606e+01   1.803552e+00   1.803553e+00  
268       1.691474e+01   1.671925e+01   1.813160e+00   1.813159e+00  
269       1.690201e+01   1.670666e+01   1.811805e+00   1.811808e+00  
270       1.690688e+01   1.671014e+01   1.818509e+00   1.818511e+00  
271       1.690209e+01   1.670576e+01   1.816328e+00   1.816331e+00  
272       1.689701e+01   1.669892e+01   1.824105e+00   1.824107e+00  
273       1.690113e+01   1.670301e+01   1.824481e+00   1.824486e+00  
274       1.688567e+01   1.668621e+01   1.829772e+00   1.829774e+00  
275       1.689926e+01   1.670024e+01   1.828496e+00   1.828503e+00  
276       1.688842e+01   1.668835e+01   1.832695e+00   1.832695e+00  
277       1.689094e+01   1.668983e+01   1.837607e+00   1.837614e+00  
278       1.688363e+01   1.668273e+01   1.836218e+00   1.836222e+00  
279       1.689286e+01   1.669126e+01   1.839894e+00   1.839906e+00  
280       1.688367e+01   1.668162e+01   1.841445e+00   1.841445e+00  
281       1.691495e+01   1.671351e+01   1.840385e+00   1.840390e+00  
282       1.689661e+01   1.669504e+01   1.839981e+00   1.839980e+00  
283       1.690461e+01   1.670202e+01   1.845052e+00   1.845061e+00  
284       1.688386e+01   1.668098e+01   1.845241e+00   1.845246e+00  
285       1.692471e+01   1.672176e+01   1.847743e+00   1.847750e+00  
286       1.689507e+01   1.669222e+01   1.845686e+00   1.845688e+00  
287       1.692138e+01   1.671710e+01   1.853594e+00   1.853603e+00  
288       1.690902e+01   1.670572e+01   1.848472e+00   1.848474e+00  
289       1.692183e+01   1.671629e+01   1.859293e+00   1.859298e+00  
290       1.691358e+01   1.670929e+01   1.853210e+00   1.853213e+00  
291       1.694243e+01   1.673684e+01   1.860645e+00   1.860653e+00  
292       1.690808e+01   1.670214e+01   1.860354e+00   1.860356e+00  
293       1.694577e+01   1.673906e+01   1.865835e+00   1.865848e+00  
294       1.691401e+01   1.670695e+01   1.865706e+00   1.865700e+00  
295       1.695256e+01   1.674440e+01   1.872788e+00   1.872793e+00  
296       1.692921e+01   1.672081e+01   1.872524e+00   1.872522e+00  
297       1.696857e+01   1.675864e+01   1.881503e+00   1.881512e+00  
298       1.693833e+01   1.672799e+01   1.881667e+00   1.881666e+00  
299       1.697472e+01   1.676235e+01   1.892698e+00   1.892703e+00  
300       1.694962e+01   1.673789e+01   1.888450e+00   1.888444e+00  
301       1.697182e+01   1.675734e+01   1.901859e+00   1.901863e+00  
302       1.695513e+01   1.674210e+01   1.894498e+00   1.894502e+00  
303       1.696802e+01   1.675105e+01   1.912590e+00   1.912606e+00  
304       1.695968e+01   1.674485e+01   1.902701e+00   1.902730e+00  
305       1.696303e+01   1.674414e+01   1.920652e+00   1.920683e+00  
306       1.696333e+01   1.674662e+01   1.911160e+00   1.911201e+00  
307       1.696226e+01   1.674198e+01   1.926675e+00   1.926736e+00  
308       1.696232e+01   1.674298e+01   1.922608e+00   1.922690e+00  
309       1.697212e+01   1.674986e+01   1.935813e+00   1.935910e+00  
310       1.697066e+01   1.674918e+01   1.932372e+00   1.932465e+00  
311       1.697751e+01   1.675327e+01   1.944649e+00   1.944785e+00  
312       1.698569e+01   1.676250e+01   1.940612e+00   1.940747e+00  
313       1.696861e+01   1.674149e+01   1.956451e+00   1.956633e+00  
314       1.699028e+01   1.676542e+01   1.948009e+00   1.948166e+00  
315       1.698137e+01   1.675254e+01   1.964475e+00   1.964709e+00  
316       1.701065e+01   1.678481e+01   1.953412e+00   1.953606e+00  
317       1.697456e+01   1.674397e+01   1.971532e+00   1.971813e+00  
318       1.700467e+01   1.677672e+01   1.962075e+00   1.962326e+00  
319       1.698097e+01   1.674919e+01   1.976935e+00   1.977241e+00  
320       1.700108e+01   1.677154e+01   1.968609e+00   1.968941e+00  
321       1.699607e+01   1.676336e+01   1.981739e+00   1.982087e+00  
322       1.700946e+01   1.677839e+01   1.975572e+00   1.975941e+00  
323       1.700170e+01   1.676741e+01   1.988731e+00   1.989147e+00  
324       1.698655e+01   1.675361e+01   1.982172e+00   1.982582e+00  
325       1.700737e+01   1.677234e+01   1.992150e+00   1.992670e+00  
326       1.701680e+01   1.678364e+01   1.984854e+00   1.985284e+00  
327       1.703934e+01   1.680394e+01   1.995530e+00   1.996163e+00  
328       1.700350e+01   1.676921e+01   1.988815e+00   1.989280e+00  
329       1.704440e+01   1.680814e+01   1.999387e+00   2.000097e+00  
330       1.701320e+01   1.677795e+01   1.993367e+00   1.993937e+00  
331       1.704143e+01   1.680467e+01   2.001292e+00   2.002064e+00  
332       1.701851e+01   1.678227e+01   1.997770e+00   1.998488e+00  
333       1.703762e+01   1.680020e+01   2.003833e+00   2.004670e+00  
334       1.703185e+01   1.679541e+01   1.999344e+00   2.000166e+00  
335       1.704433e+01   1.680715e+01   2.003185e+00   2.004090e+00  
336       1.704320e+01   1.680712e+01   1.998507e+00   1.999306e+00  
337       1.705406e+01   1.681734e+01   2.001772e+00   2.002711e+00  
338       1.703748e+01   1.680090e+01   2.000254e+00   2.001112e+00  
339       1.705726e+01   1.682120e+01   1.999217e+00   2.000176e+00  
340       1.703963e+01   1.680334e+01   1.999180e+00   1.999980e+00  
341       1.706021e+01   1.682408e+01   1.999635e+00   2.000633e+00  
342       1.704755e+01   1.681201e+01   1.996440e+00   1.997357e+00  
343       1.706419e+01   1.682827e+01   1.998997e+00   1.999961e+00  
344       1.705731e+01   1.682229e+01   1.995060e+00   1.995577e+00  
345       1.706850e+01   1.683349e+01   1.995512e+00   1.996362e+00  
346       1.706330e+01   1.682890e+01   1.992677e+00   1.993433e+00  
347       1.706456e+01   1.682995e+01   1.993723e+00   1.994300e+00  
348       1.707252e+01   1.683897e+01   1.989774e+00   1.990176e+00  
349       1.707661e+01   1.684253e+01   1.992167e+00   1.992795e+00  
350       1.708185e+01   1.684870e+01   1.988664e+00   1.988997e+00  
351       1.707280e+01   1.683865e+01   1.992367e+00   1.992664e+00  
352       1.709049e+01   1.685766e+01   1.987821e+00   1.988117e+00  
353       1.705669e+01   1.682294e+01   1.989774e+00   1.990033e+00  
354       1.710529e+01   1.687268e+01   1.987878e+00   1.987976e+00  
355       1.706990e+01   1.683683e+01   1.987646e+00   1.987866e+00  
356       1.710905e+01   1.687708e+01   1.985415e+00   1.985467e+00  
357       1.708080e+01   1.684756e+01   1.989073e+00   1.989242e+00  
358       1.710501e+01   1.687315e+01   1.984732e+00   1.984690e+00  
359       1.708278e+01   1.685033e+01   1.985852e+00   1.985996e+00  
360       1.709866e+01   1.686625e+01   1.986679e+00   1.986640e+00  
361       1.708513e+01   1.685271e+01   1.985932e+00   1.985892e+00  
362       1.710573e+01   1.687288e+01   1.988963e+00   1.988977e+00  
363       1.707332e+01   1.684011e+01   1.988614e+00   1.988555e+00  
364       1.710884e+01   1.687561e+01   1.990822e+00   1.990626e+00  
365       1.708041e+01   1.684694e+01   1.990068e+00   1.990115e+00  
366       1.710326e+01   1.686983e+01   1.991466e+00   1.991148e+00  
367       1.707538e+01   1.684131e+01   1.992384e+00   1.992315e+00  
368       1.710827e+01   1.687424e+01   1.994187e+00   1.994031e+00  
369       1.707585e+01   1.684175e+01   1.992655e+00   1.992351e+00  
370       1.711159e+01   1.687737e+01   1.995138e+00   1.995060e+00  
371       1.707612e+01   1.684189e+01   1.993201e+00   1.992914e+00  
372       1.711212e+01   1.687606e+01   2.003019e+00   2.002777e+00  
373       1.707715e+01   1.684176e+01   1.998081e+00   1.997946e+00  
374       1.710942e+01   1.687278e+01   2.005337e+00   2.005031e+00  
375       1.708235e+01   1.684589e+01   2.002959e+00   2.002766e+00  
376       1.711716e+01   1.687875e+01   2.013176e+00   2.012989e+00  
377       1.706596e+01   1.682832e+01   2.006882e+00   2.006686e+00  
378       1.710044e+01   1.686083e+01   2.017149e+00   2.017091e+00  
379       1.707222e+01   1.683297e+01   2.013961e+00   2.013860e+00  
380       1.709662e+01   1.685531e+01   2.024039e+00   2.023907e+00  
381       1.706549e+01   1.682368e+01   2.024201e+00   2.024207e+00  
382       1.712341e+01   1.688090e+01   2.030660e+00   2.030435e+00  
383       1.706141e+01   1.681820e+01   2.029789e+00   2.029752e+00  
384       1.712591e+01   1.688172e+01   2.037920e+00   2.037472e+00  
385       1.706831e+01   1.682265e+01   2.040408e+00   2.040256e+00  
386       1.711304e+01   1.686635e+01   2.047432e+00   2.047066e+00  
387       1.707253e+01   1.682485e+01   2.048958e+00   2.048830e+00  
388       1.710657e+01   1.685684e+01   2.059473e+00   2.059199e+00  
389       1.706525e+01   1.681575e+01   2.055950e+00   2.055831e+00  
390       1.711181e+01   1.685938e+01   2.070814e+00   2.070531e+00  
391       1.707694e+01   1.682578e+01   2.063436e+00   2.063251e+00  
392       1.710566e+01   1.685068e+01   2.080743e+00   2.080555e+00  
393       1.706921e+01   1.681555e+01   2.073013e+00   2.073068e+00  
394       1.711116e+01   1.685384e+01   2.090564e+00   2.090298e+00  
395       1.707071e+01   1.681393e+01   2.085746e+00   2.085766e+00  
396       1.710356e+01   1.684408e+01   2.098665e+00   2.098638e+00  
397       1.706518e+01   1.680551e+01   2.097049e+00   2.097076e+00  
398       1.710354e+01   1.684195e+01   2.107164e+00   2.107081e+00  
399       1.705899e+01   1.679676e+01   2.106751e+00   2.107021e+00  
400       1.712285e+01   1.686032e+01   2.112045e+00   2.112032e+00  
401       1.706698e+01   1.680288e+01   2.114692e+00   2.114917e+00  
402       1.712035e+01   1.685604e+01   2.118986e+00   2.119038e+00  
403       1.706610e+01   1.680051e+01   2.120411e+00   2.120944e+00  
404       1.711725e+01   1.685037e+01   2.129028e+00   2.128962e+00  
405       1.708556e+01   1.681922e+01   2.124559e+00   2.125264e+00  
406       1.710892e+01   1.684008e+01   2.136189e+00   2.136262e+00  
407       1.707487e+01   1.680636e+01   2.132414e+00   2.133158e+00  
408       1.709130e+01   1.682063e+01   2.142209e+00   2.142396e+00  
409       1.706083e+01   1.679098e+01   2.136700e+00   2.137608e+00  
410       1.709529e+01   1.682398e+01   2.144964e+00   2.145148e+00  
411       1.706686e+01   1.679580e+01   2.141820e+00   2.142805e+00  
412       1.709602e+01   1.682300e+01   2.151637e+00   2.151956e+00  
413       1.707845e+01   1.680693e+01   2.144360e+00   2.145326e+00  
414       1.708352e+01   1.680974e+01   2.153749e+00   2.154195e+00  
415       1.707435e+01   1.680151e+01   2.149212e+00   2.150302e+00  
416       1.708281e+01   1.680750e+01   2.159677e+00   2.160116e+00  
417       1.707131e+01   1.679806e+01   2.150505e+00   2.151786e+00  
418       1.706661e+01   1.679057e+01   2.161498e+00   2.161909e+00  
419       1.707328e+01   1.679926e+01   2.153599e+00   2.154962e+00  
420       1.707576e+01   1.679963e+01   2.162447e+00   2.162849e+00  
421       1.706696e+01   1.679248e+01   2.155033e+00   2.156296e+00  
422       1.706928e+01   1.679335e+01   2.161166e+00   2.161699e+00  
423       1.705282e+01   1.677722e+01   2.158484e+00   2.159780e+00  
424       1.706155e+01   1.678465e+01   2.164396e+00   2.165095e+00  
425       1.705054e+01   1.677532e+01   2.156887e+00   2.158052e+00  
426       1.705103e+01   1.677435e+01   2.162817e+00   2.163564e+00  
427       1.704846e+01   1.677366e+01   2.155159e+00   2.156273e+00  
428       1.705759e+01   1.678045e+01   2.165000e+00   2.165791e+00  
429       1.703829e+01   1.676316e+01   2.155883e+00   2.156883e+00  
430       1.705813e+01   1.678171e+01   2.162212e+00   2.163029e+00  
431       1.703590e+01   1.676062e+01   2.156310e+00   2.157328e+00  
432       1.704198e+01   1.676507e+01   2.163069e+00   2.163890e+00  
433       1.704580e+01   1.677029e+01   2.157903e+00   2.158744e+00  
434       1.703686e+01   1.676025e+01   2.161668e+00   2.162377e+00  
435       1.703769e+01   1.676238e+01   2.156696e+00   2.157351e+00  
436       1.702561e+01   1.674899e+01   2.161014e+00   2.161634e+00  
437       1.703502e+01   1.675942e+01   2.157737e+00   2.158262e+00  
438       1.702239e+01   1.674519e+01   2.163076e+00   2.163643e+00  
439       1.704182e+01   1.676642e+01   2.157455e+00   2.157775e+00  
440       1.703264e+01   1.675516e+01   2.164860e+00   2.165403e+00  
441       1.704753e+01   1.677174e+01   2.159440e+00   2.159580e+00  
442       1.703520e+01   1.675730e+01   2.166666e+00   2.167150e+00  
443       1.706031e+01   1.678423e+01   2.161418e+00   2.161512e+00  
444       1.703221e+01   1.675408e+01   2.167405e+00   2.167767e+00  
445       1.707622e+01   1.679967e+01   2.164380e+00   2.164282e+00  
446       1.703157e+01   1.675226e+01   2.171939e+00   2.172247e+00  
447       1.707026e+01   1.679245e+01   2.168904e+00   2.168699e+00  
448       1.704761e+01   1.676710e+01   2.177679e+00   2.177801e+00  
449       1.707528e+01   1.679711e+01   2.170643e+00   2.170387e+00  
450       1.704791e+01   1.676618e+01   2.182543e+00   2.182479e+00  
451       1.708451e+01   1.680499e+01   2.176396e+00   2.176266e+00  
452       1.704033e+01   1.675656e+01   2.189998e+00   2.189607e+00  
453       1.710250e+01   1.682250e+01   2.179292e+00   2.179366e+00  
454       1.704034e+01   1.675515e+01   2.195524e+00   2.194927e+00  
455       1.711537e+01   1.683510e+01   2.181222e+00   2.181177e+00  
456       1.705274e+01   1.676569e+01   2.203431e+00   2.202857e+00  
457       1.711000e+01   1.682729e+01   2.190357e+00   2.190170e+00  
458       1.706912e+01   1.678055e+01   2.210311e+00   2.209653e+00  
459       1.711212e+01   1.682704e+01   2.199673e+00   2.199326e+00  
460       1.707012e+01   1.677995e+01   2.216377e+00   2.215798e+00  
461       1.711253e+01   1.682522e+01   2.208286e+00   2.207776e+00  
462       1.706826e+01   1.677612e+01   2.223659e+00   2.223186e+00  
463       1.710750e+01   1.681830e+01   2.215052e+00   2.214680e+00  
464       1.706058e+01   1.676615e+01   2.231811e+00   2.231240e+00  
465       1.711870e+01   1.682748e+01   2.223413e+00   2.223130e+00  
466       1.705333e+01   1.675671e+01   2.239501e+00   2.239069e+00  
467       1.712970e+01   1.683611e+01   2.233121e+00   2.232732e+00  
468       1.706795e+01   1.676993e+01   2.245679e+00   2.245327e+00  
469       1.712230e+01   1.682617e+01   2.242157e+00   2.241865e+00  
470       1.706223e+01   1.676147e+01   2.255603e+00   2.255009e+00  
471       1.712113e+01   1.682265e+01   2.250818e+00   2.250671e+00  
472       1.706109e+01   1.675896e+01   2.260642e+00   2.260004e+00  
473       1.711218e+01   1.681176e+01   2.257390e+00   2.257373e+00  
474       1.706920e+01   1.676519e+01   2.268204e+00   2.267487e+00  
475       1.710088e+01   1.679778e+01   2.266547e+00   2.266604e+00  
476       1.707861e+01   1.677305e+01   2.274506e+00   2.273816e+00  
477       1.710294e+01   1.679884e+01   2.270405e+00   2.270423e+00  
478       1.707716e+01   1.676996e+01   2.280415e+00   2.279836e+00  
479       1.709677e+01   1.679057e+01   2.277779e+00   2.277707e+00  
480       1.707893e+01   1.677006e+01   2.286588e+00   2.286168e+00  
481       1.709768e+01   1.679002e+01   2.283241e+00   2.283163e+00  
482       1.706499e+01   1.675423e+01   2.292529e+00   2.292139e+00  
483       1.710028e+01   1.679167e+01   2.286852e+00   2.286846e+00  
484       1.707361e+01   1.676208e+01   2.295846e+00   2.295566e+00  
485       1.711229e+01   1.680308e+01   2.289829e+00   2.289948e+00  
486       1.707963e+01   1.676731e+01   2.299194e+00   2.298866e+00  
487       1.711502e+01   1.680518e+01   2.292213e+00   2.292503e+00  
488       1.708827e+01   1.677579e+01   2.300223e+00   2.300167e+00  
489       1.712407e+01   1.681394e+01   2.293908e+00   2.294120e+00  
490       1.709030e+01   1.677748e+01   2.301612e+00   2.301577e+00  
491       1.712697e+01   1.681580e+01   2.297851e+00   2.298194e+00  
492       1.707369e+01   1.675943e+01   2.305772e+00   2.305562e+00  
493       1.712373e+01   1.681195e+01   2.299775e+00   2.300323e+00  
494       1.707527e+01   1.676088e+01   2.306382e+00   2.306176e+00  
495       1.713879e+01   1.682796e+01   2.297364e+00   2.297861e+00  
496       1.707132e+01   1.675663e+01   2.307163e+00   2.307046e+00  
497       1.713336e+01   1.682161e+01   2.300319e+00   2.300860e+00  
498       1.708293e+01   1.676838e+01   2.307393e+00   2.307302e+00  
499       1.713052e+01   1.681942e+01   2.297815e+00   2.298225e+00  
500       1.707939e+01   1.676473e+01   2.307533e+00   2.307503e+00  
501       1.712939e+01   1.681795e+01   2.298981e+00   2.299409e+00  
502       1.707186e+01   1.675720e+01   2.307045e+00   2.306966e+00  
503       1.711549e+01   1.680357e+01   2.299793e+00   2.300232e+00  
504       1.707232e+01   1.675826e+01   2.304838e+00   2.304853e+00  
505       1.711965e+01   1.680790e+01   2.299547e+00   2.299812e+00  
506       1.707334e+01   1.675957e+01   2.303960e+00   2.303812e+00  
507       1.712005e+01   1.680903e+01   2.296917e+00   2.297117e+00  
508       1.706437e+01   1.675081e+01   2.302555e+00   2.302499e+00  
509       1.712480e+01   1.681403e+01   2.296345e+00   2.296499e+00  
510       1.705892e+01   1.674500e+01   2.303591e+00   2.303325e+00  
511       1.713188e+01   1.682174e+01   2.294508e+00   2.294693e+00  
512       1.705795e+01   1.674423e+01   2.302936e+00   2.302374e+00  
513       1.713306e+01   1.682253e+01   2.295993e+00   2.296177e+00  
514       1.706576e+01   1.675181e+01   2.304274e+00   2.303762e+00  
515       1.712130e+01   1.681051e+01   2.296241e+00   2.296318e+00  
516       1.707249e+01   1.675886e+01   2.303619e+00   2.302983e+00  
517       1.712263e+01   1.681160e+01   2.297141e+00   2.297340e+00  
518       1.707020e+01   1.675659e+01   2.303454e+00   2.302774e+00  
519       1.711647e+01   1.680602e+01   2.294663e+00   2.294682e+00  
520       1.706245e+01   1.674862e+01   2.303651e+00   2.303048e+00  
521       1.709669e+01   1.678526e+01   2.297024e+00   2.296841e+00  
522       1.706168e+01   1.674740e+01   2.305318e+00   2.304540e+00  
523       1.709370e+01   1.678187e+01   2.298225e+00   2.298185e+00  
524       1.706531e+01   1.675127e+01   2.304867e+00   2.303757e+00  
525       1.707779e+01   1.676438e+01   2.302863e+00   2.302906e+00  
526       1.707012e+01   1.675578e+01   2.306267e+00   2.305172e+00  
527       1.707251e+01   1.675805e+01   2.306359e+00   2.306278e+00  
528       1.707676e+01   1.676176e+01   2.309152e+00   2.307970e+00  
529       1.707614e+01   1.676132e+01   2.307917e+00   2.307817e+00  
530       1.706314e+01   1.674658e+01   2.313906e+00   2.312737e+00  
531       1.707465e+01   1.675835e+01   2.313293e+00   2.313074e+00  
532       1.706610e+01   1.674866e+01   2.317316e+00   2.316092e+00  
533       1.707251e+01   1.675541e+01   2.316069e+00   2.315724e+00  
534       1.706556e+01   1.674705e+01   2.321144e+00   2.319894e+00  
535       1.706862e+01   1.674952e+01   2.322946e+00   2.322734e+00  
536       1.706271e+01   1.674317e+01   2.324746e+00   2.323310e+00  
537       1.706521e+01   1.674484e+01   2.327303e+00   2.327090e+00  
538       1.707829e+01   1.675811e+01   2.328071e+00   2.326769e+00  
539       1.706772e+01   1.674641e+01   2.330958e+00   2.330575e+00  
540       1.708502e+01   1.676360e+01   2.332877e+00   2.331751e+00  
541       1.706645e+01   1.674400e+01   2.335026e+00   2.334452e+00  
542       1.708806e+01   1.676553e+01   2.337066e+00   2.336044e+00  
543       1.707889e+01   1.675506e+01   2.340927e+00   2.340173e+00  
544       1.709762e+01   1.677411e+01   2.341298e+00   2.340163e+00  
545       1.707405e+01   1.674895e+01   2.345243e+00   2.344276e+00  
546       1.709496e+01   1.677063e+01   2.344009e+00   2.342885e+00  
547       1.707481e+01   1.674897e+01   2.347972e+00   2.346918e+00  
548       1.709339e+01   1.676779e+01   2.348446e+00   2.347288e+00  
549       1.707552e+01   1.674866e+01   2.351643e+00   2.350594e+00  
550       1.709777e+01   1.677123e+01   2.352095e+00   2.351055e+00  
551       1.707290e+01   1.674501e+01   2.355103e+00   2.354134e+00  
552       1.710993e+01   1.678290e+01   2.354680e+00   2.353561e+00  
553       1.707396e+01   1.674493e+01   2.359188e+00   2.358346e+00  
554       1.711142e+01   1.678333e+01   2.358666e+00   2.357393e+00  
555       1.706283e+01   1.673267e+01   2.362403e+00   2.361584e+00  
556       1.711280e+01   1.678427e+01   2.360232e+00   2.359110e+00  
557       1.706264e+01   1.673186e+01   2.364614e+00   2.363768e+00  
558       1.710378e+01   1.677467e+01   2.361650e+00   2.360622e+00  
559       1.706089e+01   1.672891e+01   2.368703e+00   2.367854e+00  
560       1.710165e+01   1.677276e+01   2.360716e+00   2.359676e+00  
561       1.706854e+01   1.673697e+01   2.367836e+00   2.366928e+00  
562       1.710809e+01   1.677925e+01   2.360969e+00   2.359972e+00  
563       1.706925e+01   1.673749e+01   2.368420e+00   2.367801e+00  
564       1.710479e+01   1.677590e+01   2.360827e+00   2.359938e+00  
565       1.706900e+01   1.673718e+01   2.368548e+00   2.368028e+00  
566       1.709918e+01   1.677047e+01   2.359793e+00   2.358972e+00  
567       1.706505e+01   1.673315e+01   2.368464e+00   2.368072e+00  
568       1.708823e+01   1.675933e+01   2.359666e+00   2.358878e+00  
569       1.707451e+01   1.674320e+01   2.367003e+00   2.366711e+00  
570       1.707303e+01   1.674380e+01   2.359878e+00   2.358945e+00  
571       1.706808e+01   1.673701e+01   2.365653e+00   2.365431e+00  
572       1.707780e+01   1.674897e+01   2.358747e+00   2.357894e+00  
573       1.706972e+01   1.673970e+01   2.362051e+00   2.361903e+00  
574       1.708855e+01   1.676016e+01   2.357944e+00   2.356983e+00  
575       1.706975e+01   1.673983e+01   2.361635e+00   2.361622e+00  
576       1.707111e+01   1.674290e+01   2.356127e+00   2.355124e+00  
577       1.707557e+01   1.674611e+01   2.360410e+00   2.360374e+00  
578       1.707262e+01   1.674521e+01   2.353324e+00   2.352431e+00  
579       1.707744e+01   1.674824e+01   2.359609e+00   2.359577e+00  
580       1.707235e+01   1.674567e+01   2.350601e+00   2.349976e+00  
581       1.707927e+01   1.675072e+01   2.357469e+00   2.357367e+00  
582       1.706442e+01   1.673791e+01   2.349407e+00   2.348873e+00  
583       1.707680e+01   1.674916e+01   2.354104e+00   2.353944e+00  
584       1.707195e+01   1.674640e+01   2.346493e+00   2.345956e+00  
585       1.707565e+01   1.674809e+01   2.353772e+00   2.353553e+00  
586       1.705747e+01   1.673133e+01   2.347659e+00   2.347062e+00  
587       1.707810e+01   1.675178e+01   2.349582e+00   2.349223e+00  
588       1.705861e+01   1.673277e+01   2.346496e+00   2.346159e+00  
589       1.708377e+01   1.675793e+01   2.348315e+00   2.347833e+00  
590       1.706649e+01   1.674119e+01   2.345090e+00   2.344821e+00  
591       1.708201e+01   1.675561e+01   2.350122e+00   2.349783e+00  
592       1.707171e+01   1.674651e+01   2.345133e+00   2.344857e+00  
593       1.707237e+01   1.674613e+01   2.348900e+00   2.348570e+00  
594       1.708293e+01   1.675795e+01   2.345176e+00   2.344705e+00  
595       1.707394e+01   1.674772e+01   2.348930e+00   2.348616e+00  
596       1.708852e+01   1.676377e+01   2.344753e+00   2.344318e+00  
597       1.707203e+01   1.674605e+01   2.347999e+00   2.347601e+00  
598       1.708421e+01   1.675873e+01   2.346960e+00   2.346709e+00  
599       1.707846e+01   1.675221e+01   2.349437e+00   2.348905e+00  
600       1.708737e+01   1.676161e+01   2.348173e+00   2.347876e+00  
601       1.707990e+01   1.675327e+01   2.350972e+00   2.350294e+00  
602       1.709946e+01   1.677374e+01   2.348886e+00   2.348649e+00  
603       1.708614e+01   1.675928e+01   2.352086e+00   2.351636e+00  
604       1.709939e+01   1.677307e+01   2.351218e+00   2.350546e+00  
605       1.710459e+01   1.677761e+01   2.353725e+00   2.353452e+00  
606       1.709264e+01   1.676472e+01   2.356510e+00   2.355731e+00  
607       1.712103e+01   1.679390e+01   2.355468e+00   2.355092e+00  
608       1.709837e+01   1.676962e+01   2.359873e+00   2.359043e+00  
609       1.713346e+01   1.680580e+01   2.358188e+00   2.357849e+00  
610       1.708909e+01   1.675934e+01   2.362802e+00   2.361877e+00  
611       1.713296e+01   1.680414e+01   2.362281e+00   2.361983e+00  
612       1.709533e+01   1.676523e+01   2.364460e+00   2.363659e+00  
613       1.712964e+01   1.679965e+01   2.366320e+00   2.365800e+00  
614       1.709808e+01   1.676732e+01   2.366915e+00   2.366190e+00  
615       1.712997e+01   1.679868e+01   2.371025e+00   2.370385e+00  
616       1.710371e+01   1.677182e+01   2.371191e+00   2.370697e+00  
617       1.713453e+01   1.680298e+01   2.372348e+00   2.371448e+00  
618       1.711527e+01   1.678283e+01   2.373888e+00   2.373593e+00  
619       1.713029e+01   1.679726e+01   2.377406e+00   2.376362e+00  
620       1.710785e+01   1.677458e+01   2.376221e+00   2.376052e+00  
621       1.712681e+01   1.679242e+01   2.381883e+00   2.380968e+00  
622       1.710762e+01   1.677355e+01   2.379132e+00   2.378768e+00  
623       1.713456e+01   1.679941e+01   2.385000e+00   2.384321e+00  
624       1.709671e+01   1.676172e+01   2.381666e+00   2.381153e+00  
625       1.713464e+01   1.679893e+01   2.386893e+00   2.386327e+00  
626       1.709158e+01   1.675569e+01   2.384460e+00   2.383959e+00  
627       1.714675e+01   1.681055e+01   2.389521e+00   2.388861e+00  
628       1.709529e+01   1.675872e+01   2.386993e+00   2.386748e+00  
629       1.714862e+01   1.681185e+01   2.391748e+00   2.390909e+00  
630       1.710082e+01   1.676377e+01   2.389005e+00   2.388830e+00  
631       1.713167e+01   1.679404e+01   2.393570e+00   2.392735e+00  
632       1.710747e+01   1.676996e+01   2.391108e+00   2.390902e+00  
633       1.714050e+01   1.680265e+01   2.394931e+00   2.394180e+00  
634       1.710683e+01   1.676901e+01   2.392076e+00   2.392045e+00  
635       1.714757e+01   1.680999e+01   2.394372e+00   2.393827e+00  
636       1.711108e+01   1.677353e+01   2.391345e+00   2.391484e+00  
637       1.714918e+01   1.681176e+01   2.393921e+00   2.393357e+00  
638       1.711588e+01   1.677880e+01   2.390145e+00   2.390052e+00  
639       1.715051e+01   1.681314e+01   2.393740e+00   2.393399e+00  
640       1.711251e+01   1.677535e+01   2.390151e+00   2.390206e+00  
641       1.715138e+01   1.681394e+01   2.394029e+00   2.393738e+00  
642       1.711522e+01   1.677830e+01   2.389329e+00   2.389658e+00  
643       1.713925e+01   1.680181e+01   2.393187e+00   2.392798e+00  
644       1.711358e+01   1.677763e+01   2.385739e+00   2.386183e+00  
645       1.713974e+01   1.680313e+01   2.390299e+00   2.389970e+00  
646       1.711864e+01   1.678332e+01   2.383884e+00   2.384313e+00  
647       1.714135e+01   1.680551e+01   2.387665e+00   2.387445e+00  
648       1.712467e+01   1.678970e+01   2.383079e+00   2.383487e+00  
649       1.712984e+01   1.679455e+01   2.384845e+00   2.384739e+00  
650       1.712521e+01   1.679087e+01   2.380885e+00   2.381346e+00  
651       1.713504e+01   1.680047e+01   2.382691e+00   2.382623e+00  
652       1.712242e+01   1.678837e+01   2.379700e+00   2.380144e+00  
653       1.713528e+01   1.680148e+01   2.379947e+00   2.379917e+00  
654       1.712622e+01   1.679275e+01   2.377844e+00   2.378389e+00  
655       1.712810e+01   1.679490e+01   2.377233e+00   2.377337e+00  
656       1.712078e+01   1.678770e+01   2.375996e+00   2.376710e+00  
657       1.713130e+01   1.679861e+01   2.375721e+00   2.375755e+00  
658       1.712350e+01   1.679070e+01   2.375094e+00   2.376052e+00  
659       1.712636e+01   1.679366e+01   2.375316e+00   2.375489e+00  
660       1.712269e+01   1.679038e+01   2.373369e+00   2.374179e+00  
661       1.711963e+01   1.678752e+01   2.372784e+00   2.372902e+00  
662       1.712399e+01   1.679185e+01   2.372794e+00   2.373779e+00  
663       1.712686e+01   1.679567e+01   2.370131e+00   2.370079e+00  
664       1.711490e+01   1.678311e+01   2.370879e+00   2.371975e+00  
665       1.712642e+01   1.679492e+01   2.371180e+00   2.371171e+00  
666       1.711379e+01   1.678205e+01   2.370590e+00   2.371698e+00  
667       1.713999e+01   1.680914e+01   2.369812e+00   2.369781e+00  
668       1.711515e+01   1.678365e+01   2.369787e+00   2.370971e+00  
669       1.713988e+01   1.680869e+01   2.370940e+00   2.371113e+00  
670       1.711693e+01   1.678584e+01   2.368521e+00   2.369577e+00  
671       1.713878e+01   1.680735e+01   2.371618e+00   2.371917e+00  
672       1.713001e+01   1.679888e+01   2.369602e+00   2.370616e+00  
673       1.714809e+01   1.681724e+01   2.370191e+00   2.370572e+00  
674       1.712375e+01   1.679203e+01   2.371373e+00   2.372147e+00  
675       1.715255e+01   1.682117e+01   2.372346e+00   2.372788e+00  
676       1.712162e+01   1.678942e+01   2.372971e+00   2.373708e+00  
677       1.714679e+01   1.681470e+01   2.374435e+00   2.374939e+00  
678       1.713057e+01   1.679808e+01   2.374594e+00   2.375357e+00  
679       1.714145e+01   1.680869e+01   2.376478e+00   2.376917e+00  
680       1.712833e+01   1.679530e+01   2.376294e+00   2.377145e+00  
681       1.714093e+01   1.680715e+01   2.379970e+00   2.380547e+00  
682       1.712089e+01   1.678684e+01   2.379457e+00   2.380187e+00  
683       1.711762e+01   1.678266e+01   2.382435e+00   2.383110e+00  
684       1.711377e+01   1.677901e+01   2.381388e+00   2.382227e+00  
685       1.711808e+01   1.678276e+01   2.383904e+00   2.384265e+00  
686       1.711321e+01   1.677764e+01   2.384111e+00   2.385141e+00  
687       1.711733e+01   1.678099e+01   2.387446e+00   2.387766e+00  
688       1.712569e+01   1.678973e+01   2.386360e+00   2.387383e+00  
689       1.711506e+01   1.677729e+01   2.392405e+00   2.392503e+00  
690       1.713149e+01   1.679469e+01   2.389667e+00   2.390766e+00  
691       1.711165e+01   1.677284e+01   2.395740e+00   2.395989e+00  
692       1.712839e+01   1.679091e+01   2.391903e+00   2.392905e+00  
693       1.711171e+01   1.677251e+01   2.396992e+00   2.397473e+00  
694       1.712750e+01   1.678903e+01   2.395543e+00   2.396114e+00  
695       1.710044e+01   1.676003e+01   2.400225e+00   2.401119e+00  
696       1.712901e+01   1.678989e+01   2.397975e+00   2.398370e+00  
697       1.710019e+01   1.675890e+01   2.403237e+00   2.404214e+00  
698       1.713128e+01   1.679158e+01   2.400215e+00   2.400553e+00  
699       1.709343e+01   1.675099e+01   2.406858e+00   2.407674e+00  
700       1.713394e+01   1.679361e+01   2.402555e+00   2.403017e+00  
701       1.710618e+01   1.676395e+01   2.406971e+00   2.407880e+00  
702       1.713997e+01   1.679867e+01   2.406341e+00   2.406860e+00  
703       1.712648e+01   1.678432e+01   2.408270e+00   2.408962e+00  
704       1.712665e+01   1.678493e+01   2.406864e+00   2.407326e+00  
705       1.712505e+01   1.678191e+01   2.411483e+00   2.412373e+00  
706       1.713557e+01   1.679410e+01   2.406654e+00   2.407107e+00  
707       1.711648e+01   1.677233e+01   2.414353e+00   2.415326e+00  
708       1.713454e+01   1.679286e+01   2.407471e+00   2.407540e+00  
709       1.710663e+01   1.676193e+01   2.415489e+00   2.416640e+00  
710       1.713744e+01   1.679561e+01   2.408231e+00   2.408262e+00  
711       1.709939e+01   1.675448e+01   2.415590e+00   2.416880e+00  
712       1.714959e+01   1.680803e+01   2.408077e+00   2.408299e+00  
713       1.709926e+01   1.675535e+01   2.412096e+00   2.413392e+00  
714       1.714625e+01   1.680465e+01   2.407869e+00   2.408230e+00  
715       1.710277e+01   1.675902e+01   2.411815e+00   2.413172e+00  
716       1.713979e+01   1.679823e+01   2.407340e+00   2.407556e+00  
717       1.710664e+01   1.676371e+01   2.409269e+00   2.410546e+00  
718       1.713787e+01   1.679546e+01   2.410008e+00   2.410541e+00  
719       1.710626e+01   1.676352e+01   2.408603e+00   2.409809e+00  
720       1.713273e+01   1.679033e+01   2.409526e+00   2.410278e+00  
721       1.711320e+01   1.677062e+01   2.408586e+00   2.409686e+00  
722       1.713278e+01   1.679131e+01   2.406275e+00   2.407080e+00  
723       1.712587e+01   1.678407e+01   2.406724e+00   2.407930e+00  
724       1.713470e+01   1.679395e+01   2.403895e+00   2.404665e+00  
725       1.713206e+01   1.679072e+01   2.405574e+00   2.406686e+00  
726       1.713544e+01   1.679515e+01   2.402218e+00   2.403262e+00  
727       1.712860e+01   1.678721e+01   2.405625e+00   2.406534e+00  
728       1.712833e+01   1.678863e+01   2.399577e+00   2.400760e+00  
729       1.711620e+01   1.677468e+01   2.405144e+00   2.406167e+00  
730       1.713277e+01   1.679323e+01   2.399348e+00   2.400489e+00  
731       1.712596e+01   1.678476e+01   2.404758e+00   2.405710e+00  
732       1.712712e+01   1.678762e+01   2.398823e+00   2.399938e+00  
733       1.712743e+01   1.678674e+01   2.402996e+00   2.404088e+00  
734       1.712290e+01   1.678363e+01   2.397705e+00   2.398836e+00  
735       1.712691e+01   1.678658e+01   2.401752e+00   2.402771e+00  
736       1.713075e+01   1.679194e+01   2.396652e+00   2.397784e+00  
737       1.712211e+01   1.678185e+01   2.401146e+00   2.402219e+00  
738       1.713003e+01   1.679102e+01   2.397416e+00   2.398320e+00  
739       1.712502e+01   1.678479e+01   2.401275e+00   2.402312e+00  
740       1.712263e+01   1.678351e+01   2.397231e+00   2.398253e+00  
741       1.711935e+01   1.677832e+01   2.403705e+00   2.404641e+00  
742       1.712473e+01   1.678555e+01   2.397634e+00   2.398541e+00  
743       1.713101e+01   1.679024e+01   2.403580e+00   2.404568e+00  
744       1.711461e+01   1.677511e+01   2.397939e+00   2.399028e+00  
745       1.712818e+01   1.678720e+01   2.404243e+00   2.405012e+00  
746       1.712054e+01   1.678108e+01   2.398269e+00   2.399237e+00  
747       1.711943e+01   1.677858e+01   2.403179e+00   2.403933e+00  
748       1.712462e+01   1.678543e+01   2.397634e+00   2.398619e+00  
749       1.711244e+01   1.677106e+01   2.404622e+00   2.405242e+00  
750       1.711596e+01   1.677617e+01   2.399145e+00   2.400048e+00  
751       1.711831e+01   1.677650e+01   2.406486e+00   2.407131e+00  
752       1.711927e+01   1.677913e+01   2.400648e+00   2.401480e+00  
753       1.711038e+01   1.676838e+01   2.406607e+00   2.407217e+00  
754       1.712089e+01   1.678044e+01   2.401798e+00   2.402707e+00  
755       1.711388e+01   1.677148e+01   2.408310e+00   2.408811e+00  
756       1.712411e+01   1.678281e+01   2.405037e+00   2.405872e+00  
757       1.711855e+01   1.677642e+01   2.407665e+00   2.408211e+00  
758       1.712718e+01   1.678536e+01   2.407124e+00   2.407829e+00  
759       1.711636e+01   1.677331e+01   2.410737e+00   2.411258e+00  
760       1.713345e+01   1.679124e+01   2.409002e+00   2.409596e+00  
761       1.712306e+01   1.677961e+01   2.412605e+00   2.413149e+00  
762       1.713479e+01   1.679187e+01   2.411498e+00   2.412186e+00  
763       1.712701e+01   1.678308e+01   2.414667e+00   2.414949e+00  
764       1.714097e+01   1.679731e+01   2.414533e+00   2.415270e+00  
765       1.712786e+01   1.678322e+01   2.417186e+00   2.417470e+00  
766       1.714442e+01   1.679977e+01   2.418141e+00   2.418974e+00  
767       1.712992e+01   1.678496e+01   2.418572e+00   2.418651e+00  
768       1.713762e+01   1.679190e+01   2.421296e+00   2.422259e+00  
769       1.713864e+01   1.679321e+01   2.420888e+00   2.420831e+00  
770       1.714609e+01   1.679991e+01   2.423465e+00   2.424483e+00  
771       1.714290e+01   1.679714e+01   2.422303e+00   2.422278e+00  
772       1.715582e+01   1.680898e+01   2.426514e+00   2.427405e+00  
773       1.714368e+01   1.679746e+01   2.423887e+00   2.424024e+00  
774       1.715655e+01   1.680934e+01   2.428039e+00   2.428587e+00  
775       1.714724e+01   1.680028e+01   2.426621e+00   2.426918e+00  
776       1.716350e+01   1.681587e+01   2.430081e+00   2.430481e+00  
777       1.714658e+01   1.679970e+01   2.426190e+00   2.426686e+00  
778       1.716437e+01   1.681566e+01   2.433960e+00   2.434116e+00  
779       1.715614e+01   1.680932e+01   2.426648e+00   2.427228e+00  
780       1.715815e+01   1.680887e+01   2.435540e+00   2.435610e+00  
781       1.715412e+01   1.680666e+01   2.428712e+00   2.429221e+00  
782       1.715727e+01   1.680791e+01   2.435743e+00   2.435824e+00  
783       1.715595e+01   1.680841e+01   2.429176e+00   2.429616e+00  
784       1.714601e+01   1.679632e+01   2.436088e+00   2.436146e+00  
785       1.715332e+01   1.680601e+01   2.428216e+00   2.428648e+00  
786       1.715835e+01   1.680928e+01   2.434918e+00   2.434806e+00  
787       1.714534e+01   1.679780e+01   2.428309e+00   2.428974e+00  
788       1.716700e+01   1.681845e+01   2.433758e+00   2.433576e+00  
789       1.714147e+01   1.679366e+01   2.428959e+00   2.429621e+00  
790       1.715961e+01   1.681099e+01   2.433347e+00   2.433414e+00  
791       1.715621e+01   1.680915e+01   2.427411e+00   2.428156e+00  
792       1.715819e+01   1.680957e+01   2.433325e+00   2.433248e+00  
793       1.715219e+01   1.680541e+01   2.426158e+00   2.426834e+00  
794       1.714165e+01   1.679300e+01   2.432239e+00   2.432143e+00  
795       1.715677e+01   1.681030e+01   2.425307e+00   2.426135e+00  
796       1.713476e+01   1.678711e+01   2.428253e+00   2.428293e+00  
797       1.717409e+01   1.682902e+01   2.421790e+00   2.422430e+00  
798       1.712790e+01   1.678076e+01   2.425932e+00   2.426076e+00  
799       1.716593e+01   1.682174e+01   2.418098e+00   2.418884e+00  
800       1.712633e+01   1.677963e+01   2.424323e+00   2.424465e+00  
801       1.716796e+01   1.682477e+01   2.414886e+00   2.415438e+00  
802       1.713224e+01   1.678661e+01   2.420895e+00   2.421261e+00  
803       1.715746e+01   1.681432e+01   2.414096e+00   2.414368e+00  
804       1.713981e+01   1.679562e+01   2.416283e+00   2.416987e+00  
805       1.714152e+01   1.679899e+01   2.410863e+00   2.411082e+00  
806       1.715055e+01   1.680711e+01   2.414472e+00   2.415055e+00  
807       1.713958e+01   1.679827e+01   2.406495e+00   2.406720e+00  
808       1.715398e+01   1.681154e+01   2.411131e+00   2.411950e+00  
809       1.714876e+01   1.680796e+01   2.405555e+00   2.405396e+00  
810       1.716368e+01   1.682189e+01   2.409405e+00   2.410520e+00  
811       1.714875e+01   1.680851e+01   2.403696e+00   2.403324e+00  
812       1.716373e+01   1.682241e+01   2.407689e+00   2.408981e+00  
813       1.715241e+01   1.681249e+01   2.402910e+00   2.402368e+00  
814       1.716658e+01   1.682570e+01   2.406325e+00   2.407692e+00  
815       1.715667e+01   1.681744e+01   2.400761e+00   2.400251e+00  
816       1.717649e+01   1.683645e+01   2.404076e+00   2.405433e+00  
817       1.715001e+01   1.681092e+01   2.399689e+00   2.399381e+00  
818       1.717801e+01   1.683815e+01   2.403568e+00   2.404898e+00  
819       1.715397e+01   1.681545e+01   2.397876e+00   2.397850e+00  
820       1.718145e+01   1.684224e+01   2.401632e+00   2.402782e+00  
821       1.716261e+01   1.682398e+01   2.398687e+00   2.398965e+00  
822       1.718007e+01   1.684142e+01   2.399760e+00   2.400518e+00  
823       1.715610e+01   1.681722e+01   2.398965e+00   2.399582e+00  
824       1.717685e+01   1.683818e+01   2.399665e+00   2.400329e+00  
825       1.716216e+01   1.682294e+01   2.400683e+00   2.401089e+00  
826       1.717328e+01   1.683455e+01   2.399428e+00   2.400400e+00  
827       1.716665e+01   1.682726e+01   2.401583e+00   2.401989e+00  
828       1.717636e+01   1.683746e+01   2.400280e+00   2.401216e+00  
829       1.715443e+01   1.681462e+01   2.402115e+00   2.402669e+00  
830       1.717797e+01   1.683911e+01   2.400314e+00   2.401140e+00  
831       1.714259e+01   1.680230e+01   2.402897e+00   2.403571e+00  
832       1.718219e+01   1.684319e+01   2.401126e+00   2.401915e+00  
833       1.714282e+01   1.680225e+01   2.403866e+00   2.404597e+00  
834       1.718370e+01   1.684377e+01   2.404411e+00   2.405352e+00  
835       1.714657e+01   1.680588e+01   2.404608e+00   2.405269e+00  
836       1.718199e+01   1.684139e+01   2.406639e+00   2.407613e+00  
837       1.715899e+01   1.681827e+01   2.405547e+00   2.406226e+00  
838       1.717365e+01   1.683204e+01   2.409486e+00   2.410631e+00  
839       1.715902e+01   1.681715e+01   2.409609e+00   2.410250e+00  
840       1.717193e+01   1.682929e+01   2.412868e+00   2.414144e+00  
841       1.716834e+01   1.682596e+01   2.412167e+00   2.412620e+00  
842       1.716915e+01   1.682589e+01   2.414765e+00   2.416155e+00  
843       1.716479e+01   1.682133e+01   2.415630e+00   2.416107e+00  
844       1.716652e+01   1.682290e+01   2.415856e+00   2.417303e+00  
845       1.716394e+01   1.681971e+01   2.418227e+00   2.418806e+00  
846       1.717502e+01   1.683083e+01   2.418411e+00   2.419865e+00  
847       1.716186e+01   1.681758e+01   2.418199e+00   2.418846e+00  
848       1.717548e+01   1.683032e+01   2.421827e+00   2.423304e+00  
849       1.716801e+01   1.682299e+01   2.421139e+00   2.421947e+00  
850       1.718025e+01   1.683450e+01   2.424215e+00   2.425631e+00  
851       1.716693e+01   1.682175e+01   2.421564e+00   2.422482e+00  
852       1.718848e+01   1.684225e+01   2.426460e+00   2.427875e+00  
853       1.716444e+01   1.681922e+01   2.421543e+00   2.422432e+00  
854       1.719660e+01   1.684996e+01   2.428539e+00   2.429857e+00  
855       1.717698e+01   1.683195e+01   2.421695e+00   2.422659e+00  
856       1.719124e+01   1.684446e+01   2.428606e+00   2.429971e+00  
857       1.717581e+01   1.683024e+01   2.423486e+00   2.424508e+00  
858       1.719246e+01   1.684569e+01   2.428665e+00   2.430010e+00  
859       1.718453e+01   1.683879e+01   2.424722e+00   2.425638e+00  
860       1.718799e+01   1.684118e+01   2.428464e+00   2.429835e+00  
861       1.719939e+01   1.685394e+01   2.424715e+00   2.425762e+00  
862       1.719394e+01   1.684755e+01   2.427259e+00   2.428974e+00  
863       1.720288e+01   1.685735e+01   2.425304e+00   2.426233e+00  
864       1.720467e+01   1.685891e+01   2.425939e+00   2.427526e+00  
865       1.720717e+01   1.686181e+01   2.424982e+00   2.426049e+00  
866       1.720344e+01   1.685751e+01   2.426425e+00   2.428059e+00  
867       1.721534e+01   1.687039e+01   2.424036e+00   2.425238e+00  
868       1.720781e+01   1.686253e+01   2.424589e+00   2.425983e+00  
869       1.720035e+01   1.685541e+01   2.422901e+00   2.424164e+00  
870       1.722508e+01   1.688051e+01   2.423337e+00   2.424694e+00  
871       1.720389e+01   1.685937e+01   2.421623e+00   2.423098e+00  
872       1.722002e+01   1.687633e+01   2.419953e+00   2.421269e+00  
873       1.720733e+01   1.686369e+01   2.418751e+00   2.420315e+00  
874       1.721379e+01   1.687066e+01   2.417482e+00   2.418904e+00  
875       1.721741e+01   1.687455e+01   2.416667e+00   2.418356e+00  
876       1.722339e+01   1.688135e+01   2.414386e+00   2.415768e+00  
877       1.722072e+01   1.687881e+01   2.413425e+00   2.415490e+00  
878       1.720851e+01   1.686677e+01   2.412449e+00   2.413557e+00  
879       1.721328e+01   1.687201e+01   2.410616e+00   2.412715e+00  
880       1.722075e+01   1.687985e+01   2.410387e+00   2.411421e+00  
881       1.720413e+01   1.686310e+01   2.409154e+00   2.411188e+00  
882       1.723085e+01   1.689048e+01   2.409156e+00   2.410380e+00  
883       1.719596e+01   1.685528e+01   2.407403e+00   2.409369e+00  
884       1.723068e+01   1.689061e+01   2.408057e+00   2.409345e+00  
885       1.719545e+01   1.685538e+01   2.405230e+00   2.407203e+00  
886       1.723652e+01   1.689705e+01   2.406390e+00   2.407650e+00  
887       1.719326e+01   1.685309e+01   2.405375e+00   2.407413e+00  
888       1.721394e+01   1.687458e+01   2.404406e+00   2.405640e+00  
889       1.718922e+01   1.684893e+01   2.405591e+00   2.407479e+00  
890       1.720745e+01   1.686861e+01   2.402032e+00   2.403455e+00  
891       1.719562e+01   1.685520e+01   2.406510e+00   2.408371e+00  
892       1.720894e+01   1.687018e+01   2.401847e+00   2.403270e+00  
893       1.720156e+01   1.686136e+01   2.406299e+00   2.407895e+00  
894       1.719890e+01   1.685985e+01   2.402149e+00   2.403642e+00  
895       1.720850e+01   1.686862e+01   2.405752e+00   2.407182e+00  
896       1.720056e+01   1.686082e+01   2.404668e+00   2.406170e+00  
897       1.720231e+01   1.686230e+01   2.405712e+00   2.407188e+00  
898       1.720751e+01   1.686793e+01   2.404521e+00   2.406166e+00  
899       1.720579e+01   1.686544e+01   2.407255e+00   2.408597e+00  
900       1.720033e+01   1.686023e+01   2.405884e+00   2.407422e+00  
901       1.720603e+01   1.686556e+01   2.407613e+00   2.409075e+00  
902       1.719315e+01   1.685223e+01   2.408180e+00   2.409828e+00  
903       1.721202e+01   1.687141e+01   2.408564e+00   2.409945e+00  
904       1.720458e+01   1.686375e+01   2.408697e+00   2.410317e+00  
905       1.721734e+01   1.687602e+01   2.411469e+00   2.412744e+00  
906       1.719313e+01   1.685204e+01   2.408892e+00   2.410398e+00  
907       1.722161e+01   1.688005e+01   2.412676e+00   2.413897e+00  
908       1.718592e+01   1.684348e+01   2.413096e+00   2.414584e+00  
909       1.722512e+01   1.688266e+01   2.416030e+00   2.417306e+00  
910       1.719373e+01   1.685099e+01   2.414800e+00   2.416057e+00  
911       1.722653e+01   1.688314e+01   2.419335e+00   2.420669e+00  
912       1.718665e+01   1.684278e+01   2.418249e+00   2.419493e+00  
913       1.723543e+01   1.689154e+01   2.421859e+00   2.422947e+00  
914       1.717209e+01   1.682767e+01   2.419093e+00   2.420325e+00  
915       1.723993e+01   1.689539e+01   2.424412e+00   2.425529e+00  
916       1.717581e+01   1.683076e+01   2.421580e+00   2.422759e+00  
917       1.724491e+01   1.689958e+01   2.427435e+00   2.428671e+00  
918       1.717670e+01   1.683079e+01   2.424656e+00   2.425793e+00  
919       1.724379e+01   1.689823e+01   2.428145e+00   2.429460e+00  
920       1.718457e+01   1.683790e+01   2.427881e+00   2.428965e+00  
921       1.724348e+01   1.689726e+01   2.430485e+00   2.431650e+00  
922       1.719220e+01   1.684518e+01   2.429665e+00   2.430733e+00  
923       1.724500e+01   1.689830e+01   2.432218e+00   2.433475e+00  
924       1.718796e+01   1.684010e+01   2.432273e+00   2.433287e+00  
925       1.725147e+01   1.690443e+01   2.433914e+00   2.435041e+00  
926       1.718770e+01   1.683958e+01   2.433166e+00   2.434248e+00  
927       1.725125e+01   1.690345e+01   2.436567e+00   2.437689e+00  
928       1.718426e+01   1.683593e+01   2.433703e+00   2.434602e+00  
929       1.724059e+01   1.689218e+01   2.437910e+00   2.438987e+00  
930       1.718651e+01   1.683817e+01   2.433745e+00   2.434910e+00  
931       1.725040e+01   1.690250e+01   2.436974e+00   2.437811e+00  
932       1.719054e+01   1.684193e+01   2.434984e+00   2.436185e+00  
933       1.724581e+01   1.689741e+01   2.438324e+00   2.439236e+00  
934       1.719668e+01   1.684804e+01   2.435571e+00   2.436686e+00  
935       1.725146e+01   1.690349e+01   2.437288e+00   2.438149e+00  
936       1.719029e+01   1.684161e+01   2.435168e+00   2.436439e+00  
937       1.724498e+01   1.689669e+01   2.438012e+00   2.438716e+00  
938       1.719250e+01   1.684383e+01   2.435349e+00   2.436508e+00  
939       1.724173e+01   1.689354e+01   2.437449e+00   2.438096e+00  
940       1.718909e+01   1.684070e+01   2.434048e+00   2.435357e+00  
941       1.723810e+01   1.689040e+01   2.435490e+00   2.436197e+00  
942       1.718406e+01   1.683582e+01   2.433198e+00   2.434416e+00  
943       1.723578e+01   1.688800e+01   2.435482e+00   2.436368e+00  
944       1.718799e+01   1.684009e+01   2.432420e+00   2.433478e+00  
945       1.722992e+01   1.688269e+01   2.433171e+00   2.434052e+00  
946       1.718898e+01   1.684152e+01   2.430958e+00   2.432013e+00  
947       1.722461e+01   1.687780e+01   2.431272e+00   2.432262e+00  
948       1.719466e+01   1.684826e+01   2.427648e+00   2.428767e+00  
949       1.722599e+01   1.687966e+01   2.429731e+00   2.430727e+00  
950       1.719388e+01   1.684796e+01   2.425867e+00   2.427125e+00  
951       1.722517e+01   1.687888e+01   2.429444e+00   2.430570e+00  
952       1.718224e+01   1.683659e+01   2.424080e+00   2.425380e+00  
953       1.723564e+01   1.689088e+01   2.424991e+00   2.425874e+00  
954       1.717416e+01   1.682841e+01   2.423849e+00   2.425204e+00  
955       1.723288e+01   1.688931e+01   2.420743e+00   2.421437e+00  
956       1.717609e+01   1.683053e+01   2.423251e+00   2.424677e+00  
957       1.722669e+01   1.688420e+01   2.416492e+00   2.417272e+00  
958       1.716998e+01   1.682487e+01   2.421366e+00   2.422626e+00  
959       1.723114e+01   1.688882e+01   2.416117e+00   2.417130e+00  
960       1.717827e+01   1.683413e+01   2.418700e+00   2.419696e+00  
961       1.722637e+01   1.688423e+01   2.414992e+00   2.416255e+00  
962       1.718593e+01   1.684243e+01   2.417121e+00   2.417931e+00  
963       1.721088e+01   1.686880e+01   2.413764e+00   2.414915e+00  
964       1.719752e+01   1.685429e+01   2.416927e+00   2.417917e+00  
965       1.721813e+01   1.687624e+01   2.413666e+00   2.414709e+00  
966       1.720103e+01   1.685805e+01   2.416368e+00   2.417178e+00  
967       1.721546e+01   1.687418e+01   2.411233e+00   2.412480e+00  
968       1.720349e+01   1.685994e+01   2.418592e+00   2.419270e+00  
969       1.721771e+01   1.687668e+01   2.410491e+00   2.411836e+00  
970       1.720670e+01   1.686343e+01   2.417921e+00   2.418474e+00  
971       1.721867e+01   1.687707e+01   2.412573e+00   2.413874e+00  
972       1.720155e+01   1.685821e+01   2.417740e+00   2.418382e+00  
973       1.720266e+01   1.685995e+01   2.415338e+00   2.416504e+00  
974       1.721098e+01   1.686757e+01   2.418589e+00   2.419387e+00  
975       1.719863e+01   1.685512e+01   2.417872e+00   2.419076e+00  
976       1.721207e+01   1.686821e+01   2.420215e+00   2.421031e+00  
977       1.719577e+01   1.685181e+01   2.419173e+00   2.420440e+00  
978       1.721160e+01   1.686750e+01   2.421016e+00   2.421874e+00  
979       1.719055e+01   1.684625e+01   2.420067e+00   2.421231e+00  
980       1.721975e+01   1.687525e+01   2.422807e+00   2.423994e+00  
981       1.719302e+01   1.684878e+01   2.420153e+00   2.420983e+00  
982       1.721569e+01   1.687047e+01   2.424959e+00   2.426264e+00  
983       1.720020e+01   1.685579e+01   2.421436e+00   2.421998e+00  
984       1.721786e+01   1.687190e+01   2.427742e+00   2.428942e+00  
985       1.719514e+01   1.684972e+01   2.424628e+00   2.425072e+00  
986       1.722009e+01   1.687349e+01   2.430089e+00   2.431348e+00  
987       1.719153e+01   1.684474e+01   2.429113e+00   2.429626e+00  
988       1.721719e+01   1.686977e+01   2.432908e+00   2.433862e+00  
989       1.720992e+01   1.686309e+01   2.430382e+00   2.431169e+00  
990       1.721792e+01   1.687035e+01   2.433444e+00   2.434451e+00  
991       1.719738e+01   1.684951e+01   2.433311e+00   2.433709e+00  
992       1.721711e+01   1.686864e+01   2.436383e+00   2.437600e+00  
993       1.720471e+01   1.685586e+01   2.437342e+00   2.437489e+00  
994       1.721800e+01   1.686882e+01   2.438917e+00   2.440155e+00  
995       1.720174e+01   1.685234e+01   2.439079e+00   2.439079e+00  
996       1.721792e+01   1.686839e+01   2.440034e+00   2.441355e+00  
997       1.719747e+01   1.684739e+01   2.441240e+00   2.441034e+00  
998       1.720967e+01   1.685894e+01   2.443559e+00   2.444955e+00  
999       1.719172e+01   1.684097e+01   2.443266e+00   2.442803e+00  
1000      1.721273e+01   1.686127e+01   2.446198e+00   2.447763e+00  
1001      1.718117e+01   1.682949e+01   2.445700e+00   2.445311e+00  
1002      1.721151e+01   1.685938e+01   2.448629e+00   2.449782e+00  
1003      1.717241e+01   1.681972e+01   2.448539e+00   2.448111e+00  
1004      1.721238e+01   1.686011e+01   2.449157e+00   2.450392e+00  
1005      1.716974e+01   1.681644e+01   2.450441e+00   2.450025e+00  
1006      1.721624e+01   1.686365e+01   2.450527e+00   2.451775e+00  
1007      1.717244e+01   1.681873e+01   2.452131e+00   2.451508e+00  
1008      1.721718e+01   1.686448e+01   2.450934e+00   2.452248e+00  
1009      1.717722e+01   1.682348e+01   2.452473e+00   2.452075e+00  
1010      1.721167e+01   1.685839e+01   2.452579e+00   2.453778e+00  
1011      1.718577e+01   1.683247e+01   2.451582e+00   2.451228e+00  
1012      1.719827e+01   1.684482e+01   2.452298e+00   2.453313e+00  
1013      1.718247e+01   1.682884e+01   2.452393e+00   2.452219e+00  
1014      1.720017e+01   1.684654e+01   2.453038e+00   2.454092e+00  
1015      1.718198e+01   1.682877e+01   2.450924e+00   2.450678e+00  
1016      1.720401e+01   1.685055e+01   2.452854e+00   2.453679e+00  
1017      1.718865e+01   1.683601e+01   2.449329e+00   2.449301e+00  
1018      1.718915e+01   1.683519e+01   2.453520e+00   2.454222e+00  
1019      1.718616e+01   1.683346e+01   2.449307e+00   2.449419e+00  
1020      1.720236e+01   1.684915e+01   2.451884e+00   2.452711e+00  
1021      1.718827e+01   1.683538e+01   2.450262e+00   2.450071e+00  
1022      1.719509e+01   1.684195e+01   2.451118e+00   2.451887e+00  
1023      1.719255e+01   1.684004e+01   2.449211e+00   2.449105e+00  
1024      1.719901e+01   1.684633e+01   2.449838e+00   2.450600e+00  
1025      1.719216e+01   1.683996e+01   2.448135e+00   2.447987e+00  
1026      1.720231e+01   1.685027e+01   2.447766e+00   2.448748e+00  
1027      1.718987e+01   1.683807e+01   2.446726e+00   2.446339e+00  
1028      1.720602e+01   1.685437e+01   2.446769e+00   2.447595e+00  
1029      1.719696e+01   1.684650e+01   2.442578e+00   2.442205e+00  
1030      1.719498e+01   1.684320e+01   2.446468e+00   2.447175e+00  
1031      1.719735e+01   1.684730e+01   2.441149e+00   2.440946e+00  
1032      1.719571e+01   1.684458e+01   2.444389e+00   2.444870e+00  
1033      1.720079e+01   1.685145e+01   2.438924e+00   2.438799e+00  
1034      1.719157e+01   1.684083e+01   2.442688e+00   2.443335e+00  
1035      1.720896e+01   1.686017e+01   2.437603e+00   2.437407e+00  
1036      1.718998e+01   1.684016e+01   2.439384e+00   2.440039e+00  
1037      1.719468e+01   1.684531e+01   2.438586e+00   2.438422e+00  
1038      1.720064e+01   1.685157e+01   2.437702e+00   2.438086e+00  
1039      1.719704e+01   1.684813e+01   2.437130e+00   2.437038e+00  
1040      1.719110e+01   1.684215e+01   2.436596e+00   2.436988e+00  
1041      1.719495e+01   1.684623e+01   2.436355e+00   2.436191e+00  
1042      1.718981e+01   1.684100e+01   2.436023e+00   2.436406e+00  
1043      1.719701e+01   1.684852e+01   2.435753e+00   2.435489e+00  
1044      1.719255e+01   1.684435e+01   2.434035e+00   2.434523e+00  
1045      1.719754e+01   1.684947e+01   2.434465e+00   2.433990e+00  
1046      1.718635e+01   1.683793e+01   2.434378e+00   2.434856e+00  
1047      1.719615e+01   1.684857e+01   2.432645e+00   2.432180e+00  
1048      1.718115e+01   1.683246e+01   2.435022e+00   2.435388e+00  
1049      1.719626e+01   1.684847e+01   2.433323e+00   2.432968e+00  
1050      1.717971e+01   1.683079e+01   2.435776e+00   2.435929e+00  
1051      1.719349e+01   1.684594e+01   2.432123e+00   2.432135e+00  
1052      1.717787e+01   1.682877e+01   2.436376e+00   2.436344e+00  
1053      1.720634e+01   1.685925e+01   2.431455e+00   2.431442e+00  
1054      1.718825e+01   1.683952e+01   2.435857e+00   2.435757e+00  
1055      1.720592e+01   1.685823e+01   2.433509e+00   2.433436e+00  
1056      1.718492e+01   1.683607e+01   2.436170e+00   2.435837e+00  
1057      1.720032e+01   1.685169e+01   2.436367e+00   2.436311e+00  
1058      1.718748e+01   1.683813e+01   2.438115e+00   2.437746e+00  
1059      1.720341e+01   1.685458e+01   2.437351e+00   2.437136e+00  
1060      1.719163e+01   1.684191e+01   2.439640e+00   2.439312e+00  
1061      1.720378e+01   1.685459e+01   2.438577e+00   2.438496e+00  
1062      1.718958e+01   1.683926e+01   2.441602e+00   2.441217e+00  
1063      1.721201e+01   1.686247e+01   2.440335e+00   2.440327e+00  
1064      1.718865e+01   1.683783e+01   2.443335e+00   2.442809e+00  
1065      1.721795e+01   1.686873e+01   2.439587e+00   2.439696e+00  
1066      1.718999e+01   1.683898e+01   2.444041e+00   2.443555e+00  
1067      1.721885e+01   1.686889e+01   2.442220e+00   2.442351e+00  
1068      1.718357e+01   1.683231e+01   2.444511e+00   2.443945e+00  
1069      1.722433e+01   1.687371e+01   2.444834e+00   2.445060e+00  
1070      1.717287e+01   1.682086e+01   2.446311e+00   2.445773e+00  
1071      1.722177e+01   1.687067e+01   2.446237e+00   2.446585e+00  
1072      1.718287e+01   1.683107e+01   2.446490e+00   2.445572e+00  
1073      1.722493e+01   1.687357e+01   2.447258e+00   2.447779e+00  
1074      1.718837e+01   1.683658e+01   2.446808e+00   2.445965e+00  
1075      1.722917e+01   1.687693e+01   2.450587e+00   2.451121e+00  
1076      1.718206e+01   1.682962e+01   2.448581e+00   2.447776e+00  
1077      1.723265e+01   1.687990e+01   2.452562e+00   2.453158e+00  
1078      1.719124e+01   1.683892e+01   2.448843e+00   2.448041e+00  
1079      1.723444e+01   1.688188e+01   2.452074e+00   2.452586e+00  
1080      1.719899e+01   1.684674e+01   2.449042e+00   2.448479e+00  
1081      1.722985e+01   1.687677e+01   2.453649e+00   2.453949e+00  
1082      1.720148e+01   1.684932e+01   2.448820e+00   2.448406e+00  
1083      1.723877e+01   1.688582e+01   2.453857e+00   2.454190e+00  
1084      1.720755e+01   1.685506e+01   2.450361e+00   2.450038e+00  
1085      1.723595e+01   1.688322e+01   2.452945e+00   2.453124e+00  
1086      1.720476e+01   1.685282e+01   2.448171e+00   2.447977e+00  
1087      1.724719e+01   1.689489e+01   2.452213e+00   2.452558e+00  
1088      1.720055e+01   1.684896e+01   2.446655e+00   2.446478e+00  
1089      1.723244e+01   1.688020e+01   2.450953e+00   2.451284e+00  
1090      1.720668e+01   1.685542e+01   2.445845e+00   2.445924e+00  
1091      1.721805e+01   1.686574e+01   2.450140e+00   2.450461e+00  
1092      1.721128e+01   1.686067e+01   2.443968e+00   2.443932e+00  
1093      1.721563e+01   1.686375e+01   2.448411e+00   2.448898e+00  
1094      1.722003e+01   1.687041e+01   2.441053e+00   2.441299e+00  
1095      1.720445e+01   1.685257e+01   2.447673e+00   2.448068e+00  
1096      1.723017e+01   1.688139e+01   2.438752e+00   2.439273e+00  
1097      1.720592e+01   1.685463e+01   2.445779e+00   2.446070e+00  
1098      1.721827e+01   1.686970e+01   2.437123e+00   2.437697e+00  
1099      1.721123e+01   1.686158e+01   2.440451e+00   2.440886e+00  
1100      1.722569e+01   1.687756e+01   2.436195e+00   2.436634e+00  
1101      1.720738e+01   1.685845e+01   2.437672e+00   2.438105e+00  
1102      1.721438e+01   1.686683e+01   2.433291e+00   2.433911e+00  
1103      1.720344e+01   1.685524e+01   2.434763e+00   2.435369e+00  
1104      1.722232e+01   1.687579e+01   2.430281e+00   2.430946e+00  
1105      1.721292e+01   1.686578e+01   2.431775e+00   2.432392e+00  
1106      1.721874e+01   1.687280e+01   2.427910e+00   2.428739e+00  
1107      1.721695e+01   1.687027e+01   2.430329e+00   2.431215e+00  
1108      1.721936e+01   1.687414e+01   2.425494e+00   2.426244e+00  
1109      1.722701e+01   1.688143e+01   2.427150e+00   2.428200e+00  
1110      1.721905e+01   1.687450e+01   2.423067e+00   2.423987e+00  
1111      1.723374e+01   1.688868e+01   2.425870e+00   2.426821e+00  
1112      1.721102e+01   1.686702e+01   2.420611e+00   2.421451e+00  
1113      1.723660e+01   1.689198e+01   2.424387e+00   2.425608e+00  
1114      1.721340e+01   1.686987e+01   2.419114e+00   2.420010e+00  
1115      1.723283e+01   1.688845e+01   2.423385e+00   2.424473e+00  
1116      1.721071e+01   1.686740e+01   2.418169e+00   2.419117e+00  
1117      1.723956e+01   1.689526e+01   2.423558e+00   2.424677e+00  
1118      1.722645e+01   1.688422e+01   2.415475e+00   2.416382e+00  
1119      1.723421e+01   1.689014e+01   2.422480e+00   2.423420e+00  
1120      1.722415e+01   1.688186e+01   2.415556e+00   2.416425e+00  
1121      1.723883e+01   1.689491e+01   2.422250e+00   2.423206e+00  
1122      1.722444e+01   1.688277e+01   2.413376e+00   2.414326e+00  
1123      1.724358e+01   1.690009e+01   2.421113e+00   2.422029e+00  
1124      1.722611e+01   1.688440e+01   2.413549e+00   2.414681e+00  
1125      1.724377e+01   1.690051e+01   2.420279e+00   2.421252e+00  
1126      1.721785e+01   1.687540e+01   2.415657e+00   2.416611e+00  
1127      1.725279e+01   1.690955e+01   2.420844e+00   2.421878e+00  
1128      1.722243e+01   1.687978e+01   2.416661e+00   2.417620e+00  
1129      1.725171e+01   1.690871e+01   2.419886e+00   2.420955e+00  
1130      1.723039e+01   1.688772e+01   2.417332e+00   2.418197e+00  
1131      1.724434e+01   1.690068e+01   2.421707e+00   2.422741e+00  
1132      1.723775e+01   1.689453e+01   2.419636e+00   2.420737e+00  
1133      1.724472e+01   1.690066e+01   2.423213e+00   2.424101e+00  
1134      1.723829e+01   1.689488e+01   2.420401e+00   2.421422e+00  
1135      1.724022e+01   1.689509e+01   2.426583e+00   2.427547e+00  
1136      1.724410e+01   1.690025e+01   2.422370e+00   2.423338e+00  
1137      1.723735e+01   1.689227e+01   2.426110e+00   2.427265e+00  
1138      1.725015e+01   1.690603e+01   2.423740e+00   2.424701e+00  
1139      1.724551e+01   1.690022e+01   2.427392e+00   2.428567e+00  
1140      1.725007e+01   1.690547e+01   2.425582e+00   2.426214e+00  
1141      1.724399e+01   1.689759e+01   2.431095e+00   2.432398e+00  
1142      1.724644e+01   1.690153e+01   2.426461e+00   2.427025e+00  
1143      1.725163e+01   1.690504e+01   2.432330e+00   2.433541e+00  
1144      1.723829e+01   1.689278e+01   2.427876e+00   2.428621e+00  
1145      1.726096e+01   1.691456e+01   2.432434e+00   2.433459e+00  
1146      1.723228e+01   1.688596e+01   2.430210e+00   2.431048e+00  
1147      1.725668e+01   1.690950e+01   2.434784e+00   2.435873e+00  
1148      1.724490e+01   1.689821e+01   2.432385e+00   2.433267e+00  
1149      1.725958e+01   1.691193e+01   2.436692e+00   2.437657e+00  
1150      1.724300e+01   1.689649e+01   2.431692e+00   2.432417e+00  
1151      1.726041e+01   1.691256e+01   2.437428e+00   2.438463e+00  
1152      1.724783e+01   1.690084e+01   2.433718e+00   2.434391e+00  
1153      1.725228e+01   1.690358e+01   2.439793e+00   2.440823e+00  
1154      1.724812e+01   1.690070e+01   2.435229e+00   2.435924e+00  
1155      1.723788e+01   1.688911e+01   2.439110e+00   2.439958e+00  
1156      1.724456e+01   1.689712e+01   2.434963e+00   2.435756e+00  
1157      1.724003e+01   1.689124e+01   2.439293e+00   2.440181e+00  
1158      1.724559e+01   1.689784e+01   2.436161e+00   2.436909e+00  
1159      1.723421e+01   1.688538e+01   2.439128e+00   2.439813e+00  
1160      1.724316e+01   1.689535e+01   2.436260e+00   2.436886e+00  
1161      1.722431e+01   1.687548e+01   2.438297e+00   2.439140e+00  
1162      1.724333e+01   1.689569e+01   2.435651e+00   2.436314e+00  
1163      1.723307e+01   1.688480e+01   2.436961e+00   2.437891e+00  
1164      1.723448e+01   1.688670e+01   2.435532e+00   2.436169e+00  
1165      1.724032e+01   1.689251e+01   2.435989e+00   2.436749e+00  
1166      1.722813e+01   1.688043e+01   2.434792e+00   2.435453e+00  
1167      1.725382e+01   1.690652e+01   2.435144e+00   2.435954e+00  
1168      1.722245e+01   1.687510e+01   2.433108e+00   2.433912e+00  
1169      1.726104e+01   1.691398e+01   2.434791e+00   2.435685e+00  
1170      1.722545e+01   1.687883e+01   2.430846e+00   2.431522e+00  
1171      1.725047e+01   1.690378e+01   2.432810e+00   2.433606e+00  
1172      1.723118e+01   1.688519e+01   2.429011e+00   2.429765e+00  
1173      1.725175e+01   1.690545e+01   2.431616e+00   2.432255e+00  
1174      1.722487e+01   1.687894e+01   2.428298e+00   2.429163e+00  
1175      1.724577e+01   1.690006e+01   2.429186e+00   2.429748e+00  
1176      1.723452e+01   1.688986e+01   2.424445e+00   2.425524e+00  
1177      1.724098e+01   1.689612e+01   2.425784e+00   2.426482e+00  
1178      1.723083e+01   1.688603e+01   2.424650e+00   2.425766e+00  
1179      1.724556e+01   1.690132e+01   2.423967e+00   2.424679e+00  
1180      1.721971e+01   1.687497e+01   2.423641e+00   2.424805e+00  
1181      1.725425e+01   1.691107e+01   2.420734e+00   2.421703e+00  
1182      1.722576e+01   1.688191e+01   2.421074e+00   2.422065e+00  
1183      1.725442e+01   1.691154e+01   2.419691e+00   2.420748e+00  
1184      1.723531e+01   1.689195e+01   2.420100e+00   2.420994e+00  
1185      1.726176e+01   1.691988e+01   2.416668e+00   2.417799e+00  
1186      1.723064e+01   1.688714e+01   2.420099e+00   2.421220e+00  
1187      1.725825e+01   1.691653e+01   2.415923e+00   2.416969e+00  
1188      1.723827e+01   1.689534e+01   2.418731e+00   2.419812e+00  
1189      1.724660e+01   1.690490e+01   2.415029e+00   2.416039e+00  
1190      1.725024e+01   1.690802e+01   2.417065e+00   2.418126e+00  
1191      1.724589e+01   1.690459e+01   2.413682e+00   2.414501e+00  
1192      1.724130e+01   1.689864e+01   2.417807e+00   2.419166e+00  
1193      1.724885e+01   1.690807e+01   2.412087e+00   2.412820e+00  
1194      1.725254e+01   1.690991e+01   2.418497e+00   2.419869e+00  
1195      1.724675e+01   1.690565e+01   2.413170e+00   2.413711e+00  
1196      1.723864e+01   1.689596e+01   2.417510e+00   2.419212e+00  
1197      1.724256e+01   1.690110e+01   2.414062e+00   2.414740e+00  
1198      1.723932e+01   1.689665e+01   2.417650e+00   2.419109e+00  
1199      1.723312e+01   1.689113e+01   2.415187e+00   2.416037e+00  
1200      1.723850e+01   1.689594e+01   2.417106e+00   2.418846e+00  
1201      1.722864e+01   1.688616e+01   2.416698e+00   2.417271e+00  
1202      1.723401e+01   1.689119e+01   2.417613e+00   2.419453e+00  
1203      1.722819e+01   1.688560e+01   2.416994e+00   2.417694e+00  
1204      1.723387e+01   1.689049e+01   2.419734e+00   2.421302e+00  
1205      1.721665e+01   1.687373e+01   2.417290e+00   2.418051e+00  
1206      1.722869e+01   1.688463e+01   2.421835e+00   2.423202e+00  
1207      1.721470e+01   1.687162e+01   2.417483e+00   2.418733e+00  
1208      1.722428e+01   1.687975e+01   2.423255e+00   2.424391e+00  
1209      1.721126e+01   1.686743e+01   2.419887e+00   2.421090e+00  
1210      1.721690e+01   1.687164e+01   2.425382e+00   2.426320e+00  
1211      1.721396e+01   1.686914e+01   2.423446e+00   2.424747e+00  
1212      1.722744e+01   1.688166e+01   2.427995e+00   2.428807e+00  
1213      1.721023e+01   1.686499e+01   2.424532e+00   2.426072e+00  
1214      1.723072e+01   1.688509e+01   2.427799e+00   2.428452e+00  
1215      1.721399e+01   1.686787e+01   2.427710e+00   2.429523e+00  
1216      1.722974e+01   1.688307e+01   2.431361e+00   2.431903e+00  
1217      1.721149e+01   1.686523e+01   2.428076e+00   2.429845e+00  
1218      1.724357e+01   1.689701e+01   2.432073e+00   2.432429e+00  
1219      1.721341e+01   1.686663e+01   2.429925e+00   2.431806e+00  
1220      1.724624e+01   1.689913e+01   2.434155e+00   2.434570e+00  
1221      1.722211e+01   1.687535e+01   2.430581e+00   2.432222e+00  
1222      1.724677e+01   1.689937e+01   2.435257e+00   2.435603e+00  
1223      1.722323e+01   1.687623e+01   2.431553e+00   2.433108e+00  
1224      1.724103e+01   1.689285e+01   2.437541e+00   2.437862e+00  
1225      1.722688e+01   1.687923e+01   2.434186e+00   2.435491e+00  
1226      1.723965e+01   1.689071e+01   2.440042e+00   2.440372e+00  
1227      1.722529e+01   1.687748e+01   2.434724e+00   2.435840e+00  
1228      1.724415e+01   1.689529e+01   2.439984e+00   2.440532e+00  
1229      1.722296e+01   1.687464e+01   2.436340e+00   2.437422e+00  
1230      1.723569e+01   1.688573e+01   2.443022e+00   2.443980e+00  
1231      1.722041e+01   1.687170e+01   2.437642e+00   2.438422e+00  
1232      1.723328e+01   1.688288e+01   2.444358e+00   2.445234e+00  
1233      1.723188e+01   1.688283e+01   2.439690e+00   2.440468e+00  
1234      1.723927e+01   1.688914e+01   2.443940e+00   2.444744e+00  
1235      1.722640e+01   1.687691e+01   2.440939e+00   2.441472e+00  
1236      1.724448e+01   1.689436e+01   2.444138e+00   2.445164e+00  
1237      1.722359e+01   1.687391e+01   2.441476e+00   2.441805e+00  
1238      1.723839e+01   1.688781e+01   2.445252e+00   2.446342e+00  
1239      1.721921e+01   1.686975e+01   2.440416e+00   2.440722e+00  
1240      1.723728e+01   1.688696e+01   2.444376e+00   2.445276e+00  
1241      1.721511e+01   1.686609e+01   2.438517e+00   2.439019e+00  
1242      1.724237e+01   1.689228e+01   2.443982e+00   2.444801e+00  
1243      1.721403e+01   1.686504e+01   2.438264e+00   2.438876e+00  
1244      1.723233e+01   1.688290e+01   2.441041e+00   2.441765e+00  
1245      1.720725e+01   1.685832e+01   2.437577e+00   2.438239e+00  
1246      1.723663e+01   1.688772e+01   2.439575e+00   2.440215e+00  
1247      1.719601e+01   1.684678e+01   2.437652e+00   2.438553e+00  
1248      1.723862e+01   1.689009e+01   2.438597e+00   2.438816e+00  
1249      1.719529e+01   1.684621e+01   2.437083e+00   2.438046e+00  
1250      1.723058e+01   1.688247e+01   2.436746e+00   2.436603e+00  
-------------------------------------------------------------------

